8.854664716314276E-7	1.0101386628665012	
0.009770553220056766	1.0095901403839684	
0.017587790634165035	1.0094812599580445	
0.030966689419357773	1.0091551003141144	
0.04235258795522888	1.0088867242606998	
0.05005352600288905	1.0084159526505123	
0.0590826133563689	1.0079158251315505	
0.076053685611142	1.0067129481730264	
0.08829549353874283	1.0057559370539704	
0.0976010440446898	1.0049453061436635	
0.11059566335654075	1.0035597298468317	
0.12489385609235752	1.0018847199823542	
0.1368986138021935	1.0002618777745291	
0.15053112261051765	0.9983007411877678	
0.16377230202703438	0.9962860764300827	
0.17748482677942534	0.993893390277658	
0.19101213770017653	0.9913921768502454	
0.20482164849970855	0.9888617991052457	
0.21873623223616528	0.9856519803970746	
0.23320957116125296	0.9823331490347864	
0.24661538682939615	0.9790260364801914	
0.2617381576445764	0.9751057852061523	
0.2773554151034761	0.9709830546272838	
0.2924897835873887	0.9665565527838065	
0.3072480234320295	0.9617910324392746	
0.32305563935345655	0.9565268080380864	
0.33873608123419974	0.9509785309947726	
0.3543501222371376	0.9456600063552957	
0.3701567233545095	0.9392649427806661	
0.3863768432838255	0.9327989786664358	
0.4026275858185617	0.9259442956242222	
0.4188276334076913	0.9187868224552297	
0.4352632296641184	0.9113276323644328	
0.45140261110275687	0.903099246577559	
0.4679671790653723	0.894648352784414	
0.4839914463960322	0.8860020508710632	
0.5009050395844875	0.8765675000170611	
0.517308712499801	0.8668536189454119	
0.5336903384582167	0.8567932700054579	
0.5501943452310637	0.8468069726604506	
0.5662491579230298	0.8358451486855465	
0.5829891113074293	0.8246562115753451	
0.5987242277579208	0.8129516607480647	
0.6149748124991523	0.8010622984411644	
0.6300552125654115	0.7889544396459662	
0.6462256814198566	0.7756538546410607	
0.6616220417383664	0.7624753511699002	
0.6770994685093541	0.7489287783370766	
0.6918217451199676	0.7352463708082593	
0.7069814870511105	0.7213139174856991	
0.7214022350436446	0.7062494027240647	
0.7353639375965333	0.6920368374260926	
0.7490555375637032	0.6774481954073772	
0.7627509462642817	0.6619192463877573	
0.7757280501377605	0.6463696158426508	
0.7886106192859029	0.6306899894612042	
0.8008735617403613	0.6147708221130551	
0.8129496541428315	0.5989456228364495	
0.824597700335391	0.5829032807422587	
0.8360920313293543	0.5666271859461667	
0.8467556454553047	0.5504045320715506	
0.8573855562585456	0.5334818579337525	
0.8672893872629714	0.517298140038035	
0.8768539111495994	0.500632453023331	
0.8861622346082164	0.4843825488655119	
0.8949532089904446	0.4675590239690206	
0.903676480310986	0.4515043346284376	
0.9113561936639174	0.43493134136343836	
0.9188398188128157	0.4188413404346447	
0.9259402266511568	0.40260780137285107	
0.9328542409383093	0.38642568635005503	
0.9393236982679619	0.37028519651168257	
0.9455246235096009	0.3542831687207539	
0.9513470642119428	0.33845313224185913	
0.9566958435388787	0.32280313663287014	
0.9617951397469137	0.3073257330940564	
0.9665740778632012	0.29197696140551027	
0.9711138276335343	0.27723480660200134	
0.9750415068854953	0.262250591095581	
0.9788296877131796	0.24771048348849253	
0.9823966916431552	0.23319712567988696	
0.9858068909248549	0.21898155195782218	
0.9888064402345711	0.2043450305336079	
0.9914969465213231	0.1907132226345138	
0.9940295882442056	0.17721889906706592	
0.9962857196047359	0.16393503844216908	
0.9986085881073186	0.1497271460570875	
1.000325187969161	0.13796399289542993	
1.0019462785693096	0.12518289078844289	
1.0035104507919275	0.11260688236643986	
1.004786597001979	0.10037851940099436	
1.005924803308147	0.08800014585340372	
1.0071417651229306	0.07197334633361371	
1.0078153293759144	0.06287843423334356	
1.0083860836759817	0.053181381892616	
1.008862318816632	0.040494982695631974	
1.0092226671311932	0.030215958384257006	
1.0096881179238892	0.005048600481744459	
1.0096881179238892	0.005048600481744459	
1.0099337582513686	5.364968160975782E-7	
3.38185032582039E-7	1.0795888544683316	
3.38185032582039E-7	1.0795888544683316	
3.38185032582039E-7	1.0795888544683316	
0.020722042186757522	1.0792106588958659	
0.020722042186757522	1.0792106588958659	
0.020722042186757522	1.0792106588958659	
0.05486212660644077	1.078874791476846	
0.06565741303828361	1.0758050423856305	
0.07998264895494621	1.0754868486292213	
0.08948675079229004	1.0738636900104075	
0.10192636305082234	1.0720901479114588	
0.11265013309212643	1.0698406430458647	
0.12123800668370326	1.0675925295383177	
0.13590364373488997	1.062735406057218	
0.14755791222031828	1.0600057824301656	
0.1604838946339234	1.0576754633867655	
0.1721633084348967	1.0541869159380166	
0.18294175885180733	1.0483227637319859	
0.19600714373993766	1.0457019225741697	
0.20823590661683464	1.0401782253827327	
0.21925550090159523	1.037324470489232	
0.2299332218964832	1.0328421565364418	
0.24484296412561782	1.0241247826652933	
0.2591571625312224	1.0186462339149798	
0.2716766201705043	1.0119886641426703	
0.2843642748193522	1.005749602070349	
0.29845095166529934	0.9975789854723733	
0.3091815292591562	0.9926546086527849	
0.3240992282209144	0.9842707197680918	
0.3323760262154493	0.978219441307138	
0.3507266807907575	0.9657967301795155	
0.3641002887281511	0.9584617875197456	
0.37790206650104613	0.9499588471901019	
0.38934580560990995	0.9416881093937998	
0.40193834478115625	0.9309196829927817	
0.4151708396889693	0.9208226813381468	
0.42756499028960615	0.9117107935577857	
0.44238997833091936	0.8998733954612541	
0.45421233500731434	0.8901270188790926	
0.4680698924461051	0.8808260659165564	
0.480331130132295	0.8672774400827926	
0.4921387145411102	0.8506637288452108	
0.5028871074077553	0.8406265569878494	
0.5178279362325852	0.8323509066392977	
0.5275404580882063	0.8225797680258945	
0.5406515373667821	0.810449438763035	
0.5513361045379331	0.7993622708830491	
0.5645201252452505	0.7813158144464054	
0.5782917826716398	0.7730501606243632	
0.5893047169584359	0.7607221563100984	
0.5987127914095426	0.7447781431941396	
0.6119213296334807	0.734576397573806	
0.6235134733762708	0.7212841546357575	
0.6333318010865846	0.7113146653520837	
0.6446079061282777	0.6981941770985871	
0.6551146156139962	0.6881530884782385	
0.6623792101242363	0.6705500140137325	
0.6766988736094682	0.6534055262844549	
0.688121263794928	0.6438009434915383	
0.6965670491463679	0.6341828839013037	
0.7081294680671286	0.6197270071691545	
0.7179694425612013	0.6053842125974571	
0.7274404498334439	0.5921914354258413	
0.7393509594348885	0.579843523598655	
0.7439955272822086	0.5620394120077059	
0.7554593273722312	0.5546312192439089	
0.7712666730241421	0.5348283352742847	
0.7761829833725656	0.5287158747370718	
0.7804965851066896	0.5142168498035983	
0.7919783459277479	0.5023604575615507	
0.8023874758785277	0.48930484918477835	
0.8116460601992549	0.4734509600433656	
0.8171367965782212	0.46214964158736044	
0.8258548679762217	0.4519482830637368	
0.8334596792387549	0.44017708853876636	
0.8416905396763061	0.4278932715306362	
0.8499839682004897	0.4148415484441865	
0.8560125734901043	0.40436039187139694	
0.8674521087330247	0.38688339024409674	
0.8720566062983862	0.37966137337373024	
0.8788269121103082	0.3672891837645837	
0.8865238899724506	0.3550711170710144	
0.8955075029379443	0.34191692330093776	
0.9012163810620734	0.3308049695740247	
0.9085004078917784	0.31868299958717744	
0.9149550123212842	0.30681111943734046	
0.9239133971866585	0.2946244907139801	
0.9277343742884088	0.2847889507799692	
0.9355922088655302	0.2734172516403857	
0.9412157556219858	0.26325553176634797	
0.9480936582990933	0.25242322489523517	
0.9532938911499954	0.2419864620087813	
0.9670300987541565	0.21523954687991662	
0.9670300987541565	0.21523954687991662	
0.9740323350625789	0.20756205497964741	
0.9805340643994812	0.19304642936708105	
0.98856994569147	0.18285245061812544	
0.9911043399443707	0.17391001752832846	
0.9951791270930527	0.1663896219209458	
0.9991435236601626	0.1594119082890836	
