0.6392925866751579	0.0491990603319431	0.43931500714478167	0.2087645462528216	0.45899208132124825	0.8347572319566161	0.19453351089065873	0.29370801732214646	0.06671228027227272	
0.4881323544407259	0.8027292723758596	0.734294465027997	0.5978779085155067	0.6457929402545686	0.5661765043601108	0.31501316360581855	0.16775963470724697	0.5140288550081497	
0.17349260155048862	0.4438012536758027	0.5404218867705113	0.10851552968715672	0.6194685598533283	0.31386738129031533	0.8183629460469078	0.16296486952120814	0.7460281992272695	
0.25468655461104983	0.45867055334640816	0.1982448296553605	0.026354664064177524	0.20588762283976214	0.4864975066831849	0.43211341209968157	0.44709363496783905	0.5373592544903459	
0.5201188850208551	0.49217338302374414	0.10260985592270266	0.06472942308216034	0.755195110266421	0.8911899975174131	0.4653227360527633	0.10633049455274823	0.22762358970496244	
0.209525879091792	0.16318603020691713	0.9642533820308447	0.43454089197939294	0.04690106170275299	0.35285037204390757	0.8322184569107968	0.7726900937222756	0.8941086968788435	
0.8052687157249689	0.8062048250096123	0.7825722418086746	0.5812019998931873	0.8964960536614353	0.812300773256221	0.22354822304746647	0.18611658999185043	0.7018965806095815	
0.3089826312352917	0.5469529695133991	0.2460922502556805	0.5520117651462584	0.09771807727856374	0.6529370228774736	0.23563400219903496	0.9075229775787075	0.6391286493215816	
0.9179318599685735	0.3023393193083864	0.5043882382760945	0.28841848056474073	0.9419658879269276	0.4007641431481599	0.7917544309361371	0.4416039432263341	0.9515809874596682	
0.7298151335555528	0.2778364016796965	0.09947344536153824	0.6487416827610504	0.43124285930355766	0.22773507204743848	0.8105507144224231	0.565971915907336	0.6391079003109481	
0.24625242366601197	0.7668920745209363	0.8795302636342798	0.5229296998966755	0.8358051334638065	0.5791897589664011	0.6754098452956258	0.1404221469393082	0.380273091637776	
0.7312294398175561	0.7334599447714	0.5442841305672825	0.36749001042391294	0.3045761409972453	0.16283778328811227	0.026799011864204192	0.13357984336777973	0.9020192044584775	
0.733739876085703	0.43408296300559956	0.12374639116221486	0.11686027771755025	0.9222859267068245	0.12915642559809903	0.10408516864253359	0.6764134306425001	0.74182824397568	
0.6215038894842118	0.3007192614319729	0.6124821361051204	0.9294996939243716	0.8507958957791463	0.5686397545042908	0.5259050989144919	0.6467577775169292	0.6651374698384688	
0.7355413947920884	0.4162670816787343	0.390423503681953	0.8681493703766137	0.7610199837828311	0.5481182106891588	0.3009678793519508	0.7962860885091447	0.866383431010447	
0.30005682338590134	0.7102847918277723	0.8323752178292161	0.8365411462995761	0.951911589435765	0.0031417534854317752	0.2513732596179342	0.5894139880173	0.8560884500707265	
0.010329821354526314	0.5050981414015959	0.13702000419717142	0.6278649724024442	0.8237086441336516	0.7890072397267495	0.9001595265023586	0.6071674809686591	0.03206774240818222	
0.13214163782640198	0.7234501000795188	0.049858106444291006	0.2699686662202535	0.3354364020999311	0.7606360752585803	0.5621234722869952	0.46314830016464636	0.039962638874646794	
0.7507857755473121	0.8619939311818794	0.7238113848025469	0.0019481857720453633	0.6661784138833542	0.8831095819054714	0.4647518161868728	0.6771618730025083	0.9972303161428308	
0.9155731100068247	0.5692697627112985	0.9244527355775171	0.44222217392513796	0.8111245952847568	0.8691505688430832	0.12260951294845057	0.22727358364318928	0.9697061756432819	
0.16231511528716847	0.6275800312883808	0.31656060605724357	0.9275553778826524	0.08418017428042601	0.3168879548164667	0.6329104121295933	0.030652072809180475	0.34597951076995315	
0.5721172731641475	0.0995671148966748	0.5732529769295897	0.8636158172572259	0.12623914975268946	0.4211314562927053	0.7294791164812283	0.9972568938978211	0.35700425166846583	
0.6008623984086655	0.29972391338303994	0.852641824613917	0.7567382948879097	0.4390566365702341	0.42179136855887556	0.9759934564456448	0.891207200669478	0.9294142730048415	
0.13674006141417527	0.8242852744350714	0.023689465642276253	0.45563012498266975	0.07559332504457617	0.7435189621292876	0.8033904577599708	0.731419851570429	0.5390226131670802	
0.15524749829478224	0.6541481249540749	0.39777086553138674	0.844067713152835	0.647919974373494	0.6285429925756489	0.170454016655608	0.41308793961424894	0.5047641692556929	
0.8629009225644663	0.5726810190101175	0.22642014062910742	0.5613282894935127	0.06530682373322194	0.8843362078995698	0.7493164878512769	0.6185718836217485	0.20573487788477163	
0.6280658293424047	0.4830801257958858	0.7953263305039847	0.4181620793890578	0.4623065805011384	0.06318376056762187	0.043045501517306906	0.5920903845627375	0.5124010141207512	
0.42634574158492655	0.7838141782154393	0.14911074218575704	0.5584476785404028	0.7760208762603419	0.3118500592543839	0.86370345269472	0.1759380991068049	0.6384451923604171	
0.7135551075233877	0.019931292887696683	0.14228105743689268	0.1518236921708619	0.5383857800782116	0.26101569912005207	0.44327693130465495	0.4567279606735354	0.8251652025463285	
0.32828894324474034	0.9244340169871376	0.40702155212495617	0.3661608926726475	0.8315561757348987	0.9592595061446392	0.46497058693886406	0.6207341520596058	0.7838398864367485	
0.7120364568759499	0.024020323309490554	0.16837281872948673	0.9483672477334046	0.5802520967282934	0.6169065535689467	0.43127912339312413	0.930961391032902	0.45303672395938377	
0.9882255677957166	0.40392651538847446	0.21402678844145506	0.6993455883802484	0.14149007236416078	0.23917464450551573	0.6422592598026727	0.7696090955652343	0.2632678294434967	
0.5729001233373819	0.3597402483482749	0.5029784513387305	0.7217381640105346	0.20937342039610374	0.02960759122925738	0.17952964636701862	0.9062439170520972	0.03512547077423667	
0.04557172765736284	0.7973748624450631	0.3902657866767172	0.847398704906235	0.12796203881714874	0.5805803496658948	0.23658818290552808	0.15601595018093417	0.9579766689547835	
0.9856203028539329	0.4375673957757511	0.13411805488196993	0.5268653612044991	0.020113208269337712	0.04146459315457118	0.5335175484309463	0.7732438566931412	0.10619795085684436	
0.5631073671311229	0.8651128112716716	0.006073984282632727	0.9982073659587132	0.39639443953250286	0.4755182623436084	0.485046164463535	0.4062600160454536	0.5856895530164776	
0.4968578750988599	0.10086033059218469	0.29410932576826354	0.41788691820970314	0.9021945967147468	0.7403006380762662	0.7206302154597304	0.5004803801080102	0.26317321774298486	
0.7815699905984729	0.020500468318998988	0.43590547394990253	0.4656908672645851	0.39994598407392934	0.17879135781967914	0.05797373763995606	0.3432233473931492	0.33893694186504175	
0.820507243978325	0.8959120103360216	0.041557297735923204	0.037662177507781	0.07199527429576313	0.2522987300077719	0.9375980694987842	0.4008106984519666	0.5915620672187794	
0.26073038453617026	0.4496272162687662	0.26740128201174374	0.37650579836845577	0.1393633911950629	0.30072707229927964	0.08779347235451584	0.35636459972381396	0.2697923746651071	
0.027599223428243724	0.10823433854228315	0.31332735192050065	0.929263911829174	0.7507262280607894	0.8962444859883425	0.7617617079206808	0.8306428981466906	0.9852691849633355	
0.11128332241423966	0.9617352439865443	0.6803371631612072	0.1827836073379825	0.8743443362408593	0.369292203998588	0.5995347742568413	0.8155624328777958	0.4415088786821979	
0.41173466677189297	0.3008613670761857	0.3186104463031141	0.6445980603960135	0.09496373662460511	0.032891814415783927	0.8235638899781319	0.47486080118649154	0.03992358223002479	
0.8374073320767177	0.956569169086908	0.33253095042273406	0.8536840187768567	0.789345978033126	0.1296346687874378	0.19697879591823708	0.9026327840042974	0.07780827520654054	
0.27121429010691456	0.27390395136996415	0.8615362572688392	0.23053750341289647	0.2856011174975439	0.22042306026012748	0.6891022754344925	0.21396510938614455	0.4524454251873721	
0.00684503796858571	0.14683833402900892	0.43379996572005597	0.47151176645962756	0.9462486068468287	0.10596735132540569	0.5167651279121365	0.1713140634916529	0.15829006025639059	
0.7861376740648183	0.9770803038164056	0.646062127954625	0.7440341914709541	0.4549445780344644	0.10281143723350805	0.6508635945018734	0.4881197139211715	0.8049503048279648	
0.7978388538627199	0.30038308328902574	0.04463570883121004	0.9119401109647495	0.2810052730430852	0.5648108443260235	0.8886556590760502	0.22471814117699718	0.6705102156780889	
0.7619049314808511	0.8110235716202325	0.6120852512212698	0.7979415026990445	0.007588571546625733	0.3064613918539896	0.06480554489440171	0.6998657675347758	0.8894147665403787	
0.5388311841192708	0.10842673420262938	0.7313815156029853	0.8573284133506249	0.12767460103551576	0.3457201201062876	0.602841749685303	0.156228857553523	0.14603714359266118	
0.927836047240031	0.3609137337677879	0.8486219817180578	0.9866999560862509	0.43167740110860375	0.9780738438902132	0.4130784160097536	0.8475073649926306	0.3341325491897851	
0.9171871520811838	0.20891515820868212	0.8143123094378785	0.09423370449759216	0.5347965466666157	0.3649300418506958	0.2797519572107724	0.3401738337248551	0.584716184363408	
0.3759071433168125	0.6614639271324061	0.5866188537824986	0.1257614223946666	0.0456072000568003	0.4769029633693844	0.4564930115054029	0.640620521868682	0.5248745377804181	
0.8221857286025231	0.433231836412291	0.08997571477214594	0.7309478049835906	0.01619442217389533	0.4263004377355857	0.027316155887509685	0.47801725778465054	0.9585479948708491	
0.5892069914521045	0.4205729016687004	0.04064708414443652	0.0018865778145974454	0.8228120640149093	0.7432777611206673	0.14020589443130171	0.11798492853346532	0.3968632204885598	
0.8387366178489007	0.3275018716632012	0.9922566499623021	0.3542167444772052	0.18481532604092998	0.012421769926625581	0.1741935676958234	0.37607780435295723	0.14687714133934082	
0.18725046892546682	0.5849264798377851	0.33966531115225385	0.10396214556493699	0.019995747812271647	0.5877160610513369	0.21979433138928717	0.7133926200497817	0.0646846633779612	
0.44377347227302577	0.8677995011679039	0.4187725699452822	0.06106461304406763	0.45221254313881987	0.062485686905947135	0.30898633435669187	0.6821990240148522	0.058876169040197435	
0.5732109824671098	0.7768218525708511	0.89293982948923	0.027201017890998602	0.7624747864743491	0.7790163338249554	0.07919187110251402	0.9559739134459189	0.5090511660572973	
0.9791296718292128	0.7980411085090001	0.694065453395665	0.8243379686770516	0.11706066103691248	0.8513480940239544	0.9959333816586026	0.4668884854462325	0.7368080305439453	
0.17338799917085668	0.6050665874005453	0.2005638685814004	0.14764235060557807	0.841621237327791	0.379843642727849	0.06524620814402782	0.5104602775843146	0.4978547198389661	
0.8119253662441884	0.8141402852886298	0.7849567249836714	0.20462230246109658	0.9359455574266919	0.9923082885416169	0.9192327128059335	0.565568904036816	0.7762573058892988	
0.8753259861905123	0.19875868806107722	0.1580654623180594	0.6613155140919557	0.1819225658181216	0.8690726340147086	0.12880096382829775	0.08848907588438681	3.5361053050830815E-4	
0.5309383474899066	0.20753006114924932	0.058628266152045305	0.38389069242006435	0.07334959933732488	0.9675369832174212	0.09801505549566691	0.16077559458290536	0.3964918351095472	
0.028463158005663458	0.3763876359136561	0.024026421422493227	0.8093892442353157	0.3964382827683274	0.3688389351333702	0.9486695234651153	0.3564236270994422	0.5601355754547229	
0.9382796765700181	0.9018659519338702	0.30347500299870533	0.8815558549476323	0.1705785966381762	0.5554954259615249	0.5116322175703276	0.39543028921891965	0.8685121670826478	
0.6649760845154719	0.7005785148951261	0.4838917267784627	0.6200273557703229	0.8288736314194678	0.9708062478859226	0.77351629673654	0.8651092819384342	0.09640896922582876	
0.10604638774748854	0.3709526360055163	0.3376295934519761	0.31305810744473317	0.06960543169081856	0.3518040280934126	0.46997952544735344	0.9487906971478619	0.6924393577666107	
0.13108221992071067	0.7175458805853061	0.19238741997999964	0.4146917332228969	0.6428711105733682	0.13770360890111544	0.3122650937522573	0.28041798131677487	0.22329558371046754	
0.3538701832361537	0.7010418666129422	0.0560570821712435	0.5117918218313396	0.8591107386909661	0.9677639642271688	0.43478326214985463	0.5024586671260669	0.5513858815685148	
0.8046477260478067	0.4107498540309591	0.13785362818213343	0.8864628783209229	0.06836119216769654	0.7114579792087368	0.6536244512475394	0.8441100551219312	0.1187806021044373	
0.48991238327036724	0.4328065648221062	0.8030248664358194	0.16498732970121177	0.599066919136878	0.6076480518966891	0.23482349386372148	0.09732466465006262	0.7945225235762221	
0.2845882277885714	0.5882137457289033	0.29238046798015993	0.34048099327538406	0.06821671597946477	0.297926984722961	0.7424220640113153	0.7910963405338329	0.5220613939335015	
0.1201572259848297	0.3753473457845574	0.40380602963166434	0.27310955575048923	0.6835404101943162	0.9870076485307275	0.13882726036528414	0.9443578815247995	0.3014015553640088	
0.6058017380866163	0.41397497522965765	0.6344137087354926	0.6817592001272453	0.6096426991068113	0.9280735515155847	0.1569769837883639	0.12764696827759003	0.9205673189338155	
0.7125488621782351	0.3822559009949884	0.079635276961593	0.2848757273697895	0.29957468961028855	0.10638913028512476	0.9014847963967418	0.7185798962459268	0.6730238681436799	
0.6069271155721954	0.4772920559172664	0.12050553312536205	0.1422736732832518	0.3111746879503924	0.06501311016379385	0.7469507667889907	0.7822656755916976	0.21749708215707175	
0.8092787065309773	0.7648610636277946	0.1398912266412876	0.11696320460455589	0.2941550545399346	0.5947197682665132	0.559490501919476	0.6009824556862016	0.5585043429343544	
0.09644674997465985	0.044655006132986785	0.9239886283735702	0.9963488530720735	0.8858049879202969	0.6313340287948205	0.7095898206579376	0.4701490402731432	0.01003153086702413	
0.34841584857723584	0.12030239741241977	0.38742899189887503	0.025351291859320946	0.030864010339953896	0.9379908073607398	0.9777721660141443	0.76644259079805	0.7257435090007505	
0.30610552518371514	0.3568563212532141	0.15533744619888157	0.6573787121125273	0.020425215945608977	0.09145151462776091	0.372541635323676	0.035272809724198995	0.9506156379855475	
0.4949502832851259	0.23067477422775795	0.7322306424088341	0.3873964669066181	0.5153134061140174	0.12363913708641627	0.5343625689387025	0.19946315105130785	0.40610630321988916	
0.06512910380586201	0.4422328615988421	0.18954706991514936	0.3029902309679089	0.3302504573052111	0.5202151711938755	0.5519932106554345	0.6633601965050302	0.6260123448145051	
0.06509140399485525	0.606922654941583	0.28860060679864663	0.67692463832703	0.02571864648688882	0.6958137782928145	0.5194986106839918	0.661711879929216	0.5788964994814931	
0.40914952755607625	0.6693750365946919	0.2848744448740178	0.4904031219925499	0.5363867533011714	0.7923119011934823	0.4973604359556204	0.7110239180784417	0.1707314966821647	
0.33704942387025194	0.7167415589163137	0.8153913911939666	0.8966728938768513	0.9440957645456477	0.6078468515053022	0.829961324840569	0.5624357342152858	0.8884866891901814	
0.5663337581506173	0.0319849428332567	0.3310133992935028	0.3280606087855217	0.6689125864286023	0.4904620988356435	0.9992731284898368	0.8127768845208893	0.6506571146626323	
0.4500160916043383	0.9756958767121933	0.9030283594827271	0.5555618754744934	0.08237716422767882	0.9795459175042591	0.6686802327911046	0.4673021188247938	0.5091740077414161	
0.9129413548583115	0.7614020110357502	0.04202945512109735	0.7532068168516358	0.963203913123409	0.5049898542861214	0.1650137636056458	0.02805824618962449	0.8363562186203684	
0.7697747970053319	0.4666629651933346	0.4807576034500456	0.30875785068597783	0.923729511660209	0.056411075622456175	0.7293032324465334	0.4775496834292181	0.009427482341677007	
0.5842174132363883	0.15898401927057138	0.6610140136280461	0.05995994733246157	0.8845685193962693	0.9463655533012337	0.6649606815298001	0.6284129773718596	0.8309129720944418	
0.5995692291021814	0.07496228469763078	0.8318573226601161	0.7316964262078856	0.43265609497098034	0.9718558329796353	0.7726900769165224	0.10290620676918039	0.26388081600567526	
0.5909362685329513	0.516323737274039	0.5693825175458864	0.9622957632820788	0.024641932450844783	0.5127748077313686	0.9310046758433851	0.3491366532548028	0.5022210703289254	
0.23754560054247653	0.1923462133168895	0.6227906426849456	0.6109065755195282	0.7340477877170746	0.44249037190818175	0.4303953874849795	0.17719891312935931	0.6103399419291404	
0.1618258055825007	0.1513724061228494	0.5263474126125128	0.20443488679196975	0.25215808438005194	0.4512067409693765	0.6435678417443871	0.14312585098755004	0.16815745602639487	
0.13861111527933268	0.9720217675439949	0.7767332669527028	0.04217493199496103	0.5499761239637984	0.6964662649498632	0.8755801546052843	0.6466540883501123	0.09756401637166134	
0.4224762130844528	0.6481627306958712	0.7952390796804301	0.22413832292615643	0.4506255066967937	0.39090778400394643	0.7215099303346203	0.7640594557465956	0.5150478777615696	
0.25002913267573024	0.771574016870147	0.7500556159654327	0.6268669804283384	0.9013409980363308	0.022355171191066225	0.19649116562259972	0.6394110159637137	0.9876000074568159	
0.2671441262497841	0.4666734624520793	0.25344275672816774	0.6660573799834028	0.6026569709336621	0.6653138303723538	0.41737775719170855	0.7632793419614164	0.2847992313560769	
0.750804926446823	0.029642659397918325	0.7351854970485885	0.8903857909788021	0.49848863661089293	0.031241384570339092	0.3012680109684106	0.4589350772451052	0.6718982730095157	
0.07521546970837334	0.6430415542716877	0.8762484447034744	0.011743111317196742	0.6266128850619853	0.153981816392039	0.43266777761174047	0.329281226812864	0.9927398611986692	
0.10304379772490813	0.9316285637532183	0.0715341546388295	0.37757095928953477	0.3709535144697229	0.8808127832514866	0.8378307214231169	0.8909107060960171	0.26223193982758786	
0.4438847435947616	0.04227977021932461	0.02656520613037361	0.8071207195463688	0.27195954470216055	0.7115951058611464	0.6631568909834267	0.880700262032656	0.5338039250317825	
0.6078524569618442	0.9379664556198022	0.560500734206299	0.3591812404132262	0.3378452753203667	0.5846608576406713	0.7863174436839308	0.7713520945980269	0.031562106002904544	
0.8992222478226392	0.029931712281348943	0.1839397762185888	0.8169363246788246	0.023557474497811537	0.4796866192325122	0.9831546436818306	0.33038774740112065	0.9265930898647472	
0.453897958185137	0.7641804650912432	0.3309636168296477	0.1511782188759604	0.23482340575208138	0.4234469427668597	0.6421840573903937	0.2043248205320567	0.8667642331467005	
0.08465734891503818	0.05379755603983771	0.6832874614968557	0.3352761549453236	0.042765611914084456	0.7988788005745829	0.44325036888501335	0.7331042592158937	0.8414391869332911	
0.6112314350290096	0.9125490190629939	0.36318695447599525	0.32096666424503273	0.6124907243212814	0.8610575216583152	0.5967419278256085	0.9501186771770826	0.8858441750109671	
0.8522033236810802	0.8874585344386461	0.07120076086126137	0.354718801532649	0.41698692000354465	0.63521344761253	0.006112430638099409	0.8073856775780519	0.24663539531611256	
0.4321959357577091	0.9880381922867797	0.047479755108087884	0.7577017980463905	0.5038423406060949	0.6420160591395214	0.43023180484654167	0.24309830553687817	0.46091565004639967	
0.3690109385548306	0.9784762381985863	0.8087673090171497	0.31209833986941726	0.26756059019247314	0.950709518697227	0.833240461234354	0.8178712433929228	0.18484359207817658	
0.5935404282315982	0.04600993866234648	0.41345437565553134	0.45556653074060316	0.8186738526806774	0.03743288000306655	0.421104735597419	0.8111361045357907	0.9944649482640313	
0.7502783207906972	0.7171534060876396	0.1894072382579145	0.9403742118666132	0.8072904501513243	0.18235741565027241	0.0346359938590316	0.9702514123217111	0.3059164299076995	
0.20091573440473165	0.4756084221461858	0.20276980401448264	0.020349184825003475	0.1875829659762399	0.4013517631335163	0.22742018279101894	0.15572855731943414	0.8214929363699345	
0.3901024631973622	0.9922253895415796	0.10981408376911572	0.5356796196433886	0.4529748643467928	0.7074071547419413	0.4947725548958124	0.22196289490632504	0.5854453269925409	
0.089650167287458	0.9165593795629586	0.5954839694425368	0.4270872478077128	0.6699750144980676	0.5186593042635702	0.3525775424952363	0.3320850024032068	0.6029873399109599	
0.7620831587567177	0.2870123269313939	0.1879897739093772	0.46657353577041283	0.5829956021853648	0.36184278376697654	0.6088167917113316	0.014780617451366718	0.002594889322583116	
0.7266183691555029	0.7597907801517366	0.7221999474567148	0.3450188367732224	0.29278748597041016	0.7368115164739392	0.939152048293689	0.4423564604328295	0.6686309594386218	
0.20419813732689152	0.9571623286319912	0.34870808050818125	0.7666317679523855	0.1481517164477325	0.7283313624939134	0.1392680224288182	0.43231159968745114	0.7013896615572716	
0.684018757107982	0.910476366416483	0.6009702943734743	0.7326472872953326	0.5766762696017234	0.14102189336427895	0.5064715738487554	0.24088709169132927	0.02402048989457084	
0.3985860369552038	0.891377305124418	0.634293593359248	0.23895149188928066	0.7867088714064203	0.8164917558602319	0.19511270193996078	0.10654939768456573	0.14387727627696478	
0.31553046750881586	0.7400802636065928	0.37761469267855485	0.5324005754158085	0.20031345762611008	0.6194421143829658	0.8949381240250507	0.5888128590533691	0.5100810314499973	
0.431884086514446	0.7509875162518389	0.125784487499371	0.23799948262917836	0.5346073757346703	0.2531786063176479	0.2239163419189899	0.4278580079698596	0.7895450963393379	
0.6734302900387384	0.605553140651574	0.37856037560919353	0.1863493673868709	0.64609895244233	0.11709359445969802	0.333379919607418	0.2035713177770877	0.10449980191978281	
0.8279253261259709	0.4447923581956936	0.3532905298897223	0.3172056320821661	0.7839441108252535	0.9186687290780051	0.1253851496061057	0.08920100214296711	0.5535932176525293	
0.7077177646903503	0.3344553588794621	0.11609246132806228	0.6901875295085359	0.9475269069181589	0.8802597089027532	0.9816917809693806	0.5566901666722243	0.4774969496427516	
0.33935710630080673	0.4908550843357272	0.9899103653120612	0.7385115840522009	0.2420696637627463	0.3291719420926231	0.931425712249809	0.048098934433342566	0.3749660933333735	
0.6445931042462707	0.17098880749147882	0.983632348593326	0.792655593944082	0.6449651181017347	0.18399266838593809	0.3755068891915033	0.45387676536595456	0.44401121290355106	
0.9712694823687761	0.6213895080145024	0.6743133229713049	0.17756689653427693	0.3223802194034481	0.8459093208364351	0.4648940690430128	0.7104740256187531	0.16552898836568186	
0.2863343722245195	0.6896051938039022	0.8041240769361276	0.7927554421379346	0.3399988587145608	0.8329342118749534	0.6043874909785666	0.43577042250581155	0.5883563160210395	
0.1838906756858294	0.6558950143796594	0.564904253895892	0.5625564109903586	0.18326634219345006	0.7540236032257989	0.3322307759748888	0.5045127566446522	0.6017691394810035	
0.5446776544373381	0.8016394277265598	0.8611048103669342	0.5461867361037422	0.5500426465472485	0.7362847595873853	0.9984069374362754	0.9556724715314804	0.753720525241544	
0.608508049109481	0.30264684674956555	0.2610504408787808	0.37246018366109823	0.5944061965736349	0.6546745471911332	0.8618909371971131	0.9364988103071595	0.05250000391454246	
0.38084356654833906	0.7436730341147554	0.6783028937703806	0.684147541076224	0.4748875208173641	0.709874985396468	0.5248110048641467	0.44683977845845035	0.2465598973947143	
0.05155815691475574	0.5978886586284199	0.9699599233327593	0.8671789049518752	0.3566386285557218	0.24392897307704242	0.925656354104287	0.5090143740183696	0.7299962344810348	
0.6094146517323203	0.4339240897973117	0.5471316568279619	0.19403659451102162	0.6386753193259878	0.3399645294863791	0.5220704427320381	0.5275923624032867	0.6224565389459304	
0.2679103152555202	0.47120086435247954	0.4777873406790937	0.7931576494078824	0.206732324689209	0.5275536851253548	0.1013290556792652	0.08417957552429045	0.5440663255622933	
0.9221036003893843	0.5752033355193025	0.8639734060601528	0.3913380439905728	0.7071264057735674	0.7541661342026905	0.23709853879105158	0.1502493007180441	0.5446857426301916	
0.7823122122601661	0.6193151174798508	0.09656313824644647	0.8088946695556148	0.5961532290476228	0.21163001005634963	0.4094216271498724	0.39981835884197703	0.43445650137991576	
0.005931345175693492	0.7131047167205675	0.0772601051375773	0.13540147078307263	0.8183359959167823	0.4159907960644792	0.9211806917422902	0.06596002390249955	0.20104209221197977	
0.5620829667639358	0.6606813243308312	0.6913933543074057	0.40443163808455584	0.5742130663211698	0.27687388891263154	0.7084032476877998	0.3532375249417201	0.6630313711344877	
0.6858689499204437	0.5575376453012488	0.2477448456665522	0.6780317125703135	0.2624557658076906	0.7878475038990563	0.10324460147544767	0.9967998489463922	0.37146686017387187	
0.2188015711963286	0.442790419471915	0.8729803960902077	0.2325322078727392	0.7726012592658504	0.17964730205324408	0.4533624059188247	0.8652649859690046	0.5867521125046152	
0.6418862073157869	0.6888096875111284	0.743156319520099	0.5133382848305945	0.7576972498196037	0.3074237093155755	0.4144399389706771	0.6966886210992631	0.2794922631050081	
0.7360444541332539	0.7784580340696113	0.2498429181124887	0.6970229425755434	0.6502087643221283	0.27613912034669674	0.33360443150844465	0.9482232449635241	0.18509603254224338	
0.7402940765537898	0.030948865923324687	0.10042950665673289	0.7237848340747489	0.07757592885352393	0.8211160966187546	0.8196215935657352	0.9871922856512441	0.14457806007128804	
0.9800566991680971	0.7155510505212289	0.2072602444077546	0.4714160900592881	0.9875985273142331	0.5459489883377012	0.4707038354920352	0.3676904669882941	0.9557767751516268	
0.956690946876031	0.4211079191563398	0.8755934522762321	0.6921868686457464	0.8859180245756183	0.6564762610778574	0.1708853612593907	0.4782670740956857	0.5203437827329507	
0.14277583272125383	0.9680540557462385	0.19242709089396326	0.8443141684789097	0.9550199923984853	0.8291946765741142	0.09923715559767032	0.49356970980786585	0.4917981937272289	
0.5758707248232505	0.8300904328199554	0.6828300082428553	0.7761996607497477	0.9168666763108004	0.3579659581492971	0.1085114642975068	0.2850733787903056	0.012309890558157677	
0.7021438075446368	0.24344914024464737	0.28971006719528336	0.8216362429970405	0.055270496223619014	0.876701685741349	0.8265950440370289	0.3515159273694167	0.07392380953262001	
0.9118565401450842	0.6080771821590487	0.0844608421569345	0.46784453546681404	0.35950926749615564	0.9734824596117717	0.8517257746219671	0.10183668894331455	0.5128247559953475	
0.615268214305607	0.8670529273408895	0.9685397527139261	0.1520124173331432	0.30137196732593385	0.9617155023482475	0.23888139436064115	0.04531406283169348	0.5684400565288581	
0.7883858931561891	0.7647929311569253	0.24486677868602125	0.6028719232660653	0.2768124348328347	0.4616979349204815	0.5028886458849818	0.9122111595052724	0.17193471987575026	
0.2323740430431528	0.23588596172759535	0.7878989932233454	0.6525690329156759	0.6871026451201825	0.19753714640901332	0.7238535376323555	0.5200732216846262	0.4543214489702829	
0.570995459238632	0.07136220693155482	0.2594283522727102	0.02747283218147234	0.48005254721993484	0.456254212373689	0.48086778449904444	0.6182047664329702	0.015864615556779094	
0.3931461088765562	0.8292699559029952	0.8238064602262345	0.033313681192465916	0.408650477732056	0.2841489409322553	0.2974974453930107	0.6743261860613313	0.8813292390710437	
0.9172323215388783	0.7246250899372266	0.652095252219506	0.5022335400316479	0.4414514883470786	0.43666203603341536	0.965800628586787	0.4161121095164584	0.19623709365557973	
0.7431064842975407	0.6097328890348543	0.1455693651252864	0.2614834544196669	0.10826335586537306	0.9988624725250228	0.8387727147564127	0.16571934152818646	0.9854881391592786	
0.5060690867859312	0.9476696289295504	0.4971743884781591	0.7383407456674494	0.06491086778300281	0.8373337895449813	0.0790502551128125	0.259772111103153	0.7198331539148631	
0.8696362937599472	0.02410214758736151	0.47763693625811143	0.8666293923030781	0.8974767417407999	0.5273316327954436	0.6562968023360769	0.8874443362674199	0.8941284877505046	
0.019785105254835567	0.965653300079826	0.7280962485650896	0.2689891863587208	0.5462297315231072	0.15890902210503244	0.03942713480963722	0.9251750481673218	0.5905070254697752	
0.5410120309755727	0.4486088485047325	0.6065459125395554	0.06024312944139376	0.4368821308761389	0.8156370781397505	0.25546352227589175	0.6186539926667693	0.8976860577444972	
0.4095849088822283	0.061901326881991015	0.041037439566822265	0.3068982675769647	0.553312737298287	0.14849383988761822	0.9291796843287567	0.7585291262420983	0.9172053048297717	
0.8602253988037595	0.03594982199050223	0.5547730812605361	0.1521345063568018	0.7879118567910047	0.005963743432413793	0.4287035491419048	0.7633636178712767	0.3590127388862119	
0.16921869487091734	0.09521724720745317	0.11064652801233943	0.7436654571878226	0.18235567530317232	0.746611419149306	0.16079954842959354	0.4165532017405633	0.6452934133418206	
0.1882212401924963	0.8054742595957138	0.23033682589115878	0.16790847349443316	0.28820614469495065	0.08786857166344098	0.9681512201140537	0.24539742193811154	0.19834637587654314	
0.3548697305850592	0.63923597652477	0.5527325993943092	0.81415927689702	0.11600996032208011	0.43017327976799213	0.5699208803519247	0.6403788659983104	0.3544709703323832	
0.4914944327185191	0.5930950842211993	0.8442619469391862	0.4732395113635628	0.8262180464143821	0.33582546991726714	0.36146310880267063	0.270759023241421	0.5184959353605059	
0.3399603126862185	0.3295538180556341	0.47126802070271323	0.031872094401062534	0.02005666671516082	0.0857560770058079	0.46645525405677957	0.44323686498027814	0.7459184851172976	
0.4761014219434033	0.1644986523330152	0.9901766651212135	0.7275677244183404	0.7576842857416565	0.32091517342053755	0.8342315246103146	0.5427196087167744	0.8512140460167773	
0.16039063469371384	0.4406994995565473	0.9210917803606156	0.04589156260708949	0.09613109656020091	0.3951897071029401	0.9353524903450048	0.5677485654523594	0.44710312647389483	
0.9046248471194733	0.33943228259141545	0.2674188003905442	0.960139464422374	0.6054258543956537	0.437663884443275	0.8521795871142127	0.05991214060382799	0.7503632123789239	
0.34362229833853564	0.4864229393958729	0.13845458751932582	0.7337598872046179	0.9009702252507343	0.17693538353755467	0.3254694422554403	0.6688541312897842	0.8588861965391272	
0.7900019661879057	0.40425172367840134	0.920064683570384	0.14992954338165576	0.08979045639499517	0.939666224238425	0.2697550676745638	0.4095906720156164	0.4178836426172655	
0.10723699926656693	0.6406865629044323	0.9910419601110083	0.059052818298115706	0.2921070248876524	0.5013719648924583	0.7013520666918384	0.5023072595032104	0.2725669809107393	
0.2870583245945215	0.9108092171415956	0.030611968647083487	0.5015856992871027	0.9272238894158715	0.9378395497836919	0.19125755657331855	0.6145793273474015	0.2735765523831667	
0.629116786608222	0.42437513660941295	0.29174276993455717	0.5792934801389215	0.6322350278232527	0.6195921492835484	0.3612726340758887	0.46703824254077797	0.07372104459428996	
0.4804631282334918	0.4122094115227254	0.7441576818029983	0.9819837781414917	0.819204811201717	0.49807818571515694	0.3909046258568498	0.9667204461323937	0.2737861201545859	
0.9117535097170995	0.9294499267951845	0.14726490182188656	0.500026640060928	0.23749600846968144	0.5781110501469673	0.9768904470520064	0.21899733344992578	0.9905008029149882	
0.09404454549439667	0.9818374582310296	0.43819247316138454	0.7441972561609878	0.5691476733666605	0.8306344334003491	0.5699190518837921	0.5913787139746646	0.9935237111197938	
0.9858494664025562	0.24202441164433397	0.0772012112002679	0.6196722643056927	0.03590755768926179	0.8120335157265257	0.06035256727101901	0.6672692567042775	0.32785022466699354	
0.7647523742164213	0.9930251406082015	0.010241332095780487	0.973181319125849	0.477320695081629	0.9155899525366672	0.1608224048068948	0.009884435651029255	0.38744396235627554	
0.11726259829677577	0.0519425342093115	0.4187673425682148	0.9042418538959505	0.3779652603966295	0.12286404861615341	0.23737683257815234	0.7520376137969446	0.21195144018240197	
0.3412056433673587	0.21003837319963625	0.45487515639420406	0.6189228041384905	0.08181536118148347	0.3491218336306988	0.8956223672738031	0.22008403700084023	0.03854518619071812	
0.09517732515133315	0.8530281195761464	0.430220086080918	0.956587720698832	0.7186207853250081	0.04984613260569526	0.701692488698595	0.7943325612023231	0.7915952819523566	
0.11445090547974868	0.1959653670459558	0.6152851760557071	0.8101192280453111	0.006481047118441885	0.13683908834801406	0.0731277692638449	0.42722138634204343	0.17006900195382824	
0.6764407170603768	0.08859906481961566	0.4072802926308696	0.7968260045943447	0.6557992150276885	0.35790027759722376	0.5480807892950844	0.5754944610352721	0.44135877166187276	
0.6029154028093658	0.818592623274419	0.2959780821456277	0.049967820006133645	0.7380559052478454	0.42465402090427484	0.9962222863469523	0.7885883721149299	0.009677652960502159	
0.3395789166330594	0.8922748632367606	0.35603820540084474	0.766472753901165	0.9707624312954544	0.5958133568510324	0.1486055727652401	0.057468354815218836	0.5990890685037595	
0.5127943339693873	0.9246764037304411	0.7717361541659058	0.33660178955263786	0.5455167368004695	0.9596664162260024	0.8143707148599827	0.25360393625548916	0.009201935672669026	
0.9843522328365913	0.49904046531070045	0.18984866005488676	0.4160474093523634	0.3085262349369178	0.17855019029531238	0.47316050654232955	0.6301990860846097	0.7752819209414259	
0.6640217467921896	0.21668212883613835	0.8928799775634313	0.5627798577925645	0.6048624973549647	0.7211015258906277	0.018666429697935083	0.9630967280661775	0.9899328788902061	
0.8193642015489294	0.3860506319820607	0.7285388661426514	0.42677086469308423	0.07272781974322129	0.9519511615059161	0.4085233451144422	0.8336411734016751	0.6996912427260598	
0.7116657742485403	0.7901244648054775	0.8295792024175591	0.5804249184182377	0.46335886788619207	0.35938406239113574	0.8958067298513265	0.5871204870533339	0.40281804726275117	
0.6525388542766849	0.6204047070565173	0.7619585646994965	0.5844829642831617	0.38130744372417735	0.3284917603671229	0.38045543756629974	0.8054952195399214	0.7436587030236111	
0.888632202516748	0.5670628924197575	0.37927106463827176	0.9418718402746337	0.04931514154115779	0.4414075250001157	0.11528726912928922	0.5683138645973919	0.6586119622907797	
0.28807658543204717	0.5262835920183752	0.10910540335576635	0.454647267618719	0.19711324589702095	0.036262980546972634	0.4920538318110421	0.051425879719736	0.7524009620335749	
0.799433511478503	0.6185835993186244	0.3255578775089387	0.3208217907042171	0.9063620753618263	0.23994640709011672	0.9632114455393088	0.711020554851196	0.9081756442436233	
0.6572117208117286	0.9055769638473823	0.5038846029417422	0.3246992053862392	0.1858595566066401	0.17666184527842654	0.3497442532077937	0.1063279776963687	0.6989695889945043	
0.20448624393625736	0.596190698829376	0.049971928760648154	0.7666935546850296	0.334427906972249	0.7335672115308862	0.09801495558533668	0.7906103760124669	0.41957110432066547	
0.6837205630877816	0.41901101640997707	0.2350147499387938	0.9424967840256505	0.6824539192647934	0.18742689429512394	0.38059818821278346	0.6446531506653825	0.5973607189372506	
0.9615016549425205	0.40732834003299956	0.43655752143966264	0.4767170411285677	0.7982723388640014	0.9223308569201445	0.6959890621486041	0.006979312672136473	0.6354602960937024	
0.05848479377658278	0.28534801992083003	0.10042005736504422	0.194917300842385	0.9065107915783696	0.7026347613646532	0.25059736619288653	0.5102763415515066	0.09361910492636716	
0.630345219052368	0.9048052048514696	0.3567704594906479	0.7735766137799801	0.6588712220566417	0.6138365648328643	0.9249704134695003	0.12256504920511224	0.1895884566878575	
0.5163975851725627	0.2069605518826394	0.46981786942141623	0.7458799575686154	0.3392509282124033	0.6678478559867237	0.766707375255761	0.14156877163633197	0.6770656332759989	
0.3935968928694198	0.5151082707981883	0.757471608802334	0.003741586797598062	0.3405925210454913	0.7220862471378314	0.7686281339582541	0.2973366574241546	0.11411444263415838	
0.3436020764560881	0.8542740072020932	0.3630574386121399	0.4534568624612271	0.6947886298727152	0.8527959881660677	0.4504104354750177	0.29888207913594345	0.9060924822510892	
0.2916981373129942	0.46201060228173263	0.714141993843228	0.5144019980341428	0.659464966987704	0.34047792087810214	0.4405168899101001	0.5556012110469076	0.8810404664090792	
0.6856518177854616	0.41751861702714665	0.8534383943691476	0.5167822984978993	0.9627534529191754	0.8359389066600591	0.44227437049160767	0.2830779388375877	0.6877427107244447	
