0.1130262734656734	0.12795580569912257	0.07786962604455205	0.7898695909560055	0.4019761312270189	0.6349249446877724	0.4877306428689485	0.47934214971287414	0.84026205144218	
0.5219567118955166	0.9722502648485777	0.0851373675579894	0.5932289816370943	0.15809168016756614	0.1724044354680132	0.6594079499624591	0.2744318555130667	0.892805647130779	
0.9297407171801021	0.4291171526341835	0.6187245752827094	0.3650520652605248	0.0381191999339634	0.42280234327505173	0.42896354583694274	0.7714118386245759	0.8636750124325914	
0.09591139790065084	0.8905085190435488	0.09123447873673696	0.906198227227457	0.4554800751491995	0.9463206057237142	0.9898281153850594	0.7775480550645084	0.5905599473824469	
0.5130175185871635	0.5746186601038283	0.7888926277498203	0.9080849586350087	0.21262453992623376	0.9516015393135575	0.5724913743175829	0.34995758341862726	0.09454574716160313	
0.9198253174590567	0.8139847473951723	0.5681666761975548	0.01594837624043799	0.6227851524619797	0.7376255897947056	0.08832670765079254	0.7596137639345406	0.9594893128262142	
0.16017454437713496	0.7393834879843936	0.3022955598041607	0.6452911818100227	0.4349613947036748	0.2892044381464468	0.7080426284938325	0.6626576164617998	0.14694328521777256	
0.5155886085584233	0.6378234696871995	0.08911261126218506	0.18806650348371567	0.2102763850001107	0.08797870983973233	0.6868828353450408	0.5869942114598395	0.08198307768859048	
0.09915143774524737	0.21504912442039215	0.6564702222235136	0.08196712712448473	0.2231410720981002	0.9018846187055932	0.8193307169631323	0.5908291662260611	0.9328481559551522	
0.12981650909115816	0.9079983753798754	0.6023434007639142	0.9450987335190417	0.9260999255873992	0.22804645290373993	0.9162096541725262	0.011827106295656753	0.6641832454619598	
0.42152765910226264	0.11868583785968412	0.10977856413560994	0.04325046758516715	0.7789985538666723	0.6327175466441055	0.8934935984002511	0.9784713350538653	0.632641271936884	
0.12555329860142928	0.27329596778498433	0.5535019966214697	0.2616611347489577	0.1829128849663303	0.8576308562870955	0.8181995691487269	0.82603311973869	0.9498073252266814	
0.6154861407707208	0.6101384578241801	0.9907394673541616	0.7589888059937845	0.48103651828458616	0.9563202976096368	0.5760975788476678	0.23929774213899113	0.1653977641572557	
0.6008463921215774	0.5805129466254816	0.512376297980283	0.08727120603289462	0.8420892597133897	0.9726959217498874	0.8286314266420473	0.07397477822344245	0.539249746080056	
0.9434710161445492	0.6293877149653128	0.49323973816487454	0.8779203420732059	0.3280361196484043	0.2503834764943704	0.8726240087659833	0.7809434573786261	0.7018274717907731	
0.6839523831319404	0.8810629790166242	0.2617313328167733	0.1740746449880647	0.06995081432508465	0.9008847914236786	0.09649288834720715	0.173891687810251	0.15002996426402115	
0.7967544371667532	0.7191075046819299	0.963908089107394	0.819948487637465	0.951625954774496	0.2072085837154839	0.331452173260245	0.22496016388566598	0.21905004082650859	
0.9631268712301929	0.12173513892323462	0.9932919781828522	0.2663636475620613	0.2750986237371449	0.2946251499104968	0.04012146670674299	0.012796735593041952	0.802324497119691	
0.5217306527878495	0.7140526197194469	0.6574340290057171	0.5805636521998709	0.6309527573064138	0.7577874721254824	0.7117746750597177	0.37248006850491155	0.4083381857869721	
0.9180322299392987	0.9814438502743768	0.9104893474132595	0.5790575475206526	0.024692478999746248	0.07766809121682094	0.18301584234517643	0.06472414830718265	0.11066747759178075	
0.030568739619949215	0.12860108762655942	0.8797767509045495	0.3656701636623446	0.3195577134913541	0.5168442590167261	0.5768444381686206	0.36398945045252684	0.40413686892742373	
0.33910668086729634	0.37126484475953314	0.14829732785427763	0.2864719854533885	0.36821122546938656	0.4566173801133825	0.6159094872844789	0.5835782880826793	0.3793893231454851	
0.3502806655521644	0.341933147442234	0.21016822188216722	0.23071798633522367	0.5690878603556994	0.899554085145377	0.47117654508233686	0.45191050145502654	0.40955690800178157	
0.047297294698602	0.7236337787942725	0.707326753268865	0.940162568097002	0.8637573284071078	0.6101126480370521	0.6965629541017468	0.1738763775606159	0.5767675125922492	
0.9652347390475713	0.9905854723387937	0.2061888227912574	0.7965020421018585	0.05470114165703066	0.6006813845649867	0.1704134522109254	0.8791909000128654	0.0015964111885780063	
0.9955704972186741	0.4879101893357275	0.817783918658605	0.8489419636979401	0.7902026311718007	0.06049014777126638	0.37749554633565074	0.34508156070868445	0.1882049458761894	
0.7580326221149521	0.659142259035825	0.6016361838637673	0.6287388038518826	0.296807108630903	0.6082568164976012	0.17533528677191812	0.5182967855269799	0.0041626869386068854	
0.7954969083338782	0.2114946025499409	0.39632318472316397	0.2646821408238924	0.2732467189765907	0.12342324820586625	0.19045571561980568	0.849614011096972	0.6185772920798015	
0.045509938398201166	0.06310160232908979	0.4693844456295079	0.21797581800785493	0.2911856056770715	0.7682101660800144	0.8060696111295819	0.6207094368595298	0.9044628054821258	
0.589568905057128	0.7116324025845596	0.20760771332137962	0.9472727282628478	0.21324283781712583	0.5408207867942266	0.912974147072384	0.25840996477793754	0.49250892203991337	
0.022664639922421737	0.627977807155906	0.7510890253090982	0.2678377871171419	0.1013982671978505	0.7685783113033144	0.37484691102466794	0.13077425796727649	0.6814462127669918	
0.8828848389497338	0.015350006552713236	0.22699455495908727	0.957544021953416	0.20900430616124321	0.03150739695627092	0.3750183684720132	0.7484994105179886	0.4449890842290076	
0.2749903214582463	0.46047713515038735	0.58812726549636	0.6253936271336706	0.70086251345633	0.5992916696495867	0.18158074494318055	0.29593358783838775	0.34013306882350525	
0.5143458001737954	0.39642737639920267	0.8926192908669514	0.4842576296329336	0.8316309971183443	0.6046121195054276	0.3514604327939732	0.28100671959422074	0.7264038496892147	
0.019443876408591354	0.4381393772784149	0.31376778127192173	0.6901761713803412	0.5459121314155138	0.03808205494302985	0.5071447860262639	0.6803180584980076	0.35530202052779236	
0.3497642547351115	0.33382800312177807	0.2706228461891844	0.8795023795185708	0.023285021177666176	0.9589120787397722	0.3130484843509612	0.8275551477121653	0.8257416382962911	
0.5155933942278468	0.16553259942044407	0.8607195888116087	0.754534850253445	0.5979411664026143	0.3077494716537962	0.05064357033475364	0.5122074159195066	0.7573545730644207	
0.019725217063556344	0.7682337732809926	0.38615709943511645	0.2575702453042027	0.09683138413855108	0.10967053751481926	0.5521383937099895	0.21479368639250507	0.2752270431200291	
0.61491282617297	0.3551166701528793	0.9519535781409365	0.4655674159948886	0.9941628586602157	0.3483306922645055	0.3397078533763702	0.6059875459559998	0.154689504651362	
0.6428985786163344	0.12862835683646412	0.6518554658856406	0.679222191442692	0.522003941270878	0.24846281154750938	0.009044494616876841	0.3609253368419739	0.38561334204162967	
0.33388528808047724	0.8368585340581058	0.20976133872226876	0.04140823855226483	0.7934258921416473	0.5352268154731907	0.2567026045448678	0.4009320677208188	0.44335158482449244	
0.8008825651719154	0.8822048602594645	0.9381551731935863	0.6037769449233975	0.7384244328955222	0.012075299320877919	0.8325930806390285	0.25563532973805236	0.4744972097804786	
0.9449391621082452	0.8781575477736098	0.08211558497503624	0.865510448592823	0.6145184218261032	0.620429002169662	0.7395154606043166	0.6078095528745298	0.9613644071084537	
0.4767062672514111	0.9756701324710424	0.10616062417490946	0.5079458320701843	0.7391040465359694	0.28104336471756375	0.8888561139436225	0.2351401525146689	0.0910564007911232	
0.18171880034589993	0.894786155512737	0.9080936155038528	0.10332574632578517	0.5549118480476107	0.4944532644344961	0.21075262906558245	0.3187243461879211	0.273469815697017	
0.01827933875254084	0.08007535651332376	0.439889348403544	0.9785816341054582	0.3010551489555018	0.5580419971692197	0.12718941247758486	0.08058718039464152	0.35072777644716335	
0.5926178258177871	0.5759270173512383	0.3612763851480115	0.3467163049205858	0.7480937784313229	0.26317204979775255	0.6226115742565966	0.5225385066376123	0.07829258720999521	
0.6715323633989023	0.947438399436224	0.3642331835941872	0.6077602322508779	0.28124414333325676	0.2576394968750255	0.06792289945593089	0.9471883005900184	0.7613815444375803	
0.09377234200896423	0.6269282877932317	0.33080534373006976	0.3059110870771298	0.5485848504893714	0.07111433174600845	0.899774943697373	0.14192193472595482	0.9751556518168057	
0.6027916085931576	0.15256886810890735	0.5292008982978558	0.9713996751365213	0.7734248941061599	0.636815032316465	0.6128795744311841	0.19455118650655168	0.47741788202239077	
0.40043299798154053	0.1984225609796212	0.7285784095992052	0.07156141261904103	0.4197132015749594	0.19942024347521792	0.06093958211398198	0.6537986769162745	0.17425158766600546	
0.24860890599687935	0.4814845372615515	0.3444532704614154	0.007403985716293304	0.8916990844031251	0.7104737191983667	0.5818626156710851	0.04203015479551375	0.8796703853090082	
0.5373435328596071	0.5515519073570491	0.5670326845751791	0.3152838786955864	0.45549872643336975	0.13698683582215554	0.7994819437168694	0.0301137298157379	0.09790569762827106	
0.05471712407902751	0.3220128333779435	0.8666090405000877	0.1931343602879233	0.8819402539019205	0.5572570393638719	0.28412799343881256	0.44576183374452594	0.7465685567645008	
0.19292080119256838	0.4177679633827863	0.009220881758657096	0.21306312244868375	0.6467545815844108	0.02894279007166345	0.7476773562823471	0.4275340770264985	0.3717248430927359	
0.050116867636925244	0.12191310686323675	0.7881744593593488	0.27136095342338695	0.40158462590839394	0.9652453927057446	0.5110887833596486	0.8274571361178303	0.2101026490679152	
0.42174305883359897	0.32883881136600435	0.9371294379379064	0.2485955193620255	0.5712860391345986	0.17271839675359346	0.34896810974603576	0.15450154121336024	0.7818162685672252	
0.564522841720792	0.4514903477110531	0.6807753640685913	0.9233460728710435	0.266950650293436	0.4189945258031885	0.4609242368494375	0.531039436321773	0.965029809156601	
0.020186985728348317	0.781252064079031	0.4865632550563004	0.05730445971844833	0.8021202463944455	0.6553476195931134	0.49313537501845706	0.5839277605035463	0.8867868236801187	
0.8355749619103512	0.816305328108098	0.7563710997072686	0.6224272444168262	0.202175660691836	0.9581016148796134	0.11945007513991379	0.3921212425209787	0.01906794637265652	
0.8371760069690417	0.3338301908848449	0.5388968162161222	0.982253319745831	0.16091802806632283	0.5404939109038699	0.4451754588968164	0.4513718363874658	0.10657616671575776	
0.8705874765189534	0.5528367251126824	0.10823015893511312	0.48354388220570244	0.06595982440520043	0.19002362989825627	0.7325971956337439	0.6369699990157642	0.9403418991250442	
0.09287708865180544	0.8782052861296801	0.19404940426108974	0.9912234522158951	0.42557690665074666	0.7618901460670254	0.795109422644052	0.5480408085802667	0.9652096712761864	
0.7958093059513051	0.8335184087883308	0.7493869825443241	0.7406635546213133	0.3573626722280153	0.8369556159490947	0.3518983347090555	0.3819519319637187	0.6788204171815887	
0.09186184733711378	0.38462333328553455	0.013048417893056663	0.3054367252348411	0.3439173111145474	0.20090738793699392	0.5490128992962076	0.3354849986596813	0.1967026997291318	
0.8438205187967716	0.25571537788073306	0.05785555471470594	0.4105631153227437	0.6550573697643168	0.24866503688282482	0.6722606959865693	0.8047634987998314	0.1611557012339514	
0.3019488634061802	0.46168784736955815	0.16628557705633418	0.9778780190266899	0.4861957161993308	0.44260454109214986	0.8600172218418451	0.19841027433232272	0.7092996460150767	
0.14433844691935183	0.44134757909741873	0.7830506572260106	0.5028188215842997	0.4757484876624837	0.5739945865327694	0.9052400664640213	0.6895867746868128	0.16932847613707291	
0.4951122821124031	0.1986029391577091	0.64716522426133	0.6092341600578878	0.24159433418912424	0.5013659676539126	0.28786638286339516	0.06679944010657379	0.4737091536914697	
0.017516817281814534	0.920224803923714	0.5134265349409467	0.4827967505205544	0.23273018113966415	0.871652830864595	0.8371762444984305	0.45353177332315897	0.56653082925955	
0.5685363849865368	0.8316050450459168	0.025330647804374218	0.513971848716904	0.623242340437729	0.8607446243450594	0.30460888259134733	0.08773952542998131	0.8164230545381344	
0.8946294071354535	0.3874321638475111	0.9315278216981904	0.24179920720133574	0.9445943593473556	0.500414234015645	0.5625070831729166	0.3392097030968766	0.1848906640373329	
0.05871045958218768	0.5254246378128468	0.7033243796712746	0.5618902048637854	0.8521225492374002	0.9785526935657186	0.39374451201159255	0.7754625089131887	0.8801860968604016	
0.5547110584556575	0.039098811089940066	0.5447495241136884	0.4546694867431299	0.8565612507359366	0.6986436092662416	0.6295594315483152	0.35486349243091875	0.17690285547781448	
0.3568304873079151	0.241375808614832	0.6023215700580558	0.09650875458063457	0.20185796251329102	0.6918335240652682	0.9652605731813801	0.32063769874857073	0.571667904123421	
0.4590604839545731	0.6614724279225185	0.9899597433151713	0.2738886461103086	0.7763220300056733	0.08144441379546297	0.9169966289442875	0.6122101106082855	0.7780759956672386	
0.7343346070749772	0.09106352437389242	0.8674781527593862	0.6901269942633685	0.9902941677361963	0.13657876854112105	0.3736889648286623	0.6131271862153982	0.6672014472956499	
0.24599825950208287	0.012697113140190286	0.45376164316061085	0.9843496510920348	0.02234158797913588	0.6786130796532869	0.5327076969163763	0.9441778259064741	0.28932178948134957	
0.4301878365565086	0.7462620701307212	0.3086189710496281	0.90013670856593	0.8570577055429737	0.6783840821543973	0.39393811910867726	0.7791734735738918	0.2166301364441654	
0.03966577923712489	0.5577680871283606	0.9405398460076967	0.5154136094781269	0.8727720164843169	0.21512491500719566	0.46700994630204196	0.7132464363953368	0.07596903719817016	
0.07152235569506815	0.5074749084448364	0.33714812286694895	0.8688452149857008	0.2539266007615495	0.10429874887729118	0.8776912160586934	0.249559695243059	0.4635347191491356	
0.9261183457627841	0.6227726676944736	0.2767118893755294	0.38553950579597684	0.9689394767978846	0.5431604321530547	0.8330567119072014	0.9912616238225527	0.47783411316443125	
0.9895193813370179	0.15870230450547995	0.21180428368621007	0.7652695269805339	0.3595663417622289	0.5906472306423302	0.11268939770646791	0.6193964244091336	0.14289847991281024	
0.9139040157133925	0.5169453663018762	0.699584967632166	0.47247788080060693	0.26645251348466437	0.6240590550183432	0.34751388656187754	0.9845823440702071	0.4093860230772435	
0.6556585531350205	0.6881740478616866	0.3546750737560136	0.3582026675751717	0.7415416195253383	0.9071458933293408	0.8336516180869334	0.08770388083789293	0.6905767853814735	
0.33007729173005684	0.14075996503366606	0.7866612077570889	0.788085343025247	0.12488608542868962	0.11259606891187257	0.6192069939319585	0.056761283713627764	0.40793656504204634	
0.6913019246185099	0.6698638686027842	0.6940025751198937	0.2652471694362383	0.43230269219807227	0.7016872007584318	0.7631096356340413	0.23882706868810066	0.21550164319745335	
0.7074487848382446	0.21342789419695296	0.50953237087161	0.5791834822289654	0.7443161845421632	0.3106927447445189	0.38387592699580664	0.12137129916546752	0.06587839205092239	
0.4818343356475965	0.17879235755857126	0.1922057549849342	0.7010613570308462	0.7896332222749756	0.45957603299855765	0.38458941457627127	0.16507819236544674	0.7625484749375411	
0.2578081979891096	0.05631735730456533	0.9246034302132227	0.6961294604205422	0.7107873902229622	0.5436959847139632	0.21132490427857809	0.09344922421607726	0.7360095351745434	
0.9249808467920714	0.49512663968504766	0.9588776753330923	0.6551752487085652	0.6424655703465839	0.3494084250191548	0.6734589106150328	0.6994351256344099	0.32759514874637796	
0.1762310364628572	0.776853645588205	0.7848209015341046	0.5320763374026654	0.19063472052887576	0.4891536231202904	0.8702391238845081	0.8445142113906694	0.07939809213509053	
0.3813116831342944	0.7101515902507664	0.10689668232717287	0.9995788324092288	0.4243418194282391	0.8418783994511368	0.6310575323489443	0.3879929942650723	0.6211526599590408	
0.16621139656930273	0.18471790806750565	0.32072732555058103	0.5542038290013401	0.623433739825795	0.836476705245731	0.6590994461791886	0.9494069930985455	0.28731130685065576	
0.6031748404315863	0.35517834483534283	0.6441257647859917	0.4279566664510154	0.981288204059278	0.4021672595484592	0.35271386351748013	0.8128343201713083	0.3295274027308288	
0.08537435346730382	0.12218719476726392	0.5575216502230074	0.8927006211962288	0.7343902146197986	0.7334816947105597	0.6088387835608103	0.6597205631504767	0.7666186636286857	
0.37760850365895104	0.8175857581108484	0.6911263722209664	0.520368785188835	0.965217398316588	0.23289966430765996	0.6986359417458831	0.5274901790067812	0.8441198486840601	
0.09994383781114358	0.29806765112864153	0.014927434075857282	0.924364363776355	0.07476822965721008	0.6728505223439589	0.4992129848509771	0.27567424623594117	0.5331479317312139	
0.6088747427402881	0.46700737184900265	0.5921634964497157	0.13950438235974238	0.7106743866047889	0.6018224224479805	0.5798560359113578	0.2416456321158923	0.21539377979120577	
0.24647916883189713	0.362481946313153	0.29722299383424333	0.9122487915806646	0.8720487682319317	0.4005913697918042	0.6353922669714219	0.21460155457922647	0.2405988145228185	
0.88411994659241	0.917815891342557	0.19623337777409955	0.822024588188701	0.925022198695746	0.9463991562660686	0.569172085624481	0.8392123816027814	0.3180658946926157	
0.20821711264520704	0.010319095467174244	0.0188440827715588	0.8467949599697137	0.9723188413696969	0.5621206973418044	0.523457984265191	0.6084600532745037	0.8496688704071294	
0.4452447093953965	0.4324737832699237	0.9501334572571106	0.007787295637954661	0.46188893290943445	0.24174154838621598	0.30927106017771466	0.422104769429714	0.1553203165543059	
0.9350015212831309	0.7377821557766271	0.9307700873114398	0.3735852105088545	0.013897109292989485	0.43163662438090256	0.7972855211216376	0.5013266717509834	0.4496669412087563	
0.5499886973596438	0.08002046407083852	0.7818298635473795	0.659124881398056	0.4298363005233993	0.4757204176733262	0.03295687967711891	0.08525902553286469	0.24792208095006918	
0.8168819028713538	0.1545793953811292	0.567095696580906	0.7050771844720215	0.9707362149183085	0.3211063991142665	0.8161135829705696	0.7330944091632589	0.840201150831702	
0.6543454957948446	0.4728102892366244	0.6732563172230118	0.39870376992721324	0.13848714648878813	0.05190143462522134	0.33976956298897865	0.4095304753368637	0.047289275941798437	
0.28700794084000014	0.06116931368161538	0.8369243873426244	0.6669004752912742	0.09929137772035235	0.39816631898261046	0.24340162735935134	0.2628174474314271	0.19050544570907701	
0.400165757013328	0.5736343140981918	0.6093071912305602	0.57848263874676	0.40571179210044084	0.5845042807737002	0.07619626159569337	0.8996802773008913	0.0014400406733696691	
0.5542144670093029	0.852718534638546	0.5088878711248075	0.8134273770820467	0.9300781587145437	0.2167506880835265	0.11764076571864701	0.003234349842105133	0.6011995951153721	
0.8403184173474294	0.1965256268660005	0.08477648955907435	0.4981902162116427	0.42755938101213475	0.011841408557192845	0.48103642471673513	0.6792945730559717	0.3491988203812256	
0.13878799232214645	0.7885885327472764	0.5493718433951027	0.9800253490135571	0.35432981766517613	0.7275322132667164	0.7688201188296586	0.8993195357725422	0.5401212309967803	
0.11401136368610243	0.41935554256347096	0.11621342113463318	0.03239879734033668	0.04587158492586674	0.11097374045718167	0.5151942473901266	0.326884307416357	0.16817393375547796	
0.4786764674081023	0.5685489659399859	0.41460108330109346	0.6109391638560034	0.4701279058862087	0.012836948461496078	0.7234016429643647	0.2064385409890872	0.11261494079842571	
0.7718803592641346	0.4070620349831656	0.1329461907486903	0.03672024547431574	0.3769496120594594	0.3285791704780505	0.80735026560576	0.8230542030698121	0.2843031621725155	
0.699042031566137	0.5610199005458463	0.2518995978528117	0.2454994315279857	0.9749394514753539	0.9437887265641098	0.4104234780010724	0.15810345203428022	0.2407863307658461	
0.6901704170025668	0.1159724124271051	0.30487778713407454	0.5966550551903123	0.08949844073257629	0.6882537586938287	0.09262039834848423	0.07540488835476844	0.16066112814986855	
0.4002821478376596	0.8107749517225027	0.8022886021465856	0.2877131825988273	0.5028919402603823	0.04290600586585336	0.24374028663682945	0.5270975515437363	0.12778674222670428	
0.19592311966444276	0.007850864751746345	0.5803458796635127	0.5242157063939874	0.09017729040597888	0.025149037734994217	0.2489391432883441	0.6895540212916081	0.733185032878314	
0.6152116258150387	0.5518857312897492	0.5331121631758465	0.186706940584221	0.5137936276919682	0.38066594723863945	0.6328239267766258	0.21044894202999953	0.7208547538612687	
0.4192062365369862	0.3056216782041974	0.03772944586347493	0.6777472606608277	0.7889881958789123	0.37413313120769964	0.7724146861515147	0.8333686250563742	0.4036466621900259	
0.3110699124472748	0.2871448440352977	0.4293974741187564	0.737303122547484	0.877834385049571	0.7169274772756252	0.40325016754669507	0.1840404584076274	0.5631598547310981	
0.02240694980049507	0.6606690830795322	0.22815334455798597	0.6785697221298334	0.46249539267458306	0.28185826760050303	0.02822499295327674	0.11955605080201515	0.2970424938823909	
0.07171260139899704	0.5233254015377179	0.7294207148226342	0.650404287448322	0.6674100931942197	0.10198647593315602	0.9944638343037796	0.696661260415633	0.9282970566642383	
0.4597595632245727	0.28265751634937875	0.3587446543931063	0.8078232018294209	0.49420269639600434	0.6751389109712445	0.5244916126142953	0.4639797552110081	0.3080673975751994	
0.502331464016121	0.5606711779836604	0.6596044152714023	0.06347674792599423	0.5957543417157204	0.8963470070377199	0.9451929624635539	0.9490985701907508	0.5952265511651956	
0.3652865760465125	0.8981253937294248	0.8407000836103786	0.08525821661140132	0.34973028386247107	0.7955470431015494	0.4273356051273324	0.23647720419330165	0.17379113642207866	
0.47370026823480627	0.0464001572356979	0.20310292098659266	0.8651391642160569	0.2519542761444187	0.9570729118221691	0.43227063126580034	0.9988146136020721	0.5342016908541842	
0.4704985558781659	0.7802465637781071	0.865111637659236	0.9566003950994595	0.37933004306621987	0.23040139758239442	0.9674064284573234	0.889308926632154	0.7239791209699435	
4.822351112517831E-4	0.9985041396330884	0.3161222443892894	0.5543629430111673	0.6093607684826894	0.2798911152926902	0.4572072692579978	0.6748641964168478	0.1589199056448397	
0.48618428989990214	0.9308031478498887	0.7396317108848649	0.4386588505150788	0.6656594273452957	0.22554841665798875	0.27914769210863244	0.6543560106227305	0.9401364003218727	
0.20926247572373136	0.052899240945054826	0.5844262736670925	0.5807415675713884	0.19018120065895283	0.9502209852852193	0.40989289014018593	0.43811741102336965	0.4187872239177832	
0.049421835743786335	0.04359543600589544	0.372175350723011	0.6102306996367112	0.0637881936983431	0.42615100753734314	0.06438306625244539	0.7214430585506495	0.7249130258888473	
0.9362561774371121	0.12325849680413092	0.5986441889410841	0.7263426792900415	0.5717867215882338	0.41656972932281966	0.011122336848245151	0.3060811742991164	0.23921148517880675	
0.20967378387711655	0.2673788493992728	0.8800641735401086	0.40941590972818376	0.5677132998185006	0.5304013026384962	0.8082999074858997	0.8542331246257523	0.6129190213161252	
0.486012083166413	0.5274126840963429	0.06789956500441308	0.40548338304761433	0.9311618621372818	0.8894562315517504	0.5293824572772846	0.9888070155250623	0.4144336714670065	
0.4943024951988445	0.5469822594013661	0.6877569907014649	0.6102546834665687	0.6026767774446626	0.9643035918418098	0.4826483751240225	0.5749398892058375	0.9462040464260819	
0.437999293478875	0.9906830604474443	0.6289947678535891	0.42460323539503886	0.38195375382394525	0.6858912085589379	0.38653301432604126	0.05736017189457299	0.43348122146748747	
0.45608080008724594	0.20001096022940779	0.28653133706102263	0.4927888524255014	0.18157577948006542	0.7782771372017191	0.31709637714827954	0.24999533006612662	0.07700542555814249	
0.20466713509479395	0.7879643657452481	0.6440345550404898	0.6056436756284225	0.22446584437930728	0.23938181281947224	0.6224975920104541	0.9092295150973225	0.6313219654186257	
0.2122515489621546	0.20386017839757098	0.11617994343207816	0.25172214044783525	0.7474307250114566	0.9380384370235562	0.0726742972970974	0.5162715047516963	0.6175502451936249	
0.18154284067687554	0.29334884591660293	0.5513774399677815	0.02011788114371782	0.8067731504610445	0.2979501043693764	0.017613891721284358	0.3283286236182178	0.724681285610774	
0.32059937855303877	0.23014762277293266	0.5701711254135667	0.05934670190653557	0.1338615264182711	0.5938554327694618	0.8908544837830141	0.7498483194561909	0.4009569196309213	
0.4905624890848729	0.7598744825175995	0.4443286983116179	0.7411242793670879	0.9630801438786512	0.4347176115833369	0.8621487543932841	0.12629208071481224	0.5323448415926272	
0.5483717530907124	0.32929751413470487	0.10414783084798696	0.5524484920214567	0.6517520439439665	0.5913162924403506	0.6079444749019893	0.8558791111742917	0.4094310174610639	
0.11372354339385893	0.9665881628040442	0.24350708849018365	0.8828729198265242	0.3847839599952285	0.1906358410033271	0.11729539684055168	0.671847932796112	0.7943102500759975	
0.5857445210994444	0.16343328732357632	0.4467908029197585	0.6678544882367293	0.4520812602782891	0.14826591713863568	0.043370158844121764	0.5132255963055102	0.9057549520925785	
0.19331527331104692	0.7574612723308993	0.47803934552259975	0.20251460698684376	0.25031527353195393	0.8637139117758731	0.37944000252484866	0.1557630091336354	0.9159881935032985	
0.21765680349319294	0.566251829979245	0.632217925437015	0.9618659145074895	0.5421146507919838	0.3513009735942275	0.84890004275262	0.18265868611601288	0.5820071973978721	
0.22403957935793628	0.9697134260473723	0.5356981845195108	0.0059044631723892405	0.7030533814356477	0.9456080022980944	0.548655974689976	0.9946168687649226	0.4823716112288672	
0.40934484831735096	0.9623648691260633	0.7638580743259026	0.16385600414795454	0.7779590428292671	0.6571412153969101	0.5098018027809482	0.09513417173457939	0.046409389804064616	
0.7712627261398329	0.227323034618937	0.11227339510599954	0.9215594094885502	0.2971577040687241	0.7394827531372915	0.3244629287480273	0.5380301448397673	0.4019872110921773	
0.09760943121959176	0.31012337820539526	7.774026593075911E-4	0.991996655009235	0.13290667908591036	0.13402271219533168	0.3011427439414601	0.5106302071089657	0.4924155604492736	
0.3271895837916574	0.6165196299771125	0.9707503414901896	0.7867748470053902	0.7091967748511746	0.9115505767473044	0.6331403491669813	0.2120037235450699	0.6767340465903936	
0.9876270592930929	0.8482382335085745	0.7368907022080282	0.26541779632038165	0.08629176694870133	0.04921733965691777	0.7880401228518901	0.7235289768320122	0.08687041098759563	
0.1511221530720641	0.07815206162562305	0.2569208582374949	0.4846459255289661	0.623209184285535	0.5850184826475737	0.14651358190957608	0.9093044286698909	0.1450006305993632	
0.2043371326400233	0.17954137562135652	0.05507607124314795	0.6631979103488641	0.8716689515973258	0.1711871621612695	0.6353023804348975	0.04141314697880005	0.4800197584191911	
0.22186955051177848	0.4394895847949316	0.12731407589077004	0.04187932171152553	0.07762199003805015	0.7734697481553201	0.36103852978333817	0.7283164782072817	0.5343463504857697	
0.4396115956866462	0.673939634086629	0.8602291501428947	0.3862716986894661	0.33327626202944083	0.8052515092010751	0.757317884338273	0.44194580772235925	0.002507132323296246	
0.11947622461386498	0.2724972421978503	0.10722998913923076	0.7461924547076165	0.6604064715388197	0.8357709687634631	0.10698313636239176	0.7094919874998078	0.6251527487225158	
0.11492724228085849	0.4937771130184083	0.9604693450856294	0.9599472570303158	0.5424022246845581	0.8996369282523708	0.4428639546143127	0.7052192835869519	0.29709591017597337	
0.29133995372138466	0.21500431176124546	0.8111574518390439	0.08799325266128	0.5345904975563095	0.3951483268008027	0.14860293700261828	0.058990936889297796	0.5903317584498832	
0.21568870469086932	0.7892495474877209	0.25444409387382205	0.4256752268783286	0.600251114443338	0.49268854107358506	0.04490691211329456	0.6711272950514597	0.34742098365016094	
0.14844438939386695	0.07318083983467694	0.37568364029407664	0.3926961397417372	0.9756672540493966	0.04139097598819941	0.8480230396856422	0.7753498061915476	0.4495848351327941	
0.7577552172190012	0.7407127897210277	0.05589899520277586	0.4103280863216182	0.22085650250116173	0.6968254019635796	0.10912951627380152	0.45247865020913625	0.5901739734714079	
0.44199595463160757	0.9040675965814019	0.6572092913186892	0.9356218721676227	0.8002404465046093	0.7923975002934762	0.8950486372732767	0.7588474847137282	0.9870156883675614	
0.8618664450093609	0.330445202417051	0.22305764566454933	0.20007049230145102	0.04330957516406231	0.39331073846273834	0.38237199219301254	0.6844148094586603	0.0011733208885432722	
0.3344075448157695	0.5264244103129957	0.9450319797697119	0.9914672207184818	0.9042974380530003	0.24652571854082872	0.24264344163646712	0.610162632846299	0.7550723898787058	
0.8391564955366424	0.09862026873326635	0.48546094553479713	0.7822426046027979	0.9717131758695999	0.1840518951571446	0.1453670477444291	0.4234303070225045	0.32767356524231084	
0.08066783689135415	0.22707904580504212	0.22946655402921445	0.7833578317253481	0.6141245922652616	0.5949653977192322	0.8123029001478387	0.47187781344707025	0.9161780706675058	
0.287138034326907	0.9060374131620941	0.5830916910584667	0.4883340571895516	0.18037356631100032	0.092311976014543	0.32000074503915243	0.8693725310266303	0.7361510853206336	
0.844771550880065	0.9766694528662946	0.8705090687750919	0.0682757822820671	0.01636230100617375	0.0893911846908807	0.7430165159985921	0.6003346498355793	0.8832526009459083	
0.8962219366339028	0.18298274756395472	0.4508211059823316	0.4531909754925083	0.8143241655047248	0.9210401075549074	0.7249294873354702	0.8208406225736365	0.7179598775715169	
0.03389935102010844	0.47945337888461936	0.6457784969803063	0.953022925761875	0.17672771695438927	0.2639558379764937	0.7158083102320417	0.5491919439964399	0.5132273126601933	
0.9538952803637186	0.9845829307464455	0.19079052520352557	0.4435279014018655	0.3718985447776384	0.06891355590510773	0.4856834781326115	0.8839675156679399	0.8486138387092016	
0.1651435225931197	0.48873717749343715	0.7679466629168128	0.6611036005763505	0.9129819758790668	0.9452346856716448	0.35776645390278805	0.5173878982608915	0.374881881055084	
0.5551462404221114	0.4719584477322297	0.6990294288446245	0.3934977437480567	0.7114927321817324	0.7532268181345922	0.8645115377820507	0.2562173715479915	0.08425885788344989	
0.33570712314182494	0.5754212169676525	0.5764436189167362	0.6567070797689636	0.14972700012245133	0.22624367639963028	0.1658731058053452	0.986766573490108	0.40385949152838374	
0.5442294076819235	0.2982355950620178	0.8072548683297637	0.8941000267406798	0.07026858916222778	0.7582120607220819	0.9112357658415678	0.40054277323352716	0.6648392854955504	
0.8178910246864561	0.16521673622956967	0.2903241626628231	0.3465835943218126	0.8722164150968869	0.8868650327896446	0.6414160593933016	0.5919569780624915	0.9398827529370266	
0.7819476221511514	0.7579300908330311	0.6486235035677459	0.8771085200504128	0.041903761311272825	0.556774441089711	0.7219120279216777	0.5304041576910632	0.1625969207604273	
0.6773018534618324	0.08777434817028906	0.6336226335578173	0.906286676799503	0.672057795764749	0.6869282776881187	0.5032959239525905	0.1966189861605756	0.767774065384075	
0.040432174144860444	0.22483872507343772	0.2961977186005681	0.5639722076795559	0.10924396339458187	0.2944173256385568	0.9544860022437724	0.7407635233426718	0.6939859132123041	
0.9038426200552696	0.4578429283229041	0.03263109581147494	0.03788351082960095	0.7727918047948654	0.6035968659432093	0.2488476675718163	0.4950755423455937	0.31651942521725573	
0.5486368239149638	0.27869579356822005	0.9905208299531021	0.3241390834492548	0.18736380103741146	0.519996493006414	0.6872656710155451	0.0014127048166662215	0.4831295055560645	
0.06762227111047703	0.004891219981939088	0.10210929718960093	0.7854660845244621	0.019142834506770345	0.8890009569913363	0.7614483366989985	0.18349712748102398	0.49326958654428177	
0.1595249067111425	0.8034307732000309	0.19614678756789616	0.012729650627760214	0.5120409906857034	0.2543030069531783	0.759472050385499	0.016639778530613825	0.3692588354464833	
0.24695554992084212	0.44068870306522334	0.06214784772902571	0.9097444959362625	0.9386244628993581	0.29265456529655465	0.8024638292538147	0.31069065049816824	0.65686302827963	
0.2682985531169185	0.8504989840366649	0.22189773721564754	0.5919254821150151	0.13552558595973418	0.1274491587099833	0.6423157310881084	0.5751488135371661	0.6333955946208548	
0.03343744325172471	0.3821889910410786	0.6715344316573446	0.5922635418108345	0.2762498494913088	0.720876587072485	0.3901964530445007	0.8028343694168977	0.13287606565071197	
0.373110965296093	0.8204492244449816	0.19848217848641525	0.5837658206650294	0.6345286504003451	0.37223391734605893	0.41574469253744106	0.5885074522488916	0.9193743500872528	
0.603231263378741	0.2807304198829652	0.820773144256765	0.3782633121568554	0.7695858701102897	0.5572531133153349	0.6813563040561591	0.5983681547629385	0.2336068885324878	
0.5767659719506458	0.17218082099199272	0.5678229795258091	0.24444261278741208	0.8674641602065266	0.7627255018993144	0.1437287180178881	0.826716291376184	0.0917155523455021	
0.4956049179722528	0.5094252071827916	0.24443787890749602	0.3410965399935708	0.9678119667875664	0.7214597055763171	0.013145807736540505	0.11644773243929862	0.1343239112822351	
0.027677730909326348	0.9181675058066171	0.7999480022494342	0.10872975147465325	0.8833009155517607	0.16844812746219717	0.2803331168695373	0.875831234439323	0.22525418107360906	
0.12876366591923827	0.46526919954175283	0.40882849827187495	0.28364435171540225	0.88928546852767	0.8214302283624026	0.21777066342104512	0.706619738900668	0.8007626566644168	
0.929255744386163	0.8247738574249925	0.7890708529333991	0.8213462080975913	0.9080478294563418	0.46566349526474327	0.7779762772031383	0.23156485743355204	0.13953089717807776	
0.19110571035161783	0.010158368113687533	0.5129977209629725	0.7030207213765849	0.4372649536333516	0.25690836358143343	0.6258829129366277	0.26802883389485876	0.656011993980297	
0.6354384811425622	0.2246051382317088	0.6591892355887535	0.18673326792887723	0.6903016936538134	0.22997533327148445	0.8752935155855569	0.4984558967550379	0.860497134032732	
0.7631788446749455	0.41122187609266314	0.8848647108494857	0.050011652832719355	0.0562014251728431	0.3577928901088756	0.08473316267145115	0.09541417047365397	0.6865932753686157	
0.5155684988261685	0.8737471979940599	0.9790080487550978	0.6350466051043006	0.8690829005793675	0.44330716283110905	0.5738645112002834	0.8839185464518717	0.9530356759937108	
0.2863727315360053	0.9404189864131063	0.8560324891592435	0.8959469263626137	0.1780508546999503	0.3940393680913591	0.8308280302063822	0.4910755570782156	0.2675532392743183	
0.13199412163405777	0.021845863573397017	0.5871440143904727	0.23059240781356094	0.3422538347248514	0.5278847526547426	0.8549791979970761	0.28959353656124753	0.5909801030877313	
0.9580561740430497	5.231918111799905E-4	0.43812520687823864	0.44030480489280754	0.1682664729634722	0.5298670049173204	0.3764963704533256	0.17494120063228136	0.9475245766892981	
0.6953730521640574	0.9673368369690487	0.37487970343360244	0.8302875257638198	0.2921865805844651	0.9966800928401952	0.07126037292786802	0.4648421015071763	0.5806068760906468	
0.0040956374115771466	0.5783434295341963	0.7623515902796281	0.8310961917033635	0.8213259714205078	0.8543185473564119	0.5091183353834602	0.8184735794457606	0.161632492903508	
0.8176633752202884	0.7751017407148566	0.1896927846294666	0.4302751297704023	0.3689547014558655	0.8196534568964093	0.3092657931493523	0.4653963878419005	0.7425797186868801	
0.9944617836002916	0.27818683053835325	0.2841064577997733	0.15123607323096233	0.820537689740721	0.05748839584434429	0.693891942425089	0.8545614051631896	0.32116611536725714	
0.7312451706333767	0.10578428803774886	0.4793812721306995	0.08025094828432133	0.4159499518227604	0.8687379436792455	0.7547916797494546	0.8233260944911713	0.5417634172112019	
0.482548256781259	0.9783255747893431	0.5277574515846593	0.3787044820424589	0.4595603837738633	0.8765262980544072	0.3020887636863341	0.5279808736345541	0.9739863024725429	
