0.9234645016928495	0.047695890700508836	0.6859517262803443	0.17996030022164466	0.9358281601064293	0.08017090105237223	0.1600541408967966	0.49703613572778704	0.5170959995327457	
0.7145714533347031	0.7390301173071044	0.5000673876293361	0.1482393238696067	0.7393796773858554	0.7510907129946963	0.35740432113896436	0.305472562212016	0.3868697927917294	
0.15497200586756454	0.7150841238448843	0.09658057184264712	0.872174908227006	0.40398205366197903	0.16930978878080838	0.22541474904056646	0.712673562431982	0.6943905628115847	
0.9311576303576122	0.16780737064151197	0.40362095469589876	0.5707224971265019	0.8271360323860574	0.2326499494340879	0.9048072124031149	0.6856155457445169	0.7587970754394284	
0.89948054614413	0.7429216734527421	0.1940692276661603	0.050463085972485056	0.23642703888584327	0.9524015520095158	0.012048743787889449	0.8784679862647554	0.3086478295619177	
0.980767310798827	0.17561591340310279	0.3227969081197034	0.12132621421549772	0.007428233402671847	0.45585503262577265	0.9881822434544315	0.16521394796381472	0.19533783582489106	
0.12143376047271259	0.036394265098000145	0.5147968595188279	0.9699846157005675	0.7464996310151569	0.2661554517263536	0.8282729981706083	0.3970862458933395	0.9377091615713994	
0.7881318741619404	0.432858785751181	0.5093874763690898	0.08452193957512288	0.020929388695393847	0.209864624490546	0.3892886745108536	0.2303995045293452	0.9281575211914417	
0.5278776549100647	0.5028988858234261	0.436019038376698	0.15148065761579244	0.4105511989750048	0.017098345005374216	0.9159325055065143	0.4142446610076025	0.4871778004801589	
0.7341502539324017	0.32292505246966596	0.999711882135915	0.23277514223431872	0.3709602260557032	0.8846774906744282	0.31946999315764113	0.6241163588224179	0.18282835576571788	
0.48706819402732116	0.6975663497928406	0.5241716714857115	0.4954279081838646	0.32144692975280764	0.5977505825758224	0.530957440756778	0.629666696413903	0.4121795087357383	
0.8306958353681104	0.6133706319221326	0.9086672760374512	0.15856166220874046	0.46541408222918657	0.8686943700951408	0.4778977578008887	0.6861893869121786	0.7574373383282634	
0.49331456076446645	0.6416640181596965	0.6933825719436607	0.6420893222161593	0.3787367925389983	0.9672092778062175	0.678024183953184	0.43584195707926	0.5947724751707034	
0.2803411348126409	0.09734913390444477	0.02434654340405118	0.6594200322518774	0.8756771803536804	0.9494106557687239	0.2972305887682778	0.8243471187842593	0.7468433778737121	
0.8981867543743111	0.79760553673566	0.6825327236584687	0.20621086441340075	0.41056280324091177	0.8173852615519902	0.16454814414044927	0.07192892281603869	0.4002804176906699	
0.7643910753324746	0.6820291200961986	0.36328043376834607	0.83451923989594	0.9290940825390651	0.29435636095653583	0.7920018050239843	0.5777428116897526	0.3232591867934784	
0.9765537286856473	0.41656216811039404	0.385950416039905	0.06318436406943395	0.12358699265542283	0.1608479161950085	0.4091177230816183	0.7687119632699608	0.9520392784618142	
0.6034296815832577	0.18501914741904202	0.5604337484108232	0.6354164412043144	0.3554670868865989	0.4616533553530764	0.6315470766006879	0.5760617804155224	0.7178183496414621	
0.259354048088269	0.04943987712817299	0.6801525172556989	0.6132654785456298	0.7646236384133842	0.27767821849481555	0.12757485380398426	0.5653526120268072	0.8275315315445575	
0.06502849348734208	0.0941867167281667	0.4339435443408167	0.8055543759198012	0.9276103764714304	0.31756485098152387	0.027974912711163036	0.6448881718086479	0.9772982314265595	
0.8898500071245834	0.22590217132971602	0.12387297061383562	0.7217586086921673	0.8287550611444295	0.53831103169674	0.7644668389127043	0.8699722341613325	0.49814140499215886	
0.9194990314480911	0.5849722108546856	0.02187407480889869	0.9499297998181808	0.6884896758929682	0.11895637768273137	0.06827787527943407	0.5893238442534686	0.11931331062264816	
0.6463743200086136	0.18851329823130347	0.3554167474492771	0.3346078469764723	0.3981237171950577	0.5451414909519828	0.8100309125362467	0.4138951392326288	0.8895008307187332	
0.4257081012872781	0.15928813839930245	0.7214975202060202	0.5566509105862207	0.4078458951270154	0.6934681880362877	0.7640496747114458	0.7021879370268409	0.5816944968447485	
0.44167566247380663	0.8518751988914224	0.23498649600363386	0.7935888373110156	0.3930059803066688	0.7327145857974319	0.776031234071728	0.139871394946538	0.23402300489621486	
0.07964064550878425	0.9796325543336345	0.36234194286304156	0.8068477171061689	0.21029660197387112	0.19867461213014392	0.811721392520918	0.20533827238497782	0.1672562228526817	
0.37453237660827177	0.5430970653776469	0.14573364298309055	0.18486202364933546	0.9172725476357354	0.5146776443275832	0.8481891012738674	0.28543436140847456	0.23204618761875195	
0.5371145110216551	0.483919115238135	0.6332872255532161	0.2720099744963457	0.9567205968739908	0.36530295037636484	0.7845137472382276	0.05867030117089711	0.18386007637818302	
0.5774623331616958	0.293797773140238	0.21733925027054768	0.8048813107646706	0.47389503665750965	0.02438746037996331	0.04912955194378699	0.7204403432007445	0.1598213920836331	
0.3767086882978733	0.7949695113439879	0.5370896021708983	0.10479932513305557	0.34183110575786635	0.15727178311469714	0.40595011663681624	0.7412385614402796	0.34219967923168837	
0.6447130743548543	0.4462709923969539	0.6396644075651278	0.7469823380135792	0.5299889451622462	0.8479143432209248	0.03752709637028051	0.8544994783531605	0.8706113164057709	
0.5757131471782913	0.543174645392465	0.5535614602522799	0.4782838576644295	0.8836841019550208	0.24700211968047348	0.9990890064912894	0.14041288316144374	0.08686164925895967	
0.7280286417588507	0.25582136479157946	0.9887214508881488	0.5607782435638405	0.7060229801766796	0.47925036979717395	0.19792669745689584	0.8887490378870316	0.7215373913222577	
0.9286601633106601	0.4184132977362617	0.3004694198025949	0.8270478026374519	0.6897440498686106	0.48665827557027275	0.586750947472293	0.9098480878189323	0.9729465839622442	
0.9372412092481587	0.5583898810407251	0.5971356316875905	0.7468197727120345	0.8050415674223099	0.12728062302513843	0.6898212842289854	0.15810325771912792	0.518733223716771	
0.7996094648668904	0.5850686701007335	0.8588363722010001	0.7276814408914668	0.7067831183979472	0.8802262315207149	0.8355280992860391	0.8473025757315346	0.9227215388498514	
0.1597139866711722	0.1913724281609276	0.032847755761735375	0.15814126356809155	0.9739404849991355	0.7005464054577114	0.2881455404629901	0.3258481012459592	0.4139907769122573	
0.1491714476929028	0.8234542429084407	0.543786874152413	0.8747049480591499	0.4876245758273132	0.9046702281669478	0.7060844879399534	0.28959153158133655	0.5643344374077932	
0.6355328618511236	0.4294634398031846	0.7221449963666848	0.24042615049272542	0.3793088522668674	0.04061926821965345	0.6445692099669358	0.5625840196719257	2.656384584571736E-4	
0.14054735185236134	0.17287833324919155	0.39580315023898094	0.643211383049458	0.29541397964646887	0.8188531420912971	0.46217756265141874	0.49006427615838366	0.3846708776510718	
0.035967336206017	0.47028951920350515	0.1254791609990843	0.07098167890506957	0.9180394561397741	0.551060224068962	0.906002596883304	0.48715120960629243	0.7071240520128206	
0.7047466962428975	0.3541952337183256	0.3052750917500525	0.858714068712284	0.3939649245001048	0.2910531307562394	0.8879528815480265	0.600912032528034	0.945852267823037	
0.6219033614599191	0.9869101066914788	0.9164111669370059	0.43661990487442237	0.5885255862379462	0.07433111068579457	0.5204396689397904	0.0023368248236464995	0.5018108987806714	
0.8934655543063705	0.136826374197615	0.62502566892866	0.5970931136601765	0.27355950381995786	0.642503204661127	0.9894177672457357	0.7081149016661299	0.4681675901529804	
0.9883145505790814	0.19277604419347993	0.8354423318336752	0.30519094605502006	0.05710429571758291	0.26203258826512	0.3271094379663134	0.39711600986684814	0.7411094122769925	
0.2873869011700263	0.11001291629034293	0.916164944918432	0.21934153764274	0.4533781422626154	0.8381141400365327	0.18762672387264723	0.13609908395458836	0.3927619807943493	
0.12289128635993607	0.564594426313905	0.23803458031783242	0.9536375136572571	0.8769054107929881	0.5923546316756793	0.8945564715500063	0.3109709502976422	0.8086303861652402	
0.9892691082876588	0.4797951146486874	0.9543170354842015	0.34034477224926796	0.7147666413767145	0.8072400339920489	0.9590014627087878	0.23960051565613583	0.6550199960092529	
0.2356099710678896	0.15083658079435203	0.4045599607183952	0.2709981002849092	0.8202384639178885	0.8983892404966538	0.5659042727713528	0.5819948543244958	0.2909435994724733	
0.16996343567012173	0.30383126353649403	0.11356880672735692	0.7173355999105129	0.21723773892687714	0.741071684645404	0.32301018256589353	0.5656708805919016	0.8498391030115965	
0.13301663161977983	0.8061339019397618	0.9446174079464243	0.0125349915341334	0.8016801583930424	0.45895205150044827	0.8210818234612319	0.38286946887395257	0.4227138707889284	
0.2990785281338786	0.7553802838813862	0.680491807486325	0.9980701075450391	0.6908448701457379	0.1458395144183302	0.34109711162606937	0.47131411678035884	0.6274439193573779	
0.5956705733687241	0.7414883059939964	0.9870477702027013	0.02916265098453552	0.8283202845666743	0.13995228976349305	0.24676334852317106	0.20241455223805038	0.5832451434693036	
0.3418748500085821	0.09298284414011648	0.3400131509837475	0.03793468545262335	0.15466907315845957	0.21397371229780682	0.6517012035233164	0.7647392178497789	0.23370770041111544	
0.2027789067281891	0.28646496986948544	0.2802353767172274	0.2815473450213575	0.2918873226479658	0.8630489803489864	0.3797888087056257	0.7245075256481891	0.8061450403602446	
0.09618769761408852	0.4882834798174537	0.09938355341422156	0.5823916020235924	0.821186282996104	0.46155275007672447	0.6113353543542976	0.8125863137078485	0.07092239113040577	
0.6388750827690662	0.6760076879547109	0.14459833158996194	0.4789100389496429	0.9225668407061397	0.8328634146257587	0.17355863118080317	0.551229631095945	0.4259792215838816	
0.42666320623089016	0.28913063220466806	0.6010403736207296	0.5876872693329572	0.7093900779652658	0.8650674187556463	0.7532527340862565	0.470128677768203	0.643958199422486	
0.8414780548201193	0.27069754473520724	0.19933099819803224	0.12348999882054978	0.22220764080354594	0.6357091833202435	0.7538883930981725	0.32411618795603103	0.6792705729919123	
0.6063233448367759	0.7955907461399223	0.794454893486278	0.2803769571739887	0.190423763337219	0.9429924146574188	0.3148338009818267	0.44110169813184685	0.35778845314891194	
0.9921694312290955	0.5567315001163236	0.40436643865175415	0.020758773048445867	0.6654231166062395	0.10650397624426089	0.407193186532817	0.8072787862661982	0.7945901715840529	
0.560942552503799	0.738049391156714	0.05620184765058889	0.8139950095867564	0.7158416676237264	0.7691667773804046	0.45455199049082906	0.24210662532488825	0.8198706150280789	
0.0028350989292124096	0.8615851857530356	0.6017969593268873	0.5923193940051322	0.6443879360231036	0.5405453380497964	0.4832090177583903	0.9393861300441816	0.7365972324396206	
0.1256363516103779	0.5685098907042879	0.12632232201959526	0.8297989510420725	0.5812430148841998	0.5665121385770053	0.6288771662047977	0.4430220747218857	0.13222843345576651	
0.17913764645454666	0.46981725804729957	0.31435675356853543	0.6566238944505853	0.38363737806228204	0.023274059926123858	0.8393202350084566	0.469768184097357	0.04355497469705771	
0.8630595160945277	0.28413550738862436	0.18013833555044734	0.5451147245488274	0.03534011110150892	0.955171028445931	0.4033875578290673	0.919781035045747	0.5436648425456819	
0.8014546187633796	0.531527495777426	0.1326274842424151	0.2158020353704433	0.9582986478652994	0.9020036137304428	0.734166423054332	0.6693458118216338	0.8169554771417332	
0.557017509941279	0.12626379443875047	0.49352824221433067	0.08836333993179246	0.3273853343986759	0.34598319219189144	0.18100700893930488	0.941244092946573	0.8102383701357017	
0.13842734669456525	0.196563596178696	0.3599362057542762	0.6825170414219448	0.29027582292493004	0.09454971960646508	0.4846805419128708	0.3782572431619068	0.24554544598510397	
0.775908686680545	0.016194317609360076	0.35160462309029294	0.5228430739402784	0.8070530888518755	0.39185788231294105	0.2666796331279436	0.9749963151466694	0.9880279641107361	
0.8788966160499624	0.8950822159751335	0.5618451500724422	0.46267917199382413	0.5741916477529395	0.48256222036706753	0.6483600899387182	0.8896138233099155	0.049164224139860324	
0.7132643064754588	0.3328119514487864	0.8168454412925418	0.9835059333659597	0.9645392645945283	0.761158822973518	0.0300512276617797	0.4026649163968231	0.9027108274126046	
0.38816759113578436	0.7978269486188954	0.9978581005027821	0.3175178249088072	0.49691937699674915	0.647476280374061	0.6299400568023823	0.22949654371194073	0.17746410777221266	
0.2597039651329892	0.28972730363604393	0.9517536254479217	0.06584025333120447	0.7335706357811769	0.41447435253006837	0.5017648076556314	0.735917202737337	0.8370579692748518	
0.4590659633953946	0.7202605328692959	0.7525730549364967	0.3995175258330962	0.41886152640184626	0.5663487167362389	0.13775105974304735	0.7900025736271583	0.2572048414121222	
0.8969245288161218	0.13788280775368889	0.3849888098474845	0.6562254660751644	0.7442996062452538	0.561144156558023	0.6528906722638911	0.37191338685406217	0.9220901786072903	
0.9640110578066858	0.09929749282631672	0.8472779426495685	0.1637522051360174	0.6669364832622955	0.5761254423800912	0.38429964371958436	0.33400370207694585	0.026073701664098947	
0.18044034367180173	0.11741633755085334	0.3844145978198169	0.036850833656905	0.8866517776128802	0.9454026467740968	0.06701677802855943	0.15857755940000662	0.8658272172014553	
0.1152538342402164	0.25679360778548377	0.3441734824691045	0.003936212168148323	0.9058525318987444	0.9272356677938849	0.28445231220430733	0.6831744533553378	0.741497447286748	
0.9277961792152285	0.8737815749118678	0.05281885741591896	0.7384663392129834	0.07346554495547819	0.22902240398940243	0.46502117688923794	0.3649906106137667	0.6722134873744305	
0.6440756803405363	0.20345744876195915	0.6456485566358209	0.5740320139074173	0.09829365936714884	0.18754156433208957	0.3201044757899678	0.7531033013642375	0.7724660554228516	
0.4329012562496525	0.610549940092486	0.038361291677722065	0.24803997626236562	0.7781985862145804	0.8109839949536323	0.9683252217990815	0.3657113067968819	0.5292721924916673	
0.3811942855722439	0.18169495671056757	0.7911841429209112	0.2242830930745826	0.2681343943368445	0.8455735788691162	0.596481893544745	0.5652546458393144	0.28887091703430956	
0.628319919276284	0.6433829968586413	0.48636185184955716	0.3558060193910966	0.9218352934165638	0.6425699923618935	0.26294679387472053	0.9466200876661134	0.1937766601122728	
0.5243641180778729	0.9479722830249843	0.0738246587112098	0.5595347533126014	0.788927122833253	0.9157612022032925	0.37401447784494823	0.43652856124946404	0.6267750072384037	
0.7445578792487613	0.22531183034391256	0.0810561431621375	0.5719363981762867	0.348346643091094	0.893404636834449	0.6935246857306662	0.45229140360975806	0.9942006253019617	
0.15803989922193584	0.3235050006218685	0.08232637323207204	0.43738519961840683	0.15661927719198732	0.48275894143581854	0.3798008199478542	0.1662349549707023	0.9658100222464912	
0.412226696738363	0.31878064610110324	0.2893624514611456	0.41148381800600686	0.1403511145621099	0.9432475286136193	0.9989359363239289	0.8073300556049067	0.38327529907251856	
0.02455084912655403	0.2052069366894418	0.7588493203284449	0.9955656598881635	0.6735014888844524	0.8920026221771546	0.9313033649347688	0.47934250247788057	0.17289231571150876	
0.9038840363285242	0.45415536668786516	0.6233714166620448	0.15094442590175183	0.15284861513049042	0.9987455008782129	0.19742056678639408	0.190676300360759	0.22577027120372006	
0.11007181338315652	0.988166831603178	0.32675786754150327	0.1912289488065695	0.531707905886413	0.05110981968251682	0.666923968573893	0.30104140806385826	0.7736176960496872	
0.2394998020418878	0.9117588476639984	0.18692314240420205	0.570210062091977	0.9076334435240775	0.600189094628412	0.45800232373462535	0.3119869224079672	0.5463246397633568	
0.2669804118756911	0.5862049676905768	0.4856202765153004	0.15095158161085453	0.6418448797344735	0.2515578937659242	0.3939743679248895	0.8127949161698438	0.728215189591939	
0.9296404059337706	0.9651342454701926	0.04117022484654764	0.5978778939811554	0.11096353483740073	0.6357891513807493	0.3372445815208933	0.9715762376572343	0.15137827537642778	
0.45189873787139345	0.6452222265432562	0.5410585426054118	0.36106700115032386	0.37501496813562507	0.3786573066270471	0.22547860346588877	0.013495450364994666	0.9162086998404554	
0.8321265600714244	0.9218798995967052	0.169818710404665	0.06992019477221345	0.3327267585194126	0.8819945725745272	0.5881144790322479	0.2970246943293231	0.16026402385309269	
0.4208477959035989	0.5730268879149282	0.24489942761528616	0.20722811336752245	0.3699507981954794	0.3477033524930485	0.5191421473188098	0.9339223708438671	0.8376626925097873	
0.24884827316975955	0.8150351878161667	0.49316648050783785	0.5628073290127887	0.22109915507953148	0.7752935314243978	0.33728748484875093	0.750304533413668	0.36413886674084006	
0.07016468911445706	0.5181347572382836	0.8695107082931813	0.71651579378653	0.1224591596879453	0.7839007059277203	0.9703907315052487	0.08304963131935539	0.5023509318440236	
0.19651686026683723	0.9200476763895815	0.32263087483666175	0.596070615791968	0.31901933668221605	0.29344382913302136	0.8997622453695954	0.13968847326943679	0.6019674704720362	
0.7637726768806385	0.2579903287844665	0.07350027598094555	0.7453556010149079	0.8836413211517617	0.2533467675816762	0.4069993133908334	0.8303838181918408	0.3018528484758145	
0.01967084343456993	0.641839300537775	0.18297935010131294	0.5198983018893102	0.15999693668464865	0.9031220975284291	0.7916636222139692	0.03362614147936771	0.7029698065961687	
0.14784477460653966	0.2835463389458225	0.5763610966408805	0.2475105216566328	0.446801581122801	0.2936265381478709	0.7896865906694921	0.7518616316371063	0.14719163120415646	
0.07805839548803051	0.7737720321358862	0.018451813906529613	0.18152365746828214	0.2567824553912663	0.4360498894524111	0.536504143722718	0.1803664697624482	0.10080976194489766	
0.08941931846069451	0.1760043886380841	0.07129016169974389	0.544965994492478	0.7958532011292858	0.6027573085443261	0.1060336976100682	0.7971801213009325	0.5504303058452475	
0.39914880324505364	0.5688974100565043	0.8211202942528615	0.5057970981563307	0.585398823358963	0.6432572658590939	0.4834618293723604	0.7286694914608681	5.65450359620967E-4	
0.8737862041036469	0.8644597815530696	0.9565093198505941	0.4246600909634548	0.09181863836750004	0.3481449140050371	0.471968144189278	0.8042648318175101	0.2625042311186564	
0.5775875870047623	0.6785968066884577	0.27339028141834854	0.45348452644519	0.17361546107014592	0.07040844909732491	0.22644556754011425	0.8543382340302872	0.5057109394145567	
0.7025191229314407	0.7753317298158752	0.98319453966419	0.8521116064459932	0.1315005233191281	0.4371712312014583	0.7350130848378533	0.12196955293231682	0.5310798691023177	
0.8680741791709773	0.7919379341626842	0.8001550696943779	0.7145185894067995	0.7446884265365251	0.44075993766814914	0.21728094590081337	0.14081711124814378	0.16858896511063848	
0.3897026906103187	0.7537957639028005	0.5605313174569947	0.10648535328022424	0.2718834324442805	0.9912317995094316	0.24184826050290797	0.7886479446737404	0.9320727015102253	
0.8243635959499697	0.6383352288535831	0.300095024986057	0.5619991543677516	0.3138250520555841	0.055458140490383556	0.262559906594537	0.9044097000930282	0.15680804999942222	
0.8674617748701623	0.5973016945082313	0.8744447718223213	0.1130276754302374	0.43903022249520285	0.7767750300230626	0.9767381991057765	0.09838092786965147	0.5461013755786978	
0.012523257974556334	0.06193132053511319	0.6027555068584333	0.39957864875593607	0.839213306094173	0.20496577189719234	0.5573913848097342	0.04397128395401828	0.7909242319331569	
0.5055392071721466	0.520686764283835	0.5490601916892912	0.26767485029315763	0.19520759445101377	0.08045781813066843	0.6092103564879178	0.8259314468128071	0.5330632884881156	
0.6809069781895807	0.258034035422381	0.20593111440790202	0.039345279921119136	0.8117302129518971	0.035407243174084946	0.5333611697138041	0.8940604617495916	0.8306147195240051	
0.3125553825315788	0.7843108489543962	0.31339322764060884	0.6462247898580834	0.7128378241555534	0.47141600997098	0.9842037051217696	0.3731060339603486	0.7917155721570583	
0.6471071099487997	0.5425917196556376	0.871311440700814	0.7147231157143874	0.47631729731970873	0.40199593371736686	0.10504655009146568	0.14436363062738167	0.4547135926859718	
0.7802335087307165	0.6216757365944959	0.05640375906304351	0.5686335097887488	0.3794245902009765	0.4246404517483574	0.4246281495109332	0.40653149628725693	0.15094086371284587	
0.7227583240865433	0.3235411808781149	0.5681654505483144	0.31242769081086874	0.648846184766968	0.41850957803147093	0.3615146330847805	0.9046091914173482	0.5152327995605515	
0.679272285874032	0.0517920859406279	0.674293522117036	0.721635052409869	0.8552620760892482	0.8005118693735599	0.27164406793116136	0.7285550404160797	0.31707859036836816	
0.5481833669185617	0.9428725228375028	0.6994270240436772	0.20337315522690602	0.43522023276694244	0.7066401879970057	0.46659216348737054	0.6226679866100618	0.5699918637430442	
0.2305381930168272	0.5714386347289306	0.5091417478229818	0.2995868096019555	0.1058624563205004	0.18040100867391373	0.45466792444952975	0.8064312952936917	0.8157656756418953	
0.3357016654280339	0.21375394670304004	0.8733586620698648	0.05998958963221712	0.749501773097164	0.7323455686402919	0.39859178943624773	0.8387782447631721	0.22604188138089676	
0.3211467194637977	0.3314242423143473	0.8955594403644834	0.12009605127343825	0.4639501240206245	0.3928927322652287	0.6027124517707249	0.8197274830618996	0.947666276801562	
0.626020047843204	0.17976999164696594	0.709011439282755	0.6631041253567413	0.8675874163914462	0.9517899399957362	0.3445718015595217	0.6587362727645503	0.43589711399436504	
0.28995165309003845	0.9078327515534458	0.2365635906485828	0.9133082715741064	0.42195891783556727	0.8744810923553089	0.6101623801013045	0.9111082790362617	0.678831053238227	
0.25465862121288485	0.1774074590122482	0.07679333062949056	0.48873931170744844	0.5067344594245652	0.858276725859137	0.3109377443433824	0.9966207226057306	0.6594027748661893	
0.5674143475343048	0.17835547322569323	0.5927158384918535	0.43814994997790346	0.5631311022756087	0.05676293568202928	0.14874243724629654	0.5338757863922848	0.49832327102075347	
0.7728607672903887	0.07543901971199085	0.39293206792714097	0.8824316828047116	0.6273299063596083	0.2775589977539473	0.22127265337110957	0.5526097654950537	0.5769489218238181	
0.46441071027918257	0.149227573586456	0.8577218408316422	0.44340494320335655	0.9049863547088931	0.9375290745772379	0.1844421478406888	0.672813916510303	0.8750884832001409	
0.9965102489689156	0.10258328245442216	0.7423986987821616	0.671754004364909	0.25213851079320637	0.5307319383790988	0.2027980051394479	0.9369134668996886	0.01079590530884067	
0.4367474270861833	0.999062578145401	0.21429960480835641	0.5455658217153212	0.01234311571606661	0.811726185469526	0.009319373405877518	0.44909208969694303	0.8007000542955633	
0.5832906389700101	0.5427174108240539	0.468907927992846	0.8350468820051187	0.7457871189466029	0.0053602279106843564	0.15127849857334508	0.35415678190562705	0.15983802665275826	
0.38618233172136285	0.36061202439875095	0.13553855604402	0.3587909491176411	0.7031124166027327	0.6154278296191843	0.7097479483423672	0.8296981269378074	0.9745989265007803	
0.745389283956329	0.9714517950014157	0.884495839516911	0.3601855284385358	0.6363143752368354	0.14030562343774655	0.3620687966731313	0.8313988902811615	0.4152331697333551	
0.3451589947176664	0.13244938359697533	0.8604228292555379	0.9797221225792544	0.4664499315939349	0.7192337197535157	0.39508181572165124	0.3022788732783709	0.03696623748691852	
0.177194793675979	0.5043682175184567	0.3831107312851334	0.8043430034965199	0.11981892159289431	0.7651583986182078	0.09980629365393079	0.11740276247588	0.7990578278962054	
0.7908896274094228	0.9851394931324949	0.61498375506759	0.8325551591614765	0.6918269716606212	0.34672821704002277	0.9351973890617521	0.8671303318337971	0.25377039480389474	
0.44324199229569317	0.9223354719974513	0.592334528379236	0.03132137896147025	0.6455504716874715	0.2201783727904758	0.5818361625140976	0.9131674159956783	0.7115622976700248	
0.6366574083009029	0.5847859351374363	0.7746597221326879	0.6482579737557026	0.8936440649457188	0.7970330313109132	0.923957248651396	0.11413656932418836	0.5240191275277106	
0.14301017513117575	0.9622248873218465	0.5804242141296176	0.26298454248718584	0.3413391443937197	0.8339153016348604	0.37119140184620103	0.290858921059152	0.8458101960800514	
0.46126810797801543	0.2071794626972817	0.7000507108252043	0.8886549325860962	0.9768093820993551	0.650982369469938	0.8829627869521407	0.10814490660164155	0.6956565538292082	
0.28365222282370084	0.6871634291165933	0.41024547512105636	0.16118637478627296	0.19890980570128725	0.41590136621975005	0.4861186394383116	0.39188892345714155	0.3171074374992877	
0.16022629935554955	0.2019436481605037	0.5710729066350065	0.30013968682187075	0.27014760581239605	0.13485768002243237	0.9342301248734926	0.3120416559124235	0.37854667134953934	
0.8136614442706027	0.6358467744189163	0.9853141944758206	0.15450383886980645	0.540683867799066	0.6665232429379678	0.22081013285247808	0.420493025241904	0.122523710847396	
0.19416743874421116	0.0663596155246543	0.3267787255156882	0.8689948050087947	0.03654406327656179	0.7754000583502154	0.5634131376230108	0.44838778423561254	0.5113670085671295	
0.5092202681659389	0.058164611558372825	0.6967068167832945	0.23972310710852562	0.6237126166179069	0.528923505515836	0.39248552337205167	0.5578742533676413	0.10700422407736354	
0.4726325646413131	0.7927074358018382	0.7347605591242181	0.07265990522214005	0.9072318339534856	0.20792242821951556	0.49359862098784324	0.5489403911000498	0.3636989610476168	
0.6901778483136661	0.6419938050459945	0.27035551895699195	0.5000846252737111	0.39216325138971	0.4847088839790028	0.3057890980987866	0.15208019278111007	0.027294225125729432	
0.06204926491804219	0.29519545276939085	0.7562084095788083	0.33351525051971254	0.6669085395180152	0.6547809775559341	0.4870383508064706	0.3941592349501898	0.8429421090296112	
0.11519244020774122	0.4992246995376668	0.08383567474728504	0.1553225468609677	0.9313581060700945	0.5021002025843972	0.6218775143491392	0.2534287863412652	0.13671565320226808	
0.6881944139173487	0.5338438204320242	0.4938059554366703	0.25279080312817326	0.7340581777646601	0.716028486845605	0.902919862880766	0.23615852111390678	0.14274286862784646	
0.08482532718569413	0.30473803401157373	0.273782838845267	0.2957053623999264	0.042620084675882186	0.13175144118466497	0.036061720969589595	0.5785300856581875	0.4042621109202771	
0.38838046148856586	0.5489404897910188	0.5353664231039653	0.04205259066162681	0.9218716278685156	0.16906244358055644	0.5578590367122801	0.555741711197977	0.7034378016294391	
0.7911047983276902	0.24604017488824748	0.1451109188422094	0.21262110960507952	0.3897900117050067	0.7549335152141332	0.13369813688149268	0.4101703755127083	0.6518229025978964	
0.42103170560365466	0.3189327488601098	0.2863151839449958	0.9223071404937696	0.9260971853740269	0.1365466074398265	0.33523175914980996	0.04961001822798583	0.06925561079693232	
0.7675483445681928	0.15545328798715086	0.8037424683227009	0.3114193919466991	0.809616533151398	0.07223501068760452	0.9272117178090329	0.1843850303089356	0.6479831052353259	
0.07667231738670377	0.3196161184643034	0.20290280979514908	0.9985208751011878	0.8176802829327849	0.6696123712035731	0.001304798147024222	0.45369983107700196	0.5731871972692356	
0.4845574017738633	0.8775422045199593	0.860149504053836	0.5437651787251401	0.0027303233398470184	0.7774877847790862	0.7987766890859592	0.1671775471449497	0.8215539094186561	
0.849105690081858	0.13128759317237038	0.7791508745681478	0.09186556498011411	0.771048866436607	0.13701063442499906	0.8352315982776654	0.0832296768295595	0.9672509953838161	
0.4228949855986026	0.10202735422805875	0.8305242014990434	0.27317253419549103	0.4319673366104534	0.1714761768997093	0.4394940488284622	0.659977190929843	0.49561536290250985	
0.8229701067491306	0.5894402264142657	0.6598344260961819	0.1854718645644946	0.5375491485371545	0.31851813079609415	0.5554656185889153	0.5678022894494162	0.5801902933731886	
0.19871883901555298	0.6822840457431899	0.3277179479568423	0.3438376566420652	0.13625446786280349	0.1989469785623359	0.2970306148318319	0.3289856779913397	0.6604526601909154	
0.3592749923008183	0.4331845471159995	0.8351734624276383	0.12225431845872026	0.0880526625208371	0.6909649546360943	0.025370842698087204	0.36473740764041385	0.07407757293457884	
0.5984686711679902	0.7733691933544127	0.3205780277810707	0.10192171753128643	0.27331318273731164	0.0036986096215553266	0.10454737666181813	0.6607973179919967	0.17019511789175779	
0.38592501227872056	0.4764800595939297	0.8049971434199603	0.6583855780873645	0.9286592941578639	0.3927089502506971	0.38577708129462507	0.4418799798322187	0.6594211072667211	
0.5117956727777225	0.2212257399320704	0.42056269039740124	0.7516003515168828	0.10728928774402213	0.7263723491980932	0.7024669362179379	0.7988436737840318	0.25374307896345594	
0.6859456216900711	0.26552250022001644	0.5116927418816403	0.6594780874509005	0.8452660538645094	0.4035568683983807	0.10715272889111727	0.22633918020836774	0.8192465197734814	
0.48795049659937606	0.14008866416530708	0.36489228508888427	0.9275289855128149	0.7139099734997932	0.7733619968964546	0.6693128128073876	0.382366165323181	0.8591313968648288	
0.11586707023870468	0.07098790105335273	0.3504943352434321	0.09908814496723384	0.891936289651248	0.30741339037355797	0.556901836191419	0.4459930340061371	0.2533406486113122	
0.83802717066423	0.9276823154287158	0.18231017207775135	0.7177046403761361	0.3769062172875023	0.28444799901847917	0.5048235592164999	0.2774865306681792	0.29956866567907114	
0.2540112418597208	0.22893942180431803	0.8748569999338797	0.07651950275285013	0.9504220457744008	0.4321504423246426	0.4226656292057497	0.6315850371331313	0.0031049936721890825	
0.2349312701906221	0.9545270543699788	0.9734855229530779	0.06567112082689508	0.10405088676713603	0.3964163447136202	0.3641884416690665	0.595718369484009	0.2004290822296363	
0.6002278288882362	0.24683923075339043	0.3055890637094404	0.7514021927675612	0.34568537804547095	0.9512505185435288	0.09686470522690294	0.47990661258386336	0.5009293598428185	
0.30959651636739327	0.10916161293035676	0.21726640621848425	0.010402533775269451	0.3033683786184631	0.6295395244679819	0.8614257823062246	0.06515509899127048	0.40090539908513634	
0.41701432674629213	0.5681000277017955	0.21077266853948262	0.189298435831049	0.5846613856115249	0.6336375870822871	0.30044212111092394	0.5653737075701964	0.9500502807491538	
0.0011939591996885657	0.871566586497697	0.5408899307402513	0.004567381654173142	0.13696588133309961	0.6576906129385746	0.22695240951387374	0.841067319827489	0.972729925534193	
0.2956249368705993	0.5017321940737864	0.5504822927662661	0.46819229274702334	0.9250094241090636	0.24762365491800176	0.9689011718985043	0.2593981610003867	0.04329748293799318	
0.9106295680780827	0.09899127697679277	0.33670732903550193	0.12850552919755587	0.12158456356231906	0.572123381718331	0.6125766833828313	0.6406870009954082	0.9734501543442403	
0.5190242016064126	0.6814177304222849	0.5469181996911194	0.8627962971227621	0.8757222850352757	0.4104543599809505	0.10052191327624804	0.775676253172376	0.1345221350890644	
0.7846235656272723	0.45662246392406414	0.8389038204373787	0.5917942335819986	0.18911758275920199	0.7921236082978669	0.4776490588731127	0.2960118317041621	0.19828123797730202	
0.2759323534888436	0.9114360739915782	0.6256360401911237	0.14992445976468305	0.12029109676552963	0.7789063527474034	0.15270359743176043	0.5364288577136154	0.30746659045163705	
0.8252527754488063	0.062349109947356096	0.24772650013857378	0.25410168100880426	0.11400962857956043	0.6470442278661142	0.169751092471649	0.07820976857658535	0.8113054975227464	
0.15405241202240272	0.7824819387054673	0.5476217333606207	0.10430238503972045	0.6737005297182865	0.7784190127065591	0.061814129708231524	0.027405267967702818	0.6895873955675796	
0.7230727729003504	0.7767622234350104	0.852973432223783	0.5069891230674531	0.47238459858853366	0.594595206522038	0.36922987899708337	0.5998298860594247	0.18306699124777825	
0.9641925113058472	0.06610564523074502	0.6834083470877853	0.31403798573756747	0.9131297437200885	0.5627518236928797	0.7953469839823327	0.8938022415281771	0.6674805534376245	
0.11115096773817024	0.34159972516892834	0.24483572925848618	0.4384923536145373	0.056592457177030875	0.552347619363785	0.09093301782434937	0.6015577064351044	0.14449200562142994	
0.896226352133973	0.2686889410869663	0.6983108631813464	0.43969546581293506	0.5107805369743842	0.45055682702718214	0.1859784277706571	0.5567958766193543	0.8690512214998505	
0.7872418901110247	0.024485495671486057	0.7407619333569319	0.6576658191253411	0.3749456797662506	0.49653030768139916	0.19375405307588733	0.6278021122451315	0.8972339783243006	
0.5132271459329324	0.9701855513596181	0.2241566398112912	0.3331952809696237	0.2621464559530544	0.9684910232515008	0.8978402913037615	0.3199877533279879	0.8784674996316166	
0.6249811378256117	0.7209238217129015	0.008995948579750723	0.33867931467054524	0.41786610099573207	0.33857172731471885	0.0016672252875972182	0.03792293065888053	0.8942301826295962	
0.5211739314077156	0.11514767995198993	0.3306428539530978	0.9940275181394327	0.7427646194565766	0.028715727941731273	0.6869315941605177	0.9213791953619055	0.8523061314281992	
0.4137506758527817	0.3107691016399232	0.015085799949792422	0.3007392408098496	0.44439531448332437	0.06220459703915748	0.9614374455242903	0.6015922411312374	0.5141202489238051	
0.014168510860370742	0.07866190591971944	0.7426736217264907	0.10242343072682858	0.4131406604784006	0.31531039752989676	0.01987915916769989	0.42905820075297385	0.44574858594096567	
0.4097055541267949	0.6180233246962191	0.7638012930123088	0.41273930100774414	0.23396408177142514	0.3330506537819099	0.5207196816121978	0.5662819384064287	0.16292555596407687	
0.9058247529275829	0.2348155744352719	0.780581094415985	0.8414862508925368	0.5973819022873093	0.6814829178861578	0.004413088769109286	0.4326033679144906	0.37526906269182214	
0.23575110947128208	0.035774240181012606	0.4941748613292888	0.022636884055728945	0.2885107711356387	0.28150444051654666	0.6133107066848434	0.12015479828899756	0.7680716671016644	
0.03823825491842614	0.16946546297481513	0.7566698370617584	0.1154911695218277	0.03985761406522326	0.8295690014016832	0.10253242773420301	0.4897038408226978	0.19395984331821314	
0.564622156753208	0.3340093067903278	0.7303620766152398	0.6307582243826716	0.7184832407173595	0.5728868238568211	0.6591340129173232	0.27695810806672627	0.42110180790511376	
0.09062414003158692	0.7818600569144915	0.21190189969399953	0.20309540084708855	0.612973928992977	0.02740939862699998	0.7659196400298952	0.15240275009133342	0.17930069545676974	
0.3179562726312195	0.9333531323467513	0.9460963130616965	0.47046801805754856	0.8185386435991323	0.569651073155857	0.5605636500217123	0.27749962378631177	0.5709361207168779	
0.6158891903841803	0.985845426560591	0.6668061271310157	0.13138168593249655	0.8861513479941024	0.005984491011325144	0.9176086075024809	0.8975670453555834	0.6034424874806578	
0.14203276977205836	0.44362404125533494	0.5195147825355576	0.5612774092969288	0.2817916313928075	0.6087554048710014	0.5213200332745727	0.3637431538223801	0.6181553906285456	
0.3609861827714771	0.31070475359754957	0.36609877604654395	0.7196890531201837	0.8936030551973164	0.8140148891281254	0.7020040365528737	0.6370478350501266	0.309783219100483	
0.7196639377485892	0.09003943538893722	0.6260139627599656	0.24526149929478525	0.4356653211001862	0.9114160231019754	0.11819803736528822	0.15243818332394055	0.6647334176474152	
0.729100364920539	0.9274267738886716	0.07211016693674355	0.2549428195046468	0.07421831440678184	0.9281005412508113	0.08072645830649838	0.43592597169218683	0.33445788687933387	
0.15776903395511743	0.8413566270802508	0.8553818411571503	0.2668821381461042	0.23122818540396628	0.24232000903784967	0.6595215085774631	0.5130639544549978	0.09880494724613609	
0.6124336215067019	0.5107978868443708	0.9740319668682077	0.5567048853182973	0.2511572388432499	0.41940758698102043	0.9670121948185882	0.17642336243412948	0.8430251597534267	
0.5276752792826479	0.5091252574162503	0.2730508577286993	0.2560521386783706	0.38754823143520667	0.13896783043898298	0.10197725306699112	0.05250944534320412	0.43546731747962364	
