0.459326079994995	0.29136881438827733	0.11709316084849253	0.585536457195565	0.48100498853243223	0.8422493202528799	0.4042123968348176	0.3971048957862676	0.5922373635137965	
0.3518666594576395	0.106736545637235	0.7270942206106262	0.22256276106627837	0.4006889941567984	0.8698177605196817	0.9173593805946924	0.976599468048832	0.07071834950834388	
0.8155921540841155	0.49920328076855924	0.6098509402488116	0.5215002696916122	0.9897760327370667	0.7967479041501547	0.28279641845105596	0.640930568922812	0.2878921458037077	
0.20181754293589782	0.29064492701251576	0.3873278385245442	0.12289542915479779	0.7891987381967333	0.6662268086672809	0.6913147856552166	0.9227957594100742	0.7630647807155441	
0.7067820371896438	0.12634031104743126	0.724481195381451	0.34713783799478315	0.8764707266010286	0.27424800715349773	0.7001798266470071	0.30639817151006965	0.30743797280086205	
0.5377562517520311	0.11285970559530045	0.9521326847141298	0.27903840377304834	0.655200959684523	0.6370212387766845	0.669144788630674	0.1065400926236727	0.49376121492918434	
0.6929837180371425	0.8020515197729575	0.7643127190053844	0.3732770161409745	0.94379917419322	0.4811712143765662	0.8399957806214834	0.4412381180866106	0.7328592224259862	
0.7788367808147806	0.06406061912991334	0.4935281710143511	0.5488413261349205	0.35218203288699024	0.1632121648801904	0.8857448122118251	0.405781406194637	0.7716903503174881	
0.3793638369116251	0.9226800211451243	0.9699227960720607	0.5859501389285177	0.7052032234040999	0.2644432125097731	0.10354213034204252	0.6531017819446832	0.2096905969655446	
0.932430795058657	0.9753456002665559	0.9837915632399885	0.38070548406629345	0.774030208027205	0.8482088417839944	0.9350553717452925	0.9290604141812573	0.824604296674541	
0.11848238684606172	0.8915070751710572	0.8022546582842479	0.5193975733308048	0.05504213789001877	0.4762354113607914	0.598910465224461	0.07437262284067814	0.2574037206709129	
0.13047104301402956	0.8030560684365478	0.05520538420239507	0.7986809993134054	0.7872052904539982	0.7201989261146529	0.31392707086327454	0.8594177139600665	0.0862361918618012	
0.7292138918413184	0.43139157554334495	0.20965803920761195	0.6143156434894932	0.3769781683224791	0.9486217499214415	0.4390441077305157	0.450427371380555	0.8087876110971266	
0.7132827701669469	0.6201425110332578	0.6541282405486405	0.6846931577023824	0.9512370332766102	0.13593119661556885	0.56256152892556	0.354453487500077	0.6273495582887844	
0.25746765058660626	0.40565893901994243	0.8232422767413182	0.3393342926720203	0.1431613267703904	0.8373858262506713	0.5542573690191682	0.7177535321603309	0.9579090825600117	
0.5164869185390263	0.7873757945892271	0.7391882337498392	0.5344013838145482	0.0688961886844367	0.996608747546794	0.9028572940772959	0.7182821282690998	0.14651391732515295	
0.048533746388384036	0.9077466728056441	0.20569331226146603	0.7579905052356884	0.5258546894725749	0.09108566122871986	0.2662821968556639	0.8139859626192479	0.75181583005489	
0.7401694712139147	0.5086881475199365	0.6338748998487843	0.10657123531647139	0.14042387662071665	0.6193313763770322	0.8925373042773691	0.12520385459275252	0.5782024090401118	
0.7942328231346472	0.7914845011233285	0.6297041095382506	0.753031362330582	0.2368666815269731	0.31084554053645375	0.269246680354555	0.7719696092506462	0.5001221774243813	
0.6737022346958565	0.20682336550060165	0.15988107867697188	0.590539481620118	0.10756024623517857	0.4592031671623338	0.4881662271105075	0.5749072513444046	0.11851007842218786	
0.9880182186667368	0.1622142218045386	0.07128055934130095	0.2809188853582707	0.9206664748951812	0.5881991463248115	0.8078771149657904	0.9079761519811912	0.7081437538067906	
0.4331448468199869	0.40782495162693877	0.3322947318764936	0.38389364553684757	0.6179553508333534	0.17324162240490482	0.9006540391409392	0.8158135217449027	0.13636598194971672	
0.17352894035757782	0.21717210950161359	0.7844487448212176	0.9758466510924332	0.8570065628712652	0.06293420832474972	0.18838606200079522	0.13127102926498657	0.3940117801473766	
0.08771091822813537	0.13229967889043803	0.866290747051166	0.03439045198099022	0.1269573847430413	0.9070416859389109	0.263528128884279	0.8614159786061447	0.7608569744355677	
0.014267253456256679	0.7625798140912231	0.25684292377818985	0.7163968138727552	0.3499608508598887	0.14208078709033123	0.9523379018136013	0.828313801473325	0.6200529902301448	
0.9101607375004835	0.18100473328803512	0.7811820660353184	0.3431800016855362	0.49952301399344534	0.2672578406415693	0.6896085055926703	0.25012026486788475	0.6881956493640025	
0.2814398284051747	0.8570978240402842	0.6363338087077064	0.6156512393952932	0.9119582349456093	0.8032926405029974	0.7090456084464242	0.9655566213917963	0.6431922251348524	
0.05814821620163291	0.47723686101112783	0.6184383524383207	0.6297705986522204	0.2629818890242558	0.3694808025629721	0.7371370550630952	0.7571714965904864	0.16697034345772988	
0.9380208520974525	0.969632395532738	0.9525778258044719	0.38167679038243874	0.7195881395822997	0.18399713343944724	0.42058519387633264	0.0672873944933321	0.6917167589613958	
0.6687008291268575	0.2722373672406807	0.9419515655994635	0.11751911680165017	0.6946033144648742	0.024701728512797394	0.8453763476469227	0.8063709918884441	0.9714925253659124	
0.8151499135331279	0.3290687644823267	0.22407572486662464	0.22110213531866874	0.10606777923242428	0.22415245719982047	0.38739955012440064	0.6390645719990481	0.11769255123479538	
0.6979782726165704	0.5103557885608745	0.9128675072047958	0.853844654643226	0.5138870669006065	0.007378264041224769	0.12637653367082413	0.16397052245886157	0.732604759280847	
0.5328320123837268	0.9344814292019279	0.8053620043594484	0.045381525254939326	0.9433014642306635	0.8900210224700358	0.9423965311737	0.48496859491382405	0.32257841708081436	
0.16083635393161588	0.1779285722424836	0.4453220404149997	0.6632081782489389	0.3261942749547644	0.6574711636802459	0.2639996644573581	0.3768639282293277	0.791922085617682	
0.659820410718555	0.05855401246003433	0.1162047337035762	0.9299081740421062	0.3950436668278393	0.9473044026203566	0.6072440030637752	0.19776521163893412	0.45619615244502365	
0.8159118782038854	0.9948480598648043	0.17545443114552373	0.4993672529874733	0.8633050254374977	0.35363717794896954	0.7822024467589931	0.5225208038976616	0.7087691985109089	
0.030262716174411675	0.8767080946933229	0.6709609395881319	0.3558871337173717	0.6439682248818308	0.20956591408622038	0.9058382075728442	0.9069501079968612	0.29072938820026406	
0.8591756158804407	0.8147753020445773	0.017627740444055684	0.03707322517491374	0.12927161626119665	0.9442864614279608	0.07734054381099598	0.46623234615253695	0.1186163017484052	
0.3442086414189698	0.7234242509044924	0.9855206549539058	0.32631906539857025	0.9195847921777082	0.23505518518604562	0.14041710636636107	0.8743805414895239	0.7020192046937977	
0.9057267219527688	0.6250851291864524	0.6148567179075144	0.7729712627473241	0.2261471132776509	0.6329749945906874	0.48412978894017555	0.6789542292037257	0.578334625286841	
0.35694719738267167	0.10222090424807129	0.6273004072395345	0.5781307280074529	0.22821551232458104	0.8850894121628313	0.2936989865669045	0.561451615926011	0.6436021547539058	
0.7723468249954742	0.4525114468136021	0.702373427425467	0.8820526137581507	0.5004383352922782	0.7216895276058052	0.20468615466853135	0.085565877361934	0.6424931959330086	
0.881870667277831	0.8907491616696391	0.9628436433314675	0.5802583041949896	0.2205377120482528	0.7292663028265817	0.6024583678460933	0.3203984982505702	0.017416738172769453	
0.23467530653895807	0.581471244739759	0.19024704719081886	0.17105449318471944	0.7550845269960479	0.6416425801032779	0.6124618252668346	0.16279714405771406	0.23870495408306913	
0.6961941880189493	0.19884937694580418	0.7580995814953563	0.40451085079844273	0.4445619569779721	0.7925524656526756	0.17260411190674907	0.598200730788682	0.8831255555931814	
0.0674895784043793	0.42597117017104813	0.667198477893299	0.17719690889569184	0.6976914864731568	0.20480501732805412	0.0724520119513401	0.05036442230766047	0.006977612057944671	
0.6335208914093207	0.21465012439377662	0.9149431139294288	0.4494130168269339	0.7447247981497356	0.516131102616486	0.35904964299613407	0.7386129894415917	0.34996639226245885	
0.07302605154204378	0.4856818032522442	0.5583577897698961	0.5133466716047685	0.4445098813179108	0.6442930856781206	0.6193132985626759	0.8310948372815682	0.6548786112945313	
0.421738948426859	0.19310877536224713	0.80907168904797	0.8974040593857532	0.17743118092164178	0.779896258708626	0.1432019202503303	0.2221878502544843	0.21831056684808003	
0.8516333594563334	0.648901776354277	0.7816576078956201	0.009433232872464337	0.34323283604528165	0.11330216166068152	0.7442637699356056	0.6695142299786829	0.45911947603230807	
0.7333651575754133	0.9036727750874545	0.530619530635927	0.32053127878203225	0.004048450173407714	0.7335689706899644	0.656511882677104	0.37922503398426466	0.951625220184245	
0.5976033533183083	0.7493145526121238	0.5851534126990793	0.8201724190099219	0.5462167776909318	0.5272326679060148	0.3940519510491256	0.24667518794228016	0.4622593169117726	
0.8500390404450299	0.015987380165401244	0.3697921749099935	0.8222551369396398	0.3953414820937936	0.1135897637074964	0.44809977825419656	0.28646427569721855	0.5103507979437355	
0.13064930735364466	0.906367671000646	0.5676241616223157	0.8321149238404978	0.9878852782744931	0.4371362085490216	0.6918259493528816	0.4448082966672735	0.7076996732776304	
0.2674952006806215	0.6055868279664636	0.8451935739395384	0.2123607753123269	0.07154873303418785	0.07583368814868308	0.8203848729581015	0.663490572209599	0.26618650733505445	
0.3137818660860322	0.6171114065228339	0.463401598772212	0.5925278747550267	0.5454668291224863	0.2555072324101154	0.20733815560328828	0.29543249104715086	0.8289162623056894	
0.4249294066891943	0.5406556108347821	0.9062038501671648	0.16034856208648973	0.7336057590481839	0.7022014407592483	0.07088967633444077	0.7790537636236865	0.8540677389838806	
0.22583279698573433	0.8614979337786681	0.05091740587477289	0.8388738285112177	3.9584526588931634E-4	0.7315152566616623	0.16802181567956276	0.5319317587653348	0.15757171552860083	
0.27998532366383444	0.5694421558711542	0.330418736165509	0.7568431809678389	0.3207851230181512	0.7336576027170422	0.5598619437588125	0.18128941442456725	0.15467435871190582	
0.45418402776950517	0.6725355317875987	0.6386735116533945	0.12092038601788513	0.9125828153300934	0.8968595941223986	0.6730316898216157	0.639479547073195	0.24026285651820223	
0.729075657561315	0.33000992590247413	0.6995980352906372	0.2632433356312701	0.5737940285834038	0.846994422035946	0.3050252476605002	0.7357214887543825	0.56141083169318	
0.6790413515685808	0.038436070482674056	0.266119940981871	0.5429050695689562	0.6451145019002067	0.6077520534625657	0.009978353513862004	0.38104286914649044	0.7189998148797053	
0.9521592855098563	0.8334539969245484	0.6096924830993419	0.8130410955304458	0.9106031896697069	0.31864005996609934	0.40395361727531554	0.10225589362559817	0.1188716437631907	
0.3548553416216895	0.021232523901320244	0.07399809512781763	0.9232015021817139	0.717097785237883	0.5307628225400511	0.629237624842905	0.48268277777429924	0.19284003493565482	
0.6770147466842055	0.9606371186149142	0.5942390914138717	0.7808463992109892	0.4840259102703218	0.41954954581428294	0.42133036425843096	0.9856455288230789	0.6427647483760008	
0.26021454809910904	0.4987976054842519	0.6439628732324311	0.9649417842783141	0.9115318542572134	0.0909133915742164	0.2562963064022523	0.6645808966186781	0.7924651112523526	
0.5660661444337585	0.39649175093076294	0.9950436555625203	0.5174121195146802	0.10184219161864139	0.7412315107910498	0.43235314804810066	0.1099608011414972	0.42329579137404594	
0.6787750378057933	0.1523763691656016	0.9059934840549604	0.43022729221953315	0.673882906039313	0.8158976261723415	0.695018778585728	0.7885822171189955	0.11492117614459396	
0.33646211494527767	0.27423215384046407	0.585526678212873	0.2744178877167779	0.1536978215161401	0.04171407706616803	0.5755768559506953	0.575621168949313	0.4063040799088631	
0.36920329898905835	0.8234915051266983	0.10798897277725628	0.7820733934592646	0.5591635259590773	0.346324877488712	0.5748907791769466	0.8108722643726178	0.5979357486280836	
0.5879049153247989	0.47922462516050723	0.43720062302393803	0.6431778730660096	0.28239947053664527	0.825979881696645	0.8324190181028626	0.8393281512198479	0.09215919681235263	
0.16360042479205028	0.9032927041520752	0.33928520925744854	0.8730382845779514	0.8320351928934205	0.608115400167839	0.6863603151463272	0.9189369316899727	0.5345608100336434	
0.6412553592098957	0.12251498212108591	0.11223606595796731	0.2765349716704204	0.06865468754160109	0.32835060334340627	0.881464533945525	0.9348361229854384	0.408524841175234	
0.24009454933282304	0.8025645438554085	0.5787827514764938	0.23061994638153227	0.5484560790042257	0.43026800388222464	0.8036444635771761	0.3291139336876121	0.3693423794671413	
0.3522748740441932	0.24229324938980523	0.6566442801466704	0.14166088714129965	0.7741724196805577	0.46763529164800555	0.2580485215007572	0.7090658275771875	0.4133962161068365	
0.9081589874911158	0.6119411931145903	0.7688475511850869	0.5214529067830781	0.7896246267568299	0.2360248424054746	0.07731376336285067	0.8475998584712928	0.6196049387642808	
0.6052362232653137	0.9431218111497286	0.5828081407181188	0.9559056902727191	0.2758257497600187	0.02906068282684826	0.574003166102408	0.2997134445012063	0.44105727054233757	
0.7205024096344602	0.9449433775515046	0.9974889773336589	0.5549696884522994	0.5335789398698532	0.7236395738649858	0.43000037843350447	0.3205074200225819	0.45950823390356	
0.6731057997145147	0.46592000892988994	0.4735852326313841	0.398649896549658	0.5618059342017494	0.9017205638398069	0.42866043650227414	0.9869457704838668	0.44305582819335954	
0.8314248423871461	0.15819384423081062	0.6755401685134992	0.06473584060164816	0.5200621860940691	0.9931126072024602	0.7860229086868714	0.24221704055641113	0.4391296120977132	
0.4200306529433665	0.41135389218746354	0.9993238493325667	0.9753894486678307	0.34105660653187175	0.14747245558416822	0.5479574140511679	0.08851732541846291	0.09313114790250021	
0.07310881037781025	0.5472652366098212	0.39220336665001065	0.21972127261989383	0.8226617045298592	0.9692486252071906	0.3086945002524021	0.3470103700861722	0.1597814258612017	
0.5532581485142948	0.7154110472979012	0.6579032390498083	0.8024191108308643	0.9643682991300361	0.49016163514394984	0.8838669079439299	0.37377084225472834	0.49720697000343417	
0.484469160502799	0.8358354620098374	0.9575485850471755	0.4744214276763976	0.8262674064855465	0.7660924266884922	0.550608949380607	0.2063296742700198	0.8319496620920439	
0.09187932725401693	0.3806905189176515	0.8062280799998077	0.8561678918438459	0.7391646975429871	0.3584590728452328	0.7564306095517828	0.40825650184832485	0.19765696957017587	
0.8180236608458478	0.22036455528790588	0.028762485371975344	0.31907698122552863	0.16161517305773665	0.6830406553701547	0.09267434354989323	0.3431136874319469	0.8909821250046843	
0.415467707320726	0.9003331954414298	0.2915954455082075	0.5646533130308459	0.6776080236444714	0.4450113678278381	0.6959048615923329	0.03863298047475261	0.15232450873436132	
0.12640602056359673	0.7738473789352773	0.9947854152704291	0.10120199881954328	0.2840402536080847	0.3409553561783196	0.46420816828787537	0.9931687072439113	0.2951533013376889	
0.8166598521494003	0.3932968503205322	0.36782245164701277	0.34749154250971914	0.35408108068964017	0.9142620310114186	0.987289324682481	0.47830846612013367	0.07510822589470556	
0.3286704539966694	0.9549296298199781	0.4907028653880794	0.4984959227619825	0.6482275806079867	0.8284813909855958	0.7692149950833209	0.08821322447350222	0.9095866371712459	
0.9681509620991542	0.8487744672185664	0.6892744700983087	0.31877992802499755	0.6978210593463627	0.4828481716512385	0.8386951831476683	0.6108542842019515	0.893151862092407	
0.7112373612221415	0.2707434082556922	0.44761198759732124	0.23252461841338246	0.69029652784067	0.09904827290960505	0.6935506689839868	0.8881217971935388	0.6510724241176855	
0.3012356815626208	0.18296328269464424	0.34712849086758624	0.6184217205793471	0.2267360283206511	0.10203847113685793	0.12393803250136803	0.33915690177992264	0.3749441122383008	
0.700882851574243	0.7758985478505298	0.5331513738763393	0.4351304304329663	0.6141895766458322	0.2219558839404343	0.5189510241647133	0.14037584446786278	0.6858732520329981	
0.19832677909545737	0.5636490617920505	0.5392229211025105	0.23127955292460523	0.4123558701348491	9.046715105363035E-4	0.20321170342577288	0.5274169059772101	0.23939300131120855	
0.3898347522628527	0.4267959248255402	0.584192709077643	0.871904401039008	0.11189007623572778	0.5908815997448625	0.646648042160131	0.16027998209711425	0.5953568296010798	
0.8345507135962044	0.6136918211514992	0.32537462082927504	0.06985639866183768	0.08760647079964567	0.9566476096922549	0.20444146087273407	0.7445380414227615	0.8931874073164111	
0.6589079212714963	0.1718349478530854	0.1677884756653225	0.588127598459926	0.32778614291110897	0.7098323175726537	0.22553759066445733	0.8052500105417355	0.6447324511171231	
0.6273300090560436	0.8310877922970138	0.1042083084111699	0.306789294285874	0.03942695806656871	0.4992678744224669	0.2289201997689665	0.9629361152508429	0.8401847264682291	
0.5478736630735798	0.4957679029404086	0.5226311705535509	0.2489634646183968	0.7532193339653148	0.4849380115243793	0.5612302806871314	0.23371168274678744	0.006053591713301776	
0.17127461958624035	0.5558767029695523	0.07372314954222547	0.023047752012972822	0.25729723977256824	0.18776554129333334	0.7877923839725998	0.9468114022747681	0.36518246454902314	
0.15200125317690827	0.8307698665565315	0.9323087966510737	0.497758859358731	0.617992127920325	0.35862760083899947	0.14258744569403603	0.3402387428530761	0.8122035743744381	
0.06202681302051116	0.6926154516124886	0.5653085215995102	0.6497710775802333	0.36744176301165565	0.19396938164268962	0.1444993455469391	0.7000452513141552	0.36898981772864414	
0.8984870111702623	0.28195986265431794	0.21493125214058784	0.22610670299928848	0.5794706961484603	0.4920894325556373	0.10595484305946212	0.9402535846494071	0.4959463310211789	
0.7845120616240082	0.0768341577508519	0.45646504913430974	0.2941025761647975	0.16025366468415392	0.36484299158825695	0.14938575338650706	0.3175623835208077	0.007099697444356234	
0.3802944141955563	0.12221807817819041	0.5488143234626471	0.25786997227731345	0.09909060515564794	0.3293573625555206	0.7891239546652747	0.173666462251565	0.4355186457711627	
0.2763233610468864	0.00397766741460992	0.5127420096581378	0.981904075097987	0.07044826147305772	0.9471293005255876	0.03034361583637124	0.6019451268857571	0.6841231021990504	
0.35370129515867976	0.5426152859484777	0.8480067474792233	0.21264579263197547	0.9089889719957417	0.946888472640591	0.02814553531231545	0.8013615469891665	0.37305438909477884	
0.4007588575941313	0.715702903994272	0.7601413983633898	0.3489734727637549	0.9163456287526558	0.2508143917684248	0.15148417356964894	0.1844977945560614	0.7664381247678287	
0.7512610090996841	0.6347142453557164	0.3963234708064576	0.9422216611420082	0.8606238124887641	0.8348713277742773	0.7728119411098199	0.16835926290225722	0.9130516310013898	
0.6453951734866873	0.035696064200018474	0.4828775281628883	0.4506200697000635	0.432595117869389	0.6560899922975273	0.9367792187822652	0.6974993111058699	0.1075520304774703	
2.8957319668143633E-4	0.0713078964649776	0.5921842043803165	0.6772477077031723	0.5160666727693934	0.22915346299771278	0.9671789661505555	0.4043847170313505	0.8349443281222754	
0.6050037606561427	0.7202248999555855	0.3537742704754874	0.48855019513796516	0.6741332142796858	0.2316647913552905	0.4405724323506186	0.7605104186146743	0.7357321366569927	
0.513371381401742	0.14649821341886093	0.868619534105607	0.8124091827940774	0.9518373171803324	0.13413999681542144	0.7954315457395421	0.12105727015842227	0.2290580108711755	
0.08397201346110839	0.9909833636588207	0.1908754417052676	0.07997560338062892	0.494860921369225	0.05766989296713898	0.5101528758931851	0.04523766382462935	0.20387132161807187	
0.3068971965703865	0.07536972059629155	0.11205820513788367	0.692412553871629	0.8459116727604663	0.4887396839356972	0.32181150304136685	0.1953853199365735	0.3137261781206985	
0.867013348732451	0.783655980980884	0.1498335067444746	0.7529096241853678	0.6583738508947167	0.37290523046014357	0.07690176339030974	0.3638408401938843	0.8992804475503995	
0.05517252244374293	0.5158646184179453	0.238789643511635	0.12212611455982059	0.896330311919778	0.4448793718825075	0.6680898382747308	0.09615262985337847	0.773541460926884	
0.27086699883006216	0.9241513584375805	0.6672182746995977	0.7516684854988924	0.21205084210224967	0.5358637410187614	0.8711479915711525	0.8154237444162269	0.013813288821231673	
0.7044971445747507	0.9097449276121597	0.9190343720771046	0.5266550861626217	0.6698391862448053	0.9654479657929417	0.2818870837164664	0.5131836640047203	0.8096753291605475	
0.6367193087236113	0.2662978177223716	0.6081366719714648	0.7127934299409586	0.4614841081608372	0.6351474853897666	0.20753009790958665	0.8161818027030485	0.5944792309352658	
0.7503545161868688	0.040505651088335926	0.7075244715463358	0.07199253975028508	0.10086318448517417	0.9560177181051867	0.117466003774643	0.6140310148477142	0.673112228294414	
0.32051912074689315	0.4470564392135006	0.8422191423898697	0.699129991231235	0.6830687770039253	0.3751388189461664	0.1736236562088156	0.973612123405885	0.8321785905929843	
0.875450951016487	0.744507714717556	0.3851217792861148	0.17947047593097643	0.48277116743141624	0.7745609192190764	0.5009385549169703	0.8748275069987842	0.09499895219521193	
0.6558310896322909	0.4556648606019612	0.0727379315640041	0.19763059407229144	0.6462644822870235	0.36420189807380454	0.6990682978965066	0.780082466538001	0.8148642424533894	
0.7574957015109436	0.35077935387140835	0.24598428460401844	0.9363169991962036	0.14128684513416978	0.09081332182361657	0.49215411396316155	0.5191441477681001	0.6194986410797146	
0.20718565527608412	0.6636984178728597	0.08723955620733281	0.4050142439541413	0.09334632995023762	0.19996329203329943	0.9746361407329521	0.5369919206604694	0.8729130331708065	
0.44827421505996035	0.24367032226834018	0.03465738766408322	0.1722486212001081	0.6400723105518509	0.0478621650236527	0.23148004370574615	0.13151961649593702	0.6350903874692028	
0.0362776318329332	0.2707212842514062	0.10213526568459663	0.2844058923133709	0.4840192740868394	0.9488426878865743	0.15010861312169266	0.6432667842227069	0.3148945148199951	
0.9505025448398594	0.03766165986573988	0.8245635718927524	0.3971990571488241	0.026524377354361084	0.9245764931437928	0.6698936851241043	0.5277522583877599	0.6836551230244812	
0.6249125484424696	0.7438078667623543	0.5007646198832827	0.9855119121524141	0.14369031824609624	0.510586176570604	0.6725597803573022	0.40982396205361116	0.12080409659375624	
0.048046319141362925	0.7841956484572895	0.46691337743447037	0.5403403760385341	0.4456058015352533	0.15554107605002254	0.1699145199022999	0.4748586004518084	0.7584526183685932	
0.6555158452103064	0.35695307261964737	0.9266722415535671	0.9763994570692794	0.8030018301193076	0.979031772555014	0.7489398898179039	0.37829003512319637	0.4081269817885981	
0.680366955981062	0.7237831097617233	0.4680904843887078	0.8959379465167466	0.6271827577836243	0.8644002940463771	0.7341694631477742	0.7249182238839178	0.2407613058013528	
0.4336339071246391	0.5119619236228333	0.6360458508696972	0.26444830390139407	0.5797500519466651	0.023582729493345278	0.6337886712028595	0.676962901011868	0.6357872083401139	
0.3967782802169709	0.0029056301998625633	0.6429967952308124	0.7988311354975793	0.6653213851308702	0.9299907895637813	0.3685913809726511	0.10372731715215855	0.3820882903675319	
0.911248826357688	0.8342628883909774	0.25694488176594854	0.32709514854791655	0.6497230618171586	0.8723815401647236	0.264786947122427	0.8297602417410658	0.1447379365596062	
0.5609755582686656	0.6664065958007329	0.7895677785631522	0.7046501931345678	0.37477667683688576	0.784665564740819	0.4108757279615254	0.6156442652736982	0.2917830356077189	
0.26590172159294545	0.6484690976747611	3.0349868919965495E-4	0.9262004357325754	0.25857225728436073	0.5081371706820537	0.8957223906252765	0.05580289211673484	0.32723564226716306	
0.9853891237763309	0.9936132173445291	0.990434371621038	0.8998190326219595	0.12364850640018865	0.8561578789766674	0.774480260219022	0.47756002529723396	0.9589883674306717	
0.5934706940449969	0.6732057191938701	0.6851366738795631	0.8356611538507208	0.09000225950061169	0.5046349582680906	0.7971992789658128	0.5290373730255286	0.33696234210022424	
0.26525252833869783	0.33335387603080535	0.3694854141025079	0.7645280714048573	0.2433056474751938	0.7732973307781207	0.7595712353429926	0.9526979650982413	0.4018280653024401	
0.3841879508927053	0.4399212052266258	0.8054872026458593	0.8205011290175215	0.07485741908431331	0.23633940081942206	0.9579707758127649	0.788586539198607	0.2644744075355018	
0.948256958844677	0.6523167585820537	0.9768271158492179	0.39901082211373895	0.23858922014604722	0.7621322162422708	0.26461539410798207	0.7671711068140737	0.20456648693585344	
0.6809746644618098	0.7305435461151073	0.17687915108540708	0.5356281830888601	0.9669284891163291	0.0733261536807136	0.9961767054812148	0.8760816955941866	0.5670962266307117	
0.03602768519055932	0.09846235945509507	0.4244307745080971	0.08634287022764109	0.8138914056963878	0.1604570855229671	0.7283276584099867	0.757670757029298	0.1979377090962181	
0.8932328296470585	0.892111315958652	0.589480857272537	0.17613472369400707	0.9906744144145435	0.4949246976076156	0.3818750108777592	0.33661296226296833	0.07535131404436957	
0.6623944643385424	0.4194520477317051	0.3483602675008941	0.6697598414968844	0.8704368626178862	0.27191150031515654	0.7218643943525219	0.5752133030346269	0.7705556633582368	
0.38976398067264206	0.8464718092083992	0.4791917112490509	0.7118297779321188	0.5723354612695761	0.9237336686861409	0.14529740520691925	0.30138547169801955	0.15860542411293888	
0.842026795524083	0.32359591314034286	0.4628991409564397	0.7757640040284186	0.7488953438934098	0.38873310740320655	0.49221174627847086	0.5015913755010388	0.6644367284928705	
0.370831911382721	0.6455105195270595	0.7874115831167112	0.2647966194829301	0.25372260037386796	0.1461907093294923	0.12882183195614028	0.39026471677717844	0.49584872403922176	
0.3880342674620668	0.9133218075073626	0.11963312200989584	0.24456847891869637	0.15651683262285288	0.30503188429539674	0.17263577571058064	0.018977986252956103	0.9925015441541724	
0.07057981894216969	0.7498705245344844	0.4544627783787417	0.2899851517746902	0.2761810426459602	0.1916749060261601	0.55484757509223	0.14333729889924363	0.08066895896554116	
0.7275569244282308	0.2774322363131998	0.39623628134345523	0.26383649552503785	0.37526709220688814	0.9635750385103999	0.9338925288973408	0.13829288199277312	0.8742886670019288	
0.9901175318683765	0.605350196714425	0.629753771785118	0.2886213908551726	0.5564523539933016	0.9221647505274349	0.6729352054420146	0.08568302647180204	0.027966209444076018	
0.5865570081023056	0.17379675449953258	0.6849086420213056	0.12041064320255146	0.05972911816967419	0.02765169822350333	0.19615536471463146	0.061021864274751314	0.7927049278809158	
0.7904350050561302	0.7729191344264036	0.8964707333040444	0.7067009355774108	0.6570944336608817	0.7733464895631862	0.4316801765221937	0.8157344486626055	0.5135112418927058	
0.8624475314969104	0.24708093581838508	0.6202222973173024	0.8094166699744888	0.0900805364402022	0.7774359514867394	0.6742944610921203	0.0091803747628868	0.3486593767873777	
0.5876394775641408	0.03409199917582961	0.3805053949465278	0.26721068029546957	0.23711096776388507	0.9770197941799463	0.39543329069207567	0.8271019260760728	0.41370806882273414	
0.5316306200317343	0.09352956048813443	0.21976519031594854	0.681824225620942	0.6644442435538527	0.056971834109758035	0.4019079771210997	0.08344144392356001	0.7428714293321824	
0.8990149529880265	0.7323313645883365	0.665218197299779	0.6043052852214861	0.1229893205989051	0.19225489501917037	0.5822710276964221	0.41044301822089935	0.037060327910302227	
0.514281602641212	0.5267844123825084	0.16821893908546304	0.7060744906163944	0.3087811376794659	0.37388935788199773	0.014958091393848405	0.723256255016785	0.3637926531559801	
0.666539863183401	0.03175323495455218	0.7772428732727554	0.2100324094242365	0.7081593320201609	0.4837827629081365	0.6822927802715931	0.9092678575030184	0.10765149367586713	
0.3770038574820179	0.4177594055130023	0.4697862514577843	0.14303704006028362	0.17894512758484893	0.5101538351989164	0.15023146347852334	0.7563725503714289	0.867299335932818	
0.9703338179199235	0.927069524739889	0.623411751507897	0.27677309011026374	0.3998487015780624	0.40691263590542337	0.008540884828003525	0.10137023981889692	0.9004215052247228	
0.4873776889266609	0.39463243695162764	0.32518066609438334	0.22714024139702227	0.8200141955069787	0.9934413863399976	0.41539250580070397	0.3836719580663873	0.8940000625340698	
0.6881665077504663	0.26212453451538387	0.7389530738349148	0.32317801507820043	0.5310814188007079	0.06330591517267836	0.8066344232125093	0.8810265449378034	0.2799789533418846	
0.39528128805933727	0.08060254254877464	0.8100231538762053	0.37799787628216364	0.31740614084801166	0.24372992860524834	0.3546648244999008	0.38131625721331075	0.33543846411008416	
0.10354352978924586	0.9891399931531131	0.22077223697139303	0.25821455212636346	0.3981175413100315	0.6003901460308649	0.23923674286037777	0.043630661638179746	0.5067109773486412	
0.8404113547713444	0.35199980524025243	0.9910686267865544	0.30684766306773736	0.17633183699376365	0.20468030354562106	0.054824832949477154	0.2419293019336446	0.16470148448835342	
0.3470379037273905	0.2516672799711077	0.32992773467991954	0.2655426985455307	0.06935386864006687	0.9965700475675648	0.7805666008573194	0.2619513737049902	0.3335575466649602	
0.13635444049691736	0.5744278291148593	0.8865356089561587	0.5034945343396765	0.2777485582836191	0.32598579275485695	0.1500467313117969	0.6367913526525099	0.8390637992162996	
0.6728639024271805	0.5341136270454818	0.2952574887369599	0.5733814757133868	0.9918769747971458	0.12053016086005963	0.9400463695630064	0.582311060540491	0.49881266338284846	
0.9399004564879786	0.914893659175881	0.8904398483407647	0.8004807209056075	0.1296849362010738	0.8506950931493464	0.07919727838361423	0.2566062674772064	0.9995615699849706	
0.7921962873735889	0.2939107602987807	0.8834553399150368	0.03903717564261133	0.9835769214992562	0.8192131167453142	0.27694021984823625	0.8658657484579293	0.6321660762889557	
0.4212703459542796	0.6646997363279983	0.9070117862312828	0.6198711472746479	0.3133656439553152	0.904772623853061	0.6139992155002656	0.8184189366478029	0.8105105064765601	
0.39109109969507694	0.43460394051619056	0.9668440379190743	0.7381884157965191	0.6123774064822594	0.7134515238118998	0.9369423265151825	0.5418347984310664	0.4089713619947376	
0.32701733987787296	0.9711045257694169	0.9540597711755268	0.2417624417758919	0.5552422432469902	0.16647019945141017	0.22765602289799014	0.2976570369433881	0.048424894873140834	
0.8218723718536037	0.7508279194964617	0.7744126625846061	0.8249834589722576	0.29953838044400327	0.14849640957498156	0.24096320692869433	0.6504173662834224	0.46090238805778383	
0.6003457691558243	0.979004413766294	0.04721497630609317	0.5287077403916419	0.15765497251411842	0.3938797428417252	0.6850127218536581	0.7071221043435808	0.3377711181297044	
0.265901648050612	0.9123909121256513	0.7735912675344744	0.7405596048882768	0.926881421746949	0.5032813047814968	0.7065873802606132	0.5399809411598941	0.5059373260995371	
0.19205651342260088	0.013804919290187234	0.12393342758692372	0.4357772565734913	0.02115212381130316	0.2414033570115961	0.6314386434307189	0.3804527060787246	0.4518432564885586	
0.2463566884833588	0.5831106142984945	0.3983465695733309	0.6548756395721146	0.5989182586257352	0.2573926553384843	0.539625100308447	0.5644785495172732	0.9396886329551558	
0.4830588401783219	0.09243639791245761	0.9521382451618894	0.3847911729740138	0.5388959570710085	0.362296452453288	0.11773549238787862	0.19572455132836764	0.36694355953779967	
0.8522460954832602	0.0478905359483256	0.34197323422619796	0.2037826853087802	0.06439828192306107	0.4948452486413911	0.17931582659868583	0.829936508897544	0.057258714751419526	
0.760464656335784	0.036054087165225734	0.8501193234481317	0.036746550437419256	0.42645328389378856	0.5315224855528143	0.14357432093126488	0.4879817375911719	0.8261530476762557	
0.9738927955333814	0.9640375836423715	0.6638656099642137	0.5318744055213285	0.025441631756622174	0.5739326206812607	0.49960603972247686	0.38703677400407577	0.506771866442125	
0.83410389721928	0.5709085631002365	0.49685744788608144	0.920799713200873	0.987107758669848	0.990698804199244	0.7598813802838136	0.9913144133719932	0.8421178364230314	
0.5793796815679056	0.7474817835097955	0.5380263626730538	0.5757145340107347	0.9146818345732666	0.8826779074619585	0.8109180372844158	0.38572546289523313	0.753697909245704	
0.9568623489121838	0.092667191319178	0.857898195336895	0.6363992868593333	0.18919176390860803	0.20748745894871	0.21594280904461893	0.38536786525372635	0.3017764025354689	
0.4692829875448117	0.7690162293178928	0.038631710612623826	0.36853770086273885	0.44084971008818064	0.8471852079754857	0.9503675486539419	0.7285938187532268	0.0028866070662910692	
0.13817672306175355	0.28706517608907145	0.2720255756646931	0.09369655983664538	0.9638055549044491	0.08937480196980085	0.7899940900818921	0.4321619203700259	0.7915845561687019	
0.11675079958338619	0.19131119483501868	0.687888591288739	0.6195206931881699	0.9775148861114036	0.05182750057030039	0.45720703906952453	0.1830524285097268	0.034393847856000526	
0.6096176836300169	0.01502063940118148	0.9939883843549827	0.7103508508125373	0.8335891002262003	0.5445397722133145	0.1681203006805554	0.4356349247967677	0.2590081431003035	
0.7239266253252025	0.845827761776174	0.43572308006265736	0.2509233009784758	0.26598365710334615	0.7634759776075197	0.9482892302444051	0.06519421726709773	0.9283484870948285	
0.2048916558280225	0.03499636513146909	0.9743725676496874	0.6828224139065845	0.6991393187561731	0.7599013744713363	0.03465526652991813	0.579058450255911	0.36810675804943316	
0.6556264260001212	0.8361977205117981	0.5035284316251164	0.21794233562075338	0.5869552518287944	0.49894952908855017	0.1873229496842106	0.14567755270820082	0.453690136947842	
0.803238150973278	0.7969113498215433	0.7040673241207832	0.016874195605687703	0.7785043504540261	0.2955715727166063	0.45927729332135214	0.4757209338283884	0.850804413123367	
0.018751882459562497	0.7486206227815619	0.7207580026192939	0.8738779415005057	0.4572405580879586	0.20905790380123157	0.059200884805543086	0.3065114062694547	0.5625417757295424	
0.21693057958625706	0.7779824087662572	0.9710416699777707	0.6758072991574008	0.7780812990870615	0.9580770975928292	0.8503014162952147	0.2568596226009384	0.6335418129515613	
0.12402327638796273	0.26777079541199256	0.46824530935312325	0.2980414093454177	0.8338467026001809	0.34648881775370954	0.026883165368326356	0.3798492647597175	0.0919250187244035	
0.2624529596895826	0.9849890323281292	0.8379416212445141	0.8275258480107752	0.6952573897187619	0.6148976451516923	0.4153582182465052	0.4591491742783922	0.11829161006037625	
0.5808909030930254	0.22418260478692575	0.8040143628363637	0.6362263318681938	0.09427393225464142	0.8365189551057214	0.1169407348338728	0.014537382677114241	0.6801996742569555	
0.33029763217204633	0.5679744768224342	0.3429858086277445	0.45824642877537014	0.11249508194251978	0.3752785861906932	0.7774386767005862	0.44318622710824485	0.026455177791358864	
0.2069869891535142	0.7965882460448512	0.945417911685522	0.5878331109136713	0.9095689739662984	0.6374836499821103	0.5376135444251746	0.5928595651806133	0.15014226383820728	
0.6204166267313364	0.817799075564378	0.5390365992710138	0.5997393128820394	0.7641709901655264	0.1575972936247627	0.8911955394074906	0.7421524646321273	0.018489205042394374	
0.6432298954085012	0.8104693842052778	0.8867063204808513	0.9035956787316133	0.38463679153288133	0.8717678354386217	0.8619661877190943	0.1662248897170272	0.20994615277727058	
0.31167344332237734	0.1389979510424234	0.16791901058249958	0.10342578197090002	0.6550868497539043	0.9037483117316781	0.900432633919325	0.7338030438437255	0.08903451112435967	
0.9459459938658943	0.16012555930901406	0.7285670608578129	0.0183046635508074	0.015848273273600055	0.6302295511960138	0.3555551423852643	0.535771282153905	0.965470377270705	
0.5190702486830504	0.009686323139984743	0.38056080583520313	0.8494804492595845	0.03610731039194881	0.4940617004964539	0.6353732437250713	0.7718241499522233	0.5949318871173455	
