0.4844317767331342	0.6150229717900897	0.7400149162095783	0.0765988809478575	0.6246094479289431	0.5825905519807553	0.6114722518903524	0.24440006066124176	0.9844278771382133	
0.4627866055647254	0.8190913038483545	0.8568471044181037	0.5473931006207854	0.896623395902858	0.5258983443522948	0.04194424294317434	0.2766552455164527	0.29233196194300415	
0.9163897008916612	0.28163590067042277	0.3305015164834315	0.5015006187681369	0.4442001899768362	0.6492044988042701	0.6356024231538904	0.3241478629381084	0.703346357532053	
0.22413998510541333	0.6839734951188354	0.4934467074670221	0.44826807639762056	0.2317132084732909	0.633723216948897	0.5880011424219971	0.9780114583703966	0.8831161075114774	
0.1203941065238916	0.1688959132339808	0.943170659409049	0.07538715052114997	0.10467110456029205	0.29038379093469047	0.7564287724338696	0.11529036031573547	0.897549609660623	
0.7926977763517067	0.03482693609277865	0.6853466269590908	0.7019496941426018	0.5553801776745361	0.8314419400599528	0.7985470475362295	0.692817454686085	0.6142096007519948	
0.8206752115498335	0.6658222117872277	0.7956838000242269	0.49716996435877847	0.44422403377257735	0.993035474719557	0.7569417877138671	0.5081581563619355	0.4763330520656467	
0.489491467088471	0.5279009166554073	0.9774020103756392	0.06307647954759832	0.9466145967120807	0.830464372022192	0.6853678500545234	0.6895904868622214	0.14486588380409637	
0.5519529480811917	0.8313656498917611	0.3370859826880275	0.14697654129327564	0.6034742113471089	0.15961677717029432	0.1395896086757178	0.5179034656655289	0.9853765157937021	
0.6181863719427909	0.5482196211319091	0.794657696365695	0.3813936602659347	0.04791009956006176	0.8519527526337398	0.26339112192250413	0.17156706083076034	0.19862924599009946	
0.7039866486765365	0.6490729308826416	0.14451974745378282	0.6731945548632033	0.6274518949164614	0.5355922899092785	0.3500228135410368	0.6554180932052596	0.3729203893413978	
0.01517602778564342	0.05428250608228391	0.4685677497306736	0.956759487718262	0.9942499231681965	0.16913764976761259	0.29557245276167887	0.9955330050228257	0.13459437393931406	
0.3804295803665433	0.6842280317672981	0.37677962281373567	0.902984859743221	0.6118854466396417	0.5769905816455279	0.23059083869206753	0.2406776972885022	0.7431310694025169	
0.09795590155822897	0.6909654422709548	0.8571441179166709	0.32514680518346395	0.45808840855607746	0.6385043524951256	0.03161135134786275	0.4887654888907387	0.5110528835936157	
0.5421074495172322	0.3256724357906946	0.10318695618187679	0.021892418712137318	0.7181022951828687	0.4872470957983086	0.9030199450377826	0.6278279917181692	0.2890813425881251	
0.19378493017708476	0.9197576981531411	0.8189733732905841	0.8398128016246866	0.2804929278442688	0.44222514682160785	0.9483453903204031	0.07392463089125334	0.1540921348225044	
0.14394219283656207	0.7559197055951101	0.35161222563656436	0.3866860514022873	0.8781726316083314	0.8740935747523614	0.6122812786088634	0.5064596855019406	0.27690157699632345	
0.6686711375935509	0.15995607738088813	0.15535057212376724	0.1926168001360995	0.3651389737974303	0.3546032391953753	0.2740860606535934	0.25659962790245927	0.3346880293926595	
0.026131348593874115	0.5505651036628706	0.1289226986491696	0.32241929459625807	0.4659936451663117	0.8106043177907329	0.6841228588037099	0.41475076809402045	0.5291474464127669	
0.3512191647020567	0.23943030257983233	0.7614545260713433	0.962074995932838	0.6071984907960374	0.49768699224435775	0.5599783216860559	0.024476322301230646	0.036307459995221336	
0.22469257083640226	0.789692058575578	0.8479422332767026	0.02119098654564977	0.3087187072556863	0.05480892671227111	0.3701899589930351	0.34955285247261547	0.7865499874753195	
0.5260679674050032	0.1282733641830034	0.41595223708978024	0.4031933420738826	0.7109241762371542	0.4055044125027173	0.9245125676794759	0.7076534579137	0.8270882295301123	
0.008753430537409512	0.594206218229762	0.22045031286963512	0.5735605329839302	0.1419288099309547	0.785946990615376	0.7535438322754585	0.10656802445869273	0.3469969997205261	
0.2370217597823716	0.6686781418568017	0.4171573778213352	0.14292967656350064	0.711223327598629	0.12334730627117407	0.5281107628420028	0.9277909111753563	0.5138649941833321	
0.8983181680717686	0.9246880578302653	0.22534783814295234	0.9147223291333484	0.45266955365502126	0.8737231558578413	0.9455917286625725	0.7359891108856322	0.9641455318068632	
0.8215192362987408	0.3385650601773915	0.6352352883160933	0.4519066277601239	0.639958081348602	0.7275996781333774	0.5094476558111439	0.21037268611061544	0.2596446401732665	
0.6010122957341919	0.4211451424638488	0.15965017520176572	0.6526731318570902	0.48964108189245903	0.06967977662431435	0.9260862900128214	0.23528298157298744	0.7507067123197189	
0.3100165409368315	0.8259192879724013	0.22919262825812736	0.03009131153572786	0.5592759921721326	0.6738214252212582	0.651280246562731	0.7936208585875402	0.7135560110311432	
0.21128181710099214	0.141242798117296	0.8966983541465958	0.1961964897390276	0.6964186935392855	0.005795009870438683	0.6290173628874784	0.5675054904285582	0.33279372633922566	
0.03786513658498991	0.3948333325351647	0.5473738646856185	0.6588297489071654	0.9534310678082213	0.6832788867396156	0.27626161255990933	0.22435090168372174	0.8721139183289225	
0.3098607551489746	0.31970815694776955	0.09492784901417495	0.8026127018178993	0.31385543145923556	0.9735575141185722	0.863053640354619	0.1332179608062144	0.03593741258272798	
0.5586036790439304	0.9783683863736011	0.6573024412290812	0.25877711329750563	0.31730764964742164	0.15701968943685807	0.8976873793364378	0.9879914156281144	0.5976399047475467	
0.8171866709756771	0.17403823065689228	0.49631369420381943	0.5476926969738067	0.6507785162020165	0.42881955268391414	0.7687578718653555	0.8516049071545212	0.7554491357424317	
0.5931309625201644	0.7208147151017873	0.05358660194866682	0.5676897969334559	0.7451558445886483	0.062081602350454235	0.9580278867522481	0.9657385740282226	0.6766275403155302	
0.10653221620196707	0.9799438161091903	0.7710375887528447	0.8567978824098701	0.10370159556240932	0.42048615355338437	0.8707229017881898	0.8575115481749958	0.3701534377032387	
0.7780155989759391	0.5685601097253868	0.47907332396264135	0.8862450897467821	0.3255457025904175	0.5376661067335776	0.4107909098360657	0.43761928721739807	0.03161411230651601	
0.25951974687360446	0.4786667940981485	0.36651588589182427	0.9306421512962146	0.3047320492509854	0.41616669749957114	0.764693225746055	0.9850583747736165	0.4864972018582162	
0.7084820712678181	0.16111516118251978	0.3576625619401592	0.22660064308701178	0.4229630167228047	0.3962986096685843	0.8404766849809888	0.25551351965934765	0.6134690503565537	
0.257655897642888	0.06880118296066895	0.9808819528517284	0.4662954291045116	0.7771686080295142	0.26883317781984206	0.675231829443784	0.09176455048487642	0.3421482726403853	
0.5613101071555139	0.12822630293328519	0.4750710491550023	0.9448945353432803	0.754046764786794	0.28782057111463377	0.8762979232749522	0.8826883109139433	0.39797008391108146	
0.7037722838069822	0.14156503850096747	0.7190539417823307	0.10799809560121332	0.4462205602261924	0.040804626658704435	0.9548790139955369	0.7525283978684715	0.3630936979205204	
0.26385261436512963	0.5619679881904307	0.8172385333633965	0.8740382194863915	0.3445602820798058	0.43751916894748755	0.28607985446947193	0.923918172388193	0.6593014626328804	
0.004358476167750647	0.2928620221642063	0.5866384728233944	0.713564557070104	0.2066763769724137	0.41356704690484836	0.6891976727744805	0.5448219832570977	0.08026206046982898	
0.16238962496803377	0.8381270957772348	0.4005216712313733	0.6405426678961532	0.18174261755003662	0.4026487120450717	0.6548700573026542	0.7989099538184816	0.44496660750299466	
0.6547602053848556	0.3354014094278448	0.8466181653090266	0.507395937331319	0.8221227569323206	0.3614782490046401	0.38197050342011807	0.15389179208945958	0.8888715038618545	
0.36850938537571054	0.7990633484452337	0.22201708224673433	0.9497292024152035	0.47832405892817764	0.8265760625117008	0.6692158560319534	0.843749940023745	0.36528712071244573	
0.5830515442021321	0.13537796953413983	0.7014278227608519	0.15206712909750786	0.9172608147653508	0.5585581537987974	0.8528283588804707	0.7415241555596258	0.12081112590167176	
0.9307128295158549	0.07813866224813526	0.8125725951217448	0.6164236434559701	0.7514337279507992	0.19256156455303752	0.96414164863108	0.3963471966574277	0.7358815622102555	
0.3041049728728894	0.5787022206808111	0.5223182226984981	0.7982973752698612	0.8421853696951053	0.5622348792265689	0.26076632874690164	0.7892084470986499	0.19435961824607895	
0.5974544259661378	0.07400309209982092	0.22699794140406993	0.42061488499808863	0.49115900551193303	0.15466921885019602	0.8419370290224925	0.0263958300348357	0.6955123209203484	
0.56288288974227	0.8848618700362938	0.11749087122084523	0.6495026166055199	0.36741929869721035	0.6514425072034947	0.7130030974669813	0.48124937815722235	0.06859259293671072	
0.20881337476459982	0.8237467092874942	0.37091372729785366	0.13563373836343273	0.22870861812152377	0.5054318296450224	0.38431212454136465	0.3066762835000266	0.877159389222063	
0.10788881072281165	0.11900567174002097	0.18232441577057157	0.13057769839251443	0.3074213352387095	0.10104027559802808	0.5218383814314024	0.5844454371887389	0.141438185167022	
0.17855949048400943	0.09438518311587474	0.8067697271015685	0.7474262205108685	0.7134502693200044	0.43106483446141375	0.21686566443843858	0.6724874182547302	0.19569298734095297	
0.8889473369646155	0.15978439026356261	0.32982106305931425	0.3552019431814324	0.3450010575550536	0.9465664776151234	0.15377901436689934	0.6592482247566036	0.7769064550893472	
0.7946626933184563	0.32401013839573123	0.5393294294470645	0.5899436839150823	0.05065216291828922	0.9797529302529129	0.89753631696394	0.3487753967077918	0.7893265406696126	
0.03933519716254785	0.4273578333651016	0.7130788872391085	0.78868590331936	0.18515596747160268	0.8962283349384154	0.8600630026842864	0.1613347152045127	0.7746313153625662	
0.007480348858296626	0.06881218753993013	0.8670721455854297	0.062447157473914605	0.09095731752967906	0.9619613594653952	0.16638250055967052	0.5507849177553258	0.2108961525696651	
0.7284281949388333	0.6474877122567363	0.9350711017882843	0.036506033692070394	0.7428535919925844	0.7346333741486573	0.7676745100203854	0.7469603602312918	0.7499105447669978	
0.9409587925402221	0.1674694166477806	0.01055008557651338	0.479735796170322	0.5643415328605044	0.7436872602545245	0.9058311350330481	0.7365983177534458	0.6425901689371398	
0.7153881510350363	0.017911885528374083	0.12920073391319242	0.8257634146784304	0.8470849489651213	0.4772325045637439	0.43528551337155996	0.22722765669697131	0.5861516008077199	
0.8507550543807235	0.8647684744560213	0.30884403267402605	0.03223895311337599	0.14219330448564615	0.9945166671028025	0.8501235462104586	0.3888294375844964	0.681687681289421	
0.5898854291927066	0.4900007441963655	0.9225902196363699	0.38475493454046494	0.04154495047998408	0.6492542237477575	0.22192365465946717	0.6733376623650682	0.2756077378768914	
0.9135776910945801	0.6557371917195285	0.949510274369447	0.06831219212670869	0.7897530942875057	0.24426976652403443	0.6346238091758497	0.48706177235678905	0.3980075378901379	
0.2712272124129773	0.6737752182208195	0.10894834229950578	0.559262316980131	0.024393887874521347	0.04378188440998265	0.6493687740309849	0.048940514089669374	0.5324563720810751	
0.6472609902351324	0.18381861804170363	0.8073958770143496	0.11978673707025844	0.9167129814693005	0.7114348477091071	0.3306881425538114	0.8325877167866482	0.4472546574634353	
0.8492574360859351	0.24759130779583527	0.4137489031155446	0.0684596366518595	0.7175179737513899	0.8752341990089451	0.8361607295652735	0.41302338151065354	0.1923074653960325	
0.7848162424978752	0.954682456886098	0.4428757324607092	0.697115334853449	0.8345832056814546	0.9874582738244416	0.9493485633496004	0.27176166087431586	0.9629460808713022	
0.8141036045362153	0.1596878120632509	0.5379918793991255	0.27170511721971935	0.6785672334068794	0.9699033268818564	0.32409784540458975	0.8934211462257543	0.1963904950403378	
0.9627435852812631	0.011373229538532148	0.4248505982964814	0.18134754122728103	0.8419356167307293	0.1175879814938966	0.9075469504952318	0.8446983388143559	0.01973397410062583	
0.9662796054709342	0.04349452958532174	0.252818564843884	0.7016830670800076	0.41252923650882245	0.5154126764361979	0.4550577284250855	0.4927331348209032	0.267210816565178	
0.8863140761068611	0.9967826564248486	0.13184910886849432	0.4859765539042701	0.8773260022688305	0.470833670898249	0.7796672149858531	0.9385873189157866	0.2596975952507301	
0.8815673669248512	0.39191668751563	0.04850688886919696	0.43117537464198497	0.500432411962699	0.3521813349249361	0.8006849988802928	0.5969243294899818	0.2640801306390623	
0.09901053250240266	0.8556408717449464	0.346085884894197	0.5225862263512996	0.5437977955895537	0.9774632362322592	0.222292768919917	0.35842722543960936	0.7075026122414151	
0.8414300425890444	0.715479804471895	0.5470133757473031	0.08910092506933187	0.2502757870064658	0.20983216315205244	0.36320415543633355	0.8703818206246403	0.3968221163195371	
0.6543006593588044	0.9563008644853634	0.1999133542423961	0.999323761861449	0.25867849719724334	0.9804494306688412	0.7936122279501886	0.3522913535416101	0.43573818531828534	
0.7944198805992828	0.8012560885162446	0.12587020807213123	0.1406871182942887	0.029601642365500003	0.007126798129185152	0.45314293993079646	0.7519208988265937	0.5584059118028843	
0.8807165999848631	0.6979888629248341	0.8749990572030815	0.36413745042655643	0.01804983123931525	0.03064139876999661	0.21179279741193802	0.12559843175762342	0.6175634530176716	
0.43695854333507367	0.26741708906447403	0.8886222217376797	0.6049407373425193	0.4304281843726735	0.6041467463485717	0.8226640207920941	0.120735556407082	0.7442531881647457	
0.6814116747560481	0.8014414907965267	0.49695247704615575	0.9941568748290135	0.9883739623566228	0.14892142090113436	0.09208256086132305	0.9828246688989475	0.12738327853039788	
0.9881388204539366	0.9029569636583674	0.9938573812630035	0.487397336694809	0.5241457394576481	0.6150915933526496	0.6732924693954601	0.19149647486549803	0.20566326387696166	
0.46840558100988106	0.9428766846963171	0.09440154577964754	0.05150456313448093	0.9764666012848868	0.9714388194540516	0.494923937496047	0.8107169700547396	0.3168989811699151	
0.4511391191097669	0.24806093147950614	0.7016214299073621	0.49705266161821027	0.5794980888205435	0.5217113773652575	0.7074620231201915	0.28249523123430287	0.6112024899963888	
0.19521368945389972	0.11002737080566927	0.7937603755635374	0.6745807334801304	0.4215953351990829	0.3512469094370564	0.0413573774516619	0.4121184458062559	0.4605255540482627	
0.4699748854500092	0.8749450911559997	0.6911120521396894	0.4354843138092731	0.7331694256713002	0.8433233102998697	0.364875707772761	0.10671517022052024	0.09278332439612436	
0.3398662445599614	0.030971289140675373	0.504608813251918	0.720037077961991	0.21885986477142427	0.1952195275916564	0.2680865040259949	0.4064421283369959	0.28243772848838444	
0.9198185315758386	0.7596678466142414	0.19350933850636853	0.7714884545577597	0.06194738895103824	0.4167246339876691	0.20985929343131393	0.9855826526541739	0.911023456480775	
0.049617727929221145	0.38054836971533323	0.776685458968414	0.9878601680638113	0.19487091363946107	0.8525719799107118	0.137184057807888	0.613645146781438	0.33495369001374187	
0.24497775529016574	0.20301322917266396	0.5696285637359094	0.32480216510559146	0.3968957486906045	0.34768972519983465	0.9537488058434311	0.9689453172579275	0.1185761103885622	
0.7317955545877295	0.9421847690572985	0.8513418751640129	0.6622373110973413	0.1887496425223898	0.9012460967494468	0.15976848385309605	0.14582168883751778	0.14563869412667696	
0.6967911017594498	0.1246030752827384	0.4008579867303489	0.4574507266258815	0.08189158726557866	0.2169203795711735	0.03286103988391009	0.554304225063334	0.6661870783332449	
0.6525066533208188	0.9783648356784962	0.4962794346981493	0.2555105906477858	0.051257192027369336	0.0010629049018520131	0.31923376515534674	0.17144430178168013	0.8436466888998873	
0.5220130924685221	0.18139360285227613	0.58336762998314	0.09457769422356099	0.7040754548750975	0.4849518918555499	0.6696573182124488	0.09867655628235517	0.7756870716574558	
0.9461054894303867	0.3876231447471906	0.5625075250773413	0.8235539700797345	0.5846127222973782	0.7272446031393439	0.8838053470748877	0.8495976184479743	0.20577184314111585	
0.5976225525939599	0.4504568617099026	0.8813016828252485	0.8285821733294921	0.8806368596334057	0.5187073484780752	0.39984262858148356	0.8931044405938454	0.2711092422176751	
0.09525673410412339	0.6712346769063996	0.6838447467862667	0.008477490838196933	0.07248117675451393	0.341831302493938	0.2500345828187829	0.6316284278515668	0.23121938104474504	
0.2594850499680019	0.8063610853327733	0.8882753753796625	0.5934792857514768	0.3667488226278247	0.16556828703514848	0.6681750644124163	0.2590241965938598	0.21762972738249875	
0.05036560267633983	0.5796240147003299	0.49160777975945325	0.2532839498537178	0.14197995890268889	0.7616270132140286	0.6827862675051979	0.8115293718902848	0.6238323346437843	
0.9919951361602276	0.4696010806742932	0.021502541182339185	0.5908369646743845	0.13146899328716555	0.21697514022846387	0.19394508328501314	0.2024404404673823	0.6495841535280598	
0.3953044297170736	0.020529144021937062	0.9911492740187045	0.8361219836604167	0.7747012970686289	0.6575675410019045	0.2230451100502331	0.7520130361236459	0.8597993493130837	
0.35087273549920994	0.9396263335615178	0.6891284364402911	0.045749735300279704	0.2324703781188877	0.7890189793537031	0.08786884847169096	0.6147698689476759	0.3830704847588171	
0.9834211000177691	0.28231756431631727	0.38540187506917345	0.8671435844806678	0.6257445781865161	0.5388159466254745	0.9587731895747821	0.40650501376121684	0.32985901854701283	
0.7399488667472301	0.5210223871993305	0.422428032626625	0.6338490676001971	0.7747038042739947	0.3671133721764184	0.3878844315106539	0.024544907767339197	0.9304959802515428	
0.4735388827578144	0.10939520690606375	0.6555153440702035	0.768279195196003	0.880888152380369	0.003739500919024641	0.9489346207648941	0.8450428735022919	0.6893868219281204	
0.17681215767292335	0.9188339876344241	0.40051337070453186	0.5472478866626698	0.671534995451	0.855268414878738	0.4163519286211105	0.7322750632166164	0.08521198467488866	
0.4188002017886069	0.49560051163572205	0.47240432370112395	0.8568015289582005	0.23857849565667189	0.24732479934752738	0.42469085982975086	0.7250541162781021	0.26629110816707957	
0.08775484368844455	0.6440552724275693	0.6429624543909003	0.740743567749507	0.21094772424347474	0.6326917721659556	0.5225667156868411	0.30664335195277126	0.34122233104481037	
0.49991600579682194	0.6004438071295697	0.40978350806340813	0.5253838568877409	0.9769011016276028	0.19381695542950494	0.08505074249001077	0.22285168059109295	0.3249749540836522	
0.1718314632132112	0.7704621818811784	0.3077916392010991	0.4243579963430808	0.5860369678283894	0.12055129095601369	0.3991125901332574	0.4597967744744813	0.7349269407270694	
0.7185534989116856	0.6469625655467108	0.7796148476461219	0.278201449846436	0.4997321245038602	0.9595536741122787	0.5119922316054298	0.3983769402322217	0.268911518228771	
0.7031829305094857	0.09271865643557664	0.14605623660145173	0.3424765576907073	0.5956555552314954	0.09687585498474216	0.6713387118606079	0.22772711590560668	0.07121550326029935	
0.3000459983958811	0.6614346140748648	0.7554178067077609	0.14312107740195734	0.3773676364682861	0.9210136208091197	0.296694028464456	0.9063954145389822	0.5810338817171525	
0.557448674534641	0.7903715123297097	0.5526877877394162	0.596196178282203	0.1267406016154209	0.2234758047156502	0.3606030006241372	0.5838062633389384	0.9175651091395479	
0.0358084133216352	0.39333192014787743	0.08781593417466171	0.5401991764920581	0.6470114188106595	0.4876197383738523	0.3397078610678228	0.44124305989176427	0.5289553154952589	
0.31999106292586976	0.7536273677665282	0.9816077653426689	0.12924765324388532	0.3428895711980544	0.6104417171564415	0.48864785945022093	0.6584860055590944	0.3103235836731074	
0.526891566409201	0.3735442656028035	0.022856229646249893	0.18617927145748636	0.16775329042334486	0.015765644789972444	0.9952748257043381	0.14823990495965855	0.5588883648782235	
0.31426543598375234	0.723028578433969	0.2975861722652974	0.7058345079531904	0.45354643804107253	0.9524340310104042	0.8995081376758475	0.008764624436873425	0.5597352196498698	
0.1232052735892184	0.19086887689594711	0.08969834507751728	0.7632808405493882	0.3046499619992016	0.981385386081123	0.5850853287297242	0.853091955769739	0.571351675077718	
0.5637658173817693	0.7495951192429181	0.1212105833248287	0.8852848178206831	0.26825568068385863	0.9935020455075688	0.9256946790766506	0.7678506179667566	0.9071654796141239	
0.04238306260391389	0.7613315705254108	0.03684548731297277	0.11447257459330606	0.9413145264219867	0.8907229732717379	0.18526636894994186	0.9766001524978595	0.282916225594827	
0.08516163195446091	0.32672835073131956	0.04530235987365716	0.009282085461079448	0.18158423849166816	0.7084454808335682	0.7019855445120642	0.9138731920330918	0.21952129634962436	
0.10536787836343087	0.4848583922455604	0.6612488100637832	0.9238857654061627	0.1930928837829563	0.7803904163834443	0.9024019623957676	0.6969340282501304	0.38275463930730425	
0.6840495419787032	0.4498251273390075	0.06808640069603389	0.5873119190815508	0.838564756049988	0.6016489578842162	0.7987219583374235	0.779584640233009	0.4866365628327496	
0.6391811675982724	0.24840163250069835	0.478688181652278	0.9674916927744349	0.21401018487867463	0.8268078627710161	0.8315419369255115	0.9328009583152189	0.022039007946187295	
0.8784156749197853	0.20402822666681564	0.7724871198620286	0.235637659492423	0.3740668457828168	0.8364493652143705	0.7810882729936471	0.07723027625848189	0.2808068787638106	
0.31476869423537923	0.7613780242551564	0.8295260010000433	0.1503615739602573	0.9297400471093622	0.30620000606462816	0.06879796278112427	0.6701896299453565	0.9123370123552067	
0.48591604065238747	0.32612014644064424	0.812019538247368	0.5281614609340769	0.4478733686991554	0.4477065204379027	0.448665112013897	0.7861363180651262	0.3931318262420561	
0.8188275356040042	0.9913664310753645	0.19629481576989116	0.9844035563109148	0.7861484859011295	0.9593115189334124	0.48622119124167673	0.03362170108943907	0.7163455065679794	
0.21060248286841077	0.703401334317294	0.7579620251851418	0.26987558796054756	0.14511617217474582	0.9475169504219518	0.16573340139462656	0.8400384566025692	0.32662473480892895	
0.40760620422571003	0.4226036796269612	0.6521254722552315	0.5627257807225825	0.21142448644300937	0.5578732880736781	0.9252389666077598	0.2317242904862381	0.8994159423191572	
0.9626160900201414	0.8353985443690802	0.7696183676372031	0.10231118995155963	0.48462449253304285	0.9339930502441549	0.8466431493647091	0.7816184701459434	0.9295939302954742	
0.31782820063567563	0.5996854944670997	0.7821215196868416	0.2609012211465145	0.7721254456855842	0.29485769070546497	0.38615140066227926	0.5819215952024009	0.1861239549701259	
0.6220655591768478	0.8415411896021607	0.6025872772738574	0.010197549780510462	0.6627968986097238	0.48670826242167675	0.3086134684144912	0.7031442091403722	0.9321091412097698	
0.6443004906075522	0.8551375093874035	0.6498726031678169	0.647261473605116	0.8327081271932351	0.6055672746169388	0.4397197954277553	0.22753393409165024	0.908884070577685	
0.5651959983890208	0.8584145996227008	0.36626318200427466	0.45040743333656996	0.8996419243096768	0.06671010637168573	0.8298357677272574	0.3376645526372253	0.9975352101789839	
0.19214434169579475	0.24250807668376373	0.37148323718414167	0.7736607335944586	0.02475284068036898	0.9559933659293687	0.3056396237049076	0.438822018155251	0.13132961156601441	
0.13106169051087624	0.5527112341934272	0.1699109608864663	0.26024169729182267	0.9897750106952561	0.4866577574077946	0.2867968865833205	0.2452112067778507	0.32266959070832013	
0.3335894713204579	0.7309771456900379	0.2754092184947583	0.9515100548484955	0.5511588268422021	0.4460189463720746	0.6411572182699172	0.018130225331617122	0.15312308794301055	
0.8126287930185744	0.6298259318247723	0.3057725761271184	0.0695251453816147	0.04575948724185441	0.7808503774358628	0.6709422422619159	0.9116821408261343	0.7140738359614782	
0.3368874010531563	0.8770385261815686	0.7106680592596123	0.9842576200819855	0.27181709329763626	0.035791424798275684	0.1292213649335736	0.3147960751738882	0.9262644134675568	
0.31578171380086817	0.9629669611132962	0.7853108792277901	0.9522380213057972	0.9103418776504678	0.7949212125063706	0.02472909362467668	0.35634650810689994	0.8524583113159961	
0.10510795535418738	0.30159319651521554	0.4783576167477842	0.23234303889711128	0.37789218869116326	0.9145010303934055	0.5625147081861068	0.6951743613453146	0.14131617463719326	
0.3253117367458822	0.2117601900215752	0.4932918139392164	0.23996322923084534	0.0040754119807870914	0.618646610518099	0.14906145105342572	0.5184378076885606	0.7937732146179728	
0.7113373884380938	0.6503363416313324	0.543092901485375	0.17513024003217437	0.2563496157932592	0.44506063413804564	0.3319556671166455	0.9043928050540097	0.849179998150316	
0.7655823332054239	0.34424298133416176	0.05008367936170377	0.2805854803783261	0.8385948062858317	0.21245516950209786	0.2675121381121288	0.32849774937682596	0.1901335778597073	
0.42324498655780307	0.06069499739062156	0.7234763847091923	0.42611053137012067	0.9252074832891866	0.4236736312156192	0.23619239431377403	0.2562004046357512	0.6671064522871598	
0.3329844596610396	0.6316289049200922	0.7240194761137572	0.8342996736107477	0.5607749151543007	0.5956824713723184	0.7122983535742565	0.8719654307744514	0.4617263018539898	
0.7155799716521142	0.8117503207132399	0.15128267245174098	0.7335891866779852	0.26037504759556807	0.2565127507954098	0.24711483809342127	0.118107145384307	0.03598503893716032	
0.8015106969383953	0.5919039465248902	0.5642351186308321	0.4730363587645168	0.4679575815004581	0.8997021313109923	0.030847227334381944	0.9402318137640805	0.16424951067588156	
0.4661887718924249	0.8247309143310358	0.2703740897304352	0.6013334232153248	0.8596381666244044	0.1700896969577873	0.6477881383223519	0.6199841797207399	0.8835755488425104	
0.311561633512379	0.2622593713836503	0.46254721343322813	0.6664731878893136	0.41205376716068265	0.7956028015619107	0.17931104003548748	0.47527115200524195	0.9499452813639351	
0.5524012870335455	0.2070012379577688	0.2893662986646398	0.40198754580359863	0.8786768029621269	0.22548828941901655	0.0035430239905679395	0.0520731024084059	0.09674913776460614	
0.7845136204093104	0.07413612757249277	0.5221090853243342	0.8743488815386937	0.5820178894798567	0.22721276251155165	0.6521425890032092	0.44599000174249503	0.2662400776987385	
0.10547419782617595	0.3898946456093719	0.1145071193092011	0.9427818237312346	0.4689019759535149	0.39805023734772704	0.5519184907634798	0.7208885039515258	0.8772857729726012	
0.05692753110758331	0.3005423536892152	0.9198598422133013	0.23439238530250162	0.29307699399191967	0.059381148356954294	0.8166985222447997	0.2349325577119753	0.37526658245934763	
0.43767405242402924	0.0156032498821429	0.05699592590878022	0.15115064047451554	0.8505371122263046	0.8486707816907886	0.17601505941693163	0.7748750304679202	0.07828022746347885	
0.9203339385936865	0.34227473795264973	0.5904585607313497	0.48500156007633777	0.30046962852142545	0.9425253233056152	0.5759736941644178	0.05966226991831125	0.6510912028522255	
0.2366182456304613	0.16102961647875358	0.3061512714110908	0.6065330931738873	0.37829051065446995	0.960017662565406	0.8641618789451341	0.17239481092374276	0.09026223264236444	
0.6714058734694449	0.1623589382984978	0.9677136830511617	0.7775553069387716	0.3685022196639557	0.7677973334347085	0.33243213688676454	0.2568536774966901	0.5685343962990306	
0.5042038349321447	0.7056241564621534	0.22393042129317742	0.7420543831772741	0.5007133241455616	0.35438941875114804	0.7409605060931583	0.07637532546245662	0.8327712691747182	
0.5226806399543942	0.44709659145528435	0.11706684874459694	0.056003119345158336	0.3055739027018566	0.20916395799661092	0.934322687255954	0.14804328692694424	0.3632772991821429	
0.823728015109508	0.12623845476616546	0.09260816414222683	0.283827121845151	0.7648409101426805	0.8150992216402265	0.9235965567767361	0.4679177791601594	0.6694045993965161	
0.4788800176161423	0.47979686842750224	0.5863211703106659	0.8870275209939203	0.38045762667846594	0.42563007883313264	0.6467319859369871	0.8304740167664262	0.3750923918160506	
0.7148553294337793	0.22056591334524822	0.9040269842162998	0.3066176788806483	0.14166262770836913	0.893905846369569	0.9124616790905716	0.5932137440626695	0.8180883665663142	
0.7869223666196663	0.48338376126334737	0.1788080319330264	0.20044348840249993	0.25319228932505455	0.1549979618184123	0.3501315940604476	0.8789819719480637	0.23624008877640468	
0.13525206544056056	0.7957404592861057	0.13729202417188924	0.7301018726502901	0.7821147457680168	0.5501343727173912	0.9066681822032058	0.5883221560914994	0.3386020059217195	
0.9873280319286433	0.7114253423921355	0.38012834238529425	0.8003685450278532	0.3732167217582526	0.3524649828909632	0.5818632648527553	0.12097992184068262	0.07387556960469321	
0.13030650451570014	0.39011620168008687	0.4160589598135116	0.5406499344645876	0.4208176383150679	0.41975231637107446	0.4063318362555818	0.6107829032073977	0.9817902563116675	
0.3293246078489893	0.9585786789631459	0.7296809439275911	0.29551535381721983	0.2647473651180725	0.38046936251682684	0.3257600007047813	0.5162095695688519	0.8174161534227997	
0.977127949273029	0.03686757590757217	0.5472953901298937	0.4885667876655341	0.0611890238267051	0.11561114259090322	0.8783393566077783	0.1523790516347946	0.9960996013914248	
0.3772103104217922	0.8053454299832207	0.31990093232960026	0.779128067736083	0.6318893744400252	0.988347258512712	0.8306581073973329	0.6769812876433452	0.33215384916031854	
0.09482518285399488	0.7756207053502943	0.911476694817854	0.7521924073314467	0.03869226780006674	0.061197653304810085	0.33441860051424555	0.5810183227123092	0.6650920918279789	
0.0830301863095031	0.606149053829338	0.668660301261991	0.17947311016027978	0.24368976644052986	0.5140604207723887	0.03619299711733248	0.6315760750359698	0.13423878196355332	
0.20152892972964698	0.9882463629332635	0.26479252932976594	0.32835413501855615	0.4385072734600206	0.013820705011039047	0.7218656457351008	0.4545062497592848	0.9309264953353708	
0.8512782842770242	0.18358238597015875	0.26591831970556357	0.14991606306690464	0.284217322576951	0.43541343978725877	0.5465100686784546	0.10760506463976127	0.5676156224329845	
0.5359769440487807	0.48809072120091046	0.43412707183056554	0.6768686268818237	0.7434664097057554	0.4240608409707687	0.47812892996320566	0.7763402217817201	0.15020509953125127	
0.4774037005483991	0.1254316762949481	0.8228807904819812	0.9308153916239401	0.7668443500026243	0.5208502709217226	0.500830352341026	0.22078926130633358	0.0782107173069928	
0.2676372313454872	0.43939938658283717	0.33182911429252127	0.34331409159258375	0.9356503936814364	0.8177007737773836	0.6752989185529047	0.7407593027395926	0.7155363322506667	
0.866689428499243	0.7122107978330375	0.5542976859573409	0.6483288483413171	0.6611424060988603	0.4313439698185999	0.7055418472080867	0.16231178098401666	0.9009146632362263	
0.6928017161161666	0.08193828613021847	0.5272959914023969	0.45516558437911114	0.2783345336251044	0.18786696893602683	0.3523533910333664	0.023749706036345186	0.12429138584574662	
0.20400420648813444	0.9004150096398215	0.03811725034722935	0.1361502854107859	0.31631468447762734	0.5755061557381292	0.6842064850584094	0.8844308972903814	0.4252365512770946	
0.8600510511848721	0.2844587831341725	0.3810410715584499	0.2821722702102404	0.12049922418638026	0.5134885989858561	0.9883866022181211	0.8288834914336318	0.7901321645523256	
0.4150992929411934	0.7868912033565596	0.3446236520921496	0.11008600821248726	0.3833222823068211	0.22693340157549857	0.9720411520522196	0.32610592935238947	0.3199257040086865	
0.9290008624719455	0.3326931891175916	0.806595135283877	0.6881793983199925	0.30707113374884487	0.11930593723719352	0.8481369952287163	0.7344686029671804	0.7016418246237169	
0.8112844816723497	0.5542387980952331	0.34657533603065216	0.0027183767849974227	0.9815796448064383	0.986331862933218	0.18867164562366612	0.37740856297970937	0.42872534615519087	
0.7195252203173579	0.3433774577192472	0.8628165033260919	0.4161815191899604	0.4620502821784611	0.2096603147725672	0.26388883487837334	0.5627455587699501	0.5135017801506637	
0.6814924454665146	0.0880076530738706	0.4660762535377547	0.6453674099225962	0.46025104033478037	0.031088938164809177	0.5990450836633723	0.03848083037154715	0.21120346560097414	
0.7571785237709787	0.5951065576831148	0.08918473770753876	0.21136974161084066	0.6879609451712754	0.8362041277361604	0.7217248311868576	0.07356629312336549	0.02903254622123652	
0.00891169852552054	0.7209170984553095	0.28430814935427673	0.9792812533082854	0.7598667157151462	0.549238109596426	0.10642679029281688	0.3289877371912051	0.803590838443572	
0.6860284496242937	0.09312782943291598	0.5712252603223659	0.13008107273570946	0.8665599846869975	0.19887732418138815	0.5417021409200583	0.9080423269308647	0.6583395575773546	
0.7534311205294499	0.6528593365951215	0.6121714439396345	0.30036220305205286	0.7060728795974648	0.09873853766514307	0.05092998240391222	0.7154707267359551	0.10107505562416053	
0.14125617118937428	0.6417000848727404	0.9211650250899173	0.07658677204737097	0.7499197507529283	0.14288526329871343	0.40064248802595936	0.031104691730099554	0.00947145124887283	
0.5364305721592701	0.026743296058808652	0.3898422169944332	0.9248748387770759	0.9552351304440349	0.9752121892919525	0.35129358082218154	0.6707534126798759	0.6255031602828133	
0.4910462962187214	0.9554457932455714	0.6721468653919362	0.2364646675773735	0.5576928524145712	0.22978790333334098	0.36738305686691786	0.39597785564582466	0.9844197852939881	
0.46253130595431224	0.7765167294691878	0.9943710821635158	0.2171978629890523	0.636826531406263	0.2521358532021818	0.7544442798004108	0.21486656657994851	0.8536182649681311	
0.8192623213768921	0.6532832505494979	0.7169883316431871	0.0786698952213325	0.5362349034591719	0.8110477155996328	0.42395572885211286	0.5960568686123401	0.45926766678350406	
0.1728867858530887	0.9312111251200504	0.30418160114695625	0.4784255977553272	0.13253144103339487	0.019486704065717064	0.4205289402122747	0.6522910453612987	0.5070671796701062	
0.5584389047741357	0.654500725659927	0.03739538393118802	0.38450753643217994	0.3555642324906091	0.29720509617910607	0.2121849651049943	0.999391887609185	0.8956074644311431	
0.06364303945750382	0.2683937637501711	0.42557191144205897	0.23096960346391848	0.5899407784799942	0.9304342278868566	0.34253605255214237	0.3761845300038188	0.38549174133903896	
0.574777541303166	0.49708092985575103	0.6292010206680989	0.5597000958124455	0.6448478172825561	0.7172174909692728	0.2683844123502327	0.3144669213562067	0.3598194701135252	
0.10802931495176726	0.49351166045383565	0.14877145655829604	0.2822200174816558	0.024046300124829556	0.33402123199279365	0.08940821849998382	0.8652555049000045	0.41117125164649326	
0.19268574956484508	0.9827696479224339	0.46089459651611375	0.49880535066163234	0.0834847038297164	0.06765039490412206	0.9878948031227832	0.45064059850750904	0.43400393533747117	
0.5503691600322035	0.09212098908258781	0.5830451599146872	0.45253462380550447	0.3743467299926869	0.13790406914405684	0.06178266287511425	0.384497630312724	0.18479041790204853	
0.21040837292007486	0.6373929123502108	0.5848618436499513	0.865074937374371	0.5345486752312281	0.5701874035147445	0.5683424377720787	0.6803416528628307	0.15690598183263182	
0.9785230472136675	0.1155479766717552	0.31837511569208266	0.40277046056379984	0.3650902819772486	0.1946907665640164	0.6997764205400353	0.8940992507941306	0.11875819359769069	
0.506821399513177	0.634578776125405	0.23224330164170093	0.8783764506659273	0.4245915033304064	0.07268488091797731	0.5038161139987665	0.08487421409794083	0.4692290660325581	
0.8251236342476603	0.12913838070048456	0.2558458347028403	0.15517086991666318	0.42763672528449304	0.7932391137063557	0.23187425373220172	0.970087600292024	0.8500711335579817	
0.0383866506400008	0.06396523399985243	0.03423548124490394	0.6922105279444359	0.6561038537906788	0.7792709755473834	0.029146046659764946	0.21031454876675792	0.130700554335492	
0.791536816148621	0.7180034488295058	0.5752964815916811	0.017713859807238164	0.45247502236707227	0.2520672420692943	0.48346331701920187	0.9355200695809944	0.5026692576524855	
0.8922573237940713	0.07664893232545245	0.3801169771377102	0.6399330110382112	0.7568041829473344	0.3160384634545269	0.28256886178015717	0.22140249784030774	0.1534829251298544	
