0.6093286535318345	0.9699334688616786	0.19950508000973521	0.6989913574374395	0.24301964994850844	0.7834001705083725	0.16718326923793103	0.15692785648554386	0.41707153482688863	
0.4727289449629707	0.19915394533800201	0.7243364114730431	0.9664059776098104	0.05156301087971826	0.36889763120575314	0.801230194569815	0.8427714317678134	0.37427831168008596	
0.12197987420421985	0.40489904850956293	0.8212849288930099	0.526746945503156	0.8855660583123904	0.7423484928619214	0.01094581493860014	0.04400040082336831	0.6980718141066796	
0.11476065565552507	0.6114653649270241	0.3007122604577567	0.9461846431327284	0.9713269457694846	0.5412878553899143	0.8730316250020187	0.3898076755923424	0.25882801279863543	
0.6033406916183384	0.36328481949896607	0.46651431251803743	0.949507033323898	0.35787454224893545	0.6923848532143927	0.7052873868689027	0.2858228506659215	0.560593342504857	
0.564293478312457	0.7058417421162917	0.7878277155468077	0.8873719264650061	0.014751742069025187	0.6672129823276096	0.9423885436272521	0.8771793651298477	0.31133865070975464	
0.29171122415755146	0.8821702517928506	0.5879560239751634	0.2080058621919081	0.305011218083725	0.41660185882579004	0.7277315235955435	0.40868793301356054	0.9962044235785972	
0.15235617092048936	0.3886409183953098	0.6923481211074741	0.04174975318820773	0.9664082435995928	0.7158250663640875	0.9223581915739703	0.46617706754553134	0.002609245098496582	
0.1676498924410248	0.3060666384844004	0.8589231382071789	0.9271183056784583	0.16968069790963491	0.3887690818363443	0.17363051245378636	0.13916460175243084	0.9111759147361236	
0.4847580641621939	0.26849854329773826	0.8807392347324633	0.6639573575563859	0.5981095351095228	0.3456472661870159	0.9674021401137102	0.5851822050428847	0.3690886671963941	
0.5123319962361966	0.5892410480754612	0.12712725803646008	0.9135359178384991	0.43629189023214987	0.08803698474467936	0.7522099837849715	0.7009353118688548	0.5455015202666423	
0.8969821404795566	0.8619340746463228	0.6471411901088122	0.5177782049209855	0.8137330157403128	0.45916703124285796	0.894538887718405	0.05495537975893261	0.38677855366984004	
0.5768627205376182	0.5178936113510484	0.5538481382217192	0.7979651376508256	0.8846260006214677	0.9733122756287912	0.5713507640383577	0.8328728862773688	0.11328926703950093	
0.3646528777358131	0.42640868952204536	0.675347544468605	0.5315887260751457	0.4843244311806504	0.9791597275420469	0.6532320429727208	0.782794857438821	0.44278657614063566	
0.541364610202938	0.5752219519272256	0.9478060809297147	0.5243824680793742	0.3136599365603904	0.6592316057061925	0.19890529539189616	0.7567699636894939	0.8134435729590573	
0.08305048872204679	0.1314618597063908	0.3655979060428628	0.40437410480566893	0.4167757146978026	0.3309848673832414	0.9877251351069071	0.16613995755874778	0.0182669913651472	
0.44609784044266765	0.6857820050504253	0.8258635341452306	0.5754851466959264	0.5447916860137448	0.06795599745722469	0.8964173212851201	0.840854154387364	0.6234451390172262	
0.7508887870919798	0.12846663362225275	0.7208994497673652	0.3936889004394678	0.9657845722602163	0.0736854708294743	0.7996928539079186	0.22500372327697238	0.20017255374525977	
0.03098556689540488	0.19178290147856913	0.11522107324939967	0.8190204705491809	0.9242083572209978	0.1992645261736561	0.3772168875407679	0.8708736562349398	0.6726182326451564	
0.6572729087720363	0.4688053298719168	0.1803453324311195	0.06269153779613379	0.2352353285546538	0.19073056447214354	0.004022355154808532	0.9885268544316098	0.48616026658209555	
0.24860290279886654	0.6270661362910438	0.6263746086620308	0.5488986305419218	0.6863480864295918	0.6913602613959946	0.3788057758491675	0.6357750767595353	0.5814899281004149	
0.03057273932313931	0.4689970057589914	0.9432174720480209	0.1471054010577827	0.5458401628075559	0.3511848566191066	0.538828089522821	0.8065237542990141	0.673093632297196	
0.8525672454828428	0.09903401032250447	0.5366094135163536	0.6337647532967148	0.21565508706027092	0.42395722158433913	0.27565596252398716	0.2827521450935031	0.043093926906753066	
0.9778104752174036	0.6810464323184198	0.2504221415511474	0.45232802480068135	0.869802681907027	0.34835974896456656	0.9138622924528367	0.4545713483863253	0.49584353254199365	
0.10841289850543812	0.907667936634726	0.3971732174303554	0.05629089580193236	0.7502242983929964	0.8466826204541131	0.9624502113891958	0.00938862338114943	0.8191210889229482	
0.7832964926178142	0.3712657233658504	0.3072992093327539	0.9899022279528877	0.7652377499270053	0.899348589849582	0.5930085799017119	0.15074779393296678	0.7053010120636829	
0.8976674625344242	0.23809684285023813	0.2974118300045919	0.00626680373772881	0.6713347430177206	0.8897084505572361	0.9401174194660962	0.6057814282243749	0.904435007235418	
0.7290332576444826	0.753182186741163	0.09977345889151423	0.21635311209563535	0.6878776435364745	0.6286651742006345	0.2978792265891701	0.768522117595417	0.6040585468664901	
0.17546854852860505	0.34545977979269904	0.4433211470786864	0.3661912009869467	0.7635895897380435	0.5837787026573082	0.7310224525576299	0.03615925107111506	0.7097563418749966	
0.9236459141776774	0.4358998508546934	0.6255168772590435	0.11217050924140182	0.5308257879056602	0.7161425859964887	0.791987792521152	0.0012418495762805959	0.6343319580820437	
0.6633359118032756	0.6477870392568089	0.5756312406540788	0.5904592309879003	0.006975926790650289	0.7771268552522624	0.1338074528807307	0.4298220063238746	0.8605679378198627	
0.3596489980234848	0.07047099365849574	0.8757315312395905	0.060791995186911696	0.08889509930686601	0.24954840959964908	0.604862004043551	0.16561034487720439	0.47003054940087385	
0.5963513500175931	0.9132357092176923	0.22245561167807193	0.8737025656383623	0.9239159874637848	0.4946404007223776	0.433580356266443	0.4422421122379595	0.26455412305391013	
0.018471944187251954	0.29592578797799707	0.6445507782040002	0.8768219574247814	0.6700481491495824	0.4648697530855117	0.8842351358090406	0.01958714782946913	0.27507940344176895	
0.0161408426819879	0.9987179975234158	0.2780062679794978	0.7897159336918846	0.26409358529475635	0.6066357913343428	0.710980562187634	0.1191529739194509	0.2257616309039564	
0.5219166511198559	0.5129999634902717	0.14880560883445093	0.7213892186635341	0.5251342280593554	0.7927452804868843	0.10712111820684578	0.4894667055825672	0.5125914848170123	
0.24002762749754825	0.23190543883285475	0.606161276508146	0.057259070116697286	0.8652271889018228	0.22735534081361308	0.6010322213717355	0.3750637306720872	0.73139146678791	
0.6552206451389871	0.7406856035903608	0.11532812099630274	0.13382722076503628	0.7588887988168059	0.9608369099255497	0.41783845414212883	0.9768473389347359	0.37182406701404813	
0.6067649353382856	0.04569165532436581	0.4263778187608662	0.5083076439831868	0.8754849788492134	0.4161886076176139	0.8635867357397324	0.8497226479734863	0.4283141587137025	
0.41907408045973027	0.2691262064530595	0.6467565716169122	0.5191306983384721	0.8816365983885781	0.21227917411765906	0.5959250639252176	0.6676695341146937	0.5601968520428959	
0.6592417967418005	0.7212950821028733	0.5049927927859822	0.315876510507173	0.42692698670948015	0.15496396298191506	0.8880396350219959	0.4106413829240778	0.5614439729268121	
0.6895362788331955	0.048322269617038116	0.6855835720323177	0.2744399268725717	0.5292191537832496	0.7958501955677575	0.6342576682140786	0.009046991187173337	0.8974542756748974	
0.7894639629299168	0.3360985409263715	0.8306476708011055	0.15151911775021687	0.40216339023595027	0.2745913993366853	0.7248182734689492	0.17768345601103908	0.9593264540120516	
0.5569528009062078	0.37422168990993754	0.9449572725977805	0.8140845925070315	0.9316971258104784	0.5050292386471331	0.5815082567698211	0.1143324228440824	0.49844639326217666	
0.17830296985991811	0.4292596625496451	0.09411944379673898	0.4990003969327187	0.5556616184402662	0.909475287252107	0.3906349524334052	0.22209349859351368	0.5662710515385813	
0.5626689291887964	0.39216885525641376	0.4941562098904343	0.2788341014042899	0.8772876836067737	0.9114829326031135	0.39332066270934607	0.5521083060004962	0.5930418969498296	
0.8408411274822996	0.9263868690250275	0.8431914365864613	0.6199907284314613	0.43153700904859993	0.9324851241009529	0.5723499743896249	0.8001291638789696	0.5576245319383023	
0.5848528978488559	0.09306984078092417	0.6459407826532181	0.2109802802387789	0.6304305222803023	0.6360199003665727	0.5658194136560849	0.30433869073372544	0.28290440711174114	
0.23811492489603947	0.0703257566137645	0.276128654914623	0.3447084113934874	0.6121570853866654	0.621550319699665	0.591464977422084	0.8555069187895263	0.30692430780553104	
0.5558533686047226	0.6983408320977885	0.9460372302209589	0.5033551602510918	0.08859998739254238	0.5097177540181703	0.5168873839519768	0.716797067302866	0.17908322495500173	
0.06168659198295401	0.6455174214109083	0.334869261842323	0.65283731047688	0.24717336997015016	0.11652970573942711	0.35277082010091143	0.41729297904801155	0.3061148988567721	
0.18754552608115982	0.2917763372096711	0.8573077995290228	0.6201362381106176	0.028849334476910515	0.5864137374974405	0.9758509232171408	0.6855291562695114	0.1867311177968458	
0.5564003144168528	0.3234327597012939	0.09022697376992406	0.8765315333236517	0.6679266145871043	0.22113693649675026	0.6892082152396573	0.7612900457999561	0.035141111190801655	
0.8716083719825694	0.5057374296105563	0.1381277746853249	0.4126444191955958	0.7912399734550247	0.24348058260168626	0.2233037889573154	0.9427231009362842	0.829735599048874	
0.6061216015540771	0.3247294239026761	0.5402021322403932	0.6095420932169378	0.1041559771713968	0.47921318093659737	0.699426819518526	0.7733498167106708	0.38656796637843927	
0.9760327789636283	0.6637013473057108	0.40544068590484383	0.030061973708607415	0.40219807459735424	0.06127120356686	0.5917206021169623	0.5669619004996079	0.2958108492668511	
0.77784676511482	0.800255035241346	0.5897269801516211	0.3140183589008594	0.9621724076553203	0.23044043825090144	0.9030880230385404	0.9366630497806557	0.7173201614042778	
0.5267829159864472	0.6267075893628631	0.2933685424238375	0.6918405525881611	0.10169214388832892	0.5745211823328037	0.6172527534754066	0.9551804199059515	0.3331662553703627	
0.8940422910981332	0.4616021118368412	0.6436338273621657	0.009161345882794603	0.7236062513351332	0.12649577937397116	0.16690146621120072	0.9093119094750889	0.5749164778735802	
0.8524697304494095	0.5096605510789918	0.8936690996293993	0.4081531057297657	0.8327571931983295	0.60103544827752	0.4795530098703342	0.5725446188984643	0.6780034316957687	
0.9357693209980651	0.2712187880072422	0.07492917858646908	0.34578281845241443	0.2835588510313828	0.6365579396274972	0.14498312703614358	0.9407403021568563	0.9683976865454319	
0.2540173088946238	0.10248838756481227	0.40104368770794474	0.8401489410518341	0.33883729868793655	0.8241655081947252	0.050741510265703504	0.4678148078967017	0.14336750577621638	
0.3238520423596071	0.6903797057141821	0.1431753754326508	0.9118170644395707	0.9043306298617207	0.07219238814420803	0.9157994434455735	0.715533762607392	0.4271842252627661	
0.3854421848428411	0.7318973145747152	0.6343818690098718	0.34726110644175767	0.9468246873321632	0.7506519384466276	0.35919463092679726	0.8414391321726026	0.9251111516993427	
0.9880638750724494	0.668936052002042	0.18682810069207478	0.5695026717937179	0.30810804003772096	0.9137829527985167	0.7131335328050699	0.5015836666095327	0.84812868033187	
0.1278809074874222	0.748495473049003	0.9944362194309572	0.3855158539606319	0.40749337789900364	0.44241957648002084	0.2968737996676044	0.7767533605212127	0.7357605427800302	
0.04575542350013362	0.04483199043397035	0.09972301502908121	0.9236808969151633	0.7228000128986148	0.2635008511384388	0.6734956963036213	0.0860516100115214	0.8678647057688093	
0.46080840359459874	0.9765553849186428	9.88617884245535E-4	0.5395371372545597	0.011073171162006457	0.9978822448657397	0.5395347462598143	0.6039380037556361	0.9517150456330756	
0.9000681885702531	0.7805280055874242	0.26327346309623956	0.5951438751901686	0.4032896603259222	0.14670571742399108	0.6907446351101534	0.32305888073217803	0.4648750808131784	
0.6282543804375043	0.2676767444590663	0.5607910621870765	0.9033771472754171	0.3075845106026188	0.5978245034518317	0.7586558783951468	0.34149351010882123	0.5938742056190358	
0.45937344069031183	0.31963634423918996	0.24434980486559155	0.35238479204609496	0.9370565821774965	0.6298351177132537	0.5705519398792451	0.4870906688681713	0.014763423746910531	
0.9938224405808299	0.12403436822328784	0.28727494300157175	0.18857880572315266	0.5610412829112625	0.7757406492630341	0.48473195532717617	0.28506832975659524	0.2759239104421878	
0.7146608850455065	0.08770331549701982	0.5015539984208492	0.42713733418973554	0.11916156329697558	0.9331106276511228	0.6356171916648133	0.19861672164226374	0.47433929691771737	
0.7332452360114974	0.5698077420763236	0.8783237229620723	0.3001253147939754	0.15134126438912454	0.6150795061563233	0.5592816503508105	0.3330970941162552	0.37339134970508303	
0.8802899916393564	0.11304387685667183	0.09793482032113632	0.9853591794672573	0.7030727529249755	0.6176691712159115	0.19186629052856197	0.9516281382330263	0.14409327804060257	
0.08978215538358203	0.7681055609925005	0.5478839722502861	0.4009853221485943	0.8025341691500112	0.6239266384409308	0.8610991937164516	0.5186990482807479	0.6263700379657406	
0.8771793053746941	0.3383230594621981	0.19984077996445182	0.18388478651494788	0.9855034713769932	0.12458056987424349	0.13541546452005393	0.2891024760594604	0.2456105098334015	
0.9640110238195795	0.9420388680796802	0.5238607418078777	0.15114850412336023	0.04523358570005487	0.7189632953908155	0.11951387944806602	0.33322463656934687	0.01979216566164288	
0.23135677717666525	0.1755465104464875	0.18765457110012707	0.30416433868164994	0.9461918307414974	0.796862314967063	0.33146625246889505	0.5810189935587607	0.6822824611786553	
0.3695327980753911	0.0029870391895189252	0.7860316890243302	0.7434398281104599	0.28225101687140797	0.5257118120124039	0.5587180539139088	0.7264913917283642	0.08982322196354142	
0.9126382520302238	0.08655087441012688	0.1773817742488435	0.8982833196076017	0.19725196698124114	0.4059410253446817	0.32707304839347784	0.38893190487104445	0.6989234529096534	
0.8894582318414217	0.9518729524497054	0.8405721207258074	0.05273186025130994	0.04154648995815924	0.33403291139143665	0.6988659359576247	0.4992886775563743	0.013484700421012685	
0.9762267403717405	0.8066313728959996	0.49116148363051326	0.9915978136069518	0.0692608058263523	0.13142858324257245	0.6092070766210195	0.009939220921886704	0.9224832695528299	
0.22859676407119423	0.6907033554772187	0.8304464732881864	0.8000848566504469	0.23377029027685914	0.5200967161173514	0.9699855681731515	0.5711264141298646	0.13050586944256837	
0.9477943446998848	0.3011517052070073	0.5314589622171135	0.9214579679920839	0.052074505710187347	0.44799607784823336	0.7838897912664912	0.03150905623963096	0.09018144665425931	
0.8750799131348009	0.50245775923124	0.6984418951237596	0.6517473290905289	0.0023241484860517803	0.8421540417370016	0.35041366902445104	0.6037674019399933	0.7197952584236986	
0.7226019534541637	0.3003227984101965	0.22947678181648434	0.7053212483839786	0.7357886551108896	0.4479221266689424	0.2188453325681068	0.2794230263646872	0.7523563184571558	
0.959121172743159	0.6451989421394417	0.8188909008389715	0.8266612989658495	0.7600882841941782	0.5155140350455963	0.4906126324674085	0.29541414548200584	0.3693936214864866	
0.6811205178597282	0.8701480376665025	0.6479554281208255	0.8407533078326067	0.29145394121498236	0.6381929935379353	0.16192864904111615	0.8755580332837509	0.7140281396874881	
0.9103965878499748	0.8797027943455715	0.2639852563687157	0.5023600932920751	0.5791655511004118	0.5598992929000989	0.7606320031930898	0.35441846665192633	0.47161738154111954	
0.14569841447761733	0.4617170554448615	0.28870932123586335	0.04737640916161967	0.5677557671862901	0.4877986521501819	0.7511565958240538	0.7649946627063217	0.703992827247756	
0.5735123533333037	0.5050698996046656	0.970218374361953	0.9660582626267423	0.562270669224603	0.5115133994545342	0.9127949439454404	0.8811473391308213	0.04364284830049503	
0.9540211761061028	0.05604991385871694	0.24728546916776017	0.17210486336119724	0.7629544924169238	0.38310088775317286	0.6803333289890305	0.47630116515174314	0.6583056275282184	
0.23027859768616843	0.6224484322656346	0.21521535052469898	0.7941382559608574	0.5469587625929112	0.02315703795543933	0.9936847348621629	0.6580851970431887	0.09675452996347988	
0.13870917674506245	0.6475731399188543	0.26119739312627843	0.5124355518211482	0.03505035685145852	0.7579201947896864	0.6975249813428697	0.48315640530822024	0.8959977664430305	
0.8900336017034916	0.6540952716448861	0.8131866000703316	0.9090323730944956	0.5987390697344367	0.6447789037684277	0.3942732620132182	0.08614128580238811	0.2773367249911106	
0.96876673211403	0.10101981247646763	0.4616048571696334	0.14083584213239952	0.23869590562387988	0.2751725708772962	0.6590822385561647	0.71591760437851	0.6817074183560465	
0.6990546620062645	0.22002535267131929	0.14585444979139583	0.5947122335935151	0.015512017601643113	0.3652127161162261	0.006354450637191311	0.5264052875799817	0.8523458468623915	
0.7858469115868089	0.6695143946083453	0.8341698122822266	0.0459596003690268	0.09685114478109746	0.9227617344558151	0.8733367050218229	0.057355291550671206	0.39131171413116295	
0.9773425440670711	0.036383045219966936	0.08178593205348561	0.3217834012911821	0.19936556577343245	0.6082003681267323	7.396337683303056E-4	0.4439289828644134	0.3849020703128283	
0.8776441633972588	0.036934663553657154	0.9242618087030746	0.2513377663680947	0.28371229842718426	0.14262280358224255	0.038860974534240644	0.3211569020492111	0.44119306545629877	
0.2960208840135722	0.7725108928856649	0.6842086846916984	0.16249017230014073	0.007119550234174099	0.32452447307538457	0.32903780143080186	0.03600161541576763	0.77285457175114	
0.3189813882341016	0.851321516152583	0.3963519265433997	0.4578472017814469	0.3745235332560283	0.8506770057288116	0.27491845582732577	0.3180951617413038	0.8172204564415589	
0.2358424471514785	0.44013738748598497	0.2433894833421424	0.5601837637051108	0.5653999749633396	0.4678688712656446	0.7230514829528174	0.07587322344648384	0.5660486251372269	
0.8043377552044892	0.18888959699373464	0.43778470612754217	0.4797673274641725	0.06588470433179228	0.2822010294269153	0.21292836716551644	0.3903597362562191	0.8288317985479176	
0.8558867337223734	0.3059046422604754	0.9266381354894022	0.4036693700753645	0.21095613269980484	0.8584343924675296	0.8543305099942607	0.33980801614375156	0.8949222735751668	
0.8766805548869988	0.3225110767269399	0.1304814507656723	0.44599802641431174	0.4682392898112151	0.27669430751026836	0.4824740998388558	0.5746183718797565	0.2132528927124061	
0.7275554712761879	0.4299341970784336	0.43241738538772	0.4733918534894763	0.7617676353065274	0.7749997904499386	0.7098979043655385	0.6860665837525537	0.9677787798550548	
0.4144641277773793	0.7546360246471894	0.13649039644876282	0.825517098159333	0.03606782063810554	0.2792879974389484	0.5321475398788812	0.48058219023200877	0.3559033944974178	
0.32071595751015425	0.5336076956609155	0.9951094768704932	0.016723378430020475	0.6507518626739405	0.9823675893128475	0.08050867404267059	0.5935698484761647	0.2087015498962893	
0.8565447308114483	0.3193037219716679	0.31588749821933115	0.28636539693387875	0.012875082686744088	0.3439098049449062	0.27685157206953337	0.2611075323786146	0.004626652252223251	
0.09163878722235919	0.5643799422699683	0.33261621618531534	0.2498683509857872	0.9728215093836797	0.0440108306244692	0.9148485123028759	0.9510963816649104	0.12306131002862708	
0.6055742308523673	0.22496286514244657	0.3460556750175475	0.12382688683552667	0.8519681628237623	0.550417518525632	0.9830872028549212	0.5310669232714292	0.9608797997074072	
0.6111573733951376	0.587626580513252	0.25807493822736927	0.2868671407594142	0.48593127090112664	0.8430013571649569	0.7196423752802067	0.773682962713512	0.24191667555842578	
0.7914445572735325	0.3260696995457284	0.877569055532595	0.2861385954903546	0.2975840715302631	0.37061131902143185	0.6458706403159776	0.4335347621577388	0.7976057241245789	
0.3330904080557108	0.9606780428254005	0.7615377409667994	0.39120015253469376	0.6913992451518357	0.23969634585299127	0.8396842649741869	0.6128579867404362	0.2743031964304259	
0.7369112118655284	0.4486487887843351	0.27056553735425526	0.44803383798569885	0.2641957044500005	0.6136883053556031	0.21592312034734584	0.3909397456427768	0.9567111698555624	
0.41539753796559176	0.8629050462841841	0.3307227778504096	0.0778962893144104	0.3354989038729337	0.09015200913900201	0.7937033558757454	0.027015968193136786	0.380438808108999	
0.1784176495509623	0.6652881569914052	0.5637926892335849	0.3868194915757691	0.8373153334747158	0.21486013968028972	0.08189464964741233	0.010439385027720904	0.020072755016524058	
0.49891671539830884	0.8708560678077677	0.09231709762730089	0.8409678526632276	0.1329605581183546	0.8387652902087115	0.023095310222006837	0.7379140175592238	0.9974228076951137	
0.8087157838906017	0.33929937409612176	0.6634548447472073	0.36750880940682173	0.9401447004466292	0.2465821672032097	0.40909822025849174	0.693002149938355	0.6175209734121065	
0.32100131885464545	0.8322530857681378	0.9992693041969083	0.1550680716278019	0.261090130797323	0.26679214795430084	0.4714970365600146	0.5800347007883877	0.07340414935048678	
0.32115840748057034	0.6301912421962593	0.24719268516433945	0.5445065274573797	0.2614688948465991	0.05070248111042064	0.6736387611556461	0.1740910865754962	0.6414430653778679	
0.305829433200533	0.9831056099525424	0.4274599060108012	0.33929044677031983	0.31119663358227667	0.6322805335117003	0.8763546724665328	0.6316889340575839	0.8285275430258406	
0.873910294074797	0.3741971550401749	0.9645780353590032	0.9112873673522135	0.2457399541686578	0.9398778995839989	0.6009611793273429	0.42062750153239403	0.8933923232190721	
0.3948277891289158	0.27638223526985817	0.637826211269277	0.656903791221917	0.9068828140697424	0.5993739137736013	0.6385172366302039	0.07191883760771767	0.31215221111195013	
0.30658237614848716	0.34148320480336825	0.6954752342848247	0.29285599364392156	0.8587108881168205	0.41890224420142763	0.46469597488657843	0.05518618486803328	0.5909422536316703	
0.34506154443378567	0.668444095538466	0.8279010176547777	0.4326754729372021	0.27284525725817166	0.6651637239764867	0.16405460535458272	0.8581290075920588	0.5125919680429206	
0.11606558720109472	0.12293808653920268	0.8321372815423715	0.007369924697258723	0.16904770043144757	0.7269196983066027	0.3270766209696362	0.28526278677787165	0.5713104326280017	
0.6664633337441253	0.9799003448909136	0.8399739918530009	0.7482342549887623	0.492567734297332	0.29310954655367727	0.2263264535817281	0.33169197024675245	0.0415417824422365	
0.7422178497285443	0.07033403196396737	0.2520033987623157	0.4115632956209374	0.22897684523354733	0.6405358520516877	0.4212235833697776	0.7402973210691755	0.40129544313550336	
0.696783331979863	0.7194762656982191	0.9214680587674763	0.9953807279628698	0.6452282308284865	0.40408530057968883	0.8561458634920313	0.7036242224444711	0.6512598010445688	
0.9247689332375814	0.5640247748030762	0.47442623749866075	0.016488140378484784	0.9434315653992483	0.535353389565335	0.6992072452215428	0.20950632811678627	0.9363468328585247	
0.7608905212919358	0.7550575970703882	0.32165726865689737	0.7239983035193459	0.5443596581196005	0.7290844363827916	0.5321824241944698	0.11538627874784946	0.9496233419086038	
0.96316128534494	0.846813833732497	0.7445251937345991	0.29777936327158927	0.1935061592917845	0.4087435911271402	0.22280469198390962	0.6380502566374535	0.025575996404961998	
0.5365614649882775	0.4922488866613465	0.2667278430851888	0.41592073161975684	0.018941778779475782	0.007496735688297784	0.9861472939806236	0.3042570617411453	0.5921720116831938	
0.0032691809760322377	0.29194441647929315	0.4670285889926805	0.11998431626256933	0.6298887050375233	0.06908391558000737	0.011017409909412024	0.23936302064016157	0.6754947518266301	
0.5040957824651932	0.5429872831901544	0.4555706809386675	0.710717988369041	0.9954785412782257	0.643458314575523	0.51235862940426	0.9600167040658172	0.1434444804453472	
0.9522114266647344	0.5473753409299342	0.8460689518696698	0.37617055372133623	0.6488570165086375	0.1864235759431826	0.9850120147183204	0.31793945672865787	0.738085792990565	
0.2349757745086951	0.7251296523872938	0.29022178852139247	0.20006817873273008	0.21517867679755687	0.8552198503816077	0.19171851006135232	0.015826969125810164	0.6628659026650253	
0.2582921108756181	0.18000322475518593	0.5580899956209785	0.8740849220972385	0.060085844918723263	0.3107878678148176	0.26433056298205293	0.910325332983366	0.31614590168806567	
0.4132609361099655	0.34463347867147454	0.38624282918495834	0.27552334161049385	0.7830473088428385	0.17924204333270088	0.7282426012622338	0.8940533854706714	0.555424611236153	
0.39754802909733333	0.9921769885800946	0.3167785078013965	0.9188883511047532	0.10465723487641654	0.3073755371827249	0.8183828866382367	0.4111730989531194	0.29211580765488654	
0.8829950289292215	0.5450084354465439	0.24775996758741026	0.10704432172336875	0.8853193757932938	0.7513249699835577	0.36978162270000436	0.7615468675721946	0.7977838923020721	
0.891325583222346	0.9717651278382554	0.13574288693116288	0.45768412892033816	0.9051865853212485	0.13075373890222397	0.6193553986820862	0.03189751130733465	0.12409496715624257	
0.11586537033433997	0.6442040167736262	0.5087064383308901	0.9681361903497204	0.2164884530979846	0.9234879693124859	0.5823214346205631	0.3032982744544763	0.5478002618668376	
0.3799325763986935	0.44576924697654596	0.44653038176304627	0.7540441117303057	0.07477137816396162	0.4643886102766368	0.5984845651074632	0.4518346259464474	0.9062914573751681	
0.7715872294000108	0.5260485262238436	0.7915154397634875	0.12423196898620936	0.5452303855559243	0.5058075768027902	0.6214038608199073	0.942233395323119	0.2535454567413571	
0.8473437678918345	0.6992332025886667	0.6529394933161564	0.818957364468	0.47223839472858364	0.5789010400072098	0.56969635497324	0.5056527027179274	0.7041350786729704	
0.3181944638358132	0.6699545483023979	0.6741422728187408	0.4057686684682863	0.38290239457764585	0.39439674540714054	0.3068193698385301	0.13258665815605108	0.39055731485045897	
0.9404475983874719	0.0445825179776147	0.8586725248313031	0.5173623417477676	0.37847222628237465	0.15692387894085336	0.669093910924782	0.45490745893455575	0.8842607155138598	
0.8878957879578976	0.42606224317281904	0.4796707224593484	0.3914946301189094	0.964696542737606	0.886257967927732	0.8672115028747404	0.9034739683214673	0.3238494023751439	
0.09755382836882276	0.9542954641562668	0.3990405386641923	0.9901850429506106	0.7426006153706926	0.15011856043338068	0.7838855540892279	0.020629880910701504	0.9486101737016612	
0.37791759424650606	0.16629519423242434	0.33115941101974933	0.9424119585898035	0.30472138622411815	0.4027402237597486	0.3199593695499894	0.4148062788226673	0.09300606763145014	
0.4329879164887832	0.8401155855212266	0.7266070410151888	0.38846918896425375	0.8715757600964433	0.6724395583028883	0.6540313726677217	0.5513217865852089	0.5299550783016519	
0.9647404432112224	0.6100120846531026	0.8920400873347047	0.6737622647575823	0.7968914827820837	0.19493884970371222	0.8351844011268839	0.7515275099194363	0.7504820887313552	
0.5094023752135235	0.5072642492822829	0.7294288507420041	0.7596053732327337	0.5277976644222165	0.6193690824051356	0.9139484703410448	0.6596489511174514	0.2560915412522039	
0.39248400108527537	0.6102622753161009	0.09525236307150076	0.44067046640712604	0.6843420269389722	0.9989064191415257	0.012308846198425427	0.4205218760816195	0.996472448159395	
0.6659983399404366	0.6070127382841718	0.36676406731110256	0.7189102149053931	0.16476618125152886	0.641398861515299	0.26198736237315656	0.7949509758010431	0.9699865398377352	
0.28676970922609535	0.35713875114087223	0.8959661240639242	0.20385484042525814	0.8770275899032308	0.3850004433044574	0.2890141146206584	0.34317680519700067	0.19925445570306177	
0.8950247120240926	0.7249998798871862	0.43088254897960976	0.6099266884607074	0.03315477835387892	0.22652324503641696	0.04974293893939541	0.2605858980105378	0.47153371191711335	
0.8080655097970969	0.7489711313185287	0.7858954100446675	0.6187635528620865	0.8887562372846062	0.8166629935677941	0.6733341237416551	0.054085405016025545	0.13860775876684328	
0.8984721546807136	0.8712407919256995	0.7139108818658277	0.8917137016457395	0.8659813877050936	0.6892429955866316	0.10420713878618537	0.022123724996368943	0.05116991467504928	
0.022701429811071594	0.9881892292126339	0.7791527959032631	0.7983691288434466	0.5766631852257066	0.7467990646806714	0.09585389747899209	0.6860705627387024	0.2312169323238651	
0.8575894391389028	0.7978816506542696	0.21089739602465118	0.6789977006086904	0.4999699019649787	0.5209565128215714	0.33127456719061055	0.4510274953850901	0.6229491176351442	
0.7624193361489116	0.8775486444012461	0.8080978370110613	0.6370397231148709	0.4251690939852638	0.5341029018559287	0.5149113046775635	0.43710903305824744	0.9464938523850565	
0.23430040408942865	0.82857170491805	0.7137484553648299	0.6960769776231422	0.7447127184331631	0.15757014779548772	0.011234637551811089	0.17655581014364952	0.4445157432197465	
0.19548970671511956	0.5264014497446172	0.8616459440211527	0.13323830756526933	0.958230501111942	0.8623589113037844	0.27889903976969843	0.8644604790563111	0.39896807867769357	
0.60244405883145	0.9016830911664704	0.4482566547441281	0.03105393313251059	0.4787671478110147	0.2197114256198497	0.7266901447337032	0.9845524568770643	0.8742775180667101	
0.027059377974792853	0.5648360944143638	0.5091668966047942	0.9769372166789759	0.1272270242974175	0.4947834662099544	0.5168995894647745	0.10991603245572701	0.6858299796930462	
0.28286338235258757	0.21735058190534207	0.4830080187060011	0.3430642438151229	0.246445016221998	0.19435753041538173	0.13299036586510116	0.879100714927977	0.4421062866687544	
0.24376528092299088	0.8596579825027639	0.9233747009864587	0.005061620671415024	0.4897046308891214	0.12511564553576904	0.5799282543872373	0.8544338810621885	0.28940896213441336	
0.9641866425982372	0.9486246468176714	0.9334523010095226	0.949157207738671	0.26218060351340255	0.8563179367631972	0.732394013444615	0.7057702949219411	0.24853755851529846	
0.8646445390257743	0.34529707379523	0.032888708112404075	0.012121792413824495	0.41097906510733073	0.2567092576471691	0.47604135045149176	0.42647379566336785	0.8937186699619194	
0.9151668816360922	0.18734131888931926	0.8036720533688083	0.9018270252331498	0.21527548349640846	0.33781782793651793	0.94429830310202	0.6592817304154129	0.6016958835077655	
0.2840049052379946	0.5469915227102765	0.15225878612246746	0.1151031217948224	0.8583570606152947	0.4676599107089585	0.41922531864332446	0.2934371121886884	0.9258835996188512	
0.8633073048806652	0.38515326487898816	0.5969412020074346	0.9564699820348895	0.917854534554762	0.0588276680033295	0.6941573692791663	0.4944038675700507	0.7087545025847116	
0.8157560485967035	0.7859056879602184	0.8205374365154309	0.31474384154939283	0.6820265597409302	0.27570227849378326	0.47350336434768037	0.6612751339033794	0.3018216638577629	
0.2516128088255506	0.7016427071082301	0.6913369432319066	0.8571732023280931	0.48833220038738656	0.9080607921153809	0.15917390021545919	0.9649494797240527	0.01612164101457847	
0.24541175085147948	0.11324970225852471	0.43163885861101814	0.22036626942128323	0.5626506714680707	0.7721359336748739	0.27561970400156677	0.7658604935367789	0.2533417599157213	
0.14432807490776145	0.24617655775698588	0.7883343596565917	0.491669222391073	0.41473506858447207	0.9536391993115965	0.2612626872048366	0.345278994741383	0.7717670251403382	
0.8078002180459655	0.34497015659345054	0.7654050997940913	0.8826990292903832	0.03299861298803952	0.6868955350291476	0.25587179428428386	0.9362937026433834	0.9754460842526453	
0.2961643206876301	0.40899128222757497	0.8350156825049854	0.9090438275822473	0.61190312172114	0.3128977180782757	0.23017942020485294	0.016383978986302727	0.929907430359132	
0.7122754380370686	0.6090547875785527	0.37362106861638356	0.5436793516430583	0.04607721993852687	0.7623154262127919	0.7062803875352586	0.2744401678070545	0.354733014762164	
0.4140788430183765	0.5891307525939883	0.06372713954510578	0.8354881520928495	0.6453352002232353	0.616368965141186	0.694799948101127	0.3142313868602564	0.30436361935391354	
0.48011757337584104	0.43900061405342194	0.427869054690302	0.9254233089866913	0.11641230633877186	0.9126113589868297	0.3109516541772105	0.32789163061610627	0.82480191052898	
0.12826698899759703	0.06495178783971745	0.19948199253417065	0.5537193991567181	0.2418946345722055	0.6904521582990581	0.11813494212907638	0.2745728676262339	0.22427147974616102	
0.35887837372009934	0.05289247486593063	0.9064690718268785	0.14106675436687888	0.09929222710459229	0.7657172154842287	0.13207222530745955	0.8449645385525076	0.22593371361609238	
0.8604616897007491	0.9167850277457293	0.32872567641747774	0.43025518598082724	0.618908238511282	0.4081479825738743	0.5858398426764384	0.5561234324373008	0.36860965764138354	
0.12478780356292107	0.06486002937249791	0.7942704276832566	0.18353197679454036	0.8746959531332991	0.9664832258072711	0.09156837552826869	0.15189864911490847	0.6720876541130603	
0.7415618743866035	0.38742743218619824	0.5198341953057745	0.08287035400235421	0.058298723765354055	0.5744838656258641	0.20463551857873452	0.7108469536944383	0.22281809114032958	
0.4674122070830372	0.1760025311318869	0.011228397889431752	0.2602709786250321	0.7388332155991648	0.21129476185811924	0.2839255469467852	0.21212918032691064	0.7345143579741064	
0.31786875342083276	0.8176083742598013	0.8702114477668028	0.6998699980437731	0.28677434656895073	0.8869358731098267	0.3326193839142062	0.3267654762910851	0.9074671483071671	
0.07161162826746115	0.3907401462406943	0.6080576391709426	0.06041786897996626	0.047909943549549805	0.7460482119082293	0.3317053417420224	0.900058625581718	0.19702281236412678	
0.8376218300645107	0.626364734042678	0.45921121113186625	0.13461672877002884	0.15133993788894196	0.8879630639564692	0.41669142668284065	0.5468731279084763	0.06927393568441198	
0.552337817752196	0.4138397272418154	0.6237679217518141	0.4294109510269709	0.6563220190100992	0.1501047473396495	0.22423326451259562	0.5369960600556373	0.25905135375700405	
0.22328531660243012	0.963778308735396	0.2815659417822307	0.8755790297254296	0.46276898246185705	0.3779303351601708	0.15859458231121015	0.669715911485714	0.44862089665864513	
0.41981100244982605	0.6353282105743957	0.030699853476456762	0.6622355179327082	0.5431177171813296	0.9204786207370672	0.19817312263810283	0.5970670279101651	0.42668069791997065	
0.80181196312635	0.5350335650208463	0.8993800606899277	0.9011203489759257	0.6167094090654687	0.4450620200100308	0.2578129032149097	0.1760223872033576	0.5480132539368866	
0.6438444354562879	0.7576988570396053	0.3952593062537463	0.7498601085124834	0.7313682911762117	0.7013089953038816	0.2560979431358058	0.350053557803072	0.046781952813761185	
0.5186034365709731	0.3882596370938798	0.021000824895355374	0.7208022464569913	0.7461300561228725	0.4464397755832964	0.18366558212840833	0.4634289605026929	0.607694531249296	
0.8848280836825295	0.5210684202589242	0.7671351148707464	0.967590691400466	0.8607407793810117	0.8861689427765186	0.1531952171189509	0.20948945027915844	0.09285366768848136	
0.1213584989873171	0.5294663988165024	0.8681531520561605	0.4741122546665071	0.23871511730407147	0.3157713946206382	0.04923947378124249	0.0617815555240363	0.48531453786035683	
0.16113714644759802	0.9768123440020529	0.4021348316033848	0.8170258240643083	0.34229037092204473	0.7841949368079	0.8766374488361705	0.4706176261454462	0.5873033328749473	
0.7821002565231608	0.09041637629290067	0.8278919975887734	0.35326160494983383	0.5795336483587149	0.31109405886523345	0.9670574460106022	0.8063213268113706	0.5530183256884394	
0.38967226258902	0.500494516409648	0.12137295356400446	0.7544956533508334	0.3812427448339689	0.475718813580855	0.3830840225102585	0.29787686163971416	0.1075120436627236	
0.4365518888391533	0.17490457008341997	0.5021194240241722	0.5868614740363307	0.6342588510585203	0.8919246204586669	0.5513964421978084	0.20351314588480562	0.029578336626294388	
0.659153540482183	0.7377817245435678	0.7041966179042154	0.024968199293745386	0.3091778257564326	0.37385421455364665	0.4818393291233499	0.12892355001839606	0.9254435032389073	
0.2004151500670429	0.8659957780788398	0.909871254417978	0.6729983773612277	0.5383196347703852	0.7267189756708844	0.7062221576764057	0.4602476122105179	0.1567026184092104	
0.12164498347654273	0.869498345721468	0.3354103121471034	0.2654915812484854	0.2515013134548556	0.543823436149655	0.2969887973952766	0.3853354112381733	0.6374961575365615	
