0.7188578333076855	0.6517117275159054	0.6384210728694921	0.16768133998947266	0.8220649825903638	0.9604740094242867	0.2886999871756881	0.9265523153902357	0.5279016200797035	
0.6257179137692926	0.7130591448697721	0.29888129650054296	0.9037931213371427	0.4694510553195159	0.024681138455548535	0.7348883945768161	0.8825477734198081	0.23179485941995914	
0.6585046661935876	0.48660450589138515	0.6394211438414295	0.45125309101492694	0.05820016151347773	0.03215562238395753	0.22720009217001502	0.32233296428824376	0.6262132184977237	
0.7605551900027525	0.9299421480042253	0.045053578702926256	0.7404113429768919	0.025432311532209595	0.3486366900481568	0.05308861571472523	0.9279534530339123	0.7251011763195169	
0.5908687473170768	0.39993795212193295	0.3407285617101692	0.8329933132333399	0.5750549940659849	0.2739256456604817	0.37034155078512576	0.5206166696144975	0.4409934196635291	
0.8819585682239591	0.9058367329383469	0.42912454806333566	0.10269077658432135	0.22934261485703222	0.32535356747904276	0.7411851613788772	0.42925602089089454	0.17603352215436252	
0.15783709838700144	0.278379788506843	0.6702557953652762	0.8333433465616917	0.9148857857232477	0.25463356783062163	0.007447782024946226	0.9229713234445022	0.5963240906036693	
0.43765494773161573	0.5850926920228261	0.5100097338219416	0.6394288349144631	0.6902638242095867	0.3222837923511228	0.5277379227800327	0.7353427947787158	0.008090264852389173	
0.4142388924336665	0.001449917560485181	0.568906982312907	0.47553667774867525	0.20106077867148764	0.7672142161904212	0.42106204855798357	0.23134820024562908	0.7647217141268894	
0.33967684728618885	0.4540114277064202	0.754510853203062	0.4324378215488571	0.22036566998223894	0.11366841385279525	0.024464016864414795	0.417890782602809	0.4138689137913941	
0.12200567081720348	0.457773386643059	0.455490853756892	0.6192594882593851	0.7968076025995908	0.9127899082038249	0.7261244756697978	0.4378605316240892	0.03449652880300047	
0.09595055359322868	0.3266848404225189	0.8354787596205169	0.9039932400129219	0.893744558602042	0.5574443645038181	0.0697903536493415	0.442356039827561	0.918337776317138	
0.3449201106930243	0.48813625510102976	0.4840558338200762	0.013063841119571484	0.6214566586877305	0.8664904031144971	0.9193946223328652	0.1180791111986319	0.5730725924629388	
0.6082464564923817	0.48645668182134916	0.5470173313958989	0.6809494909278754	0.5245438184468918	0.26804615376925134	0.5284717960416884	0.25186382827324494	0.2568796240795209	
0.17168681427592503	0.33574817195207074	0.5397084468267527	0.6149389032698971	0.06816976462082314	0.6592453927359623	0.8817409381551907	0.7499951562497436	0.05506515498264064	
0.6283332452715493	0.6409264485083027	0.4760510773054555	0.19876966953752528	0.167177789348398	0.7767806114357249	0.34543750196161493	0.8403040910011256	0.8448427754107366	
0.9850768237837704	0.08522605808304584	0.8375958152740103	0.9373219186586378	0.6555296890524434	0.028190192522564383	0.7600435016615549	0.08677266824969154	0.6695752124657158	
0.8197968225981872	0.37801747630563387	0.3414684027272149	0.45957765553052243	0.2411144416592309	0.9281404546177217	0.40184224040754624	0.790112684432093	0.6724650650083661	
0.3846363345581004	0.9324578782343608	0.15188540565835795	0.3763827889402934	0.7614239647521309	0.3105117662187409	0.6648641358587924	0.10279951269393517	0.7256826563300263	
0.3399399685888922	0.660847202550745	0.9937989229334316	0.4328961527168306	0.6994977049578928	0.922522534316811	0.223729348812724	0.6319504712608083	0.4732797258468123	
0.29142667198237104	0.9765088151766045	0.2507681912727897	0.6380506592049802	0.24542851118764886	0.7183153399041962	0.8866320220039403	0.5880122320546265	0.20685299700564785	
0.2775039523316116	0.3520251576022875	0.2729249456745393	0.914703541150829	0.8549144402435824	0.8323884270094332	0.7456834238637994	0.5300076047174209	0.3121222807034226	
0.0337243526632689	0.906761649999747	0.24860127440240254	0.34537347466486545	0.5395256020788821	0.1469971885491541	0.0796249735638801	0.38971890462470116	0.16176426889298157	
0.6832494765330511	0.016443171153155633	0.09381372919931441	0.004876623976456607	0.46106955292419993	0.011925038639613916	0.17141565277663273	0.3425127304598927	0.2964259175977474	
0.8157005801917224	0.24828107266078814	0.4292645624513476	0.44750530594882143	0.8180590142222983	0.506426462328225	0.14571836347064182	0.27560764147956984	0.28604527130125124	
0.042978819756455455	0.09037393210765099	0.34191934722476613	0.7386804981758709	0.33682964772033874	0.5111300736960305	0.8290321532994482	0.898910684711067	0.7056066269640019	
0.641328031472924	0.741878031891334	0.39582884021709086	0.6227014777247606	0.45279305823395444	0.8412225398068663	0.5007531578789317	0.009643026457674786	0.16901563525913776	
0.9061504134554583	0.37922424938621146	0.26819365459197386	0.9598683326079683	0.5816013954068933	0.27373791432247774	0.7143743534393203	0.035413878746063054	0.8139053080924882	
0.6258742028708525	0.4909843535535031	0.4554181147431198	0.2485280725726734	0.222722870412829	0.7054213620906501	0.27648025365369566	0.3121866029520277	0.6345630119603433	
0.14506891806192534	0.6759966357454629	0.28483070736031346	0.17192585768675106	0.21647164300594823	0.9469124484206755	0.7399677915422013	0.18720818504298453	0.25480821956644284	
0.6672054761225333	0.7536438687863284	0.7204551847735707	0.6639077110447185	0.6103195927981717	0.6178085767371343	0.3094918723122885	0.5092594823097979	0.22060446573823955	
0.42283187449318493	0.006998501574324578	0.12585356766995737	0.5289656945661627	0.06961637954401756	0.8818507465575516	0.3306524035590549	0.5894226871251489	0.6853271604871819	
0.7893263886018793	0.22827005801476008	0.6238556236660776	0.5053997198957866	0.8444208780658876	0.7680108090006872	0.725439210116544	0.8350092908022357	0.5296462105231182	
0.6981808776801628	0.09727398554869393	0.09230304276859269	0.22802402202315908	0.6846781363540697	0.8113399208737045	0.6807518222861055	0.5860276243402477	0.6712631132974819	
0.8331019059973712	0.583913697319664	0.3435593908043336	0.8469292356181299	0.48497583847901204	0.0741852980719061	0.4399076837852054	0.5265562351896463	0.29823893590297423	
0.4444620570050143	0.519564492738142	0.0595308937675566	0.5663181442382945	0.5393749963996527	0.36013517274952667	0.8537659165386235	0.9554239806962315	0.539068980682968	
0.36236224752789015	0.023534826029209976	0.9998477027900481	0.3227301820792239	0.6452915374116499	0.026166905529046214	0.878870931557238	0.8216731075864662	0.1999769188924444	
0.4613120428675461	0.254096415322278	0.5394731776129044	0.09130933244253436	0.6807277926254774	0.3237587167047007	0.7193179924644582	0.32113797036212577	0.4648618588040837	
0.13739543768689322	0.7037807113543463	0.15810523812722677	0.5241986976945098	0.8065832619514675	0.2688708241617429	0.7598513781012418	0.5513694093733003	0.3080727136137109	
0.5681819836621801	0.026141738245043067	0.7667560792972699	0.11871769675022725	0.14733146701918753	0.7031275639857628	0.9722090229929048	0.4496528037393228	0.6597587623715696	
0.9788932408871472	0.07186340898517929	0.5852765399447286	0.13772243254898398	0.22034418290030044	0.10880390146716745	0.8449548664431111	0.15822192962804194	0.6953680696708676	
0.46117737545890636	0.47304842151338455	0.6300006434065897	0.9616262211752306	0.9307668294953432	0.963481406789766	0.21350998695729195	0.888262431320306	0.5618528897525986	
0.15178490541057232	0.8370346851766205	0.533458609610255	0.9769598691891631	0.689555678465132	0.3926248842589112	0.3622741955326674	0.02660752956891943	0.15488641676483106	
0.693077102809017	0.790292101675932	0.7583052984281187	0.07847334852630894	0.061072689961215065	0.04155305057734793	0.8038128570839885	0.673839029353383	0.38522218143430764	
0.12305819299408916	0.3221304828595787	0.27629316732794607	0.37633010408212453	0.5520296882805612	0.896301322056935	0.35748473823257243	0.3342068002735967	0.9758327059302841	
0.9151158895047763	0.5731052917448837	0.35897221692747905	0.19395149393622635	0.9999854161128982	0.7905070201184667	0.7386634346632319	0.27759280771775097	0.5715132355800225	
0.4221803717778023	0.9627459159018082	0.8795626638558979	0.07087538656572168	0.07925648393764173	0.8342429503970071	0.16676179089358834	0.6986091296372624	0.9204484214259788	
0.5318750600600797	0.0735370397227263	0.3056945043737185	0.9959952547912141	0.4775869669865086	0.02226542488658012	0.005285389630829362	0.17025571322419064	0.903023785395042	
0.23182909217142833	0.09237780086614844	0.6738165458719534	0.803505590420596	0.25113087479629603	0.015203547520333704	0.1872146267295004	0.5439237111822933	0.3943777427038897	
0.7578492641025099	0.2285489374979599	0.24592170680159708	0.045504656894830076	0.23913723534195142	0.40477205573189345	0.958881529241001	0.907524103661912	0.9218688034341124	
0.190881979375629	0.47957045408381715	0.6868637262445553	0.6513163033441688	0.7078777340206848	0.7476049584184857	0.5802018320563809	0.18744899547587224	0.18837782137599046	
0.1783721119620011	0.9823997392241213	0.49037474964251204	0.4805344506916057	0.06907316004660302	0.8761417267169206	0.796782299563843	0.015242467656803482	0.5619438230966664	
0.6986020381869054	0.6710536229892529	0.7451610681050719	0.6291059958875377	0.9619727131974001	0.1457959757736439	0.3463867301894211	0.2742609105449292	0.9485230047444757	
0.03376741377605019	0.7187790379025791	0.4891681422346663	0.21915960114362387	0.8649442066759339	0.06113836077272139	0.9069125307622022	0.014940777061501098	0.061824439279519416	
0.11235939426154862	0.3114675413934427	0.3907936281089901	0.29951557063666145	0.12459465715828533	0.9780251468261699	0.15433041508959977	0.09691387015288899	0.7616496615393743	
0.13082384222976529	0.39833052148906034	0.230190323234439	0.2773239199000357	0.05213292952673476	0.5039141886133411	0.7657394319933285	0.030762335105688488	0.5833618349958838	
0.769883180037793	0.5703919933888372	0.60000910805613	0.6323492606523672	0.7316554752055101	0.3151695131091714	0.4850554529527935	0.2065554838249315	0.7698416839769489	
0.09718963290015492	0.21579594663778512	0.6361193183802869	0.4756889481559585	0.47178192871035596	0.8467343972122929	0.1910520303351767	0.7269611349359556	0.6403869162148633	
0.5906067755562687	0.8298570643615094	0.8626059202185195	0.8456199782144077	0.4357953534714195	0.41801991110302295	0.2134804379978641	0.6113745195238791	0.22291732866212544	
0.47641287718759495	0.9321844768045356	0.22395703280093715	0.9041436115440088	0.5368902138853222	0.40667359451312923	0.4089850345219217	0.6123008526532587	0.19068437363647772	
0.7214952969313372	0.9375044677056973	0.651785160594274	0.8128338139964506	0.04281274463302143	0.36054955942021294	0.9702273319784704	0.789028906290744	0.7995093778193191	
0.04185407892377235	0.02513579315768577	0.5559163628970698	0.9136978612517835	0.17626041600135	0.770415392586769	0.770504602177113	0.5477552042109974	0.4105684856298061	
0.2071344580923843	0.9936217860691975	0.7464841420301869	0.7988389507271605	0.1641742205196023	0.629020623533979	0.7235680575652592	0.5694030018121279	0.11092360498764398	
0.1788412868104471	0.042330891000988524	0.357797926396074	0.9486078301287724	0.5880946172687013	0.6139682896250352	0.32509539843458213	0.0017562007450730999	0.08591794210864134	
0.27551964916307925	0.272267985028695	0.8608678231953121	0.8729544799543969	0.5668927031630824	0.5873654451639919	0.7325721299414271	0.795152706933403	0.29160141780718585	
0.23421877451246442	0.36131624645049465	0.2147102387565829	0.8183477266581649	0.14636031100327973	0.7988118800457823	0.9086864336867958	0.8839997371026886	0.6238125197585338	
0.7524500383021635	0.46696951006255516	0.6521975079882414	0.3358231084326031	0.9262224255213943	0.7883067203251846	0.04287898621248731	0.45955989336668146	0.732016271579201	
0.03078909292594456	0.04776570330090091	0.09800474158774253	0.27287862645983385	0.39128003900634445	0.042988842910656744	0.7617449910484847	0.3970354129332121	0.6633381797082872	
0.40186425809065585	0.5618830905233231	0.6920023871592542	0.6752669327221192	0.5808529521438407	0.828430139166881	0.6674161331905613	0.5581344736245177	0.025787957179522092	
0.7261814634712662	0.5400649284753476	0.49337623691237176	0.604675236089755	0.8764051037195052	0.6283278331502863	0.16160522019638168	0.3364838712476478	0.7908222436705569	
0.10823641827850827	0.44276017409765167	0.5013234465596826	0.5817298555360372	0.05721382522128626	0.16661704432527769	0.8058993883325203	0.9420507354612712	0.523721228983907	
0.5960948863108709	0.9358769691070326	0.8039757657430429	0.37733080090112325	0.32481077181852647	0.394721774096054	0.06340279129926196	0.6161980105821248	0.3557798241946528	
0.304442291162516	0.8230450570441757	0.3277924647226821	0.35548014717096377	0.7848154783401846	0.4372466573502306	0.35007279996988383	0.1609057792490125	0.6417212850612813	
0.6502752550263524	0.4049810474195473	0.8872096587424151	0.027318564804291623	0.7289761863576885	0.1771822817183868	0.38259749742893157	0.9483485000530695	0.9022916632443796	
0.24472878109235352	0.9970142966052291	0.0013732512243822548	0.21353150856390757	0.7491714936329883	0.1130862112142541	0.7791527845258207	0.35336359704212084	0.40483701416815465	
0.5050915152934242	0.07399162421541039	0.7049726942298242	0.3150721578689306	0.017883540457301117	0.4097733484976678	0.13575442892107503	0.14634254502844735	0.21767186406226802	
0.6210791210303929	0.904902234987265	0.3782720446221356	0.44892203416039356	0.38135879350648294	0.44939503150679017	0.7925195946724791	0.9817147337224821	0.07751019827853767	
0.27998575288230554	0.13498139929109887	0.3978278599926621	0.6670879843353014	0.9690680088503628	0.412557801109822	0.32642549586376013	0.8538144193621923	0.482312548155857	
0.5142297764192909	0.49108693840628337	0.28513282348153324	0.46211623347661834	0.8179760344554589	0.5852039598457401	0.5226648374765628	0.815798208479371	0.9740316759870463	
0.7437463408283131	0.7937256827680925	0.654224374691423	0.818599583435815	0.5289362323570806	0.816894393755805	0.09120104544509289	0.6962662969950727	0.3133729780416409	
0.738611250777866	0.9241259919644016	0.3495048196860835	0.9631091023874311	0.7156196285829044	0.5412874595476658	0.8244920356217459	0.982352450917535	0.40703579487766217	
0.39768670874130996	0.5502433533966947	0.8641199853964777	0.9181411498539256	0.9311702391225523	0.7384920763456863	0.16123583483344106	0.575307638732393	0.10046789728184713	
0.9085803088184865	0.19126650876888396	0.5600436268451959	0.8299518249189513	0.3228816285084325	0.8374314404378083	0.4874625232427888	0.6815069686946885	0.7961301359669021	
0.6128780092224965	0.3970521933494897	0.12454340198833724	0.7486884858228243	0.42810322561427205	0.8181374998448714	0.2757605786067694	0.16920575436452623	0.219451227752263	
0.4261072963409971	0.6682679431072378	0.3189229734096064	0.5113895646302904	0.12302403515255389	0.7396441972990265	0.28771141425463065	0.27003121645580097	0.6761643394648201	
0.07864835655840663	0.020774909940278086	0.22194121860559568	0.9438511507713523	0.01132793779746144	0.6374529574828617	0.9356587251402284	0.72828701409982	0.6943451914785139	
0.5179418275968376	0.993400956160988	0.9973883824652925	0.01150215880713612	0.3945543139900325	0.1517088780847874	0.8882871039284789	0.6111547152696666	0.31470820773327524	
0.387025791393111	0.09183502189153547	0.41646610160508024	0.6020084970106022	0.3748546521109303	0.8188951218730927	0.296170412328399	0.16110223383757272	0.5240498498307908	
0.13373865381440997	0.11673148385577592	0.8295732684146601	0.6533279829620056	0.0294223956335411	0.3162054015542175	0.7416756363520001	0.3680762827420313	0.6781122802432333	
0.41252096801106364	0.570163048318051	0.4131988476310132	0.9352570195428163	0.4571343786207388	0.8103752312720575	0.8779675561879363	0.021034509621582487	0.269087589271205	
0.7701895252401607	0.89735286333709	0.422825069328172	0.17234648917551054	0.1890883912150776	0.3645354590318116	0.7945491568903981	0.18880658414289475	0.631612723892649	
0.07172605666612508	0.4698748394223521	0.43846105532987334	0.3825460008620808	0.5351293218258555	0.6093362669733468	0.27113071920310083	0.45790908800785346	0.29267274151793565	
0.5778125087646373	0.5023340714767901	0.4656802806156768	0.2679367855809517	0.8801038234356804	0.6818423735811799	0.06797732101525178	0.2861674704961078	0.06517890123260861	
0.043390642881417696	0.3104197908097316	0.31393543686332526	0.5334417262782014	0.6045607501472359	0.990340233986916	0.8717844114683265	0.500665088145202	0.16862534440178845	
0.1264793409272026	0.8205644028392322	0.8028526901965002	0.7359339436537822	0.36035364277706183	0.715358069931855	0.7099270717604849	0.9260926679004505	0.45082611708827336	
0.7340675011546753	0.13810755639642092	0.14650894632377587	0.5590748547139139	0.05452761435016984	0.8896022704430705	0.8462207690858548	0.9045550260175415	0.14246393725853135	
0.864718352034806	0.1324322245081443	0.738345445267468	0.031468069328877246	0.023001601319294962	0.5966728806334518	0.4696439601326179	0.2395011611315685	0.9234227091575808	
0.42794100956808834	0.9971185482150712	0.4485856374652665	0.22308351187140385	0.7411861133929657	0.9106970256714484	0.26676886182026804	0.2979766516345892	0.04795608684743835	
0.3430248249648463	0.9352552928704105	0.41602461432625815	0.13759142714199124	0.7668796470506608	0.3383719938145966	0.3806806181850928	0.49009296282618653	0.06810338537318406	
0.8411285106267575	0.946247784148929	0.9158449550839185	0.9161761531350172	0.43794710158188366	0.888339372392496	0.5703565308654475	0.2755138816132022	0.4140141638212702	
0.956858012682414	0.13814435600225627	0.7310479258137844	0.987808987934078	0.7075263251531599	0.8952591048680643	0.28105850922976594	0.7521069993473313	0.5253638500582103	
0.23183877013657261	0.5846723651831119	0.7653346022162987	0.38112135653302814	0.46097264655709247	0.8644736490324482	0.921166697611885	0.23265937945233406	0.6641503864828044	
0.4549002557591414	0.4096519745131718	0.655545966945797	0.24209510303997306	0.008766972323710265	0.05092137090717386	0.5349790366693111	0.7873119965045521	0.5878479001435309	
0.5257457217405914	0.1874489645906945	0.29319739883896756	0.24754656355888327	0.358107945360976	0.09337013233267677	0.839365839798003	0.2905543453890226	0.4718070283265441	
0.3371752551752468	0.7902870463012892	0.5064601085543181	0.2971323579977463	0.33318036214475555	0.28455545950375005	0.4260476759919606	0.304730873545369	0.8523546506336858	
0.802337310820083	0.8984882874059759	0.6726227352124776	0.303794126273208	0.5237821156441511	0.5079235931730246	0.5123479031964862	0.79242887705751	0.5046663227195773	
0.29345457376269013	0.08255421458578938	0.7444782856291886	0.8193355372899621	0.9992414711851652	0.06757994453377503	0.9408366130544202	0.4076885495571819	0.5504266494431719	
0.9362000814191325	0.7095941890660921	0.23123041527773647	0.46841789983738524	0.8626058888819397	0.7877510445887941	0.445236290354291	0.42496957607365016	0.09991785431654598	
0.14097060744997492	0.498260993098949	0.7569678896283316	0.704187608365813	0.3308772140999685	0.08982255554383745	0.3118420556066879	0.8544189229499398	0.5636975622612339	
0.4164812213363315	0.6977780541669808	0.5875508352292689	0.45843739552959084	0.6310290197647764	0.4927608477026594	0.5833395906426656	0.11256633083084577	0.30459194218250196	
0.0022494218559885315	0.777961502292076	0.3893744079141359	0.44046696573406985	0.4721604208060953	0.9115375705896809	0.5638494400776901	0.8492728474960259	0.46289566280558825	
0.750573378261956	0.4067005674578815	0.3958549154888569	0.057472246933425675	0.4772262319313644	0.2323421490133496	0.7906434636040228	0.6537620330266651	0.3289982284111185	
0.917628886866659	0.11695027504129174	0.13089402805139205	0.9672693402384785	0.9560691469620405	0.5886365636796904	0.6399602573935689	0.29452588409634906	0.6228398684456882	
0.06469987647283959	0.4358145765150119	0.5982173015052014	0.2500372362039137	0.27988589338628944	0.47957062308748377	0.7764681946373163	0.4365661338635325	0.8576098558074009	
0.7493431557552264	0.5974652718645056	0.7143495180862335	0.18116180661965375	0.14879938519970082	0.24854777086262436	0.021939046396308948	0.32584148026695925	0.10144919521066764	
0.2123623083443973	0.2304176936318113	0.2607833785445852	0.9533997425667483	0.6582281802037137	0.7899728378491263	0.36800188388880917	0.8579637623090917	0.6545557987858771	
0.9028731224113216	0.9543175635647372	0.9057489374939138	0.7086836835139906	0.3748295853067981	0.3964956089506789	0.5603532811088986	0.00986110315427835	0.9922179895307619	
0.7544624779841224	0.068932846855708	0.03291936717773203	0.15961745681624206	0.7308801866292829	0.7429697211692687	0.9053004273605461	0.04997721701261082	0.35851691006300845	
0.23759455019002163	0.39601017465673793	0.16294411995562286	0.15330411083257744	0.5043246764587866	0.9143385476374202	0.7335918817074021	0.5485790067207007	0.485087933368337	
0.6423209777733936	0.5647823654059024	0.9581504833755089	0.5424805870342777	0.24036334954053995	0.6058557334243274	0.7128686181301254	0.2556402286459398	0.7977727239899571	
0.5888538194512684	0.10477767108898639	0.779396605327976	0.648037392014394	0.14059756705926485	0.6852180133746204	0.6908654191433903	0.5913645776640208	0.03923142725634643	
0.15234141438270432	0.4653041414244037	0.6515831712116427	0.8640764652435171	0.441695206363684	0.12305488241687523	0.30685047722638104	0.2657557423112157	0.7499088696159142	
0.32692477270958953	0.5077656007919307	0.8251418538824389	0.05876023086864557	0.3893615912541607	0.17238058336696738	0.12325437587681376	0.33603274717984943	0.5196481494291612	
0.4842213900424712	0.14122733027244927	0.8769977689928532	0.7480810617976786	0.38970363618223913	0.9109191440837802	0.845201143865537	0.006128708536961347	0.8087984596184891	
0.7331452082148012	0.9413975847046803	0.7179867880280536	0.9859971372011405	0.7136126871898544	0.7545233362847432	0.6170344032721496	0.23211493814084583	0.19479418521649916	
0.15310044182339977	0.9791498137196368	0.25719438599248556	0.8257906506104318	0.8900462895306602	0.14647814319763353	0.8864023715180036	0.35364863702078664	0.6939891625398126	
0.02674237002537505	0.14453298718906993	0.2579478786017657	0.655669375722456	0.045721936680803155	0.4060441237369625	0.6888315864412029	0.1939098729499903	0.4243295726328563	
0.5139831992309877	0.2861023667739807	0.22608505078275287	0.9396544379325049	0.61059334724136	0.4422386229507025	0.9648377759056774	0.44819416592248384	0.25327643014032397	
0.6661609599004633	0.5011370092631803	0.9255505194818349	0.5055888030360189	0.9557542241983671	0.139088164910265	0.6714491692167683	0.4823791975406564	0.2956533728098769	
0.7172147058230663	0.4802164158755059	0.25298917933991794	0.24272495968781027	0.7886686335793514	0.6360252806853138	0.35144534570110386	0.7607452403811505	0.23052055083661993	
0.4916695848769548	0.2519327238087553	0.10878858477423281	0.19407855941972185	0.523870846338699	0.0683828796459478	0.7863779964894236	0.9201058277322858	0.4297171867826217	
0.2359829415838287	0.38032940747346566	0.6641917467397418	0.22192393693338353	0.40809116370725584	0.7366598344215669	0.053894942667442214	0.6187246734944202	0.64340563927085	
0.2852332286794894	0.8052124955451975	0.6629452227045438	0.5888324045358244	0.6477457853957044	0.44595094852753603	0.014552877530773833	0.1377956217037526	0.6403225018890206	
0.6644604735033788	0.9586086274588018	0.21982687525340938	0.4580424492434928	0.45233342663430576	0.2373093508036903	0.8804919826277872	0.4699968280965978	0.02345407242113262	
0.09408939528726035	0.05320848306061576	0.8246635776098401	0.12172584284485255	0.08374296715850538	0.8202826455340317	0.2825371213784803	0.6227856390766479	0.8464531725090145	
0.46045245018252656	0.9800011295294071	0.9548153929445292	0.7765573602233729	0.3997821401211388	0.2845982740361822	0.19759148197027965	0.8421843423391033	0.2622748119136733	
0.6340726868597593	0.17016431298790646	0.4626744649496166	0.7844506655265967	0.7084690370698971	0.07543572150152855	0.4958805341021687	0.02181028842706345	0.6085560827115835	
0.40750121635888903	0.7067407454144136	0.7412093591497959	0.7359189856594279	0.5058547660779594	0.004723067057703201	0.42358923708503116	0.993359795928861	0.7145839440414632	
0.4853023491923998	0.3597410457887674	0.5863504719123006	0.0046407395248991845	0.39834732551874286	0.1644652684326331	0.6832722299356453	0.5112475093669233	0.8965714642660252	
0.9005098391623818	0.2664505205119039	0.8594324828437477	0.4262051934267117	0.02672508730287071	0.49148346152621003	0.2833647099620875	0.7020439428068851	0.8369266752983171	
0.6344072137651342	0.051310389117574906	0.47301055567691963	0.85260029523982	0.9006533352007585	0.7825213933985362	0.7896487061309791	0.5985054066576998	0.892638080496685	
0.08094709567261482	0.9960471279489507	0.34027399898483757	0.31678176283881665	0.26040561777182936	0.9267422671492586	0.6282422224154338	0.475731094983472	0.9815664390589496	
0.6649700925856591	0.050661906572872395	0.42592776745508576	0.17251229550288383	0.3867294035314631	0.7610257430008379	0.8711333557888888	0.2841059784344877	0.09653135238117816	
0.9680497046924382	0.7609007214301305	0.4496449958582083	0.9695473868994093	0.8523910426555558	0.7093567362367362	0.9303840619702165	0.12196676676040064	0.978933567859724	
0.19730891151890062	0.8516377762569636	0.5511574029307128	0.868074570629305	0.8320609387923357	0.2561677677177405	0.5596680660988032	0.7997304628741784	0.78851273250706	
0.7097977703124695	0.2861997098244844	0.477473274882792	0.2573039722808028	0.5816598123245016	0.8424633854268458	0.8896529253228288	0.6241208675518795	0.920237445304771	
0.6605704301862995	0.9042289108051241	0.8101065415692387	0.7447986377912506	0.08184244125333495	0.7740179638640446	0.22951519348792682	0.5256560468080689	0.40440786784759586	
0.6659947844773816	0.25266000039615566	0.7550452118780122	0.7682271126302997	0.3308449313408667	0.44224468995930766	0.875236872712333	0.326367599660239	0.169224583095695	
0.34338904106200674	0.18228194878846427	0.4397590338738113	0.1137058372105827	0.7803583517476774	0.5877893827540768	0.6284622758867915	0.23004915361982492	0.2579816529155404	
0.21126752683047678	0.15508048307549205	0.5808806721455999	0.9329752844903579	0.6974955702683047	0.19836946360578567	0.21344512811889393	0.46609142839868123	0.08939056740260365	
0.9578047864845143	0.9759222419631765	0.9719209758053833	0.6204496465023462	0.8166869627064078	0.6068756744325882	0.32984533489136814	0.5172254158144434	0.7227960525494258	
0.5549458421086207	0.610456008636664	0.48128547034604696	0.15263468603589891	0.88632028058814	0.6312722026418871	0.3154811016690475	0.5700200100433449	0.29004745446174773	
0.03623145245777737	0.8715262012489126	0.594264481496108	0.2348497630356493	0.2159773448740281	0.3577041983701744	0.5764578144823347	0.2353083159436501	0.5293649441590014	
0.34104345496245636	0.4316522899993268	0.5539776833714366	0.2948706784933761	0.983968313810296	0.30871103672429845	0.6290507725342595	0.3937850797434428	0.7382733736007894	
0.43694596076142045	0.5005033412803632	0.9300150969059153	0.7149093271144636	0.23637784648305482	0.21906738668027592	0.553779861836844	0.8980855622302037	0.5730137089461391	
0.33138107995013344	0.440995711285173	0.03144387557253403	0.05353213396725354	0.35442709257617167	0.18235052703993782	0.7602817516273914	0.697325725517333	0.42573539152825535	
0.28848036040081726	0.38982586928386576	0.4028959373751627	0.4022649277730569	0.5627347961159485	0.8678432125218969	0.9602633513047679	0.8403672681413128	0.9903705366853172	
0.17599794851887252	0.43703484332800424	0.935961724058246	0.9068657456402708	0.560124436676961	0.6025600639084787	0.3738577079919996	0.34661500589147476	0.20937470455644458	
0.44091965775772024	0.18673538873375717	0.4708659391385658	0.5529804606714059	0.737637106826804	0.43810082866830624	0.5819886632941381	0.035427604083896114	0.6504975598020983	
0.26125570496502737	0.6337960590355874	0.5252333070448298	0.3381216029948225	0.8188484012951138	0.09327263870648428	0.23700568265234068	0.436615653194918	0.6985840367359762	
0.4785023467082843	0.23870404844745663	0.9020957975786081	0.038130844948256026	0.9788456281595651	0.42258543165595863	0.23805852398584915	0.6068009891586946	0.09145480072406131	
0.1269216446458219	0.37321187230485997	0.28607775312973394	0.04713494736664803	0.3018863374831713	0.6017831975145095	0.8157595341174344	0.880410732975733	0.8204235923395532	
0.30475778311089263	0.4785001529894706	0.6947431386864906	0.35919117209773177	0.16248096847345983	0.6107374237845516	0.786684592575633	0.06059615566027221	0.21188876650758848	
0.8366209216910608	0.46661914260346915	0.8985638446822908	0.6004025841080838	0.31241667163351516	0.023627675943168613	0.24565680081367303	0.059419913147548464	0.7512078906737948	
0.21247598503337517	0.739165410189605	0.5430585784038116	0.9289623264456349	0.7710313006095861	0.5485631495914417	0.02262032876587583	0.8166034034007039	0.32324404259341	
0.7726560343935674	0.7148369100793147	0.4318856513578657	0.7031557188196309	0.6660783290073607	0.7419837823092458	0.7544084941455163	0.2816748827952631	0.8171266128669837	
0.9395398794051457	0.711632712132957	0.8321846496462022	0.6925146778624837	0.6408383563820796	0.9428066435109419	0.9667527778861751	0.6658620768277822	0.975104867089128	
0.8505723417904236	0.11859018083521711	0.5209139454018145	0.352956095208216	0.8188242637002731	0.8483398069890776	0.32292969918830694	0.061099937076502187	0.8644582616630501	
0.8754627459697626	0.9109643514993192	0.28322725034467433	0.3090717294633958	0.530424208231705	0.2736972677261966	0.5522867250794263	0.23161203666155827	0.6506101996455006	
0.20327003172074454	0.7810151323046681	0.6102311994766937	0.5196733829726977	0.08158501183944555	0.559887251554417	0.31623166714650575	0.5739109376867632	0.49081093796655884	
0.09246624426711236	0.929422629130066	0.3935162295478615	0.9958415709528555	0.02104551843030711	0.18618108469482753	0.9216261358803027	0.09023141991924122	0.4278816698753939	
0.43844332788254037	0.3123090745425324	0.4079593194833756	0.7171853637805427	0.16931867804307565	0.6182852710348175	0.043583848504656575	0.7775247631979602	0.9731734599517998	
0.5734446229357107	0.48891354408172394	0.011027072494221968	0.6656446107728206	0.6646686149540528	0.631854529517008	0.9915049422515697	0.7361769989263062	0.7806910880292885	
0.7169642224565577	0.304710432803048	0.04037157849936357	0.22050875249216706	0.3321984696283782	0.7861348550727764	0.2804022179618956	0.12583791138530676	0.3610452036619324	
0.3944117931321015	0.9522563727612057	0.68461532117024	0.34422872902913515	0.3071619711281668	0.6172130929853837	0.5888093503827816	0.6761007530218135	0.7729610713554389	
0.8548956307450369	0.2653906745262219	0.31608292634962964	0.7740091462206703	0.3009728890803691	0.3058048486021654	0.8268652769848959	0.09036465864678611	0.4166708028330719	
0.6474368549571098	0.3813609625177927	0.6481250214830631	0.1008666244014671	0.4571056846484409	0.3815891077666981	0.36249275837063233	0.09988167113804713	0.30756804764133416	
0.4553683352146868	0.7500961937104224	0.48191482195053303	0.5561973120908054	0.6699216160219759	0.8669140183811872	0.882516796987312	0.48494874807884003	0.3257366455199159	
0.03681950946643686	0.8594780218768825	0.5803330878446837	0.5139614895327943	0.9205054488548202	0.43444522953840625	0.9244925088193523	0.7473220909295224	0.19066413754235767	
0.588923563163149	0.3999815507469031	0.24186447379150988	0.6404618189817374	0.9062885129109625	0.9096700732829794	0.6086075689053878	0.1918958947506645	0.2896571705075057	
0.7220251004807018	0.0778688762972215	0.06608677436269084	0.5526984347414884	0.9516295585592103	0.25585574907920694	0.23318413649331604	0.17597437773427216	0.5398453118154767	
0.3222786468742378	0.1637929945160369	0.12835936238136747	0.1401989593519518	0.10425332473254423	0.6670021454648858	0.8714930024793794	0.5561303286049745	0.7168292432579565	
0.9100954171131034	0.673039198373645	0.5526591601732703	0.08028558898729021	0.5743766361652989	0.2617927234554164	0.012833108373976998	0.27892462841930554	0.302355898556793	
0.39327708101971237	0.968356573415104	0.19503227118440303	0.5796332015512908	0.10550387270974826	0.7035224765452518	0.32568669915641024	0.3448595693827241	0.30862565963062905	
0.3670948468427031	0.9401012012606422	0.7168008191624937	0.004354709122438516	0.5745554574417936	0.4767067197335012	0.9076911980848248	0.45415819409320723	0.11945858476784199	
0.44453221080810235	0.42480542791372033	0.8568418947825706	0.18593342335746088	0.43589900654676705	0.30959821922930986	0.47956075038538115	0.17412791464488364	0.8518300273916813	
0.3434095431526424	0.594944326395075	0.2510276278053125	0.5293927212879582	0.20502479751715608	0.9095254578798392	0.608545726261525	0.8503369803224816	0.531953457505004	
0.5233017820939019	0.3667928800408409	0.29391551931582194	0.7118968117647541	0.8305507984245549	0.27242125604251566	0.7781925165547207	0.10428778735064759	0.9324223363180376	
0.6932627361175933	0.5280185247841521	0.3050584765290727	0.4166477581088788	0.6479386676400398	0.2850513160729464	0.6543235534342436	0.615446496510649	0.3271222714588763	
0.44888937210501	0.7840746877603899	0.2218221821664459	0.8852993793048628	0.797506786373599	0.8332599252525128	0.2520254873046843	0.2000142823616552	0.10125835629227031	
0.38033132704932426	0.512235309342211	0.24538500910433658	0.9461598259462214	0.3235320591222641	0.2493168807567846	0.5675211310963314	0.6834204100606334	0.6659132020838399	
0.6474082297237393	0.9778507459583917	0.9084318942216203	0.8774746726094308	0.3965492391891239	0.31407835422279795	0.31756933604080817	0.007021719117886627	0.615885688152448	
0.880199284691777	0.23070363741541722	0.1429097492103657	0.648425828822564	0.33322410429857297	0.6863600601342272	0.21863253557346085	0.4252969487352174	0.11090762567668333	
0.376256256342857	0.5179536022751048	0.010005691119651328	0.07439735371037215	0.9437797558901977	0.1923322400630605	0.33907541941906505	0.054539173407804564	0.22205264390495882	
0.3913080636658487	0.7739057306121085	0.9005051233009911	0.4752334670833118	0.5124145366121305	0.9790222971917513	0.5670316384576695	0.18605584087651938	0.9146621605865212	
0.7694801594152869	0.5309042691427713	0.9983872778930771	0.43280986108306685	0.3115195591280723	0.6059729602282484	0.9757800443123537	0.29493936791457054	0.9059228477546073	
0.28882859729800925	0.19478321976559287	0.5429539575425882	0.010393007224915984	0.19671076880905636	0.9889506632647053	0.6927193160743561	0.07082568179178861	0.8936406404288413	
0.15297372847629265	0.007204462131122469	0.15880641146350727	0.3338803708391638	0.6394516763311646	0.3239458557207553	0.37798983364287464	0.27359994884888816	0.814195375424644	
0.9439633738464897	0.6559621357636277	0.9599120760595142	0.4522626811818955	0.37096709598679267	0.3132906623809818	0.5004194339024355	0.8297429532014209	0.17826186338651429	
0.9855726071706638	0.6023343568691485	0.5231276807022467	0.20294602460899802	0.5098651225851615	0.9803356253565214	0.9272836298013477	0.39401328655266055	0.620653789717035	
0.41655399562029405	0.6983845672320481	0.08455899751254559	0.5206708623586314	0.08815263410639795	0.8302855712143109	0.8209715708744603	0.8828682856261201	0.08350066277635981	
0.5129207130152891	0.253105069854876	0.8241218645501174	0.05738049624121011	0.3433574333611248	0.21452743663862806	0.7776858399847411	0.597585846129584	0.4526727222107	
0.9268314549200882	0.3628362408911443	0.36737436419007286	0.2767501675517039	0.38331743401591856	0.4931373235695212	0.8528113052934607	0.7081892609810512	0.6300391448846151	
0.6649945597607835	0.2986910181632425	0.6846466959737667	0.7720011485287902	0.2726567077702957	0.7610051089542356	0.11034632593302607	0.9490237345149102	0.9578825194262084	
0.49028846042581364	0.11262365773885974	0.7835229646928796	0.42750903056109724	0.2262177196841343	0.8175637448094301	0.8516804681284368	0.9668739811033764	0.8057973941572435	
0.8015654758929397	0.11518555983462542	0.5212322668839282	0.5315491141934134	0.28297910084227373	0.8613852411319769	0.15809002270831185	0.9714725339071496	0.1497542753114609	
0.6956571226875069	0.5194159179548793	0.12883915544350677	0.359638481105517	0.9592094831643982	0.11743681491831115	0.3271921157605977	0.22288439648433445	0.756149378214385	
0.21608556851645366	0.5891532972514977	0.49320204376206933	0.4194293846030347	0.6259696622750096	0.7176309652857051	0.029356272573416997	0.9086412630172964	0.8049661833221257	
0.24925122780774067	0.2986042620342718	0.40919236726838637	0.9710633249180157	0.4551764910425371	0.48303329016444885	0.5888143458849991	0.10397687211058249	0.8232708304996553	
0.3862081150259914	0.05036065416391111	0.33205701262905574	0.29621210456597247	0.220519486901804	0.9195931098126966	0.2793155065113032	0.5516731825912723	0.6913284715619423	
