0.6289687582069974	0.9329921156921474	0.4916015010784891	0.832737415746093	0.6029189441583368	0.5154056701339031	0.7479662440409551	0.4003098825783882	0.5643924497291473	
0.023943331927126832	0.48647479309004127	0.949669004199166	0.4630065658434357	0.9781915021041278	0.6158110099120143	0.24548141204314677	0.7277054838986783	0.6610047957789846	
0.5642728919926036	0.9493572931430968	0.6578622787397642	0.470478936894698	0.18854022083866973	0.2135928868519522	0.00213490951306905	0.9510641138292081	0.6055397968553855	
0.9263333482895326	0.3499827096332885	0.026591699101301547	0.20184918954997833	0.6535768645371124	0.944826133632001	0.3868770718568637	0.18847457259860145	0.7880340437079436	
0.8183564534303421	0.055241177275519915	0.38657277073755947	0.899723321427122	0.018559026127394462	0.7276701788594933	0.37934263470190066	0.3562963014054693	0.07442884168065267	
0.8113372411347874	0.3624095751141644	0.38781668755676824	0.5167291381930683	0.9937382286967807	0.20096021064000325	0.09991508551417927	0.6248906421797661	0.5323049156473324	
0.9660958160975868	0.8694987786263052	0.34411585264040867	0.36556078768816547	0.03643030772663769	0.5099340113411267	0.7173817539280571	0.025552930036249255	0.5026093598287793	
0.436877205690281	0.21167974395813616	0.7674139930904623	0.5425209181059043	0.6142872790993141	0.4420073842114751	0.9354583641619433	0.7393673929665385	0.5647954742608774	
0.49204232767267364	0.716443658168088	0.9457626512737175	0.551203350705466	0.6331221256762103	0.33796226224993675	0.6593421162604596	0.5739181284534726	0.19503720644633715	
0.6866035612779784	0.2977810080344283	0.8618725575938642	0.7173338900155026	0.42209987317118614	0.3178761820924608	0.7356648293666566	0.3443131328526857	0.06838821950347107	
0.7602703020922422	0.15013275222361389	0.5434601942728099	0.5974236325403738	0.059983524992855086	0.7082059063222487	0.35835142493339034	0.09211325593925257	0.451293408442883	
0.44968414478164187	0.10653475016470515	0.808689293104389	0.9983767682227429	0.10080546152965908	0.475472462680292	0.3909147974204895	0.5861397279328959	0.9605415466702781	
0.8627183831407761	0.5698766019974032	0.26382953632519734	0.7760560669112704	0.21105573827068014	0.5867281267707172	0.11688015063695845	0.10228979872943245	0.7580471086265601	
0.1933423049210229	0.8282719239471182	0.1398714562280038	0.0742798601464667	0.9630297046906748	0.04479135434501713	0.6862349396072315	0.5957668686993862	0.03888149430761134	
0.4430873413893007	0.05785358407600949	0.5190958756390786	0.9042446747987624	0.703053802381535	0.06247084771791833	0.1628580174870381	0.41575681813306076	0.724886667347808	
0.7901073658508552	0.03722562908576388	0.1183902466595459	0.9183331586134252	0.45712360792635043	0.5311237176010198	0.26577617609019843	0.20146906676787102	0.5200163866031045	
0.6563976901441314	0.7421960527094924	0.4269534863733373	0.7748120310945826	0.18126380533736974	0.24202112837672873	0.6883211254326388	0.9043720402505798	0.22260362139271428	
0.8448714745788963	0.16847865161255837	0.03136541889498157	0.17177988613612138	0.5333362525301102	0.5893563087257078	0.9944706549772838	0.9028738179862003	0.7916374144235089	
0.5189349843722794	0.05520914035465052	0.722687965818215	0.1704095513939614	0.8084467003475437	0.37755868468422327	0.5687209281194807	0.8027998910173688	0.5500819011365258	
0.048251739933482085	0.10471980450032792	0.6140883299863983	0.03646402787997216	0.5834166542078578	0.1647274199501252	0.35149374097216224	0.2210437163252258	0.6784747849845503	
0.5421056159618587	0.03468970666822735	0.8559503509692993	0.32973263996453017	0.1980085501205392	0.902926891398984	0.7376043594631296	0.7101444740754507	0.8027562564072395	
0.06042736781187763	0.11204968660613146	0.06820154490471131	0.054994291400556006	0.6349016363671229	0.20515828961816496	0.032999192486293794	0.5874550824438389	0.4882082651823334	
0.38171307141590183	0.5784851493081844	0.793871598210054	0.45219417704891285	0.35520167021795734	0.6413937622381671	0.31677601695318136	0.5459074332373062	0.8964842630005003	
0.7266992636793236	0.29483850473125683	0.15847271395546236	0.2320536369491264	0.037624651314479896	0.5750277176828735	0.4745200602826941	0.8107149132131484	0.1528009775007102	
0.5960999097874218	0.2723798302614956	0.9431323996229783	0.5385696070075161	0.17809319175858063	0.33249553213318617	0.7228669471120784	0.395584633193642	0.34196030580949033	
0.20704006187216561	0.5501844359779646	0.8960225997503237	0.3487507580706639	0.6478861671597553	0.006716015051610458	0.7792116969552675	0.4200231577049962	0.9961302706329447	
0.8135933575682489	0.13599730630553364	0.28525465627863944	0.5745240092255861	0.5365257868219132	0.18095989404311563	0.47759520699199076	0.47494893539974226	0.8707756286666527	
0.03975897761367708	0.13573992852668215	0.19341336420062782	0.9288134071108073	0.37006957269618246	0.9320423627735892	0.7277458103653126	0.43409838110358034	0.7817793774266703	
0.3183396146583375	0.8969626511597495	0.4732499050099971	0.13046881720781478	0.49692639610880407	0.640557099957004	0.5470578813158995	0.9566640033936349	0.9372368478732215	
0.12071459284307784	0.43433298442066726	0.5356499607706694	0.4542357586406538	0.9475194546524669	0.03899881136652361	0.36881162275535107	0.8705213438283774	0.11053518013108377	
0.9387015860821161	0.5294571096047144	0.7858836850558376	0.5925211292759429	0.74737644491677	0.585828858970031	0.404909082033746	0.5583706740080038	0.6426972222439827	
0.799198225411793	0.17946658225797174	0.652321682540087	0.31887189700201546	0.34002728547715755	0.8222796237382726	0.5863370227701239	0.8740047190109533	0.779205948576125	
0.006131521123098893	0.9653825811651414	0.9988468823199101	0.4165823279562425	0.17671041477067784	0.04007344793557466	0.21691498410935406	0.4269057495536206	0.5134411911434869	
0.7363823773081395	0.2310211053568847	0.8439861089897517	0.7139415694290584	0.41664517532096745	0.5063955291321658	0.050618244118932454	0.16359509478235523	0.22414801560764008	
0.347636575292148	0.619801538875609	0.1516036995520713	0.2754849517703669	0.06795212289401564	0.258384258340142	0.3762881890931974	0.312317436684463	0.6275935497539677	
0.33665888271269795	0.01965914691933346	0.2868077759990394	0.8547877853744721	0.81321019290875	0.21934520925513756	0.8607278674062608	0.3931189127918423	0.7895968565391378	
0.5323045441475315	0.6472113803630563	0.07544629094270383	0.07075122673753553	0.9641648318943123	0.20810738567428877	0.7388062253142234	0.26424446807126023	0.5645419828987388	
0.23413690695196754	0.7893674480265328	0.3285662618266081	0.6383813469552975	0.9660970613392271	0.711896413719384	0.419907290771274	0.8214771106257635	0.4850261089671467	
0.23388789233573404	0.6810115519717624	0.5530147253557215	0.5487404491892756	0.733971209674984	0.13649896830526054	0.2463308527457424	0.14690534895845897	0.2882336456134339	
0.36828287420591677	0.43617448785995183	0.6472992553654855	0.2748769728766137	0.7476129974486477	0.8556252076996986	0.2442270257164031	0.2992457262542504	0.05321713701906339	
0.7264118232293464	0.48999560331805336	0.4760444878561686	0.04933583465046576	0.804936982008583	0.9051330826348009	0.40924772379022856	0.6028764801280515	0.2593028593605895	
0.4077831222564333	0.5191976629037438	0.5547094631362505	0.2343518547129757	0.19237738643468394	0.17034573302894118	0.06034799282148706	0.9159048952752931	0.33125639245623717	
0.6488984121115576	0.6854606530186323	0.12326743909938942	0.3144362277663051	0.8095955038381601	0.5746220593074485	0.8863794029095402	0.4564151278860923	0.8373300464291364	
0.47364718988455956	0.6536186637156477	0.9996773170880384	0.40959433314756877	0.1736211156741636	0.6233403795936496	0.9848431537793593	0.8142054729876438	0.07208904997250143	
0.6288677069627168	0.65674763990075	0.16190970054645282	0.9692755750381344	0.4871192456156047	0.43365970033535495	0.11853702033618185	0.6565325547359734	0.9423974700600859	
0.2253613759602371	0.885895597878205	0.3738487635679002	0.9341418745925374	0.9405905038263515	0.9599789443985303	0.08962624529397356	0.23816940208127835	0.7793593288971897	
0.4368937415389381	0.9081651061699529	0.4638228213371033	0.06663761055542838	0.4939788746788386	0.666734256755915	0.7972947720926864	0.7618818934203041	0.02739313755824624	
0.9825654437269995	0.9860566785195096	0.7740910152641052	0.5764608820524425	0.02728719853860928	0.3558426541527958	0.16751432571551683	0.0020985780092781514	0.4835382629548358	
0.9929018279199562	0.689233749748249	0.915188940794437	0.6409016145563136	0.5683138391532646	0.8214202684427512	0.3898725742665784	0.8548462171450615	0.031033619097363685	
0.29710422451039353	0.4902374136715395	0.3820930178112222	0.7209538410714689	0.7123518384471927	0.843689164392685	0.7518437614203601	0.7032701859789987	0.9068321054862342	
0.17288425388436324	0.980203494481611	0.9177946528385468	0.046976285814299246	0.721747674519647	0.11359687497497906	0.2041057004727066	0.4577213843683272	0.0762215791415155	
0.3865800223404088	0.2007739313267769	0.8166467309492677	0.4388708926636664	0.3421789137703961	0.4243983218469639	0.6358387901014317	0.2549566943768301	0.7354931121371395	
0.7614713228901886	0.23765808050905923	0.15817909883057868	0.3076907216276997	0.44288917251564186	0.7376927126979929	0.9943165780014317	0.0320744121997818	0.6771258351197126	
0.6936755065569653	0.3999802092984178	0.397163547141946	0.386788988754888	0.887616498694908	0.4445852837148452	0.558625276214174	0.20287878412774107	0.11220227468002797	
0.8842479525042054	0.9534980764867708	0.6927092189504119	0.02264223326860859	0.41748132442152086	0.7721600400827595	0.0037845300110630475	0.6620448264386976	0.9141807765791988	
0.9062033235269307	0.5927950806653982	0.1437773698131164	0.32295466695273856	0.16828837075303216	0.7789215947355863	0.575113969237896	0.8370039247814616	0.5450324647110613	
0.3073264787787716	0.07580826228665816	0.4229093358854501	0.8244256669221595	0.8258028071344898	0.14093032935682592	0.3992297820450468	0.5253841439101518	0.4213676626476921	
0.1728341929321019	0.11383835379008911	0.46663292936959677	0.4711583555380694	0.8466666626601852	0.4908624880544439	0.7287453478704434	0.011824813584501936	0.256115943644296	
0.7475577128309331	0.919026092179017	0.0011416627104793298	0.40715524987731866	0.731661976795515	0.8259283676239252	0.9098903722756351	0.11812537449618288	0.7106678990782959	
0.5794141595591081	0.047104210862295326	0.2231346856329698	0.33952480938467866	0.8318614096595484	0.28608185100796635	0.8756421253252524	0.7012999008833127	0.21886303836632703	
0.7379242990570064	0.9445935214456339	0.28396746416193985	0.45767135001067005	0.6450375024224098	0.26149607296012367	0.48365407713180686	0.1639405066447619	0.6671595931042181	
0.10395715897557933	0.9416715505380778	0.18871741451673651	0.6598371936058521	0.7137656473719185	0.08133076158657027	0.8354118284183258	0.22843644698993415	0.2844878347807114	
0.7547580558867585	0.6535950503955946	0.5392410452111276	0.506577805222467	0.37888151251323354	0.21583543442627595	0.5331368721676626	0.50404485441714	0.9033913143735957	
0.37519817164266234	0.34969597300671096	0.14607360004121672	0.47510602148992886	0.973622331426658	0.010010034741032015	0.9490913314638079	0.6842104972474081	0.4461365436103891	
0.5431236481551727	0.04045546211357043	0.03362161169373279	0.023152481573804784	0.3071392161789567	0.19249793071164434	0.5696900813563152	0.44899015282601784	0.7203463173722432	
0.26315119863252534	0.7032057911619146	0.13096482744883164	0.8191257868631724	0.9200777640127833	0.1987702749753486	0.6862451680906564	0.08224649876083812	0.830259393091073	
0.32937806327561836	0.48333604365014016	0.9678805027755306	0.02978946977694763	0.8678505420438667	0.5492508832695425	0.9577390222617898	0.1795256695197468	0.5848435038013223	
0.8016311691062232	0.07215293563712577	0.23769974021478768	0.22810910884497038	0.6419424169529754	0.5075672185060975	0.828600626339814	0.6586060277394136	0.6412954184624904	
0.1793551485156175	0.6248344418635753	0.6641301314856339	0.4179993783651633	0.7719607874697697	0.49643578213876527	0.36712204327776454	0.3583933387697811	0.017832781430719535	
0.7985475130490752	0.1816949201145669	0.5650932503179857	0.14594663125456264	0.30861832777283515	0.4399105505475317	0.10447181790750426	0.03828270127557243	0.8929711298998914	
0.37164715440967067	0.7059860841990625	0.8115573530737168	0.349178361396013	0.7620639437101758	0.22769226380823648	0.9740778355713213	0.9934529622521283	0.17579233781575165	
0.9169040178346979	0.9423231713798284	0.24531103680155175	0.1409363739827606	0.3912088806606051	0.9967275879878835	0.9536176892931862	0.6774318400229359	0.6353031160788656	
0.31749397536549673	0.24602160309238175	0.741854072500582	0.8922254407945607	0.7876386192794895	0.46723513833208863	0.8755953391385537	0.3669015888950342	0.1391148997566386	
0.28655575369917496	0.08013914004446232	0.6251363037633757	0.8585575361432604	0.02999425611944173	0.9089395442526362	0.8270062792427334	0.1549109907938102	0.047110443081417874	
0.6285671611956138	0.5983275633216605	0.15928689594185463	0.3236346151978766	0.15080109607653214	0.5229118047748302	0.6699430501361392	0.008176985827265004	0.024895322372373907	
0.2131480218103814	0.08565685742400964	0.1396122376375316	0.8045068743858891	0.8584463968128139	0.4148995384316251	0.6311981095153605	0.1457375898017108	0.49313548667298157	
0.806035066187684	0.9130202797343416	0.2132768090790197	0.8345435668513779	0.4498006373431973	0.8119269584057629	0.9265665752794874	0.6986532139544489	0.6455300156881321	
0.06854566160970577	0.20661661552240795	0.14031537263726068	0.8728154708561339	0.009605166101279705	0.20383854414661273	0.2784725696962367	0.8660960957165839	0.5691230636759207	
0.5889334159359103	0.9152417378083058	0.41609382892701596	0.4578849093614673	0.9757593275090782	0.47961078316010064	0.44053192969733435	0.3095040599396701	0.11528637973754707	
0.10385021159940988	0.283900392979595	0.3855976412294536	0.402154203589023	0.6695912688558503	0.5475433551906013	0.9881986124906638	0.9202005612179832	0.024593263502727503	
0.19639902633796502	0.030453783684380897	0.20674271312006276	0.3433621682776694	0.17477685147631905	0.7912512631498521	0.46681526780598437	0.6829303146350507	0.7695927842371336	
0.7913721003412268	0.6894661510334332	0.0018603974281873326	0.5175612992841554	0.7012341706993528	0.15605876104204697	0.638988361595497	0.5022138926327756	0.755757096745241	
0.20576431805851614	0.11019999699841665	0.8700056867926391	0.7989205292587367	0.19755452811414753	0.03984455083734906	0.20061764888931477	0.3641766372580417	0.10964149605765405	
0.20720150747981514	0.9514681561516032	0.8643371385984745	0.6666662926430765	0.6347126448841742	0.17413208118287393	0.7096178579414033	0.29245200064640964	0.4235576620653688	
0.603576508798364	0.12667619855902001	0.15866561769785115	0.146209820462885	0.04643435917769778	0.6401061406801251	0.39185517708675666	0.9612399175976865	0.24332615007787928	
0.9523570559459384	0.39451709909174393	0.45155710682707106	0.4795580747630167	0.23428987051504147	0.8271987454059939	0.6025379787554703	0.38921296548517315	0.5315255234168252	
0.23070894817866738	0.6957124725421168	0.6778667592647557	0.9840777849796428	0.22874209281148583	0.2516769134746285	0.8568195740382469	0.3738621369212769	0.7378109258906621	
0.27370228598764135	0.14840562967175164	0.9716604594725937	0.4679598539329344	0.9331271049638082	0.25132342698495924	0.5944829049461087	0.5231428424152234	0.35749474385851	
0.47344951903658095	0.5575670908724195	0.33203953634044847	0.06785581054360856	0.9570403275853826	0.4641073216723144	0.9237279318507126	0.9369939305056247	0.794247420576597	
0.4886781659259919	0.9245360866393162	0.026383857879794803	0.4077875314410637	0.6737769558479688	0.6849789144445524	0.7322087799855339	0.5507264903605698	0.060149924913670105	
0.4850055457369522	0.8960464435712636	0.706203247507937	0.851401454088893	0.9373612670101361	0.7977405290375758	0.2911107575161036	0.7860851476850846	0.8872585599637846	
0.8781902131962142	0.2634346005588749	0.1560250311795155	0.229284714931014	0.2989479224422944	0.5702788388595299	0.276870772220296	0.19334718000395323	0.4665644811217381	
0.04131322199226062	0.9281040851297018	0.13858299297205146	0.8003397158148385	0.895407114315679	0.7814163733117443	0.6653061276258481	0.8446886729168254	0.7924325303196101	
0.9807582065543621	0.8141623085303745	0.37149898178947016	0.5834454665935302	0.043056743792173724	0.7553731291871583	0.6834028213254791	0.8402707859614089	0.8269220937925204	
0.8871782203022334	0.045529149826991744	0.30141881807494775	0.4547637298593856	0.4215862012001831	0.9850968523257181	0.4457339278664275	0.3469990315544701	0.5704338223033121	
0.6465857401657054	0.3492031999304428	0.12213503449714302	0.675569937687724	0.17476030921635444	0.13611102195530078	0.9326046272971713	0.42695211512341025	0.6929356431985266	
0.15792884225418558	0.4880660682049276	0.3676056215723169	0.9018219281066381	0.8845207412201247	0.6613451252661151	0.9118279221821561	0.5368874358793219	0.3847722870149295	
0.19036158693598215	0.6939697070188586	0.015177896991860895	0.25964470143865426	0.25705247526645036	0.2723000405452882	0.6620189463443499	0.9641127041649711	0.9420185067209643	
0.16667414229782318	0.1162693845275975	0.10342061145485859	0.18323340858175652	0.17904435487851145	0.15053968491009273	0.9928079454301365	0.6782474234796865	0.5619128532016737	
0.31097658673087003	0.6039794709903037	0.8246008364531745	0.6800283698172838	0.894041822094654	0.6161676322525191	0.7432961570793223	0.5302774068238251	0.05599643365592988	
0.3435565368378686	0.5607414065120473	0.5422382069903454	0.5426977103950766	0.8474275422616009	0.38399199019597186	0.9576717734108843	0.3393667236307363	0.9065534534421196	
0.7304921530818806	0.47077155070756704	0.4219578097467317	0.01603962006474091	0.6967012031046838	0.2951419534278865	0.6969701083643912	0.34407450660590744	0.726308720907001	
0.6337512044334623	0.8163776658313558	0.1860026864341583	0.983701991796726	0.28569671533836305	0.9536796097845538	0.5027683547907194	0.12330186823978606	0.7710847527304777	
0.5069448171991819	0.004121751808784713	0.24880708083193703	0.7490939418031116	0.9799339455856922	0.7792202468713566	0.2169644030701262	0.9482929696239797	0.4179144947367528	
0.7507603934307995	0.5657247433876645	0.9102866499281557	0.711780604773757	0.6432855639882179	0.026260171383130637	0.5087812144193944	0.02561190841182759	0.33836981710621317	
0.5311624631166756	0.8333790987761375	0.34230187974130744	0.752462010705411	0.23553304897524685	0.17231708874258345	0.7154180371848038	0.0469948801219805	0.7014903017710764	
0.05748089975819004	0.47186685922077687	0.2681666652316016	0.051615087740796595	0.7703052811145359	0.08825842747473711	0.2536823062052572	0.8303752090557589	0.1502359467892056	
0.9615558278883233	0.9637117612564619	0.21908383804177756	0.03429914700161962	0.8976531612576734	0.2909944588225075	0.08084250019404216	0.5081785845422967	0.3831616366389251	
0.9293833940991103	0.9525505225762905	1.4641908008761195E-4	0.5749140908777951	0.976323404555832	0.21343654215004093	0.9508183763411284	0.8007573270923568	0.9879283723786855	
0.18121431483535588	0.6819865707527886	3.585416528216756E-4	0.6920123420287106	0.020161130002982475	0.7721635380936108	0.07936451657853927	0.25638291922572953	0.7158869748476054	
0.08314549490838385	0.5741010683980721	0.48521030107058405	0.5856112095697009	0.4490502833586325	0.2071404533253599	0.30545382400091314	0.7690782321554783	0.5284837605786592	
0.33075792284173466	0.6997301178031987	0.3560281788590671	0.546220678158669	0.8308151784580697	0.9301147937504568	0.7934906523318707	0.9603047907686508	0.4194849434928417	
0.9735381516547364	0.8679536013905187	0.8878826338721668	0.16610529354740722	0.04722279728160361	0.8794489834196169	0.9734568532276984	0.8586794370717661	0.07490134539875082	
0.7158331945691214	0.3672673346156826	0.35244818226135166	0.760134591320266	0.5485027240521063	0.9532945952845504	0.3652463796668688	0.0860579912277849	0.5048929053678362	
0.9693063534965293	0.6381845379147861	0.35028363437708565	0.7080889455156733	0.3933403708105031	0.6455920581666696	0.16047676827469448	0.038084449431426304	0.8037190648156779	
0.1501939482338296	0.8936258971942215	0.4821008150182967	0.65351835236769	0.17173501002356184	0.5279925975635543	0.42361623559480877	0.3301053970602713	0.8400837257658582	
0.3686291080304652	0.12706286586635884	0.5247661009261847	0.40783882899812796	0.26882309072197497	0.22749602944602154	0.6986976456267691	0.3494815241624075	0.5798335625246565	
0.5566983436640384	0.117450594175176	0.559827423403428	0.7716362523223501	0.6888782725295783	0.07614001053214281	0.14579425555589598	0.6234687844029249	0.33545105396060215	
0.6371026137549787	0.3485165938309589	0.7797726885724832	0.04293519188456307	0.4301443950141909	0.7354933371371848	0.05894470995386025	0.1191133672421325	0.4583590788686245	
0.4928681851014537	0.9262081405677652	0.7566487444678951	0.17477895715850622	0.581975833100652	0.945945364261737	0.4918777943000209	0.7621822813727401	0.5820515023712505	
0.23718540876648941	0.2044528498013366	0.9755869028505565	0.06869045703634158	0.5263968330379605	0.42935066769974983	0.11046085085747415	0.41606710546465586	0.6779434551633844	
0.3463227530831433	0.1588641867409072	0.15670910641599056	0.14230262071006172	0.4101349829120333	0.8357945861319718	0.9186414556408268	0.16873382688309457	0.7007274303285855	
0.2074010521491384	0.318683416233857	0.27308941127190967	0.37248182745288316	0.6042648281250026	0.6493570182246304	0.6328313373466136	0.38490587026998435	0.8707945523683839	
0.853066553913871	0.43345869842281304	0.2566934818963169	0.5030871618727376	0.557798314801226	0.5104066905669687	0.8322654997526738	0.9816302523609616	0.7645414553098797	
0.7207217220135264	0.6065661670033827	0.12808064538829045	0.6881933075034522	0.5778176932557518	0.02391436291097604	0.8552809870557101	0.3460504804135096	0.6638346498024765	
0.08193363537974685	0.21033567190633218	0.2752660944471593	0.8565043977028215	0.7039486660383958	0.05574393924552534	0.9126703293922884	0.056108983373893695	0.8364589957139494	
0.16691900947367022	0.3745336918462797	0.009258075177352776	0.9824505979729427	0.541800324670154	0.23779810299962378	0.35166906101607076	0.7621663589810412	0.5208641763350655	
0.49572625614721133	0.4737601485946815	0.5102620100312333	0.9053146666731358	0.21938468639765007	0.679338190684211	0.41583073818665495	0.8068651071159273	0.0262804036032539	
0.9041204353396457	0.7946699026312505	0.815483637990846	0.8375523670972611	0.4380628638432864	0.4743641796721315	0.9036919129321013	0.9715224005779347	0.33501295920352614	
0.14865637940186727	0.7608192825566861	0.6882145563232591	0.09063183782233142	0.8773034667383569	0.9537347874413618	0.2739297203264891	0.49990552146115397	0.5508412211752669	
0.425190282704103	0.22443875659846135	0.8894580543137492	0.13295696942160784	0.36204496047958246	0.48222844133180254	0.24552714940955578	0.992177487611253	0.5265672582295895	
0.5543133923945434	0.2661719144714303	0.6270514390635652	0.9604386151246271	0.7458522645196208	0.17808726490059845	0.9948890462764789	0.42669128714431215	0.10648370050895539	
0.657338299787493	0.5459798659181716	0.9448825347627182	0.23728750519839426	0.38866101767679007	0.17894782835895295	0.6227847260069685	0.7686456465392474	0.6742699470927326	
0.04163422365507574	0.29959404577687954	0.047278441019784845	0.2253205801471918	0.9069970558928168	0.9880577444488128	0.974483826177865	0.6828112716983099	0.9597407559575835	
0.123989476304325	0.37462168496191317	0.3969120623433815	0.7948858353457967	0.9691768111435771	0.5095640819179642	0.6258689081367554	0.06079941121410237	0.4376873017962807	
0.9393140798378251	0.9229407481277002	0.20340063473160497	0.05204173254748368	0.07030635474504787	0.5869602813027387	0.5960674803152705	0.2759473326033074	0.28293030538194963	
0.4905099236644971	0.04850660804507767	0.9200669060696816	0.285768875131739	0.9338011026080149	0.09189253298699562	0.8432185016140381	0.42948758478837723	0.7566736631855263	
0.6985411667252743	0.14089098001395461	0.8634430977202767	0.3072499751842991	0.4656741797946219	0.48699160517455586	0.78456218484397	0.5640726622473624	0.11457619765484173	
0.7069655246079742	0.22700207725004284	0.11640521658689562	0.4933911923249922	0.5840029200747131	0.9176929957782926	0.5230273953190221	0.24689682914619782	0.5690513926648301	
0.4622117569751516	0.8290829909426628	0.8027063962341893	0.43346631153844806	0.9271673484392444	0.6340694813611195	0.6564355045887881	0.45032240221897646	0.765968549604515	
0.19205892649083633	0.45513075786715174	0.7077559757415246	0.43316803584869723	0.5168265381330818	0.6599887343250989	0.37588826395334507	0.8957387894561063	0.1273275019062481	
0.3636825664555079	0.8723310627918196	0.27544796769263424	0.92846081981565	0.7337095478100404	0.2626044384955134	0.6075754142180949	0.9004501743327674	0.00406370037767545	
0.42087729487929826	0.8882926133538588	0.18069485711662647	0.027771359241049898	0.05118937625921893	0.9604857431195493	0.13407766654725228	0.520478041363626	0.120546717841305	
0.11493689935140339	0.8148513296645918	0.44595736463446434	0.1064982489648485	0.7641618827111752	0.006375377733902288	0.9495211541315839	0.21415863165720328	0.941671641628454	
0.06576379712579206	0.7315027394781867	0.6085237313219861	0.7073499139614451	0.039976931962913076	0.8867424121374111	0.25157545312456286	0.9043079746760703	0.4664405777006144	
0.23378678910640738	0.8556165044690301	0.23642727802742203	0.39813306967017303	0.7952447395521275	0.1852294023832054	0.3375527495044993	0.7555310472892838	0.11868614752189	
0.2494452723064282	0.28798984630056657	0.9798563358085135	0.10708806583887476	0.2120067430571948	0.5631044194878763	0.18042372619923208	0.24347328629338394	0.24500592439652868	
0.7094558577590135	0.30636510446255394	0.9794472843956251	0.5843257594206656	0.5424819661157675	0.374557769642739	0.2802072893749781	0.06947708949133113	0.47587381510327453	
0.9753467737818301	0.061770175835468066	0.6904142551722101	0.31078909489496076	0.37971600673130235	0.5268727587039922	0.35804074914058603	0.5440856618455496	0.2372469189789791	
0.8211639186618525	0.566298105698495	0.6141723624928986	0.22483547498688217	0.9969006295132748	0.3976899835166582	0.6056845327765281	0.9148363787665336	0.3242235217638083	
0.34575477054035486	0.8533229118480463	0.3913296536440234	0.3480827448706343	0.3890933675991808	0.2830337577638151	0.9359807995353293	0.3097001263120217	0.6074099689548582	
0.3624014314865076	0.004430144782299195	0.4512464522945199	0.4158096173853397	0.8079657422773994	0.06769887523657758	0.30954989441260217	0.8704369425368041	0.5911380516944036	
0.4768986428237839	0.04615829426717266	0.29765895607652115	0.847791901837731	0.15014626366155026	0.4504277160055762	0.84108990717869	0.37296138819986624	0.8142303816687146	
0.2869410554566273	0.5406892227045804	0.6456413508609009	0.733948914565246	0.672177764702654	0.7640210433685695	0.5874451779662963	0.10707992557167068	0.4700840566107436	
0.40993342726058357	0.9343255566413545	0.8423863303815379	0.9727936044408728	0.8711886520082495	0.547952957276727	0.5291054290804746	0.33239298459368694	0.23688450231006342	
0.017192770856436668	0.35898932293765806	0.6784500758437311	0.6568374265048708	0.2597525668205889	0.8878055489129091	0.4772924474779153	0.23988900644003486	0.150663166804761	
0.4105698631950041	0.7099947108522999	0.8171038167517622	0.17953158890729337	0.5229334614873759	0.731116524996398	0.1258661246815621	0.27491330348456455	0.859174155104534	
0.6734671815783736	0.28997249908298817	0.30605629359261977	0.9899269907849003	0.8986103342052518	0.034467174588722616	0.6644478729898461	0.5406666016283054	0.8799717146248962	
0.013785274948002746	0.40306532082830226	0.8408903498493441	0.48476427387279986	0.8887776253369369	0.21871280496630596	0.7612806896613179	0.009972139479779152	0.7529602277390709	
0.7260005635716223	0.5723826300686036	0.8207076908321238	0.5589208466439208	0.9684595434897837	0.42609562052326433	0.12954562418965865	0.19308649053229232	0.14357349107753636	
0.06936070570802066	0.8596191357758554	0.6553573104240659	0.7849179034047372	0.04421360422084164	0.749309943683147	0.26330181605029124	0.20853655283028538	0.13681123361509484	
0.40262632757211225	0.10439468486432302	0.5101141726474882	0.2660690322369411	0.4945935422658736	0.8539197189505287	0.9725070993680134	0.1179515226800989	0.15175483705095572	
0.8730158765521108	0.4681632075022132	0.06330118815853081	0.36455495285403483	0.031486730152263	0.24301775844594087	0.9629910105044585	0.5751324365743692	0.8480404200032164	
0.656144050419503	0.5285155067128862	0.15410705734190788	0.07723808716109992	0.19068430347321963	0.7336601159229313	0.9138723606888436	0.19808583639931343	0.7669726035910013	
0.7838217535385231	0.8365290680818918	0.9027435796315306	0.10487596903531671	0.553532894422119	0.8533361558122939	0.05449158501988327	0.031080306381208178	0.08274605427736115	
0.39464064375117824	0.41190592378530955	0.9967146493451557	0.5107455229337876	0.03973798338282686	0.5454935872444563	0.3002234978444597	0.47896894376520116	0.1705776818318111	
0.41551344045528293	0.8436975528535973	0.6495458059406746	0.6119354438950865	0.48306196572009696	0.08123243545785808	0.3842351698288431	0.13705022625046592	0.739473513437966	
0.58503171155897	0.29885482889125914	0.6346463902980949	0.7247928333520363	0.06062548638591292	0.3856953624140207	0.05164289274705247	0.5993227382719375	0.8744602216457272	
0.6924560006509396	0.6715510415466063	0.07959115713370568	0.9642182405963227	0.25215236020851417	0.380148810437115	0.9883243685542824	0.70665696556501	0.9265998078610392	
0.5062290404281462	0.9770999044036289	0.5567298372857507	0.5096025373903424	0.39162238975027086	0.39962976806966166	0.052967012250720424	0.5754878384363926	0.7486621506457384	
0.5354742527368621	0.8682815260774148	0.5111600998648494	0.36355258118085254	0.5771854523035207	0.8047849608007679	0.8133793476064178	0.4873239436339848	0.2346229350682808	
0.30933229871653467	0.2887139229401863	0.5504866704295375	0.743675700556546	0.8930075246721404	0.8949316909298742	0.07913602269061393	0.37078231342067125	0.05707167885023434	
0.37856020211222396	0.9318574647471507	0.019506968513412493	0.5821138099240369	0.2119084952118815	0.2953666358067605	0.1881625598648058	0.00937778907205633	0.9492797333400493	
0.5801808032733883	0.04690004432143002	0.20562826880293805	0.9837184063678793	0.10764103230173061	0.5762039633995443	0.0020666692215830507	0.8555482990685702	0.7742564409482571	
0.11171009986800229	0.5168627444447352	0.10296995729903391	0.5501845388706919	0.9884610912973565	0.2438008835988107	0.7556595883614987	0.5437617326911096	0.17458357464895846	
0.2932425419361675	0.6096706662334546	0.24404503207140826	0.6117821487680132	0.6472043166248188	0.7335516122483984	0.06948775221842063	0.6164113365861774	0.9513949870472821	
0.20676372476856497	0.6301366597386566	0.399851550564587	0.43822937712175314	0.13242490228359105	0.43149570342114696	0.3276983854655897	0.49380514220926663	0.29641832354999875	
0.781107008337637	0.8631549416618703	0.4959861961732075	0.7373867234237823	0.767643609800178	0.6906019913665917	0.737975496817409	0.22694393206220498	0.8542123496202305	
0.9905434378566262	0.4013521179790839	0.8249172661777942	0.26322735946511366	0.6159764875210935	0.8842385201385174	0.28452445749719857	0.07122572672134231	0.4130468007404071	
0.4412347622809598	0.08161742995501398	0.9871371117085992	0.828984483075465	0.9091554270973117	0.10942353427568485	0.8164282562938135	0.8851337022164439	0.0493762369962959	
0.056667165243281525	0.84058484647353	0.5913181905567533	0.9738269477602216	0.5395313920991404	0.27235905630625956	0.5715580031140319	0.611790789614771	0.33228411569524474	
0.9609488564827992	0.626670190481748	0.2772798287481648	0.21413302113498345	0.4905598512911027	0.9612169086987747	0.5001505855836256	0.3557866922261901	0.6179313134190708	
0.7733663924221305	0.23903938282824366	0.2049702341694677	0.8186216814554368	0.47785414897976775	0.4813398066312161	0.07694501914365592	0.38058680422997004	0.10489443276936172	
0.4947944354483037	0.6135856935254932	0.028247577731556506	0.8814974083149476	0.8896462968472457	0.9801823271405077	0.6619287017245742	0.8678237170421909	0.06946269998751275	
0.8723602616126421	0.2746888438601909	0.7390493488695609	0.4816562934764308	0.370773088120532	0.12665810592632676	0.1849983330841739	0.6196867530525727	0.1692703673909739	
0.2063474484062442	0.7737487620389384	0.2901354497643255	0.26711834173248417	0.49541714713372775	0.3194296945235596	0.7418477626201719	0.2767513343347955	0.5506740399349395	
0.18371964169288357	0.8416020227472099	0.17291565218785732	0.6105092950982003	0.2751273722749008	0.30099947152690676	0.5593810534596958	0.3174741101892423	0.37263532637503805	
0.7072454423510274	0.7324955614307865	0.1928544937933564	0.318807593359856	0.6869697496374129	0.42531378572186374	0.19460714144379354	0.9710415937950938	0.7663737282605204	
0.40058419295485426	0.9878208619973178	0.7268755479773271	0.411640745586901	0.8905222569835259	0.16034020658711245	0.7896995972452684	0.3497603087336685	0.95724074080651	
0.6287020318582655	0.6893329369394803	0.3884514793014364	0.9388010487457349	0.6903097488805188	0.8962952771275541	0.8587067580331762	0.7306822789357803	0.39565381874219874	
0.637679171264973	0.24490288288825757	0.7429902843467272	0.16781532963167756	0.011011614729687591	0.47960015627431984	0.770702266733528	0.8419716141755779	0.34619068781260565	
0.05675090938519878	0.18091645974836434	0.8234201851839247	0.1539853778269651	0.7666002376624788	0.6871082728207616	0.6506767810416137	0.2478675932225448	0.46239454037048466	
0.9017845258333782	0.9413548417834955	0.7466563364998808	0.21894497975282612	0.9934814889807856	0.9969833512916751	0.9837993213816129	0.9580884156092935	0.43662188178467354	
0.24760045762357985	0.11958238731270832	0.01933739958189329	0.9732320088969307	0.02698161285979217	0.2265499943568413	0.8988830249099063	0.868538499006734	0.9603869164990618	
0.358013853206838	0.23098346076962395	0.6068662134678195	0.1270567662304889	0.42754399609501315	0.5365340007137372	0.18317652884956592	0.8718874018172881	0.9514648088275696	
0.005024251458857765	0.8864722221792688	0.4411433617409424	0.9429032840737999	0.4037768349299339	0.6958949974211194	0.5266673743432906	0.5658279208026643	0.3956698238727101	
0.6737954947815121	0.29455095818218335	0.9590867966531432	0.7681834311350156	0.9511599352333897	0.15022994214008323	0.4509737829668087	0.6078506154646219	0.07328834592920741	
0.6236314809704425	0.8149598362557509	0.5707635393360965	0.35420363001082855	0.5488647959655468	0.2569757642898698	0.8709301095789332	0.4168070663684087	0.46097514869024847	
0.004095773259606417	0.8386175761410533	0.8813685106571049	0.4017948464296336	0.8323008688990308	0.5624262782508271	0.5932673582904604	0.6395332860083691	0.026747062649563502	
0.31400156622469844	0.358492695475359	0.580854705174511	0.955770498093172	0.39019107839828415	0.752891061175212	0.93784091859436	0.7441533728132184	0.9760959229181929	
0.6890021523820414	0.7141990027073026	0.3618158672359101	0.7223282317109667	0.03229353185020012	0.09026325862300866	0.358412761782686	0.523507009560373	0.14973614920668876	
0.609324151426913	0.0020286075547382154	0.5723158356682934	0.9920774329638734	0.7927472296966183	0.3312450679841672	0.7417411416625165	0.6694171321125993	0.7445918292113392	
0.29221809524383335	0.7077157749707625	0.502572990933695	0.8839608245235906	0.20698427742764158	0.019841060056100424	0.5536511343080794	0.6537628921028846	0.16421647359189429	
0.9775561314739418	0.9009245660538948	0.6498932072112279	0.06284046176158808	0.27519003807121223	0.8667336686922272	0.5203364839511766	0.550352088801984	0.7010705559970111	
0.2413656439387607	0.14051132264214106	0.38352765978638714	0.9362328748623343	0.8184554533342299	0.5649025886137284	0.8454745716894936	0.29140952097377393	0.12653627432109582	
0.47316795206839335	0.6483436213071563	0.42845337580630993	0.6646420417131078	0.4525533894118908	0.08047550056281427	0.010059090109749036	0.4162860150506361	0.310990335857781	
0.15394073853460277	0.08448158667738703	0.3132987462299628	0.6403147684907744	0.378562004036184	0.6212780541302259	0.3291888043474904	0.24399117370381562	0.6421049663131551	
0.10951743288273708	0.23580248642998924	0.02904112271731396	0.3624619706213643	0.2269021992186402	0.756503305751833	0.35533728070761195	0.35374499930866876	0.24654388622908885	
0.3451132259274532	0.9874745980203498	0.9691965121711787	0.7274043227490914	0.9006579952641609	0.5822474890472126	0.2918085254957332	0.22216768153584499	0.6598181396991601	
0.7024418894330928	0.045734010769998945	0.15049342904227458	0.7547319139260178	0.9057645072208024	0.5881436106458701	0.9286835475639136	0.21349412113357735	0.8030895149111209	
