0.5782535277779497	0.13157504016033905	0.827309861276723	0.6300783393543281	0.7788683267232753	0.6418725234473877	0.06089948195866879	0.3679082977038265	0.11684595147846166	
0.9383409346282591	0.4824265128216748	0.7005896807841439	0.01613999590258075	0.09276533861537573	0.5437662242800151	0.010729176801072104	0.9701746028307616	0.050224237480360756	
0.7237760537083805	0.11843236488336906	0.8170026606706073	0.2741092530907785	0.5053030520923634	0.8625578342953647	0.18099983013817456	0.8951749546309571	0.20153993621939126	
0.5703581140774328	0.6014452660960747	0.47837724800794845	0.76602507289	0.23901699959588973	0.8008613520334878	0.18133233969399565	0.9991041007576996	0.02849599892407384	
0.41366575008670736	0.5207635776876163	0.10229840086699116	0.2605911242532051	0.5871962248115343	0.704610475227591	0.8821018188124862	0.3007320381890459	0.7508890531269632	
0.8207190950596721	0.2568132981035435	0.6081161272214574	0.06550537777144805	0.17354903976123737	0.39002268216525227	0.8237633736426584	0.2765288663124086	0.858561168710295	
0.907179291094729	0.34267451387234604	0.43961984281891586	0.7100753834052324	0.22473374079341024	0.8305122950351453	0.09252714519132232	0.35645925223086317	0.8166586422969454	
0.14657377251666703	0.6019222633681742	0.06481649098364506	0.9039492365041064	0.91976280473108	0.4631299979214015	0.8546923938246848	0.06480862757680994	0.7317924027500111	
0.27163131656587103	0.9606502606306091	0.7594882604271266	0.5028988201113832	0.3314166621324258	0.780532138520197	0.5648464497399607	0.6353942777093086	0.5921853051415636	
0.8741072856910513	0.928169824442154	0.3900154673472864	0.06582390713914121	0.8555336391094275	0.41486802264026956	0.23632730309071115	0.3892748043711971	0.8954643264255789	
0.5270671262776568	0.8313581665900439	0.3956865617837032	0.9417868585302042	0.3258874093257548	0.2662122729954268	0.038064638720058275	0.9426365779394241	0.2450875994526922	
0.6694777062859945	0.9619456200434425	0.5278063599744489	0.16529492739674922	0.7336885117943538	0.34149489282938883	0.636381774196294	0.8932569395324625	0.048219673005212016	
0.6976366014007758	0.7701716165858582	0.876788040221229	0.3379924141532116	0.6687886627245737	0.04023145846377507	0.9412635167724811	0.22856515015794476	0.6489961745455216	
0.08327631903753974	0.2426408484231578	0.223566885540872	0.8779896290406582	0.5013437294240667	0.1447491024094183	0.9017647669434993	0.31021621951827416	0.773183433627865	
0.3156819122259459	0.779758869655582	0.26573270228902857	0.9642231032178726	0.3571422179401236	0.9480986007975242	0.3372156388538524	0.9670533508452659	0.16251338615605948	
0.8727836574268859	0.1786550097705838	0.6315729154503362	0.3516678006497552	0.23875002347686414	0.9958583094545899	0.06026827571807547	0.020298992744079758	0.7405137302172669	
0.4088794919555747	0.7615129541493574	0.819016437531384	0.3907715916724779	0.8531207415184271	0.9266201488389911	0.9474329362769108	0.6342022728687089	0.9098380525887263	
0.6222620713662239	0.6720522119021257	0.8537265637741416	0.8849468968403367	0.3198054890097921	0.7914121046596367	0.5940629647813426	0.7699817594096071	0.4787543135568213	
0.527445028209849	0.10798379373359301	0.43786207508187114	0.09462723397808948	0.9015798159590057	0.13663049623707635	0.2166809512997525	0.601522691282628	0.6474485114323904	
0.2672675881336857	0.7421181228624502	0.5087027739444011	0.627285829493115	0.363270784127417	0.11311834381924357	0.31968264788378653	0.8181534671773175	0.4669748619981944	
0.6165424601844124	0.4444319138962254	0.07622369415351016	0.6677758081140707	0.3437096361272931	0.24842873649778485	0.14509323594319223	0.3130605104313232	0.384826524131063	
0.08984023067740787	0.002525844322912252	0.3664996216511328	0.7525749912932432	0.12380065138277385	0.8452231239075613	0.528603485671114	0.07117924857588775	0.789962535062968	
0.17233663756069462	0.7344099739741567	0.8312232800036203	0.7563259093593536	0.07833310332951327	0.6158815718303382	0.15566322691835832	0.38766682857060475	0.7668748773555599	
0.5362590267176872	0.44752513011301087	0.12412952513954878	0.13844976046438062	0.2217719308725079	0.8308168856450089	0.3449602631189047	0.14837940331781696	0.49727005075348385	
0.3531114920879489	0.40102095360107703	0.04673095795405746	0.8886643341567797	0.9615267100004834	0.222088560689913	0.441709130377953	0.732439370838912	0.14924845953888188	
0.9690029775068869	0.4212802187577639	0.5861772825495252	0.8976579446873522	0.7353077623273937	0.032898277484427196	0.2982295476330542	0.8830053472007205	0.9039729206589289	
0.19910218027121196	0.7204867712179315	0.3922265792906321	0.36265570563019234	0.5690639978196367	0.5063453355030845	0.21410100591525838	0.05393122448284504	0.32139385360305206	
0.9768863686029614	0.6918719157114219	0.4854582414998836	0.06832512020821169	0.4364122058899915	0.1602870474134115	0.8139815661050964	0.26933070048756913	0.14267311648888836	
0.18159509949087538	0.8408287577394904	0.22586678139337768	0.640086824352206	0.014404299489641614	0.5415949023835004	0.7116375469909315	0.1432370637133883	0.6098388171073978	
0.7833612881939352	0.5369852067070184	0.11660624964063948	0.8632084739503617	0.6739930002566845	0.5390062015529604	0.43877470943259433	0.880843656063841	0.48884444278135075	
0.9605705284877016	0.15885925344254603	0.03520620640513916	0.03704356441299628	0.4561652127385032	0.8361950294108917	0.6015542729740737	0.34439606522868105	0.3516581110722896	
0.7093070782780359	0.9665481347449194	0.15563031759477608	0.07723011375776334	0.6176012194576221	0.348081171824023	0.5877845552791473	0.001455495424569353	0.7560236472499017	
0.8847741784025932	0.43647693561585743	0.8883362894837769	0.8083123049627899	0.6770375928972762	0.25975762290179083	0.49616183312425377	0.5099315049215533	0.5680162590000101	
0.74117754386744	0.652668048174076	0.08703586052395995	0.42681945103591634	0.3389006066678195	0.5026678033531191	0.43062935059904084	0.8318296913638471	0.29795103388315314	
0.438437094810321	0.8874926822751142	0.408435770656407	0.248355398665842	0.8074494892593619	0.988466574020506	0.5590804251476403	0.14817368719745383	0.46841730015457284	
0.8203961351153316	0.5718363018592736	0.21891581796630544	0.5577376841589247	0.8877757784272715	0.20753300697380306	0.8569483073507562	0.07834255223865227	0.9873740482842711	
0.9979488066694304	0.01711664151506953	0.7074966898765592	0.7270978590534585	0.8760000023883507	0.43046057815739924	0.5553168101859927	0.5045848922102146	0.3523027279475577	
0.5188223616241163	0.5571565269323994	0.8167718864060818	0.11547767105380335	0.73500829108584	0.3911864705002732	0.4015680357085707	0.09911262423245948	0.968553832666707	
0.6409274050911853	0.2369959190520059	0.860342386230724	0.2385281938955306	0.7238740598339222	0.4861190200630391	0.26562764242708947	0.858108502509318	0.8679561238834836	
0.8921316243997851	0.08690224623116372	0.3798995923968085	0.4424261445582697	0.05377887362090095	0.04789228699357451	0.8775962058698075	0.707022682066368	0.9839433782008014	
0.4259691920009864	0.1725965590392644	0.971765804085548	0.2980368902288546	0.6998748489515435	0.29601165018425646	0.8289397383048505	0.4071586456781986	0.5184692500775449	
0.21949014219981589	0.11253068406797562	0.1914822179086101	0.7273138825109816	0.6660922843577642	0.7347764737690936	0.01840969381836921	0.25706937694758214	0.8168803681507385	
0.19079261143728032	0.9683834014386903	0.42398225489013464	0.792098186075637	0.5391104721496331	0.31786261327229726	0.6055856165015218	0.504066793031595	0.7587768059354065	
0.2580086187897417	0.3858719606307026	0.01939767569309303	0.41987871216654915	0.5449324364912773	0.13399250434790344	0.8511992466310507	0.6712306026972336	0.8224051080411894	
0.8333291801026371	0.8835300194351375	0.5677035510575243	0.8226257114431598	0.5769333120545307	0.8743661586402466	0.20565674379039434	0.5166525669823273	0.827254799243441	
0.5700459845339929	0.42607833895427005	0.8400242397257766	0.07181701806717855	0.44416382701930224	0.26994218266471215	0.9388861506093061	0.938988682596527	0.1081112071470467	
0.6607672103433428	0.6686865808697008	0.7306067799819306	0.9154429310632344	0.31877003315126684	0.9533383363327392	0.7619516617565042	0.5424186007386896	0.13443542361764282	
0.04026118846746185	0.7856406516586159	0.6394054588498289	0.3343497861788084	0.477164136157037	0.4584375920856687	0.7197602135022643	0.30162810711748234	0.010576666668729695	
0.45672288876847256	0.08059362734461029	0.3467236311711843	0.7056272896035485	0.25857139577507826	0.903610000494208	0.7759300010045999	0.6317011475099683	0.7302542883369836	
0.820336868146594	0.4568052091336616	0.4247462472485931	0.21409697199121014	0.8758672684108145	0.22191589496829234	0.32082227433234756	0.962193982945991	0.39017753783662845	
0.6828250673911324	0.7316980637434898	0.4857356247591945	0.8377755107610689	0.2445840037126208	0.9067404703493802	0.08640946817857076	0.30728411134763667	0.8255387305553229	
0.7820576356479056	0.15444921785980392	0.46345456308333965	0.2919534373661179	0.7161941876778228	0.7237592203440777	0.7509306991040905	0.90485722294229	0.7932150221895727	
0.8660684232694038	0.4711842282741965	0.6259282130578631	0.5992574864031031	0.022974412116427256	0.947324598632601	0.4030585599272005	0.13982195487842475	0.31265282554619356	
0.2480750595286041	0.5499080121698781	0.3665886730228328	0.3024529890636043	0.07228099618185824	0.37172890953643056	0.4137013814313688	0.6652862557893666	0.7881375167022071	
0.09442638971614037	0.7629462578768369	0.13553325577770825	0.9895284747629157	0.35672926432672436	0.989992648447207	0.8589727540812115	0.5064588527782072	0.2167908684576365	
0.13557631240295742	0.6097519246104088	0.32319113314636216	0.06291457155296032	0.766408281423516	0.9967601834423134	0.7236061048336456	0.45059386092129183	0.15971827154898377	
0.3048957734303811	0.7329189908148845	0.3753875212727612	0.9222940330666392	0.8123029035545366	0.3720039622707293	0.08195392070761875	0.5290515594807649	0.05401115105662069	
0.7437257989641729	0.763063730466009	0.8404024677478991	0.8779125052659955	0.15545395581424415	0.8049407542726018	0.5401403144725017	0.05661974253832014	0.8761855812974586	
0.44610293252055533	0.7450124333001374	0.6215366282526305	0.5138558534157284	0.8890454854333794	0.5163586619507974	0.7275487289113396	0.536963839916522	0.23713556947917558	
0.49557530766622315	0.24025500007643774	0.15138805761982754	0.5116613026221174	0.05524263485449277	0.7533132666540022	0.7608845739429092	0.8873347740646749	0.8187863289390153	
0.14748459717673457	0.334938939208533	0.10868077118044905	0.6096540427854861	0.4102682024305221	0.8514894779529587	0.6109646543883175	0.05660326179591113	0.24166348780997227	
0.25118197434732004	0.5805145545468201	0.9482592607263318	0.8506153082962796	0.4066046450491134	0.4170759534739006	0.609153075745601	0.6632076189181124	0.7572716520656457	
0.8606460993293464	0.12897222024950084	0.3047166567561602	0.5045895607962912	0.7406089159667619	0.2859843058057109	0.8628561514268452	0.37478563826135614	0.5232998203911289	
0.8633177818425377	0.4593759263824172	0.5681362217030302	0.8572231090445783	0.014629783417412834	0.6669048232502892	0.38033912238683987	0.42183172778552147	0.7037941190252668	
0.3046669371444858	0.8953917951074629	0.7643669758774084	0.3967806898518784	0.7559016351746568	0.9011549927571173	0.39969326660353965	0.3217120321729541	0.6862079443300156	
0.47634415007308173	0.11439323531992229	0.23041531367302337	0.8241317956530404	0.21575607010278275	0.7876004728800668	0.2954596173744809	0.6586339454118123	0.5697045008326801	
0.24889786428360983	0.6722550236455652	0.2283471030915425	0.5803316065144642	0.8340543130324659	0.49667371061443677	0.42510008538543165	0.22781430989982132	0.07608038716988919	
0.06552518339072955	0.010544421478108745	0.919666703644221	0.22086023366686558	0.25346308525368266	0.45099962352290146	0.9290735825587481	0.7578799255242193	0.9163965752612038	
0.5350897478677221	0.052538135012199616	0.7581236835596272	0.8211499738265845	0.31950114038642197	0.15303251593969658	0.17186830794773955	0.961344419758294	0.9704530698139252	
0.7450171319781117	0.34532155745337656	0.8088098985017564	0.0539377391097422	0.12675027313398757	0.9604701248829939	0.31711114798786244	0.5593683932858322	0.12803264473530684	
0.7152538917744098	0.28776245721542537	0.613196281577587	0.48096544742886305	0.02990952367904598	0.49852672126500863	0.5387477020151014	0.7062498007006547	0.8401541719465049	
0.07496058224188806	0.07236520761685195	0.7921600162529914	0.2326307347913833	5.879844067410156E-4	0.6176514156452612	0.4784623597839639	0.24059869172679704	0.14765049525207363	
0.6805898712423952	0.12255070941701907	0.8939695137458594	0.25631073288204254	0.13668784425888725	0.1568685687525364	0.9319514921303353	0.9163237604598355	0.122523525798381	
0.2352503588463314	0.6976177124223495	0.14269852714815623	0.4661572519514894	0.5799793412479016	0.10865436060447897	0.7972450973655826	0.14499667753653822	0.3205222788649372	
0.5901606700271971	0.21050817385032716	0.27190223456252716	0.5020946589097011	0.5501706795876784	0.09685871247206002	0.41645418748439766	0.45721940621730073	0.8243907187860151	
0.44795405795383936	0.8057340897595971	0.3934041581027037	0.9248677083335017	0.998315855317533	0.08703210455249644	0.903072185823924	0.5285798316611117	0.04133484693582157	
0.7028282233806374	0.6347468192567749	0.6856729619269685	0.09615773744414702	0.32617504954870513	0.6322596746068843	0.8943702900398011	0.5450829914989963	0.9981379485513856	
0.3278896738706657	0.46048716977054627	0.505108401679722	0.6053274453654817	0.7241079766947497	0.22524192180681024	0.7461829439833586	0.43837358329489384	0.18358926911792095	
0.8793560666494866	0.5295662811478836	0.8961599067888918	0.6917595113396968	0.8491520403374778	0.9621033865688771	0.6787305417778559	0.6407224775672485	0.15260871120801855	
0.018770209293819007	0.6396771695274666	0.26242726002465677	0.6618611663457893	0.9501747956910511	0.16521248754162188	0.8509327926161145	0.9328280438598304	0.9849462757707709	
0.9481213238432142	0.5971930847068906	0.26212472368186035	0.7223466141317719	0.6193593785425427	0.8135513910872599	0.4138164301103856	0.5548564081796754	0.45724477671740593	
0.7406170021270003	0.4329190475865835	0.29631911283632084	0.2799607659513008	0.14935356663203947	0.46647356349458824	0.8083885861447258	0.5147348062269551	0.44059291093615693	
0.861287361786962	0.4243471421840761	0.735817145189845	0.9406131512247281	0.2662405043754186	0.9562653821210215	0.6575179405514108	0.5261705832763447	0.6819719995417093	
0.9566417689800142	0.021519207730160583	0.7550521222733921	0.4886190853962855	0.9933918478014457	0.47849448148947904	0.06543598853446053	0.7840398479641686	0.37497179806528946	
0.23056171678063053	0.7577158769377544	0.22636632352943387	0.1222931162347265	0.20682142777035428	0.6034725598734513	0.5435700715657775	0.9650750895846278	0.36903771262619034	
0.32841000460053604	0.681732370372169	0.9789653059841562	0.8839966840495235	0.036250367762874935	0.09446574474513048	0.6728370949457855	0.6469406471529645	0.8418070067080456	
0.04084229610008794	0.2941470402030508	0.5022116424376558	0.4267480497003313	0.9057787417456726	0.7783270586712625	0.38656283745412834	0.08378236523805616	0.7287862487304607	
0.9291727867282771	0.5596074808026176	0.23418065516229625	0.7207123238433794	0.3372732371826893	0.7860406428489176	0.4073880858633715	0.3785265246779973	0.44138200813165895	
0.2889688600941569	0.5713010738663511	0.30611758339743467	0.5593882248489322	0.9489449326773887	0.8621166406223986	0.22701565937337254	0.1657784035915214	0.13748616058318253	
0.567012593132274	0.7610583348446457	0.20927567601591723	0.7297871054490627	0.2141520817756143	0.342967795172475	0.8479467917979377	0.026128716391532802	0.7597368557669834	
0.6569972585455811	0.15452611452682374	0.9837800198603773	0.6064420749236477	0.45130059235633324	0.28457339935780246	0.7622096621075243	0.18142697305448796	0.6223203781177503	
0.7041297991603053	0.38787646373000595	0.8788694413201495	0.4297765076130394	0.037381050721180364	0.13542068452489375	0.9530515798657605	0.6156004185289012	0.4209444531000689	
0.47133215646275906	0.5510116285512081	0.29637226427502017	0.8730021472558619	0.9349596256641778	0.7640857263686197	0.9833742148951549	0.46041754443571303	0.42753188500996064	
0.8349766790900891	0.26537234138911703	0.15115431174225902	0.5560780829337548	0.12324726779183792	0.2856694027271792	0.28672938364733724	0.23509987128405108	0.17716742751474257	
0.3713710906988422	0.6488069654986064	0.23153730340018064	0.7302695688024465	0.3403252808887022	0.34863010225229407	0.09234353056642952	0.41343481501416124	0.9754979145276931	
0.3413921565254391	0.7180658362684215	0.4027495169828291	0.29780972803016115	0.5174194768251202	0.6120131519384663	0.7897512780989405	0.991757926050399	0.2864509700182102	
0.37491635803709267	0.6948160442161648	0.8357396790083665	0.6128084626531543	0.8297056017814929	0.6101289478565415	0.7234863866330211	0.3100574076573024	0.5011371832330245	
0.8173221063306346	0.3629756298148422	0.4542152884163808	0.17973994511379998	0.07096295345250136	0.6616208759417754	0.4004674643058471	0.43266460603686085	0.3665658381907575	
0.4300186219273303	0.24341173757273216	0.07997252605444227	0.9476846943202808	0.6878299856268453	0.7031296809688226	0.40199981097765924	0.841938910390599	0.9934149006926141	
0.4819922336868522	0.18005821737536898	0.25457400962498533	0.49818610649439976	0.03204938618864561	0.8693272638584416	0.6470713623635478	0.25556538277461005	0.8611871650883768	
0.4759122137913623	0.7044975192252045	0.15222033188126605	0.7113819100684137	0.2622397031128134	0.8252950429246415	0.008154615634548668	0.07766624240704334	0.2124750871745008	
0.6195443230999446	0.9666898509342279	0.7683508679759854	0.8169661252234208	0.6668513607526577	0.8856985727423816	0.7463825146417948	0.6479337298728735	0.3880790345532811	
0.7565205709427184	0.10516855137548853	0.3276541497280877	0.10571791116056628	0.4745599016998764	0.2650043186128447	0.9768961752313037	0.09006757527420761	0.7371547513025134	
0.23873851126102996	0.8911801867326217	0.9959332943499741	0.8138337739255146	0.03394490593033139	0.06026969403774651	0.40332095769645393	0.6821144426599653	0.8235989075958514	
0.9917033961944829	0.7085230292125033	0.596805665495223	0.4316947475854096	0.2799788252456036	0.3902939461676339	0.2426082715742589	0.08749059049677754	0.20210361397862286	
0.5227502257113845	0.8073872279404586	0.10917864459558946	0.7361932399309001	0.726103263485911	0.8511952780267974	0.5494256075246313	0.4625727474663175	0.02728855715649936	
0.2636924099796665	0.0029438129044973005	0.43673369137720597	0.03258216879409126	0.7342350966684876	0.022977116056875135	0.17052419090866566	0.6637887832690078	0.2507394587068885	
0.4123570918304835	0.8222600738835899	0.08973405042069238	0.4579657604307331	0.4474559438067369	0.4892303676541462	0.3068503141308675	0.6191232158459915	0.08239774336480787	
0.7913249467134053	0.2730234377388625	0.2796855286054071	0.9007108586781022	0.9685746811539512	0.6021408462967158	0.3629355178481788	0.2559985856361777	0.6424612090255539	
0.4697383862538228	0.5533359351337351	0.8298786947466367	0.19861156728237006	0.09404444665399947	0.3517974300250136	0.006942923809323598	0.2296436475588851	0.35585492154485354	
0.6538187296967551	0.591676516698342	0.6403542041042327	0.30152996607119975	0.9255928048067628	0.2841099367240928	0.5621589526063845	0.7610555524373167	0.3029244108586213	
0.12499354319719647	0.645560851117709	0.9665651266904851	0.9501407820882731	0.2014458002989311	0.13866017583059442	0.8046785016218265	0.13909495625658008	0.2401133004049092	
0.08460118133038619	0.08238947709284272	0.49811401254637655	0.7152167920473876	0.7470495227057962	0.5104331833323011	0.05727242355869888	0.9860376322996928	0.03059576306091527	
0.4589815858278219	0.2651982244379726	0.4110553733652135	0.8391911496122082	0.9285279451367681	0.2213508971879593	0.33043958625972236	0.37920059674054374	0.2923011370801536	
0.6995096441367011	0.58823223551205	0.6071024567204242	0.9905006917298594	0.11875390251104567	0.6853239360951066	0.49335270704844403	0.1322185730401909	0.8577100272448148	
0.15379581496764716	0.2288683612776019	0.38147508543760555	0.8836928097784241	0.9666983471708394	0.4439440300958778	0.004629403700016965	0.4732047375183067	0.08983694995915181	
0.700158670568782	0.5088757779068447	0.23054739072181318	0.35218600617014295	0.6829348155862677	0.8195280285975386	0.44226613966980644	0.1449583654474771	0.9211739387126738	
0.7025717742754938	0.45812773658163	0.5474021156525859	0.060235251846545546	0.6070026103936192	0.9317191717970038	0.8214100374022734	0.6018360445876841	0.1305700608458813	
0.02326480480434423	0.5333285094736011	0.4942490672863794	0.22746160794594494	0.5003629385870457	0.6340868166859268	0.47004078367712876	0.18244074878151395	0.8278354155424089	
0.7779492856680431	0.38551964396014016	0.8098573155714363	0.6396119447437334	0.4698971776248513	0.09155448301526836	0.3358095645539496	0.24996223722271727	0.6357474741526953	
0.22540055193596187	0.9773005142682475	0.9266022150666673	0.8502512562557932	0.04834345525968142	0.8390753825988473	0.6222884135594395	0.6711285188461059	0.450558959972195	
0.42711588323922256	0.007169250275298911	0.7973368078983102	0.6330195769800054	0.1518215908369721	0.9706774291023421	0.19491883517695907	0.5677968453195771	0.23844932846962152	
0.3999738421829898	0.09723304844756064	0.8256984334932065	0.15565433360085168	0.3590516681803383	0.48489466093861466	0.9212165734739106	0.5081349235584544	0.00992896253796971	
0.543820555116935	0.7849060762592177	0.720664393311238	0.47200057301771703	0.22035154914440602	0.6530929907982868	0.3782935278812496	0.7644048363032694	0.0056976330129488995	
0.9418673939472147	0.2441962345058214	0.8547541350773432	0.6517076310385214	0.2329943405270467	0.18576594979106376	0.38358164800527594	0.1181186200479255	0.7636427386753776	
0.11964449969062219	0.9818724595743159	0.7568634447940901	0.7540557271687652	0.7006069937703912	0.7617785015507736	0.6372055396335513	0.5900664054379643	0.42686371568038184	
0.481637740076468	0.28033647293233976	0.015182493053173207	0.30373375390077895	0.6701690956536428	0.026430332252231903	0.021511917549999482	0.29791411345618424	0.3543778895927171	
0.9866343621398557	0.08399134165126942	0.9522860813167642	0.028147038085268528	0.6409568936716394	0.18670927237387924	0.8480917605164101	0.7564759661601868	0.852378674355661	
0.7415334244322268	0.98577743869116	0.6794148398700962	0.0473732605939855	0.6629732021809107	0.5987166388750235	0.19920748599101	0.31692826603306234	0.2810066760681017	
0.40314132684346105	0.4450858509950736	0.8353539317538803	0.8726894267139406	0.1552476777095122	0.13935997197126038	0.33661562764721886	0.36149589402962445	0.8674761962990445	
0.6896466870981645	0.7706123966911308	0.6182769756165356	0.03171086276363266	0.06663368118834678	0.9401984832014566	0.097958540573849	0.5230114633876554	0.6433370720602751	
0.9307839827545791	0.05471623521900659	0.661046303289277	0.5992876885005014	0.649206624678778	0.9863311181066111	0.45513146497928125	0.18825060155239182	0.9261779693877791	
0.8157160599999034	0.01382006538819025	0.5096531742072629	0.29114702415920524	0.524964601895902	0.035829571362685164	0.6400583809706059	0.011538971601344539	0.3219267325590953	
0.33689408434549073	0.07928755190585968	0.6239120554439566	0.9897192591220736	0.8612621180943807	0.6683483442151664	0.6165549831546727	0.14232146140181012	0.43985881471480803	
0.9175977680507693	0.027630178189922416	0.7129355966340998	0.2769257196740399	0.5003701570605598	0.8738647464166631	0.42166947079906125	0.6293228637711026	0.3421236263742231	
0.28374689458095415	0.40868207755679276	0.7712454378354568	0.13316797404223113	0.9367662846014814	0.7293171069866611	0.4051041918016749	0.8354957101165474	0.1650697116581914	
0.8509161150333718	0.7863048740781572	0.7319324615553737	0.5828515106712221	0.14344982596896538	0.9411886705541073	0.3875319304907666	0.4543137048205397	0.8628218447605794	
0.008988276698426834	0.9300781150357923	0.14046724635769636	0.3506427970102618	0.3040665085274268	0.6950795814694931	0.25645441007116887	0.892225588801811	0.31497690738822326	
0.22126620800685048	0.07935225011163072	0.145029255495714	0.7886422284136474	0.9414799040461779	0.5542929351191133	0.2467735954191257	0.013269227671642514	0.6480235390867556	
0.3272690868601863	0.517188108083756	0.17522967579833504	0.5843084573384733	0.8565101253344258	0.7772017797261259	0.5047268450291285	0.4307640705154976	0.30073934049460427	
0.7329828337019262	0.04482211642820444	0.1104473934230572	0.1011156535653418	0.6961295905644755	0.21310185325308162	0.35850458383392114	0.8849075357486913	0.43082885949791505	
0.16477416877847428	0.949437805125597	0.6074036686492859	0.8948576143126478	0.7989673149882763	0.11210888637649874	0.27501464311131074	0.07429966509631081	0.612815237110516	
0.7072857874805433	0.8420592743452715	0.3584497017638306	0.8576689017692923	0.3901531208350877	0.44306923888588523	0.7912097060689584	0.6198209290356999	0.9612929495141801	
0.31614848648439065	0.594789492738995	0.35353939763053077	0.2569555719042962	0.9350378335629908	0.4240466833399529	0.15139854847300427	0.8106592546279737	0.4760288231389135	
0.8133039652084222	0.39525788326007905	0.7365812296005931	0.42354891200817313	0.6392503290441647	0.22073873183139014	0.2293635183417464	0.42314347939737995	0.9997987647248225	
0.8215159598735171	0.9121439946215869	0.12077785759689352	0.4054237083856974	0.10536651833887367	0.10305080197157812	0.8111987236260605	0.01906282642614454	0.7214516418400857	
0.22236734658032375	0.974950579680058	0.07069168968186834	0.6420246257181312	0.9363438978050231	0.8545020082138117	0.829858981633279	0.5982461996181772	0.8322476189488632	
0.509069504405986	0.2352642029715477	0.9073867561339917	0.23490939455350546	0.7800548908056733	0.285548971540286	0.7382169348516974	0.3158839985311952	0.3107274946898738	
0.4021632403020545	0.3010599487058546	0.011175215339906286	0.49315277214452924	0.23270357606431935	0.8792108994005714	0.007525196358325603	0.8467560377495376	0.1931495565767063	
0.544363330682567	0.8873253672746411	0.262268919398411	0.9940587325041946	0.14160989182346329	0.6088022369436681	0.4056153046569394	0.5770280785969873	0.5620747525780082	
0.9193388740804241	0.4305536743522711	0.875592563685396	0.19650214853894832	0.9868574805087877	0.0176820487627114	0.761184070180005	0.47055012790980166	0.8872247632150756	
0.5581161673061985	0.1345672144269543	0.7718937471131474	0.35613610112889615	0.6829372637075678	0.36530482232778594	0.719262904877563	0.6128250813752393	0.9976528754508075	
0.5010692136163603	0.028797551870958116	0.3503646619553502	0.30413075419732083	0.8570997961206074	0.25251894486070325	0.6457109760985038	0.33246590323349456	0.0764949649136285	
0.9891717187358798	0.6903123879439926	0.9932915912027714	0.6480898280436095	0.33648396319981144	0.5399385386890122	0.5890289949205627	0.29103173861601594	0.8845493526481051	
0.8871440478346017	0.2661177563357454	0.6949265543942941	0.38088674968198255	0.19898030664909272	0.7658973879500257	0.28057459354942693	0.2705133336647728	0.7010278697722603	
0.08753129557713502	0.2043859454926249	0.9034895350371213	0.7367442561838795	0.43826067866916485	0.8780610641990633	0.5607164523785806	0.39493760329062955	0.31636356370818375	
0.04199547927601699	0.9515418540351155	0.2702726963835723	0.10744989249154813	0.4571077006923828	0.9197624854623951	0.6520035143417411	0.8190329761179435	0.53042360756552	
0.40821675061286344	0.9924186208901733	0.9304375712917121	0.06781612746693555	0.8372270626768472	0.5664679397338467	0.38691197149010503	0.7644545688781353	0.8228559450605598	
0.5112233033586876	0.6613738290039141	0.9305294805113787	0.6269965355860555	9.535299312197765E-4	0.25867571974561265	0.8813732303546576	0.15995112311824156	0.48077190853354435	
0.2631763844832463	0.612485153248451	0.6728764371912549	0.25035635848426985	0.5157794538222625	0.2315830133915916	0.27253335775170084	0.9982224029224226	0.27527662428271493	
0.5385003117850253	0.740651527484438	0.2713761004725539	0.9370292198737201	0.9591920626833471	0.3901233577452261	0.9985690106474161	0.25859468553017007	0.6556439566475862	
0.5597778758981167	0.3316633687291618	0.2787432481562192	0.27093845729295507	0.6355485213697244	0.6805108412116747	0.4653292405098185	0.8952970388775572	0.0762049061051866	
0.21463628225358922	0.06306158508594228	0.6127337935872375	0.5946256965091877	0.5961299420898477	0.8883147504764556	0.6906942392097047	0.8442342425496286	0.32468648804858924	
0.6622871513701503	0.9616716543904787	0.9793790374489365	0.043080524798216	0.8993743610065887	0.09900953432574	0.6424820462698196	0.708728019681062	0.8504053290121736	
0.8039550518986841	0.5020489871261387	0.4385578295103828	0.5654989704584708	0.010163132569367406	0.9852783763870205	0.868770931815106	0.7728228357367218	0.1333580001247996	
0.19575671315286847	0.9046668159413095	0.21705251126779102	0.7530276473125647	0.42585586859453617	0.9788465939377858	0.3174329912002416	0.6602600904717304	0.0662059641530569	
0.6307531265671108	0.11746765147244531	0.24635405731270354	0.9825391885303354	0.5793796751307606	0.6729749933711854	0.035371190414395404	0.5444038411334662	0.21468273469811217	
0.9531736983957511	0.48708700296383955	0.288085199225542	0.685902016007371	0.5225241467783297	0.07263017713170206	0.02615938530255646	0.8525755727234852	0.21974706504111974	
0.22923378613140288	0.5634298971743251	0.299512943000396	0.8481921179950038	0.8246369797019718	0.675723803794764	0.14362058588049864	0.2680311253352077	0.8027138026912922	
0.598946845540121	0.9980597071545817	0.2061380399666658	0.0403575094177786	0.07808191769481854	0.5144175023094893	0.8002706173597754	0.29037638240575714	0.8131980539331768	
0.7765113708449367	0.6413005199331308	0.8495090503748893	0.5075335167950065	0.8512924097671449	0.4987854364555482	0.4031989752734271	0.19206424093869578	0.14562156364441625	
0.45014239574987014	0.7906511437111989	0.887814401442937	0.9120098386267926	0.8849195125436355	0.8043608390837831	0.2164253386453051	0.5657368504396196	0.8528998674046925	
0.837789111395651	0.556065921333341	0.33892117281982126	0.2529660415768884	0.9401637543360308	0.09756653441209795	0.9571284933059171	0.9716152260542281	0.6528898684231629	
0.37339474784070437	0.19629575324658532	0.3949474073126843	0.1314856481628549	0.7175022023752519	0.04140519675268306	0.2005338382492986	0.8943558327119078	0.23588550885238424	
0.06253635106103017	0.09308854433937619	0.19336555896426622	0.5790197548158197	0.7578386750496134	0.2546821645778157	0.18214413588059186	0.22966315434462503	0.8828075575268735	
0.24592851037910068	0.005425061732843184	0.7026895156930415	0.4330594086669829	0.9921152925032924	0.6898650421271045	0.5658865993962189	0.1424374465445487	0.06630210232524036	
0.08707675344607757	0.29472432233279566	0.006298298794114365	0.3887813018794446	0.39553235454399904	0.40396879608112	0.5063870500403599	0.59664475066416	0.45042178970445024	
0.7619040394027556	0.49227135273538347	0.9041162655419775	0.7739998203762273	0.7757206171091209	0.2901417272004009	0.4409561898612865	0.9020122536509884	0.3336256548347788	
0.8963126254728553	0.7907961978935886	0.7459629396786537	0.6033416747564037	0.272570434955683	0.025494114316825467	0.9878431035577426	0.6546209918536288	0.595040218273158	
0.2980880116878253	0.4744002988703091	0.07135455502865407	0.9486051877970405	0.7226436207593095	0.06735980591671908	0.37006293803574	0.5251556673100789	0.06498544636924286	
0.2417854975259226	0.09558122283647008	0.4344703603729223	0.4924079881212259	0.2519466648053311	0.23496102912350258	0.6783811773393947	0.8324973535848519	0.16193549239348282	
0.4232772482022441	0.49124754081999455	0.28680371673320204	0.2741773415693596	0.9776569908078986	0.05618425364473745	0.3252984752032855	0.24400426246282736	0.04325262632317439	
0.9810653067542338	0.7060130783472077	0.38747337083053934	0.9988767962611631	0.5318225134902247	0.13258105006889498	0.6668283354503435	0.06660650990400752	0.6637379192140356	
0.28901814914083923	0.24124950944655743	0.587076824418121	0.7087345047290139	0.20755746964550126	0.6510520975202835	0.026999634760308866	0.49103029734702464	0.17301561126462972	
0.28924739768120566	0.852602333935927	0.33817210381968454	0.2930412412997533	0.0969066904624114	0.6432224544192716	0.22845506389166848	0.6664843290751159	0.24490500817617133	
0.3948083555556743	0.6069281519234152	0.17735300458290648	0.7336828856189199	0.5945694575120034	0.4646701783406716	0.0348608610306288	0.7388424624801317	0.6793666097164849	
0.08675416410428693	0.7574622900030662	0.6823106782458372	0.9771706029742319	0.578613831209892	0.1524449605281285	0.021755194345656315	0.00987780273945893	0.9050150309349213	
0.4770977656866672	0.5258240099934696	0.6592438959726176	0.9169231801831152	0.6175963611475049	0.9890431527797316	0.6310818967483195	0.3903758651365915	0.058812166200363225	
0.1727546357489187	0.29054547330111424	0.8531437541821997	0.5032396486191105	0.12429628487118016	0.44800418762197025	0.5722014621764206	0.6903500677383506	0.6672013230126042	
0.14379550385456108	0.5523708351234721	0.7224328695508411	0.5754252556467901	0.7318647511983888	0.8538960971030424	0.2661599619623881	0.4366667195440932	0.011824506040741034	
0.881861776916459	0.45847134220932895	0.9832748725891449	0.6826809586061614	0.26964097301746803	0.7531454034363972	0.6693023438545427	0.19529774946597722	0.1693612819152539	
0.7651470246660136	0.8985822537850843	0.17456812047558812	0.27462505877862586	0.8728635001312093	0.380816932377936	0.10242159448409427	0.17144168432620122	0.29215218453955405	
0.07747338874794563	0.20523195418023377	0.17197673944532077	0.23611940655675057	0.7444737957493522	0.6813436218285863	0.22002602550968542	0.7226772116025462	0.8854255300324821	
0.8177265974462105	0.28772566681508294	0.5476756315210622	0.1886869327433589	0.9164868346625237	0.03535719619057476	0.7558198192088064	0.9708795905449981	0.659567658348832	
0.5264560920927509	0.30032267915039434	0.2529738038200623	0.6688555138737213	0.5550136840651414	0.24414331719001603	0.790295148337666	0.08913951510148654	0.8835994534270333	
0.7558890012225139	0.791992359224878	0.03444973227596215	0.6622157990784645	0.010612628347263953	0.015180413371912449	0.6044419023941776	0.29991019653819817	0.2707765663370102	
0.9887591484548194	0.1114483591680393	0.03574183216533522	0.8870071821891232	0.4721897901465687	0.9775637623758249	0.15780695494491026	0.6424263125820295	0.927570585535767	
0.1538036796370884	0.4761966853991709	0.8485626640544077	0.7001109331988343	0.7774309603386598	0.6330365396685216	0.39203240108729265	0.3962175663813552	0.412873993785156	
0.27692298473786303	0.9401073566863413	0.27874544855899774	0.8700200078349406	0.7467473099541165	0.98399313581569	0.13532967331854973	0.252098047588735	0.4146696509216291	
0.649969818047185	0.22379959327326115	0.25310758867657424	0.9365984005699709	0.602203832094473	0.3574176837020787	0.860222662284899	0.5040804351998683	0.8816660096124004	
0.4469506768056901	0.6720481852259977	0.23402705147928005	0.46097706008105854	0.5185847619079064	0.6690697667405554	0.6768943196866166	0.369366398439125	0.14566595827270523	
0.32356365910725904	0.18124462762998572	0.4457507520026489	0.36465072886805294	0.5076635071937959	0.06745768230510851	0.2311857574742897	0.47669444981995246	0.5229854799678978	
0.7574460368829686	0.6992519676513866	0.22403130021350903	0.13824198653678899	0.3061526294148953	0.2772692223669586	0.9151517200959212	0.720654891228105	0.8864755246272036	
0.05219290880020666	0.1343790265774163	0.8838981475891866	0.35516983645259403	0.13748019814396684	0.840601435334746	0.3487129160341521	0.9308709382580439	0.2872500188350804	
0.35117110348175773	0.5080727643835163	0.2673763736345224	0.3147290460167801	0.16993647915942667	0.6726885349938163	0.7634670060342748	0.6265721752857532	0.3807409317927609	
0.5433425871542232	0.8033113768082097	0.6790808993012315	0.715669754546953	0.38989358433716337	0.7767193445108624	0.9454104057115411	0.9809106768014072	0.6020618568350337	
0.8346638542424518	0.2992306686310483	0.18605325230068592	0.7057593444458509	0.9973824486021813	0.046211742020070834	0.6415466815830603	0.5007332887141999	0.34389917489597255	
0.009030322482463937	0.6868940059764511	0.00801551704983039	0.3195277762684786	0.656683679313991	0.18059607177691805	0.16032935494943668	0.1561538723687429	0.6280842607297489	
0.14873189133448095	0.008101269874100314	0.7229678959659839	0.23083565106747772	0.5011232575339285	0.3006781414312394	0.098124898953178	0.872468941630723	0.9690058598744029	
0.9145688679651697	0.04570087926844191	0.3384934980226669	0.8044912476147729	0.7030387162196027	0.6774946751962824	0.6979514692596923	0.6247353915805567	0.9522682474476433	
