0.6002009795380634	0.19109893471679484	0.0669388170975247	0.8523672583047656	0.24404146837670915	0.667023349724403	0.41808732307660024	0.9134685173072655	0.8026967838754633	
0.014177677264497479	0.7362846326368169	0.9350065062597503	0.29239429438938447	0.93746006120338	0.6451049156851428	0.5925073669737035	0.9401923948385258	0.42111371148522814	
0.8529054596715618	0.6170787530801244	0.3597222459788708	0.3271490076622603	0.1181103231165258	0.6445557792518487	0.021486176688051084	0.996782979131555	0.4143683325177637	
0.572121890130097	0.5086733693566344	0.21118062301836504	0.11784829442062261	0.24435151863169147	0.8675169780238369	0.5817082941698413	0.4496117369849083	0.7152679887441901	
0.24005045058313224	0.6941888584631479	0.6481027027670416	0.1262045812517134	0.2302814686378164	0.33404793934629795	0.002288874486894854	0.9562899421444615	0.7771817532476436	
0.36363282890734583	0.3209663483602364	0.05857910083655382	0.632458776309547	0.02738876472587093	0.8471945125498274	0.7341307698964952	0.41418308483135746	0.05042332927817561	
0.4780227129632356	0.03076825104969727	0.08423692474646782	0.1317118112461383	0.12040809056103763	0.4285712671015862	0.46532499076570677	0.8215593613638935	0.9919028622641307	
0.9357045759204855	0.36560366215483164	0.738190042306915	0.9453041114309004	0.7507234023052641	0.570654295386649	0.5815544302970906	0.6814349705577819	0.307594692884002	
0.2759504901772101	0.9895910696919613	0.5186873465003797	0.5485031767331849	0.16424880975412048	0.1762005206596382	0.3023524456672533	0.15834513244432413	0.10858209405923014	
0.5067967487324546	0.7213742757855195	0.5428920291300254	0.08674123682784163	0.08803160469100124	0.46666404732678135	0.46274654297797535	0.7795751711697825	0.9233743415739902	
0.7306124571617508	0.32616194093172346	0.76942485051489	0.33744773928255223	0.27519757088325125	0.4634257384009076	0.41514292824389776	0.36784653129024547	0.22351667423587096	
0.5289234031825001	0.9665881481571351	0.9206309108232394	0.9972327463669438	0.5967429226292247	0.594250862202915	0.9232863910112994	0.6827185220072918	0.31981435229570576	
0.6724467991154328	0.36638890286773684	0.4123486897931288	0.25892092224504704	0.8506209406335337	0.9366911545608083	0.1897012790421566	0.714771962830552	0.40560381492555153	
0.012435514613788445	0.05972894333190326	0.44625076638494954	0.12262805639345564	0.7966152282809926	0.8936336883963808	0.6262136038782571	0.6541398186433662	0.5266651520835208	
0.5388277053592567	0.8061978605063749	0.08499034117727611	0.7840129632858356	0.40930278188671676	0.7283598280828965	0.49786866083952097	0.2294124192576088	0.8794403917135728	
0.630217056914252	0.44134822605633883	0.8049831247050883	0.3953957116476028	0.30952307416168523	0.019015337077917915	0.6629464000695471	0.2740816634854416	0.32075557615416306	
0.7107340311060407	0.144576426431419	0.7137672649170934	0.6846987123653527	0.008060095935196299	0.3448571814854986	0.38960564025989786	0.3925685058329763	0.37423965270259174	
0.4858875946698401	0.47074279003972963	0.7275375467886211	0.6008318870935605	0.07233750411732098	0.015771456553144825	0.30285186593775415	0.17739883551172486	0.87147525864538	
0.5368992065703941	0.4946352371093603	0.42768128813072603	0.0432777857959914	0.9778232789899363	0.7213075274375783	0.6096561714177025	0.2515418123585276	0.9156427616008371	
0.2858603552040371	0.45054567431719583	0.6298780223950998	0.44802688014118686	0.4709203637588326	0.8251999794454957	0.945211434217271	0.4043085384553389	0.7560541541006183	
0.20701591901404381	0.8391695036000679	0.0025453030365710783	0.9733725066402568	0.5473951160158517	0.4709010613503142	0.6709524997302813	0.11637080833109692	0.8597193934530614	
0.902266690323323	0.29678488673824954	0.06382332045313877	0.7754884191894477	0.35906197681432217	0.3442802771226102	0.5797293790621807	0.02690377175125136	0.06879653365013394	
0.7666156762613722	0.08185077528558227	0.7595243213253831	0.9677612226438816	0.45860586792928526	0.11232032550076287	0.6739400545607505	0.4123760739483693	0.16479666847770713	
0.9103517724294463	0.06844100656467056	0.2545711926323415	0.6174923541586497	0.7767871399297713	0.47679519963178685	0.021420435507712998	0.17824736035054667	0.8763165850454425	
0.7120230155410909	0.9076635038097562	0.8677433674732554	0.08021151093065348	0.4777552183105138	0.7162417804077531	0.40778756406525263	0.6428107506608468	0.8166756723402651	
0.30939191939116906	0.4309794540194998	0.3642289492297279	0.47144425642960797	0.26107053489461773	0.12128863387108624	0.8298279133762395	0.5999903458835962	0.16864792991572208	
0.9401796421799132	0.6420426146616753	0.25045004436173	0.4162329608579596	0.4560772640831	0.12197700540647516	0.528666555759242	0.6633056718396789	0.813829287766803	
0.7780369556972666	0.5725249579786826	0.7301128305367653	0.5959405254471226	0.6286557118626245	0.13002120775567605	0.5359382311655658	0.6978162495288871	0.4966573338618293	
0.05246843514139421	0.8615195047442278	0.7076971848569342	0.6918343726605921	0.4923422212787133	0.47181692026228894	0.08755154612326022	0.5263890016009537	0.8459210953339831	
0.8555109123921523	0.4849689830565618	0.8266430607403275	0.8474273579265703	0.4005402746855159	0.03943396272811717	0.43398002699833294	0.7175871426553737	0.8821408481044704	
0.18200235970664358	0.7402921519283958	0.8468501208821407	0.5848658415452014	0.01764961554353528	0.10438119871918838	0.4509224479190882	0.4893556786856601	0.6265618044987268	
0.7769529112957951	0.7908776433919983	0.5641883320090496	0.37114024917986355	0.3440300730067991	0.9027020293813055	0.7480456841298927	0.514989684411885	0.42400354177505417	
0.6406166139550946	0.26321585276219006	0.909105269477694	0.24670869486584235	0.6871267772083165	0.6447083073383091	0.017645003053613606	0.1596038443475063	0.4521184754912584	
0.5422684290921354	0.5729097524732842	0.732125293695281	0.35991768896471643	0.11697063575522315	0.0041345944641443255	0.3031244700420741	0.8601261392004199	0.6008470465407639	
0.2148397736465525	0.059087279160185635	0.8062845106509027	0.8258480361021213	0.9592001578691371	0.7088084741427475	0.8396828718135829	0.021330821239471165	0.5268639635103366	
0.43072923705646526	0.0809479933050481	0.6809904203611176	0.1119868144973798	0.504440161143897	0.3481637532977039	0.3596210399682067	0.17314269796892023	0.6402926534166411	
0.9972828213177558	0.725866898779143	0.30101205557751143	0.5740217134213375	0.8439109979004593	0.4770835941281123	0.7349467253668157	0.033889823955968845	0.366430772350248	
0.8064938907911869	0.9479138208297445	0.7525297976598565	0.5971828474477456	0.5204145908157772	0.5927361543107281	0.12402990844779105	0.5499238706945067	0.07938620650768724	
0.6108843461123067	0.24146954569309442	0.6431267373180285	0.5275780752965668	0.979687314897562	0.6179925754446052	0.2115965665244045	0.3730624815108229	0.8021363077995857	
0.7235570560416731	0.6720747946992219	0.4785068395080567	0.12201232639530113	0.5472038670525136	0.03386321585967211	0.4152036845246889	0.45251028254467307	0.9948092536374784	
0.416326768511738	0.7395301923992869	0.06893541241460721	0.2116567494103816	0.19330231067870418	0.9263743229602628	0.2778432051804741	0.6764607264610392	0.9143240601402481	
0.2922240366048723	0.9867364857504765	0.41345219518983256	0.708633774263827	0.5781489999502941	0.79701670950041	0.9543590302299559	0.9499899739668379	0.6658557710873853	
0.6227987012892192	0.10508154837492212	0.5590487405725478	0.28986274571347104	0.2587764707754042	0.9948172605305994	0.6253417402268554	0.5105578929564624	0.5115669465270287	
0.42645388129263717	0.9952242057685148	0.43770751978613365	0.14447713396872486	0.38850971599594075	0.9011852021844833	0.563974910816952	0.6800600420767409	0.49244984492174637	
0.3977145640024533	0.7114599659368842	0.3289141748158644	0.25051501738422255	0.6698878362534604	0.9008650469211457	0.18836178616531785	0.7697625351832588	0.890310722094494	
0.8557854323320906	0.768567748079424	0.6053707111869355	0.8856064518322628	0.09378752334287654	0.8361597955675972	0.9055602201113506	0.471857506974085	0.8142379914074033	
0.9396843550779521	0.13754062455800808	0.03526045727521876	0.6983309542337394	0.8250696272715591	0.8606502676846053	0.1843495388372417	0.1504088485971905	0.07928162587257814	
0.3963625985060524	0.0473819712650867	0.8182392410201605	0.1508119063744492	0.8123291598184653	0.6169065619723302	0.1282296369828504	0.1438778260032162	0.8710503639881937	
0.0646380882006714	0.005844736986664101	0.7305382355340947	0.794193916781516	0.31832248469683266	0.023705677360038258	0.2769988415251575	0.2647146845838442	0.8467138791920638	
0.428633315768601	0.9218121568237133	0.6793119864296735	0.6542660629278321	0.4674560171587452	0.00802422879248288	0.7983154715885402	0.5504279013580035	0.6803452631729457	
0.29715082055644226	0.8981996904480629	0.19636978264420035	0.015579761082556542	0.1475567210122145	0.32434258018549345	0.8327597144465885	0.5575706130505916	0.16728964148066006	
0.09904486382957245	0.7743392798293834	0.5331552289734028	0.25881925345953494	0.12437277004144742	0.7863264127695225	0.9810440346455408	0.0946783560585982	0.8422868359680328	
0.8501926814780826	0.6092148916694332	0.23021807515366033	0.4097680067417828	0.30507416025293677	0.9696597357396516	0.109188522524581	0.45810720433002494	0.29825780114164435	
0.7562827740944383	0.06979448851323167	0.9189914303231699	0.8089785230537504	0.8475218656435299	0.09716946504171875	0.731829982018747	0.3559352670921163	0.6612574664377755	
0.9175281169916012	0.08105600091326814	0.4592549454379312	0.04224798363001736	0.25695395849232927	0.29997958793231494	0.1974421602315436	0.45680530431962274	0.17411045384169677	
0.6493546274755797	0.3139981636243091	0.5274647960043782	0.5513142343738652	0.04997299280528256	0.12044155031958947	0.8086208670219157	0.006724920193088346	0.9613166892003447	
0.28259938426028886	0.38112156530139873	0.5474263877601256	0.38778160445064347	0.5234200900589133	0.9344626458719061	0.7435305593027554	0.33964437123682256	0.594133640980375	
0.6091761715027629	0.8319428301665781	0.965261604782691	0.1423790939087224	0.11418876634804498	0.39852694273099176	0.2037510853229031	0.7627457171963188	0.23149295398272307	
0.8638999484961059	0.6712296295818926	0.007089347538811519	0.015638247223086488	0.4780618381416115	0.30897961700099963	0.5460183653832411	0.4007695229153956	0.5328905864177882	
0.09666364505366998	0.4615952901829754	0.01992813869572263	0.5838969749263523	0.42742104227486244	0.10900898195962483	0.760918073532694	0.10316284194471126	0.4802811844929953	
0.5233545391953014	0.24857342126779225	0.5105792357934016	0.2988700221281779	0.009176085243881915	0.3577792669077223	0.2988692109192945	0.1085105177048441	0.2535479489407809	
0.39857411962402756	0.790653910719786	0.6474312824207287	0.5655581806697596	0.3625495781115391	0.15314278962942196	0.24485995342896305	0.41731938348414777	0.47863672833692417	
0.15957256687719001	0.27746496758536376	0.581514788466346	0.47994113652041603	0.08658149098716561	0.694786354589868	0.8113741432049236	0.8799959145646354	0.6379321217678461	
0.5016588925234613	0.12154572254250084	0.9860215562356492	0.7767148587856608	0.6423916187642071	0.7642417876450424	0.7155053435299114	0.7879197533027962	0.1814481672750653	
0.6478792740644557	0.19234838707826918	0.25890544109622415	0.526649360768214	0.1381762051235137	0.6843077729512413	0.7647574838343528	0.683768482188301	0.045220946289388664	
0.18955017865353796	0.21628580342738002	0.5053049171157699	0.5939069191833062	0.1052433312490173	0.30759982533347197	0.5894723835874741	0.9073796740237726	0.1009204765864028	
0.6117451095379792	0.5853106608662288	0.5360446800669358	0.546546181370678	0.6678944940729777	0.5303881653437771	0.8111553678063976	0.45247839246513555	0.2328732518857758	
0.05480220884505704	0.44058177543999233	0.8025646209662172	0.7120775047492739	0.02115018843704053	0.5522534906247576	0.5095261040621144	0.49076882831174196	0.732734947075554	
0.5549856600964949	0.7617934957477297	0.5526772957445047	0.2250757156988752	0.6704134819414265	0.22078524412449618	0.8717063336556352	0.6496723823314865	0.3936796439351353	
0.7042369812692221	0.4948908532900903	0.8970358127507144	0.33088136777253363	0.36358534402121845	0.20892160471893717	0.17481397922102082	0.2285397222616965	0.9362492876522919	
0.4580552457735534	0.501675219023294	0.023408714660354435	0.43025937118638125	0.22824885931514005	0.939390953237755	0.8779528641118025	0.49278340028869294	0.8497424684388339	
0.6757089535561537	0.21202381501524126	0.13073540376328785	0.9985859905988074	0.23950510077806075	0.6301619224250082	0.8311417751837199	0.44689842479694575	0.9542296483957224	
0.23314238272597954	0.6810032687161137	0.6618132135371526	0.7316696515005794	0.4320067892802223	0.15134450821861223	0.20597582616687427	0.5225493228510769	0.9664525550239226	
0.7545476635380828	0.6997500992163119	0.9621536590561178	0.547995688810471	0.7305823414317405	0.4540349135528291	0.9306434607241005	0.031021530189152324	0.6355445050801817	
0.7213965132252786	0.958811201404525	0.9844977066614127	0.041722779449125835	0.05469150643491372	0.7156847384811149	0.7722897164957676	0.6906517910374264	0.9963185486510232	
0.418489432949232	0.6051702103006353	0.8676403785277783	0.6786703617958935	0.34279677248128293	0.043354317300798195	0.9970606658365875	0.8065514624953355	0.9813663641878284	
0.20900262251370771	0.24831407338513656	0.18355991030220753	0.7463146175212557	0.8476163753064505	0.8156137316628991	0.473119828658895	0.4675057562242687	0.28285688299630707	
0.06462883959862509	0.11531878133904827	0.8656672562815227	0.720424685350305	0.5775499357724724	0.9298054655886171	0.6027997149937341	0.17480124083095938	0.3337469701043584	
0.6672772465907918	0.2550288870490781	0.32143548958739343	0.9285055205538825	0.3891638959352258	0.030824637838732794	0.660967837538732	0.9415775756147619	0.44998358148496564	
0.9651339453510784	0.1869880461154434	0.44119533663669597	0.7807713386596676	0.6340921021814753	0.6754767337480224	0.13554377334987222	0.11384035700107231	0.6390433282196876	
0.8723403976315842	0.6756419216400538	0.9926334966665765	0.31668348490394893	0.5427055000746579	0.46922145992709696	0.9810547204968108	0.46511534529078147	0.7253289362370587	
0.2375756420749836	0.43868001748360386	0.16696070566094623	0.7813751633107484	0.38141483142641786	0.1066174884944493	0.5398939102904167	0.5885989254281165	0.14917830066021032	
0.6417800337775013	0.8797646142062078	0.8439531808888192	0.5985582780960383	0.4538009616931471	0.9348101459634469	0.898873625557007	0.4642373745904572	0.09703881066158371	
0.0994998668166428	0.376090580612469	0.7831092702936385	0.8417442213972222	0.5012503082481204	0.8825941949939676	0.4316369167534685	0.1366798109332038	0.06093979421874818	
0.047397288826593664	0.9413247847199584	0.5675806138146979	0.872264105214416	0.01250976813675686	0.12000689585720192	0.8570278416768542	0.6041370055455229	0.7673606175320243	
0.8388781580580459	0.876726986284908	0.3930116631261926	0.11922093608885875	0.08881080157011356	0.713567480326809	0.39874787136039025	0.1432639700450239	0.7164402795534246	
0.7139688842134558	0.39330964250128153	0.16050706455782693	0.691722274229967	0.11393569305099494	0.84852194644503	0.06709567330552257	0.2887555561755649	0.6499471424780957	
0.15589494436445284	0.8326633481452985	0.7809709579956404	0.24436060548332972	0.8282771971088491	0.7717060866019096	0.6773317544419513	0.205886841418346	0.22044445059533602	
0.22406657058508495	0.6878128741727217	0.41507960579260794	0.8157905235567083	0.3148168512407792	0.15680996202770148	0.6105997309016759	0.4187396999453732	0.8610341237597974	
0.008490143286746465	0.15617712454525579	0.43418002938982436	0.11696260554327087	0.2387061888136709	0.6581633821710153	0.8419710653101442	0.24212919079922102	0.35212121775657146	
0.16744941782304623	0.947044558271392	0.8425343065554476	0.10431507519866912	0.4118329772655712	0.6892833765251182	0.7224556722263353	0.5119496382290932	0.7827722513970609	
0.5139117265306389	0.26418699647418964	0.27146501001264756	0.2749211513418538	0.627971390098571	0.47899816957510666	0.2840958510411147	0.6718724228070386	0.7926391735075048	
0.026124650649603676	0.5511033604566316	0.1098314709719288	0.1545729279996193	0.5864977362922986	0.4240719753359419	0.8284581074504836	0.7731392259462897	0.1558045536821222	
0.8958126959407758	0.9290567608583937	0.46071574578763896	0.1252372683120575	0.23389691935525847	0.1275616210285846	0.6156871056056401	0.555801555083048	0.6696371095406807	
0.9582141589024202	0.7435046257817569	0.39268523122569754	0.7628173081481276	0.27903224670633875	0.1911809500596886	0.23566572708521638	0.8852732065866178	0.4461866380652135	
0.24110709121569418	0.039488190268304746	0.2577081753310715	0.6759406003587589	0.1420709590233349	0.8719575218824912	0.08172492306112367	0.4857351177495861	0.1425179969798367	
0.19112630202939862	0.5721454862637848	0.6019684691163842	0.4154742042278927	0.7852277161349404	0.6037666584567242	0.2162446662210954	0.8683938728439751	0.8957124182595391	
0.34235587685715185	0.7771352527522076	0.7995719862966542	0.23563328556554697	0.32903556611844775	0.6621916958775861	0.4566498272449625	0.07741453889355965	0.908355754410978	
0.20948262188185673	0.94678414344012	0.2870925523408009	0.3106553708127262	0.00595424380346965	0.4993535464120362	0.960698097925854	0.8964716081083858	0.8319274070983272	
0.42630752586738796	0.3521844131505696	0.8264858294743423	0.40670373344890076	0.7404906647554258	0.6464111645168489	0.373756708879613	0.22308819846633654	0.41080903508245337	
0.3393583832668807	0.7019638029328825	0.5354740304238302	0.9304614503962104	0.45599775462797065	0.6908854303056097	0.4023828556018012	0.3890473478213542	0.591570853494842	
0.2462004108044279	0.09122229265555248	0.022950387694889995	0.444082190662608	0.4188041745105867	0.5648015648696622	0.654206571820057	0.4991543611284647	0.6274542140247842	
0.5648867009703664	0.9352457258942326	0.7141309905581266	0.06666891432469302	0.6789840043217545	0.8449815733401815	0.14389709390293026	0.45486572529799474	0.0543350438291369	
0.49771770747463095	0.8206729006244654	0.04356232990278852	0.5771869029089716	0.5206548346180808	0.7281928048753128	0.7248730479992699	0.3347490960638081	0.9523195051356661	
0.5865032529314035	0.7622464138919945	0.4671019714888772	0.9599022606353375	0.8954480412004764	0.016249801964086097	0.9886629954456785	0.04701017406654129	0.7332022626600432	
0.4129636022217539	0.09591382307212026	0.5795144752755443	0.1445777900301819	0.4153546020028809	0.7832130765256485	0.06255590422009605	0.8087244166825931	0.9440456619417581	
0.6332860120767781	0.7154695883878139	0.5099608054534263	0.6868282859367738	0.2780871039404518	0.726590248347615	0.08525576220429754	0.4992524089803352	0.08061855241181848	
0.5197691907186958	0.8173831538320226	0.36905981774258634	0.12139808972255639	0.6806320251723949	0.9913100076329394	0.36796209875765673	0.47938990887855937	0.542253492142864	
0.12566343014613512	0.05195755022746418	0.47734566579921067	0.8083544106162229	0.7108669324381816	0.21461887305195138	0.7044698626017554	0.31860593766238465	0.8095310794903599	
0.48617313450168465	0.8829492794705694	0.6228109444941626	0.8676682022209187	0.08896490395197088	0.3154823679621598	0.48910877462559044	0.659853725676589	0.4812090238960981	
0.1965535491158873	0.7760515586302679	0.3629964335825101	0.6091633474770458	0.19664939747258214	0.041339941051078966	0.0487155332981527	0.015141934376250665	0.018262575453618424	
0.7077403920405139	0.8817435769315034	0.1274535303654738	0.8595239836366608	0.07822095889074066	0.4152530072670302	0.36415544500708985	0.22882692882999467	0.3411993201291398	
0.45933921262331734	0.021478743958988855	0.9016470576647286	0.99388626260359	0.8048324067420646	0.08650397752249817	0.5012620331568741	0.5797214187945875	0.17454856216623138	
0.32350173174842645	0.6279573109202778	0.987294643693972	0.6149088699115284	0.8901073648891048	0.8133264519107513	0.9641045179939881	0.6084431292326896	0.9295473063097399	
0.23938647082542908	0.09443052475534575	0.12959928713083002	0.16255722754466928	0.9689041599590263	0.34685020494888863	0.5220138979777513	0.002707131696605969	0.42528061357759317	
0.970974548553006	0.01963364881511509	0.5831851244520737	0.6239372974794616	0.9756495480138825	0.7991642360436416	0.5184801297540992	0.33330557589347665	0.1764175817571405	
0.7406672001266015	0.5701884671478534	0.8666792143064651	0.1249120212309418	0.18942293553832035	0.31222838707001055	0.057997213308741746	0.1386997313389462	0.8379801761926807	
0.3699330672713633	0.6712557630259973	0.4359743485149128	0.7940305434849161	0.24383320460512614	0.23619428444931423	0.6973965325444796	0.5645551222167083	0.42186263175274485	
0.7447259181141387	0.21390127364804068	0.22397937628139475	0.5888367104586767	0.7338143815205864	0.31671202677455235	0.7607646879942088	0.2372909450302736	0.408104354154857	
0.24603068467320488	0.26626004421646055	0.9908690729156902	0.22547476124736543	0.5662432660710527	0.5737739189913544	0.24119437569211644	0.2161241880452256	0.7686382336368442	
0.21869155970529208	0.9566428928843616	0.018356718368309544	0.3713400939268595	0.733636862348322	0.6150533359539309	0.2566866888179319	0.048543182225533554	0.0885265394238508	
0.14225090049264366	0.9985372252185472	0.5796265379403055	0.4961806727947593	0.35224640865433865	0.26650864512461236	0.17219249258515568	0.36444161372671	0.09554244423156055	
0.82147561220159	0.49578628406079484	0.9593316901135664	0.7935426821055831	0.17385414039666425	0.10358618151045629	0.6974129025824365	0.25101872079358545	0.7880709120649851	
0.6424165505702587	0.10963560999378574	0.1410361098452073	0.9300603699566585	0.6251758590414536	0.5169873362873044	0.4030355729423335	0.8815564687103438	0.055051324755585496	
0.7186524156483056	0.2949767193649715	0.6926357881268994	0.863866977933198	0.28543922467097405	0.9424027521931525	0.45112605894558344	0.6285202628307641	0.6733038305891115	
0.022396580577229375	0.5875977134011581	0.8864458590758479	0.7394525479217704	0.07219820226951135	0.8348125590592611	0.4454211829016028	0.2681997693639545	0.684479055193298	
0.8346230047926845	0.8292018122337055	0.9048132527954283	0.6538742411428106	0.7235637808135288	0.9533847439575119	0.19605370187046978	0.49832695045321695	0.5854393289858366	
0.8714765690820935	0.5006849335874491	0.9729417338287162	0.9390942792384191	0.35528031073349065	0.8069492803246271	0.012588768105620818	0.19933034825220286	0.8158536043634408	
0.039206744638970115	0.881179107756546	0.8713221660638341	0.08542284445775472	0.4255177047909138	0.5625330073212609	0.9491418950868522	0.8361007510551166	0.22682148745255037	
0.5394200362307243	0.8760470088479954	0.28245015889324354	0.2804071905055059	0.2889890069377714	0.9525832356387145	0.8729394623995576	0.09441320834630706	0.3090336316803275	
0.2589630960277116	0.8726802240192505	0.6720711281640924	0.3269740239965624	0.686386506764011	0.50934811709049	0.02531939291160812	0.09228706486622051	0.7365365095928036	
0.35289472160868973	0.8706664465596069	0.4624381241199724	0.9459281178913794	0.7524865369848048	0.1079361997225643	0.004013069279720782	0.26902801317509706	0.2899946472494995	
0.4429883709695578	0.2233820684402279	0.7246881829388763	0.8419163715683453	0.6717038648584753	0.6661673301192282	0.7052494428483627	0.8884485401579434	0.561122050048807	
0.10614268825206497	0.8872425466007012	0.7736702720684603	0.2446715559757251	0.37212543404612275	0.5874290961284374	0.4083473249943568	0.7689682831299922	0.06438961345459937	
0.9366611448671078	0.6636547750342482	0.736595881825422	0.27208794905268563	0.4467260211388707	0.13265250358675074	0.940492449687009	0.8603806857506309	0.36947718608877467	
0.6963921658973049	0.9623253112868039	0.12237967065806044	0.7061614537840671	0.7015487655185881	0.9297478993655216	0.40854948432179605	0.15361017396861598	0.5281764576253024	
0.4477798851809459	0.1942170644943001	0.6554901254260784	0.5293601481685947	0.9841927479620723	0.5792717289873843	0.9638607250775355	0.8794554884940606	0.5105045123482492	
0.7527160003819023	0.5308870221939278	0.3323032324735441	0.5651447675686293	0.9153237462906356	0.33737375213413967	0.7618733884060971	0.579530945510497	0.8490366942859476	
0.4779826113225675	0.15555790321247542	0.33558445882714105	0.24442239820318745	0.17874478336903843	0.9909664100768097	0.6600882111550633	0.9678748290954423	0.20392337978108388	
0.08106809314876207	0.5248886472848446	0.935375118680127	0.7016297645528637	0.8680175437825846	0.24144935935577738	0.07014532500874315	0.21230249498811016	0.4622111722012918	
0.7066653021805853	0.65342518643991	0.09123200588389169	0.29939458748942016	0.11098417177934528	0.8644473702436146	0.5023480308164734	0.16049514335852622	0.5637064124590249	
0.932141922666912	0.0737136403965214	0.010867016484948921	0.5684586860983805	0.7167635200063703	0.1587593865252106	0.7245954351855468	0.45197692827891944	0.5363672581300679	
0.7237995170155758	0.03210619103505741	0.32494048422226407	0.055741852129615355	0.8426079421877625	0.9545331419832453	0.5368241592892111	0.0879250836612524	0.00663214708317672	
0.036659864787286	0.7555047844456992	0.08407011408509502	0.28214235264227383	0.9950588973215062	0.1361089559996016	0.3591540886392547	0.4574560228931306	0.8524971516667643	
0.051879936522971515	0.10161487841728079	0.46692887046860265	0.9812897835364206	0.815103119724128	0.21183228012980793	0.5527174136362829	0.1456455753981032	0.773159033321191	
0.8400031104411473	0.998009507600049	0.18478500432528333	0.6819903106666348	0.06668007363257722	0.19567099160007295	0.6036531366705834	0.8896306320570082	0.25444566457491524	
0.9437429690804513	0.10324168244858911	0.223079232491032	0.9993380415510352	0.47138094956472176	0.01488655903439784	0.10043779645297035	0.29630538848440624	0.29089712455024985	
0.6870163127395514	0.41837344895324746	0.9576607081837588	0.22712527615875922	0.6522396003874648	0.6460845072663125	0.47132070052487973	0.4671940627383091	0.8702112158831548	
0.3204783986344595	0.43705215071791903	0.656873368403238	0.14970240526190048	0.9230534399353617	0.17092784944289863	0.4169624692258852	0.947479489755134	0.08491896325946535	
0.550544765020394	0.6397123550132225	0.20808416638039928	0.7102102933954765	0.4263070078627669	0.6612195346462484	0.27321074888333086	0.7034178965444885	0.05788718851268315	
0.555543787681031	0.24434718346441842	0.13925569339449784	0.988651875504931	0.13182650716799071	0.3785378373708773	0.03880192553698503	0.2514212465374188	0.8116800991800653	
0.953984540227906	0.527214374304204	0.3409253629839769	0.6066301025640536	0.9249200790572134	0.6899660306774645	0.19771477828939088	0.5084357260453832	0.31623909156856356	
0.8243120064296069	0.870792740002579	0.4716592974860536	0.19704250188396655	0.46923235027792043	0.0616091750550799	0.522567511950304	0.7877807052604028	0.057894915062277175	
0.23512664657940197	0.5429197249105197	0.6674667376664354	0.01924346276056066	0.08859293106866817	0.5718205513389568	0.7813703473345088	0.7237964987376775	0.44048650582116944	
0.1550638543510452	0.5524477289097232	0.9969713083580829	0.0726091296518192	0.36551445937540605	0.5913812623720417	0.6756358161322557	0.8616637725776451	0.8863603916059644	
0.8971278358868529	0.23681540847932214	0.6511164013493248	0.47093774973722236	0.49043305558693717	0.8239793034674464	0.28631466062207933	0.5051700632472381	0.8857042067395535	
0.30001845187434606	0.720569070275629	0.7771833655550086	0.2429584913962799	0.6276985463038864	0.7456750404193014	0.3433752769545887	0.7208659596321565	0.5936472367843066	
0.09926086444347182	0.6349230481040096	0.7687913485381677	0.5171335228845656	0.3898090916715592	0.41564095972839954	0.4454186419026257	0.5295715964641908	0.7161061519818092	
0.43300728912447173	0.7809984325340253	0.9806509029934583	0.45465816743502496	0.8005815391039555	0.5936662211636635	0.939686742362194	0.42712921987393915	0.015053393057103848	
0.19984105965397336	0.21367684626826433	0.412557114169649	0.4120866869551518	0.6817960697494257	0.058136746680291895	0.9069009019089614	0.9823562537053948	0.2874687520697665	
0.36754001962038874	0.24629348508219984	0.5159370704190404	0.3820273942130835	0.9448434291969408	0.6637702398008656	0.4878004764176992	0.7206778991692673	0.1144528864812715	
0.6383648849606554	0.8343832988702164	0.5934086326869586	0.5279748292647283	0.8287465764774535	0.0954083765426964	0.5218621909872402	0.6682710122351861	0.1418417640927171	
0.16413207164853205	0.9197252054161713	0.25025665866894986	0.6538546706883247	0.9035347368748481	0.17653546546043752	0.7123729659229814	0.8977614981295794	0.16795426590333296	
0.49554578567067353	0.5021206793066829	0.5561139372854764	0.425182703697629	0.3565644696412601	0.28371007321614883	0.13589646037168635	0.04463250678244446	0.6576293238365488	
0.6279791846631647	0.556353359778238	0.8309144666852144	0.48983973588827945	0.9696318416145281	0.49592395932018507	0.8870367787182749	0.41130703179339934	0.7824105885583182	
0.5692183609737191	0.5486579615789811	0.7558154123036647	0.058972521212847795	0.8796318795963936	0.04599221331597769	0.22499131125361005	0.6145072288648942	0.6177738040176062	
0.03690050679728929	0.14414952138649395	0.4091746399713616	0.9829439217769521	0.3184880564753625	0.686841294469571	0.7881991556078758	0.4828225727549046	0.8189898036048029	
0.02862858173921068	0.5493215798169674	0.046031636264322495	0.6508477650116095	0.7300940678767709	0.5251313744244448	0.709977791998793	0.8392925564282304	0.1159003352329111	
0.9317765854057434	0.20361978042967355	0.9882079145084621	0.2791016640881966	0.6571647642629864	0.39279651947616323	0.6309902159203216	0.35746828387817176	0.006672275788579651	
0.726764072900282	0.8066733325989482	0.6558896547168397	0.3929566000348862	0.8592723719132408	0.21327232893253212	0.7449759556979584	0.39406046912041404	0.0037215442405199584	
0.27267913180707437	0.9795862772272551	0.06847270893687607	0.2837032868723084	0.7650646065448308	0.07587917729491012	0.8886710501582064	0.15603209981572363	0.44224712514089204	
0.7767134056864013	0.9566276074440518	0.3307424431279047	0.33792747622895103	0.5850591606833859	0.1630378653520087	0.7353905310103953	0.3527065409999042	0.17088220835513368	
0.11615493926574672	0.8296041722173032	0.19306523227113714	0.16386480297660855	0.3474181517742725	0.7595782800630271	0.8656654366292994	0.6523690388586318	0.31836182559172355	
0.7593787626715862	0.05317893874203339	0.06441713290637674	0.48350755940178625	0.6660957948852082	0.7370460272384496	0.883035925768375	0.36442498641691556	0.3736829151378622	
0.0023947584889150164	0.44652648761614455	0.6098931968266496	0.29167546791320886	0.21344672356540972	0.7825891946230311	0.9822692243011883	3.708165334783686E-4	0.8057874274950964	
0.08501506312791385	0.9682628942988265	0.6341946971117275	0.7070389848913987	0.33635906060909393	0.3381382669630032	0.350920245884319	0.7019645792381032	0.13716120169854606	
0.1690845814340033	0.759476210127849	0.230692289589302	0.8250532404325773	0.9906565928634087	0.12977177373501714	0.6767305238567497	0.7213430731181741	0.12644026312837497	
0.23863045187164034	0.022156536436471308	0.4758861431030551	0.1967804406757948	0.5298437296301471	0.7973974533430855	0.3889293678155603	0.7987721526093093	0.2135430416253542	
0.6753156564549856	0.21865784829919221	0.8939663107201024	0.7806018785827197	0.648568554208089	0.05688474282564615	0.16507252513911463	0.9879106919888477	0.10393644458936269	
0.34023664202306936	0.469517062415135	0.866474121471312	0.16909295450813833	0.681994972029234	0.2704573287055777	0.4297073993729704	0.43630565282598777	0.44355388058682454	
0.4731738897919924	0.0022391802440441255	0.8737798098160149	0.7893169548160744	0.0704737868345734	0.17416190057323777	0.615023862734947	0.48519754679496907	0.4579811365577665	
0.9773917850118943	0.9456731980385096	0.9155480318404635	0.5677112319158794	0.8881772858134694	0.03520257066042609	0.9636286753628016	0.4043205417475849	0.6941483917304149	
0.39831742358702926	0.43329604703103386	0.16407472198288786	0.620583540742052	0.06410606331770419	0.9820276346470417	0.6771709665393475	0.18780165164346985	0.07635284482749849	
0.183367779208354	0.3305169159274476	0.7716182240791611	0.0032570510027547517	0.19335713334781712	0.06892769468448834	0.3696007262535951	0.40917071795787996	0.9146016053490407	
0.6598804655177206	0.6401575697207248	0.0999012246559251	0.8751820819179508	0.8870229312206594	0.16937314224525357	0.7646475465663201	0.3503638674440631	0.20915062475259227	
0.4275897304778118	0.4353868842910913	0.3023549003860877	0.12238359289649936	0.3728256736907096	0.4112722319111718	0.4592281441639635	0.24730542409708045	0.4813070723597217	
0.49296367123728235	0.5802547819937457	0.6659814738376989	0.775281420580417	0.3410130510216829	0.18130841409020326	0.4103320727216241	0.8164335216030433	0.26330823508834733	
0.9424361688356879	0.6356605378098883	0.03725547325482059	0.37562224611313855	0.023120994929525573	0.9571664250459703	0.9034405118790007	0.7733214709602861	0.7994848621340807	
0.7381956136080994	0.15023400824518973	0.10648441614620452	0.3078037030472486	0.7373279006266023	0.6998435315538881	0.43200768670975553	0.5695468197513657	0.10162457194127827	
0.2537895247651687	0.2683144737060754	0.7384242502959567	0.2737371484920116	0.4943189028657876	0.4609866187951507	0.5056518759109079	0.8745315410949245	0.7997034086103545	
0.8347061559673462	0.2850139709037841	0.7523449162225656	0.5853121398305122	0.23658232421732928	0.3489691764458547	0.24291342073977007	0.10324477403629295	0.7389399986038501	
0.8574534784455754	0.6404594783184085	0.916993335159469	0.4493350336406342	0.929488522121576	0.7417937957959675	0.9569220858235212	0.6573281539221734	0.17434934918288592	
0.18688541506456835	0.1337318414843085	0.2258584269616749	0.5887552679534127	0.6191178985528316	0.4382733007212427	0.32723131159199037	0.3310886789804349	0.8037700195347758	
0.916138428675842	0.6611896376123452	0.17062178590373056	0.7621859048773812	0.3526595508967588	0.43349717103352037	0.8420621982161951	0.38617354368034607	0.8263738001452501	
0.48044291525037053	0.7649903036349185	0.26004162628869054	0.6717896743285432	0.9112108821052735	0.08052388244365638	0.21630096070626859	0.02445794841956428	0.7267650058611941	
0.8734943702130025	0.6161404131508047	0.24980512548652423	0.335794823017191	0.0624059761778758	0.11825799978019402	0.5587646755331426	0.01600211872082713	0.3929544446933073	
0.04342591397720286	0.5913201089611438	0.7950636178246169	0.5151093228269926	0.2176509597202524	0.08020814188003877	0.3753575803426753	0.1462764379036593	0.7526060277982737	
0.6205188756197353	0.49675251523723396	0.9050601898945763	0.11394404653883805	0.2935201017408037	0.35732238681674766	0.11061869405952418	0.5260670228394833	0.512810596710599	
0.6036261388377446	0.011301576487574128	0.9491785543171919	0.12377129014315158	0.2785450409692126	0.7404881905844276	0.9052768690170397	0.7494370045978165	0.20652968142343187	
0.9606282117191879	0.6238944362822699	0.5933248679187979	0.07357468553241309	0.6499132197620413	0.21808429881486635	0.13241121610634532	0.14135493867939353	0.4210454886708803	
0.9437722899590055	0.20222267469830235	0.5095166621983729	0.9081623689697373	0.3730716048751236	0.0626801985105675	0.6104596650667558	0.7536361126632561	0.018004185065954692	
0.8961620639577336	0.6306366839415166	0.191789834693203	0.7568360633460437	0.9445674625371924	0.2531053717463315	0.5563648777418595	0.9317824351344223	0.6323596708622018	
0.003647439442878042	0.7575933043387729	0.22706335982167236	0.5651886655616799	0.5512448468753662	0.8743985689072358	0.366689186503963	0.8562235880521637	0.09664037106616996	
0.6044572894391932	0.27358553010588194	0.21401367056572018	0.491867039386377	0.05423076893494483	0.9911695463018627	0.9618955826066478	0.16368583448119578	0.3346484300844875	
0.7607477462252702	0.03603452417194508	0.9043909342803472	0.6166059527736971	0.6241786319536529	0.4109291746971847	0.878387039265056	0.02321063137066981	0.17300562020606935	
0.4827733983630058	0.8406564763923143	0.13164562951358671	0.500194564924533	0.23456241284251944	0.592196364513158	0.7839488042300277	0.14391923624299008	0.7569059726087519	
0.10825967279145843	0.00806500967077406	0.5161501634273038	0.007583850930512059	0.21799098411944706	0.8067459029076878	0.16766866792090462	0.6428493398396152	0.43077059327681344	
0.3917141800358176	0.31332866223897515	0.3425606748060407	0.6000322784744285	0.6174398240767294	0.08061959431436572	0.8925922851052337	0.272155292212489	0.9708304825346735	
0.865296679879912	0.23986486054086908	0.6268015942622099	0.31106229969235255	0.3470131285551209	0.5143861060916098	0.2099468727535554	0.38317752346797385	0.34032488853272636	
0.7616014135055095	0.8365935274594242	0.10720430003454196	0.603315187701036	0.5748250025497516	0.4135030092238118	0.7088213109203712	0.5953339127025289	0.5218912157021037	
