0.5000463884303057	7.492236504699297E-7	2.3773862647856422E-7	1.0959333734734541E-6	2.9288106797206773E-6	
0.41669163218256877	0.083314838225352	4.3442549548700485E-6	3.5162956129049423E-6	4.701120846140528E-6	
0.3333357355406122	0.16667384173487193	2.1514303311147385E-6	2.415979994133944E-6	4.699829916235655E-6	
0.2500419691085092	0.24998015324042522	5.041101687242911E-7	1.6316067849070556E-6	6.26620850897694E-6	
0.16666829999761226	0.3333564376123381	5.16627532689496E-6	7.161621427099784E-7	3.0269809985879333E-7	
0.08343066974116232	0.416590212112667	1.4243884256532772E-6	4.286790335126872E-6	5.510726794060406E-6	
3.905053196138911E-8	0.5000013234256928	1.494308458587442E-6	3.136417209488388E-6	3.0166708994905525E-5	
0.4166764686620368	6.663766695735411E-7	0.08334542875484156	2.4865161633180872E-6	5.9841075470506945E-6	
0.3333263159761647	0.08335203572383702	0.0833456716325151	2.4106072971744604E-6	4.609107918303025E-6	
0.2499852837527146	0.16672433601421502	0.08331255093715378	2.891031031057579E-7	8.61166247738182E-6	
0.16663918229513128	0.25001288136676436	0.083370911425018	7.048950989865207E-8	8.332995317399492E-6	
0.08334678939734556	0.3333628384909032	0.08331060314334755	4.3767730981994676E-6	5.728761453494486E-6	
1.0586771226219636E-5	0.41670082395579494	0.08331098021808332	2.1732877547096555E-6	6.2797299912094E-6	
0.3333369321409478	4.2426829504695404E-7	0.1666911835732588	2.5256194410718857E-6	5.0087859862251366E-8	
0.24999789443185252	0.08332510973895882	0.16668873309206764	2.1989453548744914E-6	6.222761681771813E-6	
0.1667089007927154	0.16671367389965752	0.16659164458380846	1.2744225045839574E-5	6.455352146313933E-6	
0.08333153649001734	0.2500016743417296	0.16669278339930482	2.251565945680366E-6	2.1202703077125193E-6	
5.8786206704437555E-9	0.33332916918713024	0.1666912256700234	4.32315224831544E-6	6.1564242402095575E-6	
0.24998796318538655	2.508761421003118E-5	0.25000544783862366	1.3691511368668455E-5	2.4732735651356E-6	
0.16657839873234387	0.08342895097001785	0.25000207679232345	1.3820032474342942E-5	1.4423307203513493E-5	
0.0832458921953248	0.16669963765072168	0.250054333528654	1.1754538700223118E-5	6.686823081390423E-6	
8.336014066105666E-6	0.2500441595738045	0.24997281934527532	1.1863979338058914E-5	8.338550275216763E-7	
0.16664198846991554	6.665968214594338E-6	0.33336210840390396	1.2349614988318117E-5	7.6037578825396644E-6	
0.08332444164626228	0.08332417892494605	0.33336204065689157	1.2349612478586211E-5	7.6201921540712884E-6	
3.9121686875353375E-5	0.16660296919313272	0.3333553267668266	1.1739914953449971E-5	8.788781068042739E-6	
0.08336874407179919	6.265313884943733E-6	0.4166472352755746	5.950360544187251E-6	3.0237565150346543E-6	
3.248755078847253E-5	0.08336706935768394	0.41661971511864865	5.932382851836086E-6	6.179899800377873E-6	
1.949149732573901E-6	1.3097021101697636E-5	0.5000126687707157	4.356757460792989E-7	3.0770501337157835E-6	
0.4166943493111298	1.3454909112137075E-7	2.1493497385664216E-7	0.08333559809146975	2.7570832436247127E-7	
0.33334046540211226	0.08335558268648814	7.613125723363648E-7	0.08333414119752791	3.116434721321554E-7	
0.24992250930778284	0.1667514441483053	1.1383736244286199E-5	0.083333772921058	1.2579820442235447E-5	
0.16662874762052737	0.25004041051553244	2.2060118347016973E-5	0.0833317024914265	1.0112388039365152E-5	
0.08334818973403775	0.3333473754240727	4.135596455516815E-6	0.08333339885830127	3.660428459962019E-7	
9.813303763379165E-7	0.4166907022734582	2.4917240384967153E-6	0.0833356038349982	1.1252260433526825E-6	
0.33334661584000275	2.425018007022337E-7	0.08334528571737128	0.08333506049605947	1.5569510535277897E-6	
0.2500098666149943	0.08333683226164457	0.08334524499029057	0.0833350194957414	1.7536736336510704E-6	
0.16666761199329969	0.16667238127083603	0.08335439791615042	0.08333560565144796	1.4302658568268464E-6	
0.08334541486068109	0.2500154346021579	0.08333374899197746	0.08333564563900116	4.063093313319515E-7	
2.2061379154090105E-6	0.3333609533567909	0.08333741131875454	0.08333687939627994	7.787169945434316E-7	
0.2500195447066963	2.4205690873233178E-5	0.1666483895063184	0.08333492552469048	4.1449711973248335E-6	
0.1666879870252043	0.08334675144651423	0.16665931992167313	0.08333552703786132	1.6354714102279233E-6	
0.08335079045788968	0.1666457206378478	0.16669322268595774	0.08333450121152124	6.107135593007704E-6	
6.448693285906078E-7	0.2499993238505121	0.16669431082464287	0.08333565558109557	7.599338483966966E-7	
0.1666713091133502	6.828450174895988E-7	0.25002160715919025	0.08333542500162289	2.0202477186144955E-6	
0.08336164289238321	0.08336396964256289	0.24996561241702056	0.08333313961602541	6.385131328072768E-6	
5.494714314255158E-7	0.16663937780152208	0.2500391738278096	0.08333129605042723	6.1815531746051364E-6	
0.08334738410556014	1.83504483593486E-5	0.3333278218427845	0.08333526503512048	2.1035143793375473E-6	
2.030459911881726E-5	0.08334865961529182	0.33332601431773906	0.08333394003894028	6.1500180537185894E-6	
5.7370394327569385E-6	6.619806343245887E-7	0.4166923420274853	0.08333522637436205	1.956913414357009E-6	
0.3333613766615555	9.474733662914677E-6	4.121870722821065E-7	0.16664555100210507	2.8311597467302716E-6	
0.2499905135724082	0.08334117123068147	2.8663395805095483E-6	0.16667801256420597	7.793268162749139E-6	
0.16667415294817337	0.16665748254031001	3.2872731285268848E-6	0.16667600950291597	9.92994911758875E-6	
0.08333793100759901	0.25000750054651977	5.6193756589212425E-8	0.16668418608288285	2.2898568495708256E-6	
4.6544369328650827E-8	0.3333357890155263	6.078124849371931E-8	0.16667942704284563	2.304124796254856E-6	
0.2500050252774505	3.956790834469208E-5	0.08339005735138677	0.16658550762351815	1.034554836968372E-5	
0.1666550864471676	0.08332265224025703	0.08336500933451618	0.16668276729342052	4.270342045857967E-6	
0.08335758802584403	0.16665939281004358	0.08331973268851993	0.16667987706190787	4.234923312423832E-6	
1.4945366699221012E-6	0.250017294366712	0.0833203143685733	0.1666867697495113	5.507291548253243E-6	
0.1666251429348217	1.1889704937378597E-4	0.16662292300384726	0.16665515427446692	1.020518802859734E-5	
0.08336152565417693	0.08335279369780038	0.16671191515769732	0.16658245587007076	1.4453066569572771E-5	
7.439882640922424E-6	0.16667900922207896	0.16665482689764433	0.16668217963220486	7.895430241777873E-6	
0.08333202352050435	5.266371107136654E-5	0.24998595423304185	0.16665699320018282	6.219168358645518E-6	
6.700796074999789E-5	0.08339100356582788	0.24996411661143134	0.16658310589777212	3.077964301335325E-5	
7.030034829870741E-7	8.500847436552723E-7	0.3332802723435024	0.1667164194107311	1.8583118209318305E-5	
0.250015373153572	1.617487408305789E-5	1.3279796697309158E-6	0.24999566338888632	2.7893834483044334E-6	
0.16673167433317965	0.08333912477554874	4.666917426373805E-5	0.24990178721495693	1.0350994242179623E-5	
0.08337021933559949	0.1666731851296269	1.0819342766112972E-5	0.24996400350666292	1.0419222618003393E-6	
2.377744918265375E-6	0.2500467605387593	1.0845826737655396E-5	0.24996976173075164	1.0419462637437482E-6	
0.16666972656295667	6.428621035886106E-6	0.08336404453081363	0.24997438447904718	2.7820258977436797E-6	
0.08335486994785361	0.0833449149732199	0.08334603506326922	0.24997943942389134	4.808382112335904E-6	
1.4266928085047478E-6	0.16668677170668791	0.08337077022618514	0.24996570182952518	1.0062241556411209E-5	
0.0833896916802671	4.4292358219055725E-5	0.166615192753333	0.24996004375874148	1.0667263279634572E-5	
6.693480684244228E-5	0.08336726452035546	0.16661513451565999	0.2499602821586325	1.0059550985716436E-5	
3.210562353502318E-5	2.713642258882976E-5	0.2500003945146819	0.24996626149766	7.903918573838282E-6	
0.16667630650416385	2.641719030313882E-7	3.6465733674312715E-6	0.3333381052554445	1.2922161242487093E-6	
0.08334697519904154	0.08333862281758757	3.6489201706564163E-6	0.3333418401781641	1.2930354193217895E-6	
1.2954075044183912E-5	0.16666916401987392	7.2296718025040435E-6	0.3333237766879958	4.732907672444714E-6	
0.08335117269352867	2.1309310472800662E-5	0.08331675676728875	0.3333235428846499	4.30700396920606E-6	
2.0909228689146117E-5	0.0833512800679246	0.0833164643236292	0.3333241910335832	4.733371609132401E-6	
1.1290273529764892E-5	1.1131275755681999E-5	0.16666858381355681	0.33331862067150847	1.0234641997255193E-5	
0.08328898354248916	4.204515346156708E-5	1.0710105867394293E-4	0.41654943323748145	3.2493591931967284E-5	
4.830054436049386E-7	0.0834016127261316	9.999078645797552E-6	0.4166019260355565	5.014455824139782E-6	
9.638008676466082E-6	1.0362413437045882E-5	0.08334531634019708	0.4166525729119775	8.199838458421418E-7	
5.22929567723559E-6	6.317219026373939E-6	7.629638376970646E-6	0.500010987663713	1.0596964036484725E-6	
0.4166805046878281	8.140603405459608E-8	1.6545328931202742E-6	9.815459273055306E-7	0.08333601379737864	
0.33334275668461466	0.08333749740706874	1.6588913176982932E-6	8.959303877637517E-8	0.08333686471306896	
0.25001513515315005	0.1666769338702511	2.57518640694215E-9	3.036062553231526E-7	0.08333855112945067	
0.16665350430592993	0.25003131713100535	4.448013703230212E-6	3.2569352074545658E-6	0.08334030817651189	
0.0833437181967456	0.33334634646105776	6.071647508937717E-7	9.86904264040379E-7	0.08333915042583294	
1.5896034234169183E-7	0.41669254091400354	1.3858620717863192E-7	9.600492648151563E-8	0.083338673105481	
0.33333128306142956	5.243241388645872E-7	0.08335047042016046	8.339168091913181E-7	0.08333715141760545	
0.25001490565333145	0.08333002900519902	0.08334478872213295	2.6896639599433174E-6	0.08333898998084552	
0.16666771927708643	0.16667184880330327	0.08335262506234067	1.4865317408158088E-6	0.08333724740833456	
0.08334441087109547	0.25001205047294034	0.08333563213109198	2.7383344982499387E-7	0.08333860463403302	
1.8103935106166762E-6	0.3333540586731145	0.08333553110175534	1.0160370252194358E-6	0.08333857419772686	
0.24998790239638508	1.782347287170606E-5	0.1666759648678233	1.8324754128228023E-6	0.08333686339271107	
0.16666515860836634	0.08333924258868079	0.1666750817323014	2.911021253282977E-6	0.08333698744650764	
0.08332705230725465	0.16665364872348273	0.16670699984524717	1.0117717759404912E-6	0.08334138635872672	
1.7453188058383322E-8	0.2500117992718181	0.1666795079212897	2.6572692514971006E-7	0.0833384464737443	
0.16668318735993357	1.139200458265702E-5	0.2499942149568517	1.6315151277085938E-6	0.08333862989159457	
0.08334591145886971	0.08334828769726307	0.2499936552461729	3.5083231360759903E-6	0.08333884490486652	
4.884789535722842E-5	0.1666729973353247	0.2499575617024603	3.4870309837370513E-6	0.0833362873500555	
0.08333835781563208	2.337894131551909E-7	0.33334980422840726	4.416559742701981E-6	0.08333919042329054	
1.0560308606582423E-5	0.08331946412558967	0.33331553646306467	2.4828237609756905E-6	0.08338728551860079	
2.55718907337626E-7	2.4410501306794675E-7	0.416691739404385	2.3627969349812445E-7	0.08333879703477876	
0.33335537246616764	4.954191742829971E-7	1.3328048657819973E-6	0.08333454160666447	0.0833388673010952	
0.2500064285569771	0.08334209694358377	1.3277166626793006E-6	0.08333270614159749	0.0833360441273528	
0.1666823338470416	0.16666683499803744	3.262336281781102E-7	0.08333442958660582	0.08333660429246514	
0.08334406276277613	0.25001102194425284	1.0016372288569958E-6	0.0833380647569766	0.08333855497581215	
1.1018557028490745E-6	0.33335276312423884	1.0485779121185153E-6	0.08333773249687465	0.08333825362311019	
0.25001519625437446	3.8788228569919333E-7	0.08333419164950842	0.08333258704853654	0.0833381803591076	
0.166677231127964	0.08333810461571246	0.0833342633340785	0.08333449019542642	0.08333642829535168	
0.08339606141803985	0.166642313961337	0.08331838118260443	0.08333819941327128	0.08333858061594042	
1.1063613517192555E-5	0.2500234050726749	0.08331778502881496	0.0833370742593653	0.08334156678544467	
0.16665460975972887	9.087746131546063E-9	0.16669688365850555	0.08333224474944571	0.0833369269474123	
0.08333441181694833	0.08334475455018273	0.166679653414283	0.08333361903791775	0.08333911413784859	
8.3211723431678E-7	0.1666722851386258	0.16668166091394862	0.08333733899085494	0.08333811875226527	
0.08335111826190256	1.388889608602234E-5	0.24999043809052932	0.08333299723954359	0.08334040766682582	
2.5094397804904957E-5	0.08335666535478962	0.24998109169381658	0.08333468448410457	0.08333757484368348	
4.4939397813902845E-6	4.4958574068435155E-6	0.333345177083415	0.08333200852186692	0.08333738433977586	
0.25001856646145826	4.774534153979078E-7	8.255276856508015E-6	0.16666583627256765	0.08333899205488057	
0.16668556995907557	0.08333726275964005	7.100445633124503E-6	0.16666337288920444	0.08333799824133643	
0.0833637111648066	0.16665940506515958	4.1974041013678005E-6	0.16666554686723736	0.08333704784822538	
6.892893826022085E-6	0.2500127243597688	8.292294859905541E-6	0.16666342303569373	0.08333911429811144	
0.16669174877026394	2.865600347563439E-5	0.08330174433041869	0.16666138508081216	0.08333703745026931	
0.08334870063904853	0.08334003682544519	0.08334033950243372	0.1666660031122966	0.08333731292350058	
7.874227618822734E-6	0.16668061060098172	0.08333874408540791	0.16666477079827333	0.08333810334731878	
0.08333908354919232	2.7456843433931915E-5	0.16664577824901744	0.16667986205377006	0.08333856983430882	
1.7717891341390494E-5	0.0833658567487222	0.16662981293571005	0.16668057135947364	0.08333697952148254	
8.040526611520359E-7	1.6498562181843207E-8	0.2500062411310686	0.16667635390411983	0.08333685263788713	
0.16664360234336972	1.3067010352751246E-4	9.360620321172518E-5	0.24985336825149626	0.0833110487044065	
0.08333762230282439	0.0833414642138689	5.50989827265805E-6	0.24999620742306783	0.08333702651937899	
1.288864743805732E-5	0.16666795142815408	3.941511080112337E-6	0.24999605263678418	0.08333693797452355	
0.08331901996494583	4.262188236200624E-6	0.08337848249809429	0.24999370001492796	0.08334089200937694	
7.542694151880524E-6	0.08335116892401723	0.08334276342036712	0.24999194683333226	0.08334049804602825	
4.7422963169709675E-6	7.970499028709341E-5	0.16661171547920742	0.24998398034473185	0.08333784159211716	
0.083340980411769	9.308398787290234E-5	2.702506132120936E-4	0.3330127363032654	0.08331537390634322	
1.737757949764389E-6	0.08334012678782442	2.755050293334453E-6	0.333331377391957	0.08334304514047178	
3.0238611561154532E-5	3.2466418679304046E-5	0.08332476118403492	0.33329320004113305	0.08333786453695881	
7.966393585316373E-8	1.7350067852637097E-10	7.849309003569415E-8	0.41668097452159975	0.08333682999903574	
0.33335960266124987	1.6921183959685856E-5	2.89976101363034E-6	1.5285159657120473E-6	0.16663826879342578	
0.2500238002448718	0.08333307786026517	8.337356029519304E-6	1.4616308744641092E-5	0.16663765910763517	
0.16667310467087165	0.16667710169079328	6.695009723593924E-7	5.619252907355071E-7	0.1666658324423844	
0.08334720797336538	0.25000185760133464	1.5091671785847753E-5	1.492828653609301E-6	0.16666868102056015	
2.131405876022996E-6	0.33336029230143394	9.962898641995823E-7	2.0911215872178423E-6	0.16667072143983647	
0.24999455130547169	2.4125283764017055E-5	0.08333313159509805	2.3917462981465455E-6	0.16666477917041442	
0.1666762228202399	0.08333781283909289	0.08333473776924727	2.848906685029898E-6	0.1666667779947946	
0.08333892281324981	0.16667746843490863	0.08333933244118404	6.978160601848533E-6	0.16666868298944967	
9.8136996556907E-7	0.24997143198155722	0.08337952554563113	2.0901948694007468E-6	0.1666645375196914	
0.16670296723930317	1.1816821383526018E-5	0.166657609101118	2.9335875832429584E-6	0.16665897341110178	
0.08334534892373187	0.08336187197842487	0.16664986504932466	2.7297656332471035E-6	0.16665911770265068	
5.432625115634124E-7	0.1666729856184039	0.16669148551577914	7.912229173376485E-6	0.166658188321373	
0.08336061984600115	6.203484663977068E-6	0.24999587555834857	7.487258227107298E-6	0.16665911198054964	
3.1103324503009794E-5	0.08334952187640979	0.24997769028155253	7.74880739720539E-6	0.1666530371555851	
4.353013550475882E-6	4.702721571416129E-6	0.33333880453610715	1.730785567911624E-6	0.16666841975635507	
0.25002422589742257	7.846786174833674E-6	1.9314575286122357E-5	0.08332307143430545	0.1666582397572028	
0.16667990943824285	0.083339563379764	1.4287486189026458E-5	0.08331766878896384	0.1666678296672045	
0.08330250929393637	0.16671698108464483	1.5223159333534603E-5	0.0833179875024352	0.16666682506926817	
1.9613360700667383E-5	0.2500147533256557	7.860794342388823E-6	0.08332049148605859	0.16667234369757014	
0.16666191989538054	6.82581521766949E-6	0.0833410440762067	0.08334371044421016	0.16666966294875926	
0.08333895946387605	0.08335012675818156	0.08335088267120035	0.08331974347944546	0.16665946095790868	
7.414636795416041E-6	0.16668927967253325	0.08334292264943757	0.083320276802431	0.1666746503692922	
0.08335302766644902	1.0449562340937527E-5	0.16668117832843338	0.0833207759586566	0.16665341461952785	
3.5407766002763323E-5	0.0833595287061955	0.1666535866496004	0.08332400889775401	0.16664609348904938	
1.4463380160599744E-5	1.3244688793431672E-5	0.2500125134161134	0.08332126386794829	0.16665472060502645	
0.1666805622830666	2.4767945225737237E-7	2.2223380892925856E-5	0.16664941939776065	0.16666458273345852	
0.08334316869340232	0.08334711139536986	1.4426115746080625E-5	0.16664600034327726	0.1666662940231999	
3.6673975019157743E-6	0.16665677567110568	1.5966826770358314E-6	0.16668945124803933	0.16666624619345724	
0.08330966918021106	3.545912800858545E-7	0.08337987647886047	0.16665938449413512	0.16666816137011073	
2.073914319176832E-5	0.08332947396699124	0.08336081762105071	0.16665235746919121	0.16665346452612267	
8.062770253575986E-9	8.190997723902562E-7	0.16666711021266467	0.16668313083799569	0.16666841471637775	
0.0833608574010702	9.330404983905298E-5	1.4024648622806083E-5	0.2499153573982742	0.16664953825752887	
7.217843986246836E-5	0.08338963485902263	1.5173900429197014E-5	0.24993677118114452	0.1666044324039311	
6.771299113858184E-8	3.467800082854903E-7	0.08324748941630745	0.2501017164999329	0.16666952189823273	
3.2794548132180026E-6	3.5212256865498536E-6	4.1781419568259577E-7	0.3333437441187299	0.1666677286715388	
0.2500011000447816	1.7028637832740017E-7	8.015915688053806E-6	2.5147437247504602E-6	0.25000761848878517	
0.16664089495519904	0.08332496552312119	4.5318912811994E-5	2.017777796881207E-6	0.25000537587714977	
0.08330712321816847	0.1666922881746129	2.598749360063202E-6	2.0358176623108797E-6	0.25001295629828657	
9.928166415745485E-7	0.25001140211624895	2.219850423058524E-6	2.7939480304222044E-6	0.2500131013961027	
0.1666753967310058	6.069750379369418E-6	0.08332877682014712	4.802043219332537E-7	0.2500063172008582	
0.0833315342544488	0.08333782193121624	0.083340962220441	5.838607968687454E-7	0.2500071515237373	
2.2747220469716303E-5	0.16668008959724367	0.08334098944083371	2.662881540778056E-6	0.2499707113682631	
0.0833462302692813	6.328071173132117E-6	0.1666604014923402	9.025739632593157E-8	0.2500050113504188	
1.0683953124589574E-5	0.08334758270854987	0.16667072137798208	1.7720165540374153E-5	0.24997254420167184	
6.572525051585179E-6	5.186232527245175E-7	0.2500008834246516	3.556758095131437E-6	0.25000723523760354	
0.16667595844770747	3.984990924855848E-6	5.494615751341566E-6	0.08332540123497918	0.2500064535305687	
0.08333614035003126	0.08334307663942324	5.421618151274359E-6	0.08332666323860773	0.2500069839941839	
7.325724324650309E-6	0.16667995576520744	1.992887214053057E-6	0.08332788624260663	0.2500140911940066	
0.08335580744731455	4.234424104554541E-6	0.08332404353999998	0.08332636101994308	0.250007306111629	
1.8426357928922768E-6	0.08333360452348033	0.0833495736595944	0.08332516306139728	0.25000700754610644	
2.276256806360685E-6	2.259507835676436E-6	0.16667767947927403	0.08333494732409653	0.25001408149132714	
0.08337051971627933	8.652570038858003E-6	8.839744715599705E-6	0.16662349153704809	0.2500072130805935	
2.256675106959944E-6	0.0833372211703991	7.392794521906017E-7	0.16667044480206336	0.2500063454706019	
2.5146858807011226E-5	2.5140951458530117E-5	0.08334060744269153	0.16662881353670933	0.2500152403397463	
4.483874083470084E-5	3.3478800576981587E-5	3.132980746337988E-5	0.24997585977699596	0.24993392548991217	
0.16664589908247412	5.461277206622789E-5	9.404855739678664E-5	7.780789702855202E-5	0.33314651416812735	
0.08333361661615714	0.08334015069005511	1.987353231969299E-6	1.967830258745207E-6	0.333340440635079	
4.528152293268439E-6	0.16667513862723407	2.0022724146088993E-6	1.3468532350453525E-6	0.3333367027738681	
0.08335582480563211	6.46848601587363E-6	0.0833141809206111	1.3998938961075294E-6	0.3333400218573559	
2.2630178576872695E-6	0.08329861513418213	0.08338120112614003	1.346856549834188E-6	0.3333365884191956	
1.2914537934605566E-6	1.6747689462026105E-6	0.16667337584656258	1.3721502995052346E-6	0.3333404198862152	
0.08335772646591588	7.764375124064765E-5	8.860745814599894E-5	0.08335697300514323	0.3331539156940973	
7.440826932433612E-5	0.08336561492544788	1.1816043106879664E-5	0.08323810125110308	0.33332733231544903	
3.3539966647730596E-6	3.7615176148770836E-6	0.08333946987372158	0.08333087511160443	0.3333398942101081	
2.693440345598591E-5	2.2355583885308984E-5	3.469527717853251E-5	0.16661217141750195	0.33333977400622516	
0.08337931073102163	1.353162867305243E-4	9.367305378587806E-5	1.3937945125261383E-4	0.41627301659354116	
1.4990527729322862E-4	0.08336232268113285	8.81667900246833E-5	9.431749735909419E-5	0.41634051178876813	
1.6862594466848416E-4	1.5702997965459723E-4	0.08332747713191946	9.445367881989079E-5	0.4162725374388649	
6.598440480330174E-5	6.526118685329415E-5	6.563203641076199E-5	0.08335112511224005	0.41647077913818953	
1.5141862544548344E-6	1.777829548355873E-6	1.1563301899829855E-6	4.91431857411777E-8	0.5000132693712044	
