0.5000485008026423	2.665148854206353E-6	3.8963116039362595E-6	8.820017439653423E-7	1.5651198766986073E-6	
0.4167005144121679	0.08334495399912417	3.854289832645882E-6	2.174479803388815E-6	3.289818142646965E-6	
0.33333896037851196	0.16669653912823046	4.60981290926576E-6	6.4798339975687316E-6	1.183450310762012E-5	
0.2500522360609922	0.2500415620812812	1.092360923867849E-5	1.488811975246676E-6	6.355820438040974E-7	
0.16658892811963377	0.33344586027400064	2.4840017774693205E-6	5.841006155124107E-6	9.014344463893472E-6	
0.08335163753718804	0.41670051371999506	2.027164871598538E-6	9.387191773961081E-7	1.912750155024179E-6	
2.4287594698344284E-6	0.5000537179804826	1.0991696238038548E-5	2.7512063090830007E-6	5.135549736886701E-6	
0.41668859276847603	8.498764083027381E-7	0.08335073460406546	1.3067909513808484E-5	3.6430609160251526E-6	
0.33340044931726487	0.08328722323076759	0.08335038053012496	6.913742011016424E-6	4.607468550181392E-6	
0.24999376090400147	0.16670585432825544	0.08334674598685318	1.660237841792424E-5	4.6157354016886315E-6	
0.16665737432406405	0.25004354655435845	0.0833485938336439	1.4995423304165581E-6	4.6202661936012275E-6	
0.08333638229913214	0.33335602777906215	0.08334869753140706	8.790498996331247E-6	2.6683457471965645E-6	
1.9785769925160933E-5	0.4166841754663642	0.08335600392996899	6.846790148792411E-6	2.6812378585137722E-6	
0.33337418962950544	1.1913798276036327E-5	0.16665898664760972	6.888141996328486E-6	3.365999510705885E-6	
0.24999079575219252	0.08337220357599079	0.16667821265160493	5.2468524280082775E-6	4.529886542136829E-6	
0.1666899926906943	0.1666780253630774	0.16668320860208266	1.1929211942625811E-6	3.524310029850696E-6	
0.08330703661570504	0.2500505741454584	0.1666849849310318	8.441385239696622E-6	5.012161148831012E-6	
1.6905151724472407E-6	0.33336399315402104	0.16668903273860677	2.776007661340798E-6	6.065968852310044E-8	
0.2500230279984029	1.2852607147563604E-5	0.25000277731596954	6.120534472193391E-6	8.793078638307694E-6	
0.16669207372472117	0.08337638381440106	0.25003530922710737	6.83351614726592E-6	3.292420758353171E-6	
0.08334975121437223	0.16669488190861004	0.2500105776710528	9.819398734933285E-7	2.801295042268731E-6	
3.5014644838061603E-5	0.2500481916007288	0.2499855495185894	6.128157017476615E-6	9.101087906884686E-6	
0.16669242119295105	1.956694375126515E-6	0.33334804016537306	6.746986268663646E-6	3.6121393930832788E-6	
0.08335004818450396	0.0833505351801813	0.3333651984206979	5.453264319380353E-6	3.6243912991124363E-6	
9.71451724733754E-7	0.16664273349353229	0.33339389037381695	8.972434522222858E-6	5.03408969098166E-6	
0.08369865718246948	1.936703981144583E-5	0.4160822548131817	1.1132035375965204E-4	1.4469936972141083E-4	
3.8075725287853974E-4	0.08332964641188619	0.41630851905596983	1.018664956949704E-4	4.93536738093697E-6	
7.973798641617333E-7	8.38761141589258E-7	0.5001123996643934	6.745404949758262E-6	4.454946207331435E-6	
0.41671467691675024	9.108181574469195E-6	1.427149582767017E-6	0.08332316280099053	3.275188700068208E-6	
0.3333484516512851	0.08335646379760653	6.3404134249545425E-6	0.08333978254865063	3.537099765628878E-6	
0.2500318684771915	0.16673133644355018	1.3878944229698109E-5	0.08331820731197011	1.0054815698785954E-5	
0.1667302785799257	0.2499709752276945	9.5130062600502E-6	0.08333925485507838	8.393768639608344E-6	
0.0833399701324694	0.33336635981949	7.021866177810438E-6	0.08334054625797883	9.590828327230132E-7	
6.652125151007988E-7	0.41668944974126243	8.575368269118376E-6	0.08335272083078223	4.83942381221711E-6	
0.3333766025522807	3.6309598032887226E-6	0.08332868140792823	0.08333930251265946	1.973519522740409E-6	
0.25002339763039577	0.08335615691223919	0.08333113558338641	0.08333965260997046	2.9608195776399587E-6	
0.16669250412180467	0.16668888341004992	0.08333160040360899	0.08334008102939668	5.271585457643462E-7	
0.08337804019436862	0.25000652541383156	0.08333192986360213	0.08334119298617906	1.0895222793428372E-6	
1.8277661605233236E-6	0.33338290291690764	0.08333239554108302	0.08334091215322163	2.341686156822104E-7	
0.25001528929141675	7.032432435166048E-6	0.1666876010250662	0.08333873672650541	1.9694169438564387E-6	
0.1667102260598175	0.08333657112413402	0.16670489655490014	0.08334829004451813	3.3741205102564008E-6	
0.08338378877638498	0.16657086296417242	0.16674975756587768	0.08333843957977068	9.386550525822071E-6	
2.737878518699497E-7	0.24995510354423756	0.16675024162253038	0.0833405077731519	9.353159534786543E-6	
0.16667931310393916	4.86016219585132E-8	0.25004728733958237	0.08334200444039869	2.8235211712426173E-6	
0.08334714599129892	0.08334432596467017	0.25006327175108656	0.08334887643701139	3.51792306212194E-6	
3.372083699188485E-5	0.16670649728894635	0.24996430363528213	0.08334023411405748	7.353415826479059E-6	
0.08338312897994021	4.771049355975409E-5	0.33329110917053884	0.08334106053269645	9.057687607474224E-6	
3.688149095429166E-5	0.08338448063360912	0.33328511111240444	0.08333731804415954	9.257402851534754E-6	
4.626351823321409E-7	8.834856410999472E-9	0.41672311686026126	0.0833415153068838	6.820932183145213E-6	
0.33336665084293554	1.1249835622812097E-5	4.846113356136139E-6	0.16666746595491172	1.5596427047916207E-6	
0.2500009384622855	0.08336737586124811	3.2650597868931483E-6	0.16668781527978277	4.888115818857793E-6	
0.16670800313944226	0.16668821125049874	6.44084244346345E-7	0.16669618586427745	7.051216876571697E-7	
0.08336986862330194	0.25000400986602267	7.267055476365348E-6	0.16667228032678874	4.826227376990846E-6	
9.997911985151884E-6	0.3333656577442725	7.3808154628406515E-6	0.1666732224621256	2.988681678569995E-6	
0.2500266487937185	6.976400316631579E-6	0.08333561929076798	0.16668278206265877	1.5955973071075091E-6	
0.16669434789411344	0.08336107722940929	0.08334454205347124	0.16669003008685085	4.783758909213614E-7	
0.08335281896254651	0.16668233482625375	0.08333609110308732	0.16668360515740613	5.900737763878628E-7	
1.3330128714502569E-6	0.250018230261278	0.08333147989297006	0.16670921489247936	8.495832225427524E-6	
0.16668835544493552	5.628908413169526E-6	0.16667031348185438	0.1666842390269515	2.2783475744159316E-6	
0.08335204285060445	0.08334498583914528	0.16667507752608796	0.1666769249257727	3.4609926733268835E-6	
2.4688855284179036E-5	0.1667153197030654	0.16663558760953207	0.1666786049511218	3.4585715742026173E-6	
0.0833601755113742	2.716300212839759E-5	0.24999749278772584	0.1666826381689178	3.354957065600087E-6	
3.146395836874667E-5	0.08336761765112213	0.24997939815692982	0.16668634307535962	2.0504866944597897E-6	
2.750889118893661E-5	8.273485860717686E-8	0.33336617244175787	0.16665760347158284	3.4133491037703345E-6	
0.2500218898875324	3.535095367971973E-6	3.777870030030347E-6	0.25002335365245265	1.5515724574042438E-6	
0.1667248767334557	0.0832960430819595	2.514119461868185E-6	0.2500245919950847	9.950849682001448E-6	
0.08334053292677147	0.16668488693576322	5.275269344771258E-7	0.25002863028162536	3.898367841893761E-7	
7.669146675890349E-6	0.25004859360184944	5.565819625925116E-7	0.250059502553914	2.2444941799642E-6	
0.166683029143896	1.2966766095962934E-6	0.08334514920369551	0.2500235649407801	1.3564115946574738E-7	
0.08333535492460353	0.08334613210609156	0.08334763054431812	0.2500231954894566	9.696965778977221E-7	
2.0767217967635013E-5	0.16667215043667713	0.08333666766237674	0.25002364804684657	4.659223051660653E-7	
0.08337860833099688	3.222283409940569E-5	0.16665650696940285	0.24999178266146482	4.889774835476399E-6	
1.1778257291212004E-5	0.08332954179523397	0.16668517592614593	0.2500182590471697	7.773266008750014E-6	
2.6178756989818165E-7	2.7988441571764936E-9	0.2500278248050095	0.2500220469736422	3.2520093222497766E-6	
0.1666963166224075	3.164176224545212E-5	1.1834630792192044E-5	0.3333349086713236	3.258515969215053E-6	
0.08334734580427243	0.08334659945941321	3.0616805866372474E-6	0.3333781809154229	1.3974166132861818E-7	
5.300085235509124E-6	0.16667863013576084	1.0481170077131445E-5	0.3333729900555523	2.252243256686458E-6	
0.08333849450485149	1.591798436160913E-5	0.08333465334368098	0.33336239630651954	2.0122142425560074E-6	
8.7934115296958E-7	0.08334305584892394	0.08334470522447797	0.33336412822873474	4.781596772775108E-11	
1.770319650748714E-7	2.452016537889385E-10	0.16669409881106745	0.33337511761577976	5.161611718410747E-7	
0.083404243492249	5.303141789114008E-5	6.878855529974061E-6	0.4166011050567359	1.3091084948696782E-6	
2.9079675431228587E-5	0.08334363712591464	3.2884251903815924E-6	0.4166778722717471	1.0415137085185028E-8	
2.0916608384321247E-6	7.139224675153986E-7	0.08337535694807321	0.4166886007193334	3.0811250371278394E-6	
4.584154919897892E-7	1.1888861196332438E-7	5.757248750612928E-7	0.5000510669131866	1.2859560560708275E-7	
0.4167098528353802	2.650502233271375E-6	2.486621958092366E-6	8.161792842956368E-6	0.08332911471678255	
0.33335411707361856	0.08335787819484104	3.7619951314037492E-6	5.822835129658944E-6	0.08332977814311641	
0.24995264745284107	0.16674982962186757	9.087887364506456E-6	1.3858658646179643E-5	0.0833284895250506	
0.16667952117179272	0.25002925463385367	5.291686365570941E-6	1.0156038358053032E-5	0.0833302788962019	
0.0833297680422135	0.3333828865963079	1.5305712987187677E-6	7.353628902019576E-6	0.08332973363105883	
8.443341878139924E-6	0.41671881715662384	4.0620643871953895E-6	6.144736361412799E-6	0.08333303153845036	
0.3333672068556004	1.0410966067266333E-5	0.0833377809824551	8.170735443915223E-6	0.08332921612356277	
0.25002732258513455	0.08335908088628997	0.08333297098443049	1.5070659507206123E-6	0.08332891752654595	
0.16669916844860633	0.16668577468774814	0.08333376747419786	1.5173623812558538E-6	0.08333224061200992	
0.08336210851611592	0.24999159513297037	0.08335885707956633	5.637215039571497E-6	0.0833317504332979	
1.6807367728334282E-6	0.33336193507704587	0.08336145373736957	1.0479846228733254E-6	0.08333065652146653	
0.25001985854853226	5.962054552247188E-6	0.16669121215268667	5.7514982821866465E-6	0.08332826619394888	
0.16666349569111683	0.08336250482673518	0.16669129801010563	5.7810547462149824E-6	0.0833283167645188	
0.08334423728045984	0.1666837595209685	0.16669250645116107	5.778674288156867E-6	0.08332709389133218	
2.665541864825564E-6	0.2500231091144373	0.16669102495730628	6.131363378543959E-6	0.08333012557776265	
0.16667276089309974	1.9594932654194987E-8	0.2500444098078032	5.884346600512279E-6	0.08333240470592372	
0.08333982959109261	0.08333803095396806	0.25005208826407715	7.582122822485805E-6	0.08333054979700509	
6.537775153937495E-6	0.16666638559606903	0.2500453999344175	5.552413592637454E-6	0.08333028065584025	
0.08337250745843855	5.850312239749964E-5	0.3332882448928007	8.829241252898031E-6	0.08332933324380917	
3.736001440918397E-5	0.08338685543942824	0.3332963357551733	5.34216192523611E-6	0.08332748895260342	
8.77856761273433E-6	2.3799395157420657E-8	0.4167094424834394	4.5733823682577205E-6	0.08333064482578688	
0.3333670092645951	1.499649793655964E-5	7.778203467787497E-6	0.08333408166197992	0.0833285220203289	
0.2500174741241779	0.08335585022076358	7.98782354959234E-6	0.08334014036362879	0.08332969736921678	
0.1666947975148528	0.16668363372979442	6.852597969415651E-6	0.08333913093541408	0.08332817639081137	
0.08337542560021978	0.25002046996636734	4.069850451989302E-6	0.0833225097918936	0.08333094010443977	
9.602911628719517E-6	0.3333857537819173	7.381491129360371E-6	0.0833232194175209	0.08333083308733247	
0.2500398449717972	1.1416743863365736E-5	0.08334146919933154	0.08333490048823054	0.08332923662852765	
0.16668996482901752	0.08335781852758914	0.08334185114678944	0.08333383379101761	0.08332842449023342	
0.08335294275627561	0.1667006161709362	0.08333535132472997	0.0833457386564654	0.0833667842470234	
7.20449761052628E-6	0.2500403121467341	0.08333251288943092	0.08334355165786557	0.08333035104752247	
0.16668974293715907	1.1882621456283971E-5	0.16667982605985268	0.08334213279881623	0.08332842757729364	
0.08335375952583834	0.083352076511861	0.16668396318702272	0.08334509395893165	0.08332997373960134	
2.852558220360954E-6	0.16668950909484467	0.1666627822249924	0.08336967222548429	0.08332801140122895	
0.08334925703759007	3.674275699619942E-7	0.25004726821963585	0.08334826326138423	0.08332873598910151	
3.656752442410073E-5	0.08336296568081832	0.24998385029618456	0.08334303089149392	0.08332562915868068	
9.522035533971397E-7	3.976097436255141E-9	0.3333860903527584	0.08334570479994635	0.08333441322098564	
0.25004696823218364	2.2223989148291287E-5	9.879224339056287E-6	0.16665056317775578	0.08332836545753348	
0.1667152590499988	0.08329464241997124	1.7518364275178876E-5	0.1666732892562507	0.08335551123243451	
0.08330258655886899	0.16667191730671968	1.3235220618632576E-6	0.16671921206988471	0.08335910041851376	
1.362417798403659E-6	0.2500299066660111	2.466337758690991E-6	0.1666941318397599	0.08332783572498433	
0.16673854589456358	2.004780523809982E-5	0.0833514785352436	0.1666562257734332	0.08333821869388096	
0.08335810800985204	0.08335845098624085	0.08336519137297312	0.16663983020147846	0.08333113083496264	
7.553611741275731E-5	0.16660705605456555	0.08333149067819985	0.16667679859830475	0.08336509603683077	
0.08334709719949523	1.0764288370135695E-6	0.16674894542808877	0.16662837180568804	0.08332710028674897	
1.0163270769172453E-6	0.08329660624433997	0.16664780378540917	0.16677925631360352	0.08333169286394447	
1.8826812483774E-9	1.6033162626316372E-7	0.24999437889419646	0.16674084046281376	0.08333289932295429	
0.16669616198140053	1.5264499307975385E-6	6.494602501872799E-6	0.2500253975956579	0.08332804926851817	
0.0833513332427181	0.0833503723948538	5.199643040432587E-6	0.2500294809641046	0.08333298968854791	
1.1902062047915569E-6	0.16669559400232462	9.117520042696197E-6	0.2500306240992724	0.08333095401662327	
0.08334303566368742	1.750168608325902E-5	0.0833410375061301	0.25002312579282815	0.08332854285398891	
7.1071474135531515E-6	0.08335325748616995	0.08334085751253364	0.2500236861719536	0.08332831582062561	
1.7239128494345814E-7	1.357529064482317E-10	0.1666837619279118	0.2500418662218279	0.08332719238445058	
0.08345803547764738	1.2742559482460425E-4	1.025114839532958E-4	0.3330387615047166	0.08332613173077993	
2.908801940324633E-5	0.08339282684467518	4.881492786340769E-6	0.33331032123453685	0.08333113563469159	
2.4815343479536484E-8	7.114343583149461E-5	0.08343362040060812	0.3332323289396185	0.08333113563469159	
2.8163703994036516E-6	2.6149867575030373E-6	2.569678419529482E-6	0.4167282118690311	0.08333095360321471	
0.33335043223402727	2.2302332242451962E-5	1.848155587872296E-6	1.4890330191309594E-6	0.1666776328418486	
0.2500415317367724	0.08332656653218604	9.715561629152111E-6	1.5107798682934546E-6	0.16667454120832728	
0.1666461385041618	0.1666551985254419	3.977470414739908E-6	1.1683726214918938E-6	0.16674716994252853	
0.08343329743651949	0.24992306494685404	9.416032661576546E-6	4.9658392140742485E-6	0.1666819735587317	
9.59815135305495E-6	0.3333569523033759	7.207798964776188E-6	6.097206308174958E-7	0.1666810952314813	
0.2500241133062464	1.6218638286730913E-5	0.08333781821475025	1.4402851260949493E-6	0.16667943431440443	
0.1666679294920044	0.08337122943706557	0.08333904864675332	5.563004157785796E-6	0.16668152079978832	
0.08334792343596964	0.16667661486549032	0.0833473641649441	4.737828013522358E-7	0.16668261534682702	
3.089561626271085E-7	0.25000548218882407	0.08336830310471095	2.9231278203143425E-6	0.16667849295974219	
0.16668324509346025	1.2351941725937939E-5	0.16667307486038355	6.904969208717207E-6	0.16667792842257778	
0.08334676826200837	0.0833531257411316	0.1666768332934773	3.5190099291588102E-6	0.16667426630219165	
5.3079014623791406E-5	0.16671502380038467	0.16662195553188183	3.261722241828121E-6	0.16667546838464545	
0.08333825800757054	6.153117188097967E-6	0.25002739408510183	3.691397511018143E-6	0.16667812764251352	
3.854024942689637E-6	0.08335610365677033	0.2500251670099665	5.7309851893929236E-6	0.16668187081400504	
1.4910380197979805E-8	1.3761313432744428E-6	0.3333823792681615	6.008559188119788E-6	0.16668514933225922	
0.2500378616458229	1.830975915461682E-5	3.960190594035397E-6	0.08331858990080833	0.16667943213997097	
0.16668463252370846	0.08335458194497875	7.773347567726061E-6	0.08332124006660059	0.16668048373881408	
0.0833480339428902	0.1666968423289736	7.755597238177026E-6	0.08332312009902512	0.1666779313983361	
7.323000747071347E-6	0.25003345878869804	7.0907829044394125E-6	0.08332334883512804	0.1666822123687261	
0.16669424373687833	1.1705971272026635E-5	0.08334932329771619	0.08331694755282837	0.1666824413086043	
0.0833526005583463	0.08334886526750641	0.08334963189316624	0.08332266077748075	0.16668362516199192	
1.5820847060662E-5	0.16669190305926418	0.08335274606902207	0.08332573578112652	0.16668305971910397	
0.08329319382930735	7.32613068959283E-6	0.16670986745612562	0.0833626738628997	0.16668326248591867	
2.820585554695121E-6	0.08331555040645057	0.16673975169891658	0.08331994901801755	0.16667895836998659	
1.1515351871514716E-5	1.1515665980997108E-5	0.25002209367076417	0.08332803889117604	0.16668335342230778	
0.16668642540756712	5.704370134156015E-6	6.720258706670657E-6	0.1666776834416466	0.1666846108799666	
0.08333971003230142	0.08333940641725052	2.132193263720836E-6	0.16669525562399098	0.16667840507022613	
7.968599101639146E-9	0.16667746086479746	2.0856038495914643E-6	0.16669388510862534	0.16668376597138504	
0.08333013891066454	1.0918950751658475E-6	0.08335367355813535	0.1666945562380349	0.16668670093060936	
6.630069245601003E-6	0.08334869761127797	0.08332758182297266	0.16669724037504718	0.16668668037549844	
1.7294477410480166E-7	6.320985865580075E-6	0.1666750276562932	0.16669586470536973	0.16667889536734126	
0.08336478096352011	1.896774471620864E-5	5.752450986407293E-5	0.24995659196432868	0.1666586679083574	
3.697842084476498E-5	0.08337356095784816	3.2574296402265576E-5	0.24996210523540344	0.16666332270912582	
2.1285094540756266E-5	4.1693721799371306E-5	0.0833646040915932	0.2499569539820164	0.16666965231428518	
9.862713277523391E-6	9.63271520972746E-6	1.7609224144626166E-5	0.33335961373306483	0.16665698057016304	
0.24997914295024326	1.1546623831768998E-6	4.343163547891268E-5	3.983776282856801E-5	0.24998760235896286	
0.16664060505775272	0.08335582389448032	4.213138253657634E-5	2.82623255261567E-5	0.2499981667535991	
0.08335635444014193	0.1667023039412889	5.766901913182336E-6	6.70111853924978E-6	0.2499949702414309	
2.4196438005887853E-5	0.25004555508622933	3.802153690268338E-5	1.5770738114030498E-5	0.2499934939007684	
0.1666969161312841	1.9916641192412178E-5	0.08333938568552894	8.058899895226187E-6	0.2499969449074899	
0.08335257828281042	0.0833489515855464	0.08333138779312584	7.990444550219558E-6	0.250062002644777	
3.836080010676697E-5	0.16667232164684995	0.08334693569139576	6.703109852698698E-6	0.24998817455958447	
0.08329917901460877	2.7517507449400724E-6	0.16671510737072548	3.285735791379648E-6	0.25010286013441374	
1.000304220575495E-4	0.08339594925765853	0.1666020132443915	5.9809248736740295E-6	0.2499688986506534	
1.534482389243837E-5	1.535738802304174E-5	0.25005345357316183	1.0631024276025148E-5	0.25001169620745073	
0.16668964514423878	1.7840767151039086E-7	7.643860446122884E-6	0.08334277491800718	0.2500618004105157	
0.08334690111005039	0.08334660584191317	2.562090172491683E-6	0.08334207578288332	0.2500597979631271	
8.731288580577418E-6	0.16671465851507164	2.0448878057384405E-5	0.08335289306027646	0.25001562656183046	
0.08335209353302157	9.483515569445249E-6	0.08335561567438252	0.08335295718768636	0.24999532320866627	
2.3424814507396423E-5	0.08334484617075442	0.08334810292852683	0.08335210301068588	0.24999416080874795	
1.7823671071913336E-6	3.441124208742927E-5	0.16668464293264826	0.08334213617596584	0.24998879347423533	
0.08335034119362683	1.8599724701223256E-5	1.4077767152972743E-5	0.16668891410723144	0.2499972797322877	
4.779904302305082E-6	0.08334665127624678	3.118167083158924E-5	0.16668732333120845	0.24998752379090122	
1.520965251742776E-5	1.2887294998377148E-5	0.08335593719142279	0.16669094407492555	0.25000050117491945	
2.033854544658015E-5	3.7435556473406837E-7	2.0711118685926306E-5	0.25004923257645695	0.2500118426098575	
0.16668743409724907	1.97307710061718E-5	1.7935251381236858E-5	2.741115513887601E-5	0.333329308679814	
0.08337790101165202	0.08338245153713804	7.561873545192261E-5	7.307161793592745E-5	0.33319754903545407	
6.264031179676924E-5	0.16668685148188228	6.982759017877232E-5	7.413165478241173E-5	0.33316657638714536	
0.0833530557785868	3.846200598847839E-5	0.08337130770036345	7.16629238671504E-5	0.3332319647343601	
8.644860118891256E-5	0.083338744026877	0.08340497438269526	7.819462212400963E-5	0.33319603198619735	
9.381173925172158E-5	7.991177910645856E-5	0.16664786660921346	7.848711561942369E-5	0.3331725145384614	
0.08344587921408111	3.955981574377745E-5	3.849239326532142E-5	0.08331076910113185	0.33323213815339275	
1.3498718908505652E-4	0.08334609793575287	3.840212504775368E-5	0.08330633626994945	0.3332840243398621	
1.1687287938912124E-4	1.00836037116147E-4	0.08330690663087031	0.08331117721767708	0.33323475803672575	
2.0304543114759877E-8	2.8791029129894446E-5	2.9161498648728368E-5	0.16669129357861603	0.33331046722581026	
0.08339410344950611	1.3544740941588235E-4	1.9762863190571573E-4	3.27709281269049E-5	0.41635580973650665	
7.516547386881896E-6	0.08332931276920116	3.4292845154050195E-5	1.0714745510681384E-6	0.4167476106097861	
4.401253462545012E-5	4.671045596196091E-5	0.08338683711637035	3.3102780908328356E-6	0.4165720287492688	
3.991379966205946E-5	4.025293094930583E-5	2.827371919417719E-5	0.08339030531258056	0.41655332260576433	
5.179581805388605E-13	3.6413156157795673E-9	5.03930603221707E-11	4.2361598303907693E-7	0.5000529302315102	
