0.5001242773377716	1.8646985291629412E-6	4.486079777053857E-6	1.5735379711416015E-6	4.1171686698165846E-6	
0.4166938968252885	0.08330345219087572	4.840813624378009E-6	8.674695556263571E-7	2.988927356027091E-7	
0.33317145980455853	0.16678529624909147	3.6357325419751575E-5	1.2991819945093295E-6	8.750806903359872E-6	
0.250019365951738	0.24995596681018423	9.265608134150852E-6	1.6123603789116792E-5	8.752995674591361E-6	
0.16669752505202495	0.33335106866038244	8.550083217160932E-7	1.670603446636072E-6	1.3098525573202378E-5	
0.08321054551446351	0.41678054210700605	5.226830950151093E-6	9.4700382387107E-6	1.3856476023937642E-6	
2.4956970110788778E-6	0.49998914537906164	5.22683673588152E-6	9.47004872137006E-6	6.912052742919132E-7	
0.41669267900553963	5.846093378565217E-6	0.08335722565761153	5.1725491852038936E-6	9.096534281700234E-8	
0.333347842822519	0.08331180394601345	0.08335069246687493	4.4140346079954605E-6	4.3156555132947575E-7	
0.2500549393324934	0.16659379926727608	0.08334768224772586	3.757876281857887E-6	1.127255579183684E-5	
0.16669424457903625	0.24999772780033364	0.08335560328039376	3.689282509022695E-6	3.32844682565259E-6	
0.08333169953608739	0.33337002218975814	0.08335758741661738	9.471800762290164E-6	2.9621446897521883E-6	
1.3968923691413234E-7	0.416697611271711	0.08335679309932806	1.006126493581972E-5	4.1778612775806105E-7	
0.3333347435307395	1.237353411013257E-6	0.1666555457041908	4.0755300572615776E-7	1.370215839100442E-5	
0.24994194665040798	0.08338853025498644	0.16665279392029786	5.166874573168891E-6	1.55191677233305E-5	
0.16672228305541303	0.16676883133494957	0.16657324913272617	7.975451129986904E-6	8.834488665928992E-6	
0.08333141134831745	0.25000558714175175	0.16666835241849814	1.5147487640275453E-7	1.925195286054115E-6	
9.70177417041327E-8	0.3333717247157557	0.16668645673314808	9.668570095247645E-7	1.1518423186674388E-7	
0.2500129966867499	3.980544132712018E-5	0.2500125331899126	8.113739208264687E-6	9.210094404168216E-7	
0.16666024096550255	0.08337766545140071	0.2499969980548661	7.537878509580001E-6	2.838365564631404E-6	
0.08334184574418131	0.16669784219015146	0.2499980885038085	8.439286329222082E-6	3.0456312351664094E-6	
1.6810260314764068E-5	0.2500224289572317	0.2499987601088138	7.83296984860286E-6	2.8369699194678992E-6	
0.16674369924479987	1.1980165518074265E-4	0.33318808422170165	9.117920422145855E-6	1.1518953701649516E-5	
0.0833477314256557	0.08334041080818048	0.33337693031542737	9.262998962852025E-7	9.077011402844241E-7	
8.271553380026826E-6	0.16669091867506816	0.3333627540563538	2.353339154859364E-6	3.130259808488534E-6	
0.0834129362845288	9.842484034646801E-5	0.41652364089772553	3.1898571278295385E-6	8.397218184254244E-6	
5.605534509458053E-6	0.08333324682092881	0.4166946314616326	7.737864797951814E-6	8.507145365035547E-6	
8.262204436784201E-9	1.0566773048900218E-6	0.500036663097558	3.252837154028479E-6	6.260953472760933E-6	
0.4167664948406305	6.792445109776225E-6	3.3280090953205226E-6	0.08334427821254374	1.3552390654722843E-7	
0.33335307572129497	0.08330894202824839	1.4304624200980457E-6	0.08334399812712825	2.975893940516961E-6	
0.2500550681475171	0.16659386778038054	1.4066662184606676E-6	0.0833413260446352	1.1041281936559797E-5	
0.16668496114272244	0.24998500275758323	8.273067007723689E-6	0.08332757747622872	8.476405423562995E-7	
0.08332294721968643	0.3333409711971069	1.3229053815808761E-5	0.08332644131816588	1.9082344171380024E-6	
1.271010791726962E-6	0.4167131136569003	9.634593133696053E-6	0.0833367516233098	9.714396958735157E-7	
0.33333689865017985	5.363471326075894E-6	0.08332498251565852	0.08333480121192706	2.3243806747934302E-7	
0.24999376474537605	0.08334672589634702	0.0833245397019541	0.08333460714567276	2.9760778794124408E-6	
0.16666479207660218	0.16671037504391556	0.0833331655881751	0.08335367300176295	2.960858957262553E-6	
0.08335294861043073	0.2500682939934036	0.08334593161092307	0.08334544098971233	1.0384624080978953E-6	
6.546455153227473E-6	0.33338647706954955	0.08333882184048169	0.08333832152278597	8.037456217288251E-7	
0.2499818043970167	1.5550334016831977E-5	0.1666789515121684	0.08332748700311064	1.3577026615092075E-7	
0.16665286352134687	0.08337476198840496	0.1666579078720523	0.08332462558381193	7.059995337598701E-7	
0.08342446920862419	0.1665740066363137	0.16672077700319538	0.08333146709002938	1.6975195114150435E-5	
1.681636406271236E-5	0.25002096696257997	0.1666749632958654	0.08333022878765321	2.5720753552279713E-6	
0.16667636999231075	1.3073897234003291E-5	0.24997877309126815	0.08332879951459456	6.4107535660678685E-6	
0.08335179293977125	0.08335291396134267	0.24996450035578444	0.0833293699530817	6.138081643794611E-6	
1.3299294477754414E-5	0.16671179144381323	0.24999490137843153	0.08333952754252738	2.997254262728484E-6	
0.08334110307154884	6.508937081815878E-6	0.3333618389969158	0.08333743830509945	2.7086844932678386E-7	
1.1138547075697726E-4	0.08338403510427762	0.3332132045098241	0.08334001052849223	1.741996769850565E-5	
1.1730205305620824E-6	1.0291884274236879E-6	0.41672341998597967	0.08334065386974249	1.8559429555395697E-6	
0.3333204115322407	3.225641549774816E-5	1.1694986091071984E-5	0.16663749715521553	8.826191970652326E-6	
0.2500368188658	0.08330573180025096	1.1694631147254246E-5	0.16664639335484613	8.810617233789238E-6	
0.16666101305453382	0.1666718047793518	4.524786322520897E-6	0.16666496567955952	5.709623055574102E-7	
0.08332785005027546	0.24999525091334499	2.534756202628376E-6	0.16668111124566642	2.8902269323389713E-6	
2.056655864352189E-6	0.3333375333908049	8.111994367413919E-6	0.16665952948410984	1.030480732981292E-6	
0.2500150972321835	2.575408098649854E-7	0.08331853276942987	0.16667330539292965	7.653328249457959E-7	
0.16669362359700127	0.08335655757017936	0.0833301387853334	0.166627821000918	5.428863485412446E-7	
0.08336946244584756	0.16668467011083116	0.08333144218066568	0.16667705649015904	5.853187166509671E-7	
4.0023785987165525E-8	0.2500385167987522	0.08332625262676487	0.1667007068023576	8.176074116950134E-7	
0.16667135581892367	5.842969193950322E-6	0.1666541596964695	0.1666741747356683	9.135212701756996E-6	
0.08335695315398164	0.08332647761450662	0.16667799168990485	0.1666882849146347	2.101368935405167E-6	
8.355960545681736E-7	0.1666898678415619	0.16667311696180162	0.16669976039318107	2.097960192829926E-6	
0.08336220994585011	2.552488758422195E-5	0.24997383124344644	0.16668835174403313	2.737619494008136E-6	
6.736499582255393E-5	0.08341609437836657	0.24987972463343866	0.16668789964515765	2.7375015922611435E-6	
1.691286689488813E-6	7.027592330310906E-9	0.33337718382315185	0.16669312745121115	2.7134792456427164E-7	
0.2500110022322878	5.484020715632447E-6	1.338958149229494E-6	0.24998880180676034	2.0632108014257786E-6	
0.16668120120595595	0.08332989780025869	7.465896205584075E-6	0.24998954521160555	4.436998389949193E-6	
0.08327562868159848	0.16672560347740334	9.371188183613944E-6	0.24999205766854765	8.283903371259332E-6	
7.418398154781294E-5	0.2500402513713618	7.960665267753858E-6	0.24994244542245353	2.8251166154223646E-6	
0.16669269960271688	5.9417743365170125E-6	0.08335467489828034	0.24994921845649914	1.053826373262144E-6	
0.08336607679199672	0.08336609674151946	0.08337056682737122	0.2499612527441599	2.0566165114509525E-6	
6.7503352150085744E-6	0.16670517518266	0.08332233516128588	0.24996869247483558	3.556492793295738E-7	
0.08337019861285906	3.552693200306374E-5	0.16669979221901973	0.25000141421955496	4.80048853983842E-7	
8.54341398428122E-6	0.08336610945123574	0.16665938632790236	0.24996871820954758	8.46212869351658E-7	
2.604311013433806E-5	2.5919710664926267E-5	0.25005348628471974	0.2500021197644452	1.4729061775450684E-6	
0.1667159806022148	4.127081916166289E-5	3.197606782799544E-5	0.33335185520574795	4.551151230157467E-6	
0.0833634737681976	0.08335329198846787	4.5533770142931815E-5	0.33330451985496723	7.371845652602587E-6	
4.9334177184110414E-5	0.16672772002073655	1.291874619971477E-6	0.33333854282530406	8.50950399540875E-6	
0.08338035557678088	3.5574360756835465E-5	0.0833593255753185	0.3333273281528446	7.911507843389418E-6	
2.9925105396868525E-5	0.08335469882557177	0.08337500906694208	0.333299523743031	8.9861784544059E-6	
6.655407361088725E-7	3.270346450841249E-5	0.16670354014518313	0.3333100180601648	2.346918229214642E-6	
0.08338777263542729	2.3982923688599338E-5	2.592405269257161E-5	0.41667377832813834	8.530193171397236E-6	
6.823621373027652E-6	0.08337041209730651	2.8927333513397688E-5	0.416599876223012	3.2221605467355703E-6	
2.3781706822294E-5	2.2347345340399426E-5	0.08338077456563953	0.41670264018940545	1.5927675563273672E-5	
9.555956133952575E-6	9.316781429530602E-6	7.692997335773301E-7	0.5001382181321341	8.550524137850915E-8	
0.4166641547770074	2.9806248660767814E-7	3.044406252523614E-6	5.552233583551401E-7	0.0833402441825719	
0.3333911112944726	0.08331842238446073	5.3734541880022545E-6	4.7494814337100295E-6	0.08334946277441294	
0.24997423044687925	0.1667193779096273	7.830648588358315E-6	1.3562225756906192E-5	0.08334852933888653	
0.16668802082869832	0.2500875421943905	8.056468540476212E-6	4.269120128591814E-6	0.08336267807194085	
0.08334181117606716	0.3334164380875639	4.52278584696862E-6	5.81956838775748E-7	0.08335902038288305	
2.43982167161602E-7	0.41666173239214943	4.512146871586933E-6	5.849206574744749E-7	0.08333911582880595	
0.3333414621839072	2.6476077391030793E-6	0.08332573021614822	1.5298820114676139E-6	0.08333976719042985	
0.24999787053538264	0.08334628953928092	0.0833257108696696	1.5007276780704957E-6	0.08333979793047612	
0.1667041500577149	0.16663754022272367	0.0833252612140819	5.647205540910406E-7	0.08333984196170444	
0.08334254628351875	0.25003795488203506	0.08333574524113752	4.816030577643193E-7	0.08334927087740637	
2.1031887208975354E-6	0.3333818258064398	0.08333653844192195	1.546360594149283E-6	0.08334228213743256	
0.25001012997290145	6.521982680077409E-6	0.166647820939411	3.394950868368249E-7	0.08333811055154272	
0.16664519575765663	0.08337013861939675	0.16665008701245548	2.520308603998729E-6	0.08333939705411532	
0.08337394426487013	0.1666890682700942	0.16668335046462066	1.9034558673034135E-6	0.08335572904058464	
1.499837363624349E-5	0.2500343567293171	0.1666741507214477	2.896726049444135E-6	0.08334008286476723	
0.1666887739716671	1.3267493364480488E-5	0.24996026379851016	9.234148860415875E-7	0.08333875497792247	
0.08335428163384334	0.08336662917576922	0.24999195989607711	7.749660277643084E-7	0.08333960896240733	
2.721968840832523E-5	0.16669594955075334	0.24999538897189935	6.528689502690017E-6	0.08334210326140384	
0.083344310798231	8.981248724043073E-6	0.33336444931082104	8.404183043751835E-7	0.08334990533470207	
5.823000595466471E-6	0.0833430617024561	0.33336044029819134	5.8747778551266245E-6	0.08335086913781718	
1.9007412351553502E-8	7.964965442501892E-7	0.41670635823621394	1.9232973413795034E-7	0.0833384123313429	
0.33332666399615496	1.0573909749936502E-7	1.1417320080100177E-6	0.08333693580400378	0.08333814162231286	
0.24998816053535017	0.0833415829851688	4.3030628377650055E-6	0.08333161643816774	0.0833386684086234	
0.1666672410291356	0.16666839084521717	6.009733235800054E-8	0.08333183356433227	0.08333979562206237	
0.08333085317226008	0.25000524051223905	1.5476426212885806E-7	0.08333128938724417	0.08333984607698675	
1.9532186865334407E-7	0.3333370849954723	3.4869777169592588E-6	0.08333232922132328	0.08333279202962511	
0.250003929707036	5.454861882238469E-6	0.08332310494359042	0.08333103745855505	0.08333932215316175	
0.16666636944693883	0.08334303405262919	0.08332433546494533	0.08333202083806897	0.08333940526814437	
0.08335973971450056	0.16666351088442072	0.08332218320479189	0.0833343235764462	0.08333094091981985	
6.057792898968554E-6	0.2500428075297707	0.08333031875644874	0.0833415143482792	0.08334265669153125	
0.1666890436377833	1.15981513645173E-6	0.1666876425305913	0.08334246672461675	0.08334917678030226	
0.08334301536929782	0.08334341066748455	0.1666809525250902	0.083339815297567	0.0833386256312065	
1.005740292341049E-5	0.16668100115294618	0.1666846975501879	0.08334192406866149	0.08334934467863733	
0.08333956685139104	1.8697360956071738E-5	0.25002703335719384	0.08334296282345517	0.0833426037043496	
6.095214341830749E-6	0.08335053903350662	0.25002418995737574	0.08334317835215779	0.08334191218832412	
1.618676943189913E-8	6.881078558844236E-7	0.33337654945373735	0.0833423324215408	0.08334118781678412	
0.25002413407083923	7.098499397962362E-6	6.111865991469539E-7	0.1666925014806734	0.0833515193034062	
0.16665728263973445	0.08333942123998053	6.337722505170381E-6	0.1666737819971292	0.08333078482622908	
0.08336249903315478	0.16667168033941793	1.1500014978958859E-5	0.16667655064302342	0.0833398473862319	
1.0429871583366582E-5	0.2500044536974972	3.915059512306195E-6	0.1666475207918684	0.08333896965671493	
0.16668318102509092	6.006731546081869E-6	0.08334674093463534	0.16667923912278385	0.08336056337699532	
0.08334206288571806	0.08334289943913982	0.08334107488045087	0.16668990579613382	0.08334826357505745	
7.878055653930203E-6	0.1666818672745192	0.0833437208098691	0.1666945796143082	0.08334086257407065	
0.08332932978274055	2.417460804963573E-8	0.1666587094133114	0.16667774802908444	0.08333934237788242	
2.0899031313867424E-5	0.08334835474499415	0.16665105490924928	0.16668578298769882	0.08333868875175642	
8.161424398820454E-13	1.7674346614539087E-10	0.25002553007987427	0.16668954620674195	0.08334087774322489	
0.16666337868686026	2.433813498656832E-5	1.308019628671791E-6	0.24999165308258223	0.08333127688743859	
0.08334026358955174	0.08334087717371405	5.015224807503625E-6	0.24998735052333967	0.08332980017497835	
8.621642338980697E-6	0.16667185237930104	6.272527832094127E-6	0.24998839360446473	0.08333071228925985	
0.08335136936502953	2.7000971893709933E-5	0.08331935164770966	0.2500428148027934	0.08334320346863637	
2.6229440033121956E-5	0.08334012756847066	0.08335683167852373	0.24995031129083045	0.08332979904346481	
3.389190069162999E-5	3.7863595062320985E-5	0.1666744765896315	0.24998438718714985	0.08333984530998917	
0.08338120140968373	9.226071895619326E-5	6.380067157135662E-5	0.33318544809591116	0.08334094483221044	
7.062634835098754E-5	0.08332830588277639	2.429343176947448E-5	0.33325066909117107	0.08332878246269142	
2.339813427682937E-5	2.3380101608897704E-5	0.08335611807130866	0.333336653346149	0.08334299537777812	
4.5027432979469907E-7	5.965816240821595E-7	4.8283328306714035E-9	0.416668084577658	0.08333839655491442	
0.33334443029455213	8.319891951548025E-7	1.2061750356039547E-5	2.85092949969702E-6	0.16665298263665074	
0.25004547204817446	0.0833657091460798	2.9933461040953532E-5	9.368593366206583E-6	0.16667635243747025	
0.16668794189056288	0.1666903289795694	1.4527563750610945E-5	1.4813056476819822E-5	0.1666549229839058	
0.08336461764607522	0.24997640738142374	2.249794680821857E-5	1.694302967988031E-5	0.16662566649541016	
4.5676805199831725E-5	0.33335083281464073	1.1245501166107371E-5	2.0494138417232117E-5	0.16664819682639326	
0.2500215743902054	2.6947480239952876E-7	0.0833285642788171	1.4027544915792536E-6	0.1666511283729543	
0.16670010734122456	0.08336649072381007	0.08334348077128396	3.427543695409661E-6	0.1666582173212309	
0.08337426432407911	0.16668903184207717	0.08342868276566379	1.4409427645114938E-5	0.16670434618097482	
6.0594656144216904E-5	0.25007751256909455	0.0832686637593832	1.4312413884633467E-5	0.16664793968993827	
0.16669829718904927	2.1051664806037036E-5	0.16666489038960725	5.663709507224606E-6	0.16667043595201378	
0.08333526269023574	0.08334759806061563	0.16667641603761085	1.4309071965742332E-5	0.16663766626129525	
3.945326180353801E-5	0.16668570905310992	0.16668065281757408	1.3949696433399205E-5	0.1666463007026134	
0.08333835965040821	1.813168451190208E-5	0.24997483823851754	4.873193645581778E-6	0.16670338238891433	
2.0659104447471925E-5	0.08334378215323292	0.24999867852918417	4.500984051048472E-7	0.16664669086458012	
2.6543848952780028E-8	1.197611119588035E-6	0.3333409774709143	4.9286899869485835E-6	0.1667068196773586	
0.2500313091396615	1.5583538938695798E-5	1.5613600799328498E-5	0.08329254557642948	0.1666511016186121	
0.16668119230934794	0.08333404673579149	3.654645080095561E-6	0.08333876415122793	0.1666469723191186	
0.08334675553437704	0.16670363247826214	8.426060529098784E-6	0.08335352298690264	0.1666574294337112	
1.0410798098931839E-5	0.25004030296698015	8.426071506125448E-6	0.08335363157547036	0.16665764654620882	
0.16670078774948713	7.496580902996235E-6	0.08339231462535038	0.08330520793010682	0.1666754302486387	
0.08334349225967082	0.08334462944104028	0.08336826582948689	0.08335126735141937	0.16665537850777953	
4.999446903895849E-5	0.1667039965883617	0.0833250895004993	0.08335601345707357	0.16665423458842962	
0.08337278597148733	3.622052212359447E-5	0.16670389379228126	0.08336116481815121	0.1666815009033215	
2.0846705481643607E-5	0.08336701044721671	0.1666861880168688	0.08335233515591793	0.16664326288029493	
5.732064039248456E-6	1.7285461201394557E-8	0.24999994319770713	0.08336276501632313	0.1666934655861439	
0.16673173925892326	5.170844093460395E-5	5.0251171764808164E-5	0.16654717204061867	0.16662625856250254	
0.08334167263514806	0.08334969450006417	1.598054062791588E-5	0.16667076311300513	0.16663283343108504	
1.7823938069385898E-5	0.16667992426426465	2.5969773574723465E-5	0.16668712982549727	0.16664926389732376	
0.08336161982552918	1.4348846210387232E-5	0.08336453804427635	0.1666753115146104	0.16665941478980936	
4.6167128163968E-6	0.08335301699962092	0.08334655771013424	0.1666682700498466	0.166637551017086	
4.465423787361687E-6	1.8068219235464131E-6	0.16672595092388828	0.16667518491723238	0.16665481630884896	
0.0833004474590417	1.7873391086748928E-6	8.793702083338216E-5	0.2500432331480291	0.16659376377180138	
1.1782729438700924E-6	0.0834847289946339	2.572260843760664E-5	0.2498998770896749	0.16664969926537093	
7.145505892712904E-5	6.884945951813831E-5	0.08339903210951705	0.24993765792724873	0.16667734793135802	
7.188382045717062E-8	4.543234502704567E-5	4.825954924909682E-5	0.3333074473540306	0.1666463692106052	
0.2499525381042912	4.621602774910761E-5	3.289277741223567E-5	4.427917002474049E-6	0.25002965431824986	
0.16666638543105405	0.08336873478570755	3.128439845606913E-7	4.762214037994062E-6	0.25002361167875886	
0.08334538267285022	0.16666474808587992	2.2567638641520957E-6	3.3261092026413935E-7	0.25000848970188455	
1.941943768112477E-5	0.25002527821201237	1.45709065549001E-6	3.3274836846828515E-7	0.25002630338465587	
0.1666724921113357	2.9708274647626416E-5	0.08336579081108442	6.25194209421616E-6	0.24993210350946693	
0.08333882111853595	0.08334681852274299	0.08334900540435511	7.668611576043996E-7	0.2500192532226536	
1.2751405392773015E-5	0.1666772921323096	0.08334795966051778	3.339370271690162E-7	0.2500219632902056	
0.08335850310192174	1.903735787375626E-6	0.16672407933164843	3.8689594046483904E-6	0.25006614350614564	
1.9709011266426323E-5	0.08332269342186595	0.16669225625094333	3.852321636391287E-6	0.2500162160376738	
4.2932563919064116E-5	3.6740431310487316E-5	0.25002213165368675	4.57370226248973E-5	0.24992190455118676	
0.1666842038422293	4.046041736945177E-6	4.636763810105983E-6	0.08334268848184977	0.25002685365678096	
0.08336662622167416	0.0833249525915493	4.6476355020912776E-6	0.0833443924561621	0.25002403048877303	
1.7329901346680066E-6	0.1666978859107281	4.834086467385653E-6	0.08334504236849666	0.250030523404058	
0.08335639136666557	8.930925537129214E-6	0.08332917225665964	0.08334004743188553	0.2500281061153851	
2.6717193272194563E-5	0.08334137503682872	0.08333470766615739	0.083342568470284	0.2500254053577166	
6.944780613573971E-6	7.034461095240776E-6	0.16667403155757424	0.08335259036593688	0.25002068215035783	
0.08338631426942875	2.0441133193730717E-4	1.4254563374674134E-4	0.16652998972981128	0.2498014190051225	
1.5173101042847529E-5	0.0834835643079445	8.831939562082826E-5	0.16666570597379585	0.2499453143549136	
9.757454086284729E-5	4.562569418048605E-5	0.08344393618782708	0.16666756151275972	0.2497920670513638	
3.355306184206974E-5	3.392027012176664E-5	7.799126031567897E-5	0.2499785429421947	0.24990303554277002	
0.16669188390405776	3.6458026140307035E-6	2.3576775216317035E-5	2.1766117287122466E-5	0.33333156173126954	
0.08337513549710243	0.08333302332114778	7.0274019031843055E-6	2.3474798842492433E-5	0.3333217554896001	
1.1476779857738735E-5	0.16671316598294272	3.8413622186194885E-5	2.3183140726154384E-5	0.333400302803826	
0.08335014855383224	2.8867441069372008E-5	0.08334515475613423	3.2594311263745594E-6	0.3333410860872958	
1.2003342417904136E-5	0.08338265928087568	0.08336079287182234	2.2352731186744875E-5	0.33338442025421317	
2.7819337105610254E-5	2.482510105524603E-5	0.16666933192324504	3.169283433692989E-6	0.33333635708322634	
0.08338273594824809	2.5946833291182176E-5	2.6151500044295475E-5	0.0833104727889355	0.3333186477208548	
1.1088928567786917E-4	0.08342355328984197	9.382371163468217E-5	0.0832820948197977	0.33311787115255576	
1.8576336168976312E-5	5.982344489821621E-5	0.08332305840705694	0.08332002936513223	0.33328370491399983	
3.743979237438188E-5	3.7874356184596456E-5	7.443236807121578E-6	0.16664460618371288	0.3332995527295332	
0.08337171986878975	9.379957067885046E-5	8.889721340015631E-5	6.859357085314015E-5	0.4164423009259665	
8.44841677097189E-6	0.08336091914178048	1.949897418193975E-5	6.883457675899501E-5	0.4166092681395428	
1.4161815115723547E-5	1.3144756510437581E-5	0.08335015670835659	1.1687029651824382E-6	0.41668637339617604	
4.515684956498882E-6	2.930650414132245E-7	8.913271995993973E-6	0.08321656164747193	0.4168258309700026	
1.5330639821056792E-6	2.37855163558098E-9	2.1345762892125456E-8	1.5503985780065488E-6	0.5001876452808135	
