0.4999671804558663	5.602992344023447E-6	6.231796104622652E-6	2.020241791660632E-5	2.9799403127653618E-6	
0.4165027904012482	0.08345453704634641	3.157073779026832E-5	1.0917475098694214E-5	4.622822564182517E-6	
0.33321708120737237	0.1667422090124934	7.877124742883672E-6	1.106365773084569E-5	2.2622733720132378E-5	
0.24999771334240106	0.24999008464704664	1.1203460054016984E-6	7.152636746002476E-6	8.390883041702827E-6	
0.1665873008400939	0.3333887570793218	7.0395287100434454E-6	7.799581084208077E-6	1.1850797778168307E-5	
0.0833748936702938	0.41659077496313873	1.2485995993703512E-5	1.315822157461633E-5	1.1965687328927668E-5	
4.896417703789833E-6	0.499984545506172	8.353169562353471E-7	6.522950485263796E-6	6.905710978898495E-6	
0.41666529328761803	1.4901262832785208E-6	0.08333271376537851	1.5457981453569819E-6	3.3231614918811683E-6	
0.3333281210973966	0.08333179639574877	0.08333183954019524	5.622827788694735E-6	3.558751524933356E-6	
0.2500088869797867	0.16666824733849625	0.08332064877640571	3.071264746473973E-6	1.811882503211188E-6	
0.1667064804321655	0.24992152998167436	0.08335803223204882	7.07684515588405E-6	9.227165824221254E-6	
0.08332222909926532	0.33331369162792973	0.08335963699988426	2.7999474098557138E-6	4.060707139114591E-6	
1.4578491837035888E-6	0.41666214925559064	0.08332655712712025	4.3863930601431095E-6	9.022080465626647E-6	
0.3333106469086161	5.3299912782344976E-9	0.16668662998470338	5.757420204994204E-6	1.1634954321844528E-6	
0.24998185606436418	0.0833299071467496	0.16668276626950365	2.897466288891468E-6	3.5088150948826144E-6	
0.1666682475705161	0.16664541072396624	0.16668366014173638	2.778836821637195E-6	7.544898420330123E-7	
0.0833410693212352	0.24993539468803075	0.1667127406250062	7.4068115518884554E-6	6.721428508053982E-6	
4.42269882709836E-9	0.33327678363712254	0.1667128930722132	3.4169788657557892E-6	9.24797109503172E-6	
0.24999778406908948	1.1331989694900613E-5	0.24999362375106174	9.771346374811667E-7	1.1351780423171689E-6	
0.16667604183513016	0.08333133304385044	0.24999164026247783	1.0071609790209832E-6	6.705597301955253E-7	
0.08338971931016492	0.1666026585274548	0.2500094010756169	1.2494992169879023E-6	1.8943654206785695E-6	
8.978925945770294E-7	0.24998983339404254	0.25000776857995644	1.2564364512882963E-6	1.0092814399262988E-6	
0.16665808967882123	3.2754842848240605E-8	0.3333372315217789	5.770122629240241E-6	3.2200591554334183E-6	
0.08333330091121084	0.0833260291385819	0.33333964690610696	1.2538122107532029E-6	6.824448170313494E-7	
5.052381859711602E-5	0.16665841094317926	0.3332801409815131	7.537518312059302E-6	6.724077026155377E-6	
0.08346062445232659	1.7054734158580147E-5	0.4164948773174417	2.6996253181152655E-5	3.5341388308303098E-6	
1.0545667869454249E-4	0.08337069022465747	0.4164872323028488	2.7032084030406095E-5	1.396501331050188E-5	
5.599724976735998E-7	5.040490232215792E-7	0.5000013546900292	4.805796609045839E-7	6.677555803266256E-7	
0.41665476700076765	3.0346719427634833E-6	2.0900877933826414E-6	0.08333885713845607	2.196183541320665E-6	
0.333327513386284	0.08333142564057794	1.7385642156489215E-6	0.08333908450221852	1.1519168603059984E-6	
0.25001476016606716	0.16664851317599436	2.615293861635303E-6	0.0833333303881463	1.6465634877654358E-6	
0.1667129300856337	0.2499408669751002	4.1026126465515386E-6	0.08333789831423688	6.8431924572936376E-6	
0.08332784207261938	0.33333277363987335	5.052361739402438E-7	0.08333869022178998	2.2450857753561376E-6	
1.1130165137144651E-6	0.4166529043196949	2.4529479102524874E-7	0.08333732315819739	8.882599997104764E-6	
0.33331712697319893	5.615045095616599E-7	0.08334472367113449	0.08333611759088817	2.530934839264166E-6	
0.24998947086213866	0.08333264022207534	0.08334555459522987	0.08333280139692775	1.9246520535345412E-7	
0.1666743376713003	0.16666821953979516	0.08331928496884003	0.08333866987843982	1.58690813637666E-6	
0.08333548930634611	0.2500049167768485	0.08332850484613395	0.08333320079025074	1.9965879825809775E-7	
2.1592028033619246E-7	0.33333249210630933	0.08332827645157644	0.08333859902232861	3.950823849646383E-6	
0.25000745840000727	1.1652659782734548E-5	0.16664509810387004	0.08333211383725243	4.591715434592697E-6	
0.1666843960604824	0.08333569580414851	0.16664620123228724	0.083332533565303	1.737102147322713E-6	
0.08331279189525775	0.16670126354088544	0.16664306958805855	0.08333907514988877	4.585770729894862E-6	
2.3796441378932974E-6	0.25001299170378394	0.16664442743873806	0.08333835867172118	2.695128642092368E-6	
0.1666811102438112	1.1535453480922724E-5	0.24998329624573554	0.08332320420404844	1.6978219519128978E-6	
0.08334668686486206	0.08333614647103059	0.24998351828904333	0.08333223571950371	2.2064740379120738E-6	
1.481591326702555E-5	0.16667535813388906	0.24997705722655825	0.0833324229184867	5.499853300425623E-6	
0.08333080420592583	4.07681405088478E-7	0.3333350099408032	0.08333076090642477	3.890812808870824E-6	
3.3266051306865016E-5	0.08338213126672073	0.333250301583729	0.08333046387996071	4.642435997382492E-6	
8.508503670379401E-6	8.445835991736999E-6	0.41664973051967036	0.08333078519359258	5.158573014109935E-6	
0.33333132605998333	3.194086547194851E-7	3.306029473842846E-7	0.16666832671621717	6.044212608672753E-7	
0.24999789242917875	0.0833352516005702	8.230463803564859E-7	0.16666934445002907	7.919368332346326E-7	
0.1666701507162367	0.16666384484701352	3.2278851897638167E-7	0.16666608742598674	7.089751118210602E-7	
0.08333148059427756	0.24999993427036443	1.2273744850893495E-6	0.1666669004060398	3.4548493524407805E-6	
6.225375609544394E-7	0.33333283114833223	3.358328819583116E-7	0.16666747404785764	2.476400103521379E-6	
0.24999573068619627	5.42781351724765E-7	0.08333561057142293	0.16666841197928714	5.938115517781861E-7	
0.1666695598185759	0.08332797519174413	0.08333549963588943	0.16666897350419838	6.49650860081461E-7	
0.08333196255477841	0.16667183638970096	0.08332654310323633	0.1666712188879577	1.98894116356525E-6	
2.6293399644842196E-6	0.25003568141450316	0.08329363514141801	0.16666655223320895	6.775207606030998E-6	
0.16666597120234047	3.7153857997660864E-7	0.16666651058921006	0.16666896922540753	1.5098338486360333E-6	
0.08333562032871591	0.08333261958720198	0.16666464497377975	0.1666689192390626	1.0829622948057438E-6	
7.36022172060406E-5	0.16661037945230533	0.16668182968044015	0.16662896820804474	8.489228711704055E-6	
0.08333503591201911	3.3348422761874305E-6	0.2500120906376139	0.16664427705738344	7.848166384530275E-6	
7.985563163649824E-6	0.08333110483288975	0.2500143235960531	0.16664569597170312	5.482549671050698E-6	
1.5675959752857698E-8	9.584211364523434E-7	0.333344775990854	0.16665328343994412	3.3045536118357844E-6	
0.24999430828561753	6.0137894124284707E-5	2.3136733164621014E-5	0.24995577498177463	4.512869887686323E-6	
0.16674402014315634	0.08314928979769075	6.756502366259027E-5	0.25001239223273175	2.99507406746648E-5	
0.08333230983202172	0.16667277169667175	4.43704235910613E-6	0.24998953656118067	3.996615199359324E-6	
5.489963971656285E-6	0.2500035059222648	4.239353578719011E-5	0.24994349417851933	8.448269659022767E-6	
0.16668700561004285	4.395647653203107E-5	0.08332459088019664	0.24994136931318983	4.164650406571793E-6	
0.08332174910461437	0.08336084149559808	0.08332614493485775	0.2499885758262946	3.721632858707005E-6	
9.615715197867618E-6	0.16667434568284648	0.08332673107246921	0.24998731246521855	3.2739029028754397E-6	
0.08332562775899603	4.352644713996042E-5	0.1666454278508096	0.24998056407886093	7.90431892670263E-6	
2.5742901627258858E-5	0.08334093777331775	0.16664856080215648	0.2499812120761432	4.706784003841827E-6	
1.0570011231712777E-7	1.539253581229002E-5	0.2500010075282883	0.2499816162627888	4.462100132758601E-6	
0.1666824576374976	4.41641609476053E-5	8.388602420771727E-5	0.33316474601285345	2.794864401963697E-5	
0.08337689121720399	0.08337397682338704	5.401884893892555E-5	0.33316572494057983	3.0515879771282695E-5	
4.726712823234733E-5	0.16664429384133272	4.502504060706877E-5	0.3332630136867234	2.96132991731867E-6	
0.08334800096760474	4.5672666380601096E-5	0.08334109595790112	0.33325988225571695	7.931130672261659E-6	
1.0312173670699832E-4	0.0833802788064474	0.08332712334238512	0.333164859605938	2.7056170994550933E-5	
3.727353561946594E-5	3.639066811462864E-5	0.1666586847351253	0.3332550439934591	1.5958212065676497E-5	
0.08340076655088303	1.0489602043494493E-4	9.926182019603037E-5	0.41638968960049927	8.271649090606253E-6	
6.066238110013334E-5	0.08344598378969433	9.844200151059203E-5	0.4163905053016465	7.72497969368037E-6	
1.0601659964797838E-4	9.145818712614247E-5	0.0834074453303766	0.4163917569169549	6.663223254003885E-6	
2.9096402303612063E-6	2.8397337349056157E-6	3.247867847885898E-6	0.49998896241698465	5.3118150495372226E-6	
0.4166672238425462	2.1828654417058827E-6	1.284457226371386E-6	1.3584019100663355E-6	0.08332996259722196	
0.33332108342441596	0.08334079316232768	2.48435621134947E-6	1.3067028971615797E-6	0.0833354190307188	
0.2500129962559064	0.1666466262193277	2.2503108505182483E-6	3.5529248909486123E-6	0.08333542786290274	
0.166721188520213	0.24993510886836853	3.7367093355293315E-6	6.397456744682505E-6	0.08333469695511272	
0.08329777600977123	0.3333594224724644	3.6490137406326417E-6	6.35806217149881E-6	0.08333521852962719	
1.1095519510344071E-6	0.4166670780155442	4.0359718721918526E-8	1.5334724736129515E-7	0.08333399139280136	
0.3333194754251203	3.017856448916811E-6	0.08334592573656689	2.5915731744230504E-6	0.0833298477984043	
0.24998970026395353	0.08333271650130246	0.08334590469619801	2.578956776118299E-6	0.08332982227816149	
0.16668284022408816	0.16665432644672687	0.0833273365355647	2.3642897978433497E-6	0.08333401937759682	
0.08333489552458816	0.2500034013671322	0.08332968142036751	3.589741508524599E-7	0.08333408730091453	
3.009548130640959E-6	0.3333318976161988	0.08332889838290787	3.0830388225507687E-6	0.08333522811244548	
0.2499991024330407	1.7131738547017683E-5	0.16664697056554276	2.2465272746077902E-6	0.08333532357609784	
0.16668179508334305	0.08333437378594585	0.16664706532667517	3.0965433076078914E-6	0.08333432890138155	
0.08334463923341308	0.16667296320280836	0.16664453592378786	6.139129525455399E-6	0.08333401814694615	
6.778454860188379E-7	0.2499996242692193	0.16667780455572437	5.083265770500187E-6	0.08331920680260727	
0.1666726561850022	1.1583442630399997E-5	0.24998575988985186	2.9948408198805543E-6	0.08332953358941345	
0.0833439159028964	0.08333901231946074	0.24998367134430832	4.84611720207606E-7	0.08333371279423556	
2.972144861588549E-6	0.1666836791386934	0.24997769040125967	3.877140251637398E-6	0.08333473776812625	
0.08333583106537801	4.794955232763619E-5	0.3332787087535804	5.589902385882712E-6	0.08333448787242377	
8.497702642109137E-5	0.0833006419511309	0.333280541634027	2.706222284504635E-6	0.0833340386858725	
1.371776750170396E-6	6.858178724733776E-7	0.4166585588097292	5.700789102070951E-6	0.08333449399579525	
0.3333297128271856	9.319567564137208E-7	1.6773363018798482E-7	0.08333528513361102	0.08333494771065823	
0.24999334905039328	0.0833373346002229	1.6773280272561528E-7	0.08333529333738086	0.08333495712417104	
0.16666827872440895	0.1666619184525546	2.4378943931764727E-7	0.08334160222620947	0.08332881581385364	
0.08333210435107596	0.24999986569972818	3.6465704070030984E-7	0.08333588998711465	0.0833339771001867	
2.9468497327170628E-8	0.333323826617509	2.156702766249622E-6	0.08333994639183644	0.08333498328123293	
0.24999495162678623	2.317737686937517E-6	0.08333757961437763	0.08333629012651599	0.08332971349635578	
0.1666673195379194	0.08332688841461951	0.08333614619532859	0.08333514196466325	0.08333539528442552	
0.08332263456350847	0.16668063593921917	0.08332636571628482	0.08333586228877653	0.08333539242473874	
2.38800915643812E-6	0.2500030560388519	0.08332579514825361	0.0833357515634707	0.08333369527887105	
0.16666722718571056	1.5452644346237877E-6	0.16666636085339123	0.08333535630360056	0.08333023974792825	
0.08333725809259475	0.08333115434334763	0.16666474375042994	0.0833348578380301	0.08333403296657428	
1.0537114136231267E-6	0.16666609643241512	0.16666369657820526	0.08333589943383575	0.08333403356730519	
0.08335463771712007	1.245352608465514E-5	0.2500012118311799	0.08329984100818259	0.08333449781413414	
8.883366405050734E-6	0.08331792684035043	0.25000669486147303	0.08333511356373355	0.08333440245386392	
1.0770372812171605E-6	5.754090722638516E-7	0.33333392015885077	0.08333534009088417	0.08333498438948699	
0.25000666541022887	2.496703655211165E-6	2.3047255052222026E-5	0.1666487505276256	0.0833200635555612	
0.16667800559870813	0.08333217267016348	1.6161921551830872E-5	0.16664491701232262	0.08332952391544626	
0.0833331266183876	0.1666744577608408	1.5562718318135883E-5	0.16664357318556428	0.08333377777057639	
3.086444999556997E-7	0.25000375501235067	8.328335424820225E-7	0.1666610596876007	0.08333496262561718	
0.1666617104616669	1.3160954556175646E-5	0.08335162060565648	0.16664496525511974	0.08332942498073424	
0.0833407490690692	0.08333474027665812	0.08335165980936918	0.1666453713866157	0.08332962940961587	
6.680743791615488E-6	0.16666844432548067	0.08335147556903333	0.16664399264412214	0.08333170707623135	
0.08335244773748764	2.3970884578576237E-5	0.16665148114259	0.16664504698562901	0.08332951916012397	
3.234857430695116E-5	0.08338979048271902	0.16660713823557513	0.1666459294061204	0.0833270325621441	
1.1638427196682508E-5	1.0702254069611782E-5	0.2500044973607005	0.1666451640268821	0.08333054615558262	
0.16668784477031626	1.359715662974296E-5	3.327865063335897E-5	0.24994256253069935	0.08332595926320377	
0.08334832131425152	0.08334257932486427	2.5097995345092697E-5	0.24996083134956884	0.08332593411527527	
2.96267149790704E-5	0.16666383946497806	2.3531500826248168E-5	0.2499623785322064	0.08332278634292237	
0.08334963447356557	3.0567143576906536E-5	0.08333553775710108	0.24996113573543471	0.08332634939391921	
3.12752275650547E-5	0.08334985179728478	0.0833372203892983	0.2499528389856394	0.08333154419933704	
5.187501333259121E-6	5.122679244189123E-6	0.1667045152062632	0.2499587842226459	0.08332966921865582	
0.08336386661925445	7.781340323736348E-5	1.4193945912628788E-5	0.3332231832798866	0.08332316982801007	
1.1638844682059515E-5	0.0834180604761347	2.670991172068708E-5	0.33322301147807953	0.08332280452866475	
8.086723374241072E-5	7.938299616600951E-5	0.08329666361387143	0.33322280691824613	0.08332287257263214	
1.9035676676027486E-6	1.8873426894375657E-6	3.706890616347523E-6	0.4166629959431557	0.08333174798174248	
0.333251316869503	3.204866817466135E-7	9.034359446634932E-7	2.4019524187144204E-7	0.166748366820966	
0.25000014210196336	0.08333366564687962	1.8036696723555335E-6	3.377576185368067E-6	0.1666623940091885	
0.16666148540716103	0.16665645282304858	3.501109312999133E-6	6.460239302524467E-6	0.16667464432954768	
0.08333254993071797	0.2500031265858515	5.313317505565645E-7	7.2931620350401396E-6	0.1666824782984825	
6.94017941268147E-8	0.3333282289962367	3.266152149789003E-8	2.2051591189001358E-7	0.16667501927446263	
0.24998897935207737	1.2931640467065953E-6	0.08334676869164867	3.263236493742711E-6	0.16666168584104787	
0.16666214462270446	0.0833242899166991	0.08335914198034239	9.413614669102212E-6	0.16664706684230723	
0.08332152069886326	0.1666643909219875	0.08334942382542476	3.932787301314273E-6	0.16666144681693085	
2.6445313065965284E-7	0.2499855359392819	0.08335798414513179	7.465861468420923E-6	0.16665106759660486	
0.16665805061768935	1.490458609725381E-6	0.16667418461621958	5.4483892308897415E-6	0.16666256742052615	
0.08334486999757167	0.08334235235392405	0.1666486988194075	2.6825223942323478E-6	0.1666621733229317	
2.4932729014571506E-6	0.1666682316920368	0.16666726890566086	1.1814142740149179E-6	0.1666631228072879	
0.08334160576182374	1.5464639131421205E-5	0.2499808742643127	1.0854768622534616E-6	0.1666635797743306	
3.03363090552631E-5	0.08338371024145942	0.24994822870679068	4.241861764217082E-6	0.1666437651728816	
1.3429558536262809E-6	1.2751643842899488E-6	0.33333291266175696	2.182418201340884E-6	0.1666652911099822	
0.25000443578491993	1.3171875797154269E-5	1.220115515055764E-5	0.08331065081599959	0.1666608595398824	
0.16668351439611967	0.08333588768805117	9.499275038258815E-6	0.08331035750353666	0.16666279440538756	
0.08333058049827403	0.16668889373774487	7.154274997023789E-6	0.08330955435369314	0.16666658474267865	
5.119422498694848E-6	0.2500078864584159	1.3787656051920485E-5	0.08330960963032737	0.16666651806605026	
0.16667603358625685	4.365180784133142E-6	0.08334806271412354	0.08331018155544415	0.16666260572168803	
0.08334121047399651	0.08333522157326809	0.0833520064739156	0.08331020390677486	0.16666339248406162	
2.621340503164867E-5	0.16667961746548338	0.08332293774326129	0.08330840381711344	0.16666701883897472	
0.08335233080294625	1.1203722714328024E-5	0.16666608312139294	0.08331054183749312	0.1666639699044174	
7.3862737464579706E-6	0.08335978682749896	0.16666146644849494	0.08331065054992232	0.16666318842461206	
1.5003315951162335E-5	1.4739113259611817E-5	0.24999878119357782	0.08331321887565185	0.16666077465799836	
0.16669008371610494	8.951568769055626E-6	6.665861420665549E-6	0.16663461379186073	0.16666184944198636	
0.08334067948902456	0.08333486127624488	5.159530391674023E-6	0.16666523190090976	0.1666567482543126	
2.409224972422417E-7	0.16666367700220655	1.2126218418601247E-5	0.16665998808130203	0.16666626049860922	
0.08332812629758782	2.173860445783911E-6	0.08334613301655935	0.1666631670091384	0.16666261475663308	
4.559744869506072E-6	0.08335409498551473	0.08332272010246163	0.1666639585945199	0.16665726966086805	
3.4130262820996263E-6	3.6982413210165454E-6	0.16667106102996215	0.16666062364107392	0.16666335300043195	
0.08334319897806057	4.498167741735822E-5	3.607335038659226E-5	0.24991545812459684	0.16666292355383167	
1.2862650998743798E-4	0.0832654302423677	2.9828896301341333E-5	0.24991435463063705	0.16666438189491756	
4.0660423220388104E-5	4.064579214758035E-5	0.08334001681177368	0.2499239775081836	0.16665664897482804	
2.2946752720158928E-6	2.2976625204671357E-6	2.4507312547212504E-6	0.33333241995534985	0.16666272420679912	
0.24997513615388808	2.9309979298097123E-5	4.050271847350166E-5	6.27403799034166E-5	0.24989332352809085	
0.16660218856583422	0.0834417252619554	4.249105109443576E-5	2.246001889686555E-5	0.24989330548840097	
0.08333234640342055	0.16668604316061383	6.993939576382351E-6	6.0907756723642E-6	0.24997105563170866	
9.963466091197032E-7	0.25002119536281314	2.331685206794773E-6	3.064530108865603E-6	0.24997913722956222	
0.16666652645035387	4.454381804295052E-6	0.08334329758688694	1.4956974932728788E-5	0.24997373991832975	
0.08333777761219847	0.08333287232799676	0.08334313045560256	1.6619126417999785E-5	0.2499703791072118	
1.0099901447140379E-5	0.16664829135619055	0.08334349665472318	3.188308828021926E-5	0.24996909771156	
0.08334856983370549	1.568164982967245E-5	0.166657197004588	9.866226879337576E-6	0.24997075201711635	
1.6572919867846607E-5	0.0833374869939624	0.1666650964250945	1.568905864125587E-5	0.24996823434489507	
2.6412594630704726E-5	2.5941986229323354E-5	0.24997270139534064	1.0261093928731565E-5	0.24996741803423583	
0.16663290856466165	2.0845368025439033E-5	2.6682683612752356E-5	0.08334233387857898	0.24997921188440417	
0.08335573856253503	0.08334983218542882	2.7618702495417264E-5	0.08334692595740767	0.24992205445562193	
3.4080402824497762E-6	0.16667862138753287	1.0632171945913827E-5	0.08333827721569038	0.2499712269593523	
0.08333043383709746	1.5681241600391502E-5	0.08334298362881601	0.08333685337329481	0.24997782978854236	
1.3013900835607948E-5	0.08334415516361637	0.08332525210610209	0.08334341541682984	0.24997718565049826	
9.629489858242014E-7	9.556197709332276E-7	0.166667811214572	0.08333706965688954	0.24999407064147727	
0.0833383310578328	1.5647967487299667E-5	9.502461462818237E-6	0.16665189265862454	0.2499878091335219	
9.59236493032619E-6	0.08331677167193455	2.386435355359026E-6	0.1666833864026378	0.24999001305102378	
1.6629906186815897E-4	1.7407868940742753E-4	0.08344300557455177	0.16650324321579313	0.2497179336410554	
6.129495803864234E-5	6.041817781806919E-5	6.191117491346639E-5	0.2499321545413421	0.2498867955762471	
0.16666011838468814	9.434516777099003E-6	1.0385966149061678E-5	3.4268996011345074E-5	0.33328791587786816	
0.08334056705916995	0.0833340802180437	3.875799941306942E-6	6.448436560741475E-6	0.33331601315716247	
2.528102076530648E-5	0.16664870814778604	1.8951996803774101E-6	1.7777536175395985E-6	0.3333244989409461	
0.08335669532071431	1.2326789434370283E-5	0.08331832558978211	1.9718107946778283E-6	0.33331286347675426	
1.268503672355006E-5	0.08335625286473232	0.08331811888791969	1.7857947244015174E-6	0.3333120130135372	
3.453185493879157E-5	3.433531381588566E-5	0.16660264222014498	6.202011276609481E-6	0.3333245709053683	
0.08333588073132231	2.2986936538651195E-6	4.892480084446665E-6	0.0833358136073806	0.333323009177386	
1.3953736417473266E-6	0.08333492104643152	6.58108603649876E-6	0.08333563922362006	0.3333223079159125	
6.914804759995393E-6	5.6502179561006225E-6	0.08333079705793141	0.08333532954819549	0.3333222460876837	
9.152997537096543E-5	9.77707607945437E-5	4.738759114834677E-5	0.16662170760675268	0.3331448609490966	
0.08336042441751611	4.5545538770983534E-5	3.502839331180373E-5	2.6978059764356883E-5	0.4165336183376379	
1.2603689077785722E-5	0.08338307003803963	4.534274325938565E-5	2.7106647180722253E-5	0.416534350461473	
3.62100037358989E-5	2.6697856192745996E-5	0.08332094209811104	4.250150318130321E-5	0.4165760662249192	
4.427903085843531E-5	3.0020252729940704E-10	4.255298590183251E-5	0.08338145683304449	0.41653517901992176	
1.989479846553505E-6	9.893877399256368E-8	2.088125844250285E-6	2.2326704782412524E-6	0.4999944877861526	
