0.5003526674732184	1.695835769022059E-8	1.3049786374569244E-8	6.179178232955171E-8	1.0099315413828854E-6	
0.4166082318473421	0.08337774359444815	5.447018656291594E-6	3.278808989601096E-6	1.063780632313527E-5	
0.3332000794097377	0.16675653759820325	1.4156158312764502E-6	1.798200502738762E-5	2.8099459958906544E-5	
0.2500040807054146	0.24999499812179174	1.5575660025401009E-6	5.094396180536376E-7	2.820686863533408E-6	
0.16665326257406388	0.33334115001417763	9.789758357789935E-7	7.265933094767247E-7	4.729711410607418E-6	
0.08328874064376139	0.41671843065004177	1.004886474173327E-6	9.599739584206741E-7	9.15844404497897E-6	
5.116778348355963E-6	0.4999838246085749	7.280254415608341E-7	4.5521732071174506E-6	7.918959458204964E-6	
0.416668919001332	8.810553844172705E-7	0.08332689178120824	1.0158471531995924E-6	3.412796096661582E-6	
0.3333231237969087	0.08334576296056384	0.0833278322933052	2.674111758813356E-6	3.422851507636093E-6	
0.25001485730585976	0.1666535313674329	0.08332903512089586	3.115427869847447E-6	3.477738394763868E-6	
0.1666615906929909	0.25003638907831494	0.0833349535078711	8.669645003871167E-8	3.5507013485565315E-6	
0.08330897664000567	0.333454342488644	0.08335472964499609	4.5533297760792845E-6	2.396367618672072E-6	
2.710470936777674E-6	0.41666401508405243	0.08333202113943898	1.0670746831294502E-6	1.6219397738002734E-6	
0.33333297752602076	4.968066194935267E-6	0.16665941080344077	1.0189875304333844E-6	3.2381572255360875E-6	
0.25000205352453686	0.0833369046579714	0.16665998813806218	9.998806921278224E-7	1.083881023521846E-6	
0.1666758762369982	0.16666395200979012	0.16666045544848407	2.5401290337685897E-7	5.168083871987319E-7	
0.08335509416703897	0.24996269825862408	0.1666324529215634	7.219822160589321E-6	4.340705912461082E-5	
1.1793393507404593E-5	0.33334707470778063	0.16665298750069577	9.34254784953294E-7	8.926436084108733E-6	
0.25000060126489243	4.067886400955111E-5	0.24994951960205242	4.173696267777847E-6	5.77070837544394E-6	
0.16667004372743477	0.08333920943939353	0.2500044665659822	9.091235740188763E-7	1.2362756680459542E-6	
0.0834097230785694	0.16674230951738817	0.24980874706207942	6.129353995903222E-6	3.4366743779222E-5	
7.595684860788926E-6	0.25011301917985806	0.24989580624896526	7.4717012497402E-6	1.2309829459628103E-5	
0.16667051544402	2.1160711929209044E-6	0.333338456185589	9.001246053926055E-7	1.3046793340257176E-6	
0.08333098489110634	0.08333764030505947	0.3333303318430183	8.974661930552088E-7	1.1311767366313946E-6	
1.9813987575243903E-6	0.1666711599671034	0.33333947569180805	6.999424882641485E-7	3.8817914779906865E-6	
0.08334243390239347	6.019002123337624E-7	0.4166546043381865	2.865890550545875E-5	3.908585920008826E-6	
4.6196573084930974E-5	0.08337818467216411	0.41656271588565685	1.2878323565285572E-5	1.1248404062726765E-6	
1.4701075019054346E-7	6.006179113900497E-6	0.49996915209789083	1.195042599644155E-5	1.3836147605552007E-5	
0.4169358718834188	5.294127544227771E-7	1.1700139155907538E-6	0.08339077321996567	1.8676758800303385E-6	
0.3333205193408213	0.08334507788051539	5.941970667868958E-7	0.08333328394335769	1.178402970119381E-6	
0.2499630874656138	0.16671592765956006	9.315945335336759E-7	0.08333760149972552	8.005910668001739E-6	
0.16664727145657887	0.2500148316435744	1.2664148710265269E-6	0.08333401991436457	3.594282123436341E-6	
0.0832914355514358	0.3333572670051276	1.5885292834696687E-6	0.08334607841525547	4.511104930236431E-6	
2.418308374093712E-6	0.41664926717243544	1.9813305862622693E-7	0.08334640461590957	2.824351005276615E-6	
0.33335429266892486	6.082957231795254E-6	0.08331887956722665	0.0833381946812064	1.9724197164758075E-6	
0.2500014288632867	0.08333505591195019	0.0833320923483321	0.0833338824472174	1.161614565160181E-6	
0.1666867562079904	0.16665664847996509	0.08333387889605796	0.08333659066067653	2.1137819903078254E-6	
0.08329669551342005	0.25002765395301974	0.0833324316602938	0.08334698011317104	3.4984440604805205E-6	
5.974150850891908E-8	0.33332070424234017	0.08333153510567215	0.08334754696161979	1.6659861103694046E-6	
0.25017072422548603	2.2320422538083556E-6	0.16676718811767338	0.08338900164037225	4.785604650754808E-6	
0.16668010242072265	0.08332757183914623	0.16665702419414613	0.08333350688716178	2.6936187075254723E-6	
0.08335018715380063	0.1666574482076496	0.1666606282179114	0.08333402975134346	1.1894364806056165E-6	
9.534239121227578E-6	0.2500173886799116	0.16664067401257918	0.08333400103158597	2.314667332637731E-6	
0.16666713351302548	1.9669068301659953E-6	0.24999663303054395	0.08333605487841679	4.96097848958888E-8	
0.083329845519567	0.08333844397230324	0.24999785716701636	0.08333379285869215	1.21630603585806E-6	
1.2578376716900147E-6	0.16666747639282758	0.24999850880784596	0.08333394859803223	1.2238942424727267E-6	
0.08333333477716004	9.771813750508413E-7	0.33333882493793365	0.08332736050840023	4.540337389061064E-8	
1.807249505614383E-5	0.08331766389339883	0.3333433233962562	0.08333625416290717	3.5583773288636594E-6	
1.8492031553325554E-11	1.0156828373692614E-8	0.4166671701248143	0.08333341261014506	1.1422259843565344E-8	
0.333344146014698	2.9533154107318737E-7	1.5562431097809917E-6	0.16667075185717325	1.305126777885422E-8	
0.2500538444860586	0.08327111290760154	1.5599224680682063E-5	0.1666686389742242	4.180513835179565E-6	
0.16665175213978156	0.16665057331664573	1.2570374529889058E-7	0.16671013771451718	2.8287164694624288E-6	
0.0833497339079427	0.24999864517295645	9.221854607342665E-7	0.16666092589098214	5.365934897645421E-6	
3.013014115415906E-6	0.33333881436366997	1.5103807809674278E-6	0.1666578535954269	9.790932514385221E-8	
0.24999548429353996	2.013015290814158E-6	0.08334264940896756	0.16666143620303708	7.646884715009211E-7	
0.1667642951774683	0.08319802208797192	0.0833309535237365	0.16670447833874025	1.763246754704541E-5	
0.08336615010032299	0.16664955375776352	0.08333189558587684	0.16666010330165187	4.265577517330374E-6	
2.25354134114737E-6	0.2499975526433344	0.08334064116708628	0.1666615559016069	4.985800100763381E-8	
0.16667888996204674	1.3983931526312769E-6	0.16667305983082675	0.16666804707232363	3.537875034034473E-7	
0.08333983919016151	0.08334114204071572	0.16667744252185304	0.1666705410444299	2.685649708513491E-7	
9.293995993655549E-6	0.16667129013825244	0.16667478508783068	0.16667216413841637	4.947316410490448E-6	
0.08333415156982854	1.4235155050910957E-5	0.24998958881851008	0.16666031996311947	2.7678107918774625E-6	
2.6674721174258E-6	0.08334267098535392	0.2500076719490806	0.1666709918730868	3.193458333950531E-6	
1.8914743849463989E-6	1.7742730250526602E-6	0.33333642742211417	0.16666039355706	1.1234755652847088E-6	
0.24997786663835767	8.824124910326431E-7	3.87487029955406E-6	0.25002117633667376	1.162329674558916E-6	
0.16679745558487313	0.08321604164996209	2.766901781978595E-5	0.24992056370811433	4.158533451337891E-5	
0.08336661116906934	0.16665287431175252	8.890662940734294E-6	0.24998069020816158	1.5178403789964624E-5	
5.040755444846061E-6	0.25003469983407733	2.5369078675253887E-5	0.24995616379665767	9.987341621679895E-6	
0.1666871864994415	1.8836139437342817E-5	0.08335717245735058	0.2499479816656851	4.9235699976396395E-6	
0.08333628620510057	0.08333658459196114	0.08333472641717028	0.2499904970759208	2.7786308271271783E-6	
5.867621882418116E-6	0.1666691344439848	0.08333579146610137	0.2500028582335803	2.686827640590853E-6	
0.08333580546115052	9.65161395636881E-6	0.1666670273609543	0.2499896167774337	2.504002935519562E-6	
1.7500053335637924E-5	0.08334481740806568	0.16666091665840765	0.25000036547795024	2.289462913800718E-6	
1.7842192871255531E-6	1.7791303910755124E-6	0.25001299238326147	0.24999904414337493	2.6274561245002745E-7	
0.16666768074320704	8.461739591620703E-6	6.779675361544442E-5	0.3332834290354593	1.93336196361257E-5	
0.08337477179814441	0.08335507165967233	5.922640778422451E-6	0.3332672771406138	9.536973505871264E-7	
3.964337618765948E-5	0.16668825218490083	1.7436500171934527E-5	0.33328639535316706	4.1108694686313314E-6	
0.08336649780645938	6.324655325268159E-6	0.08337128750816106	0.3332783462612964	3.4932864481350065E-6	
1.8181341189625666E-5	0.08335166324214958	0.08336832237679284	0.3332717623602214	1.5777598195940155E-5	
3.089624757948185E-5	3.0984249297138136E-5	0.16668724330744694	0.33329393184708805	2.288784883028775E-6	
0.08339931954461804	1.850179878140548E-4	4.1676413526374966E-4	0.4158835002308889	1.2093667776842779E-4	
1.4894482436267096E-4	0.0835591832570415	3.043836444663735E-4	0.4159399906201496	4.865437367768106E-5	
1.4984440255711465E-4	1.6871289400597673E-4	0.08330503594208097	0.4163892256906385	1.495425811170566E-5	
2.8486550959566126E-8	6.633651081173045E-7	6.972444132237961E-7	0.5000422959900734	8.264694067554598E-7	
0.4166707987869439	6.872316186033497E-7	2.533800163310058E-8	3.2422928413164807E-8	0.08333169904775861	
0.3335401216980478	0.08339899980937157	2.4234463462784428E-6	1.692230870543847E-6	0.08338734504220117	
0.2500289084682494	0.16664009222926107	1.962512275465846E-6	1.2986783031655977E-7	0.08333160475625115	
0.16666178628074782	0.2500366830023223	8.228653310327395E-7	4.717694814924285E-7	0.08333790518377747	
0.08337749933212932	0.3332671198299795	4.3053173960509904E-7	5.648631637977424E-7	0.08335585102282307	
1.8481980856158945E-6	0.4166675801683854	4.0928757108614125E-7	5.649130152420478E-7	0.08333097090405725	
0.33333598558327265	1.606318353469558E-7	0.08333663808057816	8.73991331824596E-7	0.08333338098943265	
0.25000245191707254	0.0833363941927962	0.08333286539792875	7.94883206022816E-7	0.0833325780616331	
0.16667623238468798	0.1666667260575293	0.08332555034107728	2.642684268361874E-6	0.08333239486801784	
0.0833648671059572	0.2499927750247904	0.08332922081437463	2.5074894252584473E-6	0.0833360325983742	
8.653432552745903E-7	0.3333418382298815	0.08333806056363946	2.5061302911902503E-6	0.08333432762834016	
0.2500191645147121	4.635873318577973E-7	0.16666117277107353	8.73629674043742E-7	0.08333495411320367	
0.16667395509837188	0.08334445640796624	0.1666603712376865	2.198670574071294E-6	0.08333428994468955	
0.08334956918043278	0.16665691101129745	0.1666608997331894	1.063390814839132E-6	0.0833318560332112	
7.790607089306877E-6	0.25006553989647257	0.16661063545812527	1.775585298232838E-8	0.08333383286169405	
0.1666687477376538	1.3984417003908906E-6	0.25000070584126566	1.2358392598610949E-6	0.08333181888100666	
0.08334171821136366	0.0833264076718234	0.24999671432681966	5.2201385441632295E-6	0.08333081386184207	
5.7039426055332906E-8	0.16667041503746596	0.25000023077359507	1.0175908892969487E-6	0.08333114395099142	
0.08331077236495887	1.2141231179215588E-6	0.3333568680882105	1.235527165105016E-6	0.08333073963478135	
1.764373590152919E-5	0.08336003401347353	0.33328634331175405	1.0878685459280565E-5	0.0833261513378755	
2.7503763472398503E-6	2.7086387821139425E-6	0.4166601368787554	5.130336211084522E-6	0.08333087054870224	
0.3333485844822683	1.1942650790476486E-6	1.5607358270633055E-6	0.08333814638989347	0.08333601996428541	
0.24999911667872607	0.08333668225065602	5.307705619804257E-7	0.08333432327510552	0.08333272646225814	
0.1666678355094205	0.16666648314587218	7.999067830795414E-7	0.0833340202765885	0.08333193199342541	
0.08335912687178539	0.24997555485622208	7.769054732088613E-7	0.08333385265709256	0.08333198998544702	
2.1677768559558265E-6	0.3333719491476786	4.1014002145732455E-8	0.0833445472204883	0.08334182569619207	
0.24999706716618342	8.958375133069831E-7	0.0833395263979664	0.08333461160037668	0.08333249982678922	
0.16667188693331988	0.08332355245638959	0.08333886403870577	0.08333490707223508	0.08333183632384343	
0.08332197754024248	0.16667280831943848	0.08333919112566082	0.08333482550715597	0.08333191799521614	
1.417095687409341E-8	0.24999514415454385	0.08333929691452602	0.08333462345643071	0.0833321396296048	
0.1666682229024667	1.2899166360343747E-5	0.16665730459847408	0.08333382267237928	0.08333072025382404	
0.08332985697334686	0.08333865951725573	0.1666657135958929	0.08333515068057826	0.08333154473588938	
9.979264557507744E-6	0.16669524124634955	0.16665312312036087	0.08333858401470193	0.08333770457201248	
0.08335409104124557	2.3924449144004516E-6	0.24998048519724989	0.08333345817983556	0.08333044895843646	
1.7909252647299526E-5	0.08333851498671971	0.24998027360818426	0.08333351274769199	0.08333040596444895	
2.748412924521654E-8	1.7964949600483767E-9	0.3333376537640707	0.08333374661398685	0.08333138597446708	
0.25000587686939757	2.1717150453154666E-6	1.1075880454832212E-5	0.1666666982331388	0.0833351947575172	
0.16663607715372367	0.08337476876069795	7.425843495336102E-7	0.16666197792498846	0.08333333294265192	
0.08331167598441752	0.1666942008494386	8.869654903118575E-6	0.16665771589349523	0.08333253767349275	
7.060499455828778E-6	0.2500130667958056	1.130721901183449E-6	0.1666654632400289	0.08333549738178167	
0.16667885165532298	1.4763904894032617E-6	0.08333791065582831	0.16666759287105154	0.08333463911054517	
0.08334088088927102	0.08332329841077274	0.08334262762190585	0.16666383815995015	0.08332994817039197	
2.300994089473825E-7	0.1666716203358055	0.08334498606074407	0.16667003524343169	0.08333541558361918	
0.083336729704581	6.755563243830578E-6	0.16666326353643102	0.16666286564208205	0.08333194592314018	
5.001707692003891E-6	0.08333836984922809	0.16666302385779358	0.16666269405062661	0.08333184000289542	
7.5254342306514165E-6	7.506229436473321E-6	0.24999818932577522	0.16665612538191	0.08333205452458026	
0.16667062610935804	3.291602173534712E-7	1.642159649956171E-5	0.2499998546431851	0.08333491794771956	
0.08334411159654893	0.08332993237688317	6.623498555090067E-6	0.24999045369652176	0.08333070111874545	
1.0045269988817096E-5	0.16667373970166913	6.583056764155995E-6	0.2500052011686471	0.08333594483635802	
0.08333407586140917	4.688810974873015E-6	0.08334170857306426	0.24999005956801737	0.08332971248245123	
4.857881287451568E-6	0.08333358857992036	0.08334140200610185	0.24998912273778368	0.08333192861126137	
3.0020939567878483E-6	3.199940524863778E-6	0.1666741030601632	0.249990624540896	0.0833323466755039	
0.083355608817114	3.984241663726686E-5	8.550208954075322E-6	0.33326690603531217	0.08332995388900458	
2.3743868000597087E-6	0.08339182072963092	8.542056906493791E-6	0.33326838105290413	0.08333073383466306	
2.6964101128925554E-5	2.700011680526685E-5	0.08334509478118243	0.3332736334627653	0.08333032805884048	
2.2462759958316502E-6	1.9692427548150282E-6	1.010567931763665E-7	0.41666650045001075	0.08333223096177465	
0.33334070090781426	1.0975560144695003E-7	1.8928281084284278E-6	3.1539713116917833E-6	0.16666049488856466	
0.24999848754181722	0.08333499122394368	4.648182769583889E-6	1.4589787349630945E-6	0.1666638178271684	
0.16665959153375126	0.16665029983604668	3.4995401730350577E-7	4.1604004588243836E-8	0.16669341388974335	
0.08335094102195992	0.24998631741776958	3.257792720842858E-7	4.5704979110977384E-7	0.16666292389795387	
3.4112812188079717E-6	0.3333318964545377	4.853639041075152E-7	3.034866939093572E-6	0.16666331298543816	
0.25001007926524	4.589165128884456E-6	0.08329573376235219	2.2420912773462962E-8	0.16669343561445887	
0.1666565212320062	0.08331704346789778	0.08333677395163377	2.0007282501974977E-8	0.16669422486034396	
0.08331836881961573	0.1666657729128748	0.08333628447281755	1.995972845454781E-6	0.16668147912801354	
4.641815394924968E-6	0.24998861296293778	0.08330941871234401	6.46692274624938E-8	0.16669832497336612	
0.16666959746256022	7.133971794461674E-8	0.16667137792956638	6.81864158301793E-6	0.16665769014297493	
0.08334430963854927	0.08332900414584143	0.16667582782904794	1.3890411828522975E-5	0.16663774751045768	
3.4370424073920516E-5	0.1666812480235377	0.16664036825424156	8.827525346553088E-6	0.1666375882752195	
0.08337601278380757	1.1000779603500018E-4	0.24989795734003048	2.117655397930654E-5	0.1666481298896469	
1.408399143189881E-6	0.08333578894847914	0.25002710770318065	1.3242234583274687E-5	0.1666473157721821	
1.3210047431159026E-5	1.3483128441183593E-5	0.33333324363082856	8.796071635819984E-6	0.16663239328349372	
0.25000296009206097	5.16413609806209E-7	7.98023036412038E-8	0.08335893596979571	0.16665587665087467	
0.16664427610409724	0.08331041464175755	2.685159373282426E-7	0.08334707973444296	0.16669863931885792	
0.08335473090692087	0.16672390091258976	6.934882744302583E-7	0.08330798019783547	0.16661337887732983	
2.2892274457354616E-5	0.24999241722427315	8.987493134996661E-6	0.08337815031442014	0.16662242599766416	
0.16666463998386663	1.112559776712605E-5	0.08332563812310426	0.0833436330570307	0.16665554910478658	
0.08334417169541672	0.08333998732771061	0.08333995904917925	0.08332224707827267	0.1666543266507925	
3.744049330504735E-5	0.16667954421996933	0.08332883969725438	0.08334342690628205	0.16661125475432975	
0.08332433308524	1.276762480993187E-7	0.16670239177514645	0.08333694560388112	0.16663718732292854	
1.2981363133907628E-6	0.08335444544284751	0.1666850452268505	0.08334158867445073	0.16661867525512547	
1.6502509404400248E-8	1.8755446649982698E-8	0.250027135389902	0.08333680121879783	0.16663691447918527	
0.1666488236723368	1.3472282341040717E-5	1.527800491988203E-5	0.1666729406613129	0.1666507793702258	
0.0833452378831664	0.08333107178361678	4.32990073407501E-6	0.1666692386559507	0.16665204748572415	
1.9306213362481926E-5	0.16667313165596906	7.897430269777841E-6	0.1666887038250161	0.16661610791502152	
0.08334051627740759	6.73744309137727E-6	0.08334528470499362	0.16669192504515723	0.16661658681338767	
1.6211283121504392E-6	0.08332311220090534	0.08332246752594073	0.16664161339402944	0.1667123457648527	
3.774876499007312E-6	3.827648319168468E-6	0.1666683081154772	0.16666136974395282	0.16666367661871753	
0.08351968634769331	6.063177767933044E-5	1.41424687615306E-4	0.24975915341524368	0.16652986707646036	
5.119360872832142E-5	0.08342102579499136	7.611115389217606E-5	0.2498881272173915	0.16659086966028905	
7.977297507222628E-6	1.8838995777234522E-5	0.08335288808457302	0.24996949866527116	0.16665156486864996	
1.6734893389896272E-6	1.2655953122390208E-6	3.3583774401991012E-6	0.33335026183285743	0.166672619072329	
0.249948779584287	6.426747108991886E-5	2.0688720592659612E-7	5.330197825224263E-6	0.24999919963728684	
0.16656736157257224	0.08339321051845701	8.873677284615578E-5	4.813339165713003E-5	0.24990740771329398	
0.08332488329109183	0.16666654643723217	4.556818682329961E-6	2.408076388098587E-5	0.2500089658834058	
4.1393528967063836E-7	0.25000336567799825	5.963521631388403E-6	6.221531131652893E-7	0.24999077820935314	
0.1666520554842468	4.2907162928522595E-7	0.08335098951277843	3.375552687926281E-6	0.24999466179187432	
0.0833250123808551	0.0833458622121496	0.0833304186357138	4.664370238518294E-6	0.2499948568179325	
3.9147038533089815E-7	0.16667499910002373	0.08333275021729117	8.87674534706183E-7	0.24999792138197632	
0.0833455033316953	9.032759912803136E-7	0.16669230720354636	4.151753089911159E-6	0.25003178353848743	
1.32315720182986E-6	0.08333341326363843	0.16666896690073915	4.448528290722254E-6	0.249997051461334	
1.8892430796704363E-6	2.0419905024040323E-6	0.24999860177227148	3.7621279612520055E-6	0.24999474168725858	
0.1666589126151681	4.3052551953666454E-7	3.019799373874137E-7	0.08334906262071591	0.2499976284237628	
0.08332347286842612	0.08333953863615359	3.038069720981225E-7	0.08334319650365707	0.24999543266523444	
1.5255397246440283E-6	0.16665764117160767	5.237086303463392E-9	0.08334881178177195	0.24999591562380472	
0.08333249100923876	2.1694390544716512E-7	0.08333059197337758	0.08334324967673175	0.2499943270484755	
2.0693327844538376E-7	0.08333235372346537	0.0833304278361038	0.08334308934940038	0.24999498201990564	
6.671872070497448E-7	5.255116724857773E-7	0.16666181670084804	0.08334309991613278	0.24999495578250472	
0.08334450970551471	2.6533848892129613E-5	3.833621671644991E-5	0.16661256998223	0.24998605729371653	
9.691332984715704E-6	0.08333133683962114	2.9772479187933486E-5	0.16665292866879056	0.24997826984855698	
3.448358414531458E-5	3.702981574387079E-5	0.08333842469954467	0.16661368525855716	0.24997820700773465	
1.2403752997313571E-6	1.309876824000179E-6	2.599306757411885E-6	0.25000048714680284	0.2499955452093263	
0.1667927024518506	1.8268037236540626E-6	2.0308104442353054E-5	1.7131270811150048E-5	0.33351675340841735	
0.08332692579675141	0.08334787918913816	2.387212564762548E-5	1.7899093468006727E-5	0.3332861304641059	
1.8130815481452346E-6	0.1666795709203517	2.3939827680632157E-5	1.6306234576992694E-5	0.3333017185544366	
0.08334993855487173	2.667192619368728E-5	0.08332070658156641	1.805267715165429E-5	0.33328935501009677	
1.615016834353491E-5	0.08336360315042861	0.08332117514886106	1.5940749052981313E-5	0.333284116161182	
6.506930498986456E-5	6.125496823097487E-5	0.1666210192333058	3.110623892163328E-5	0.33322242373415145	
0.08333418155486529	2.973689216144736E-5	1.193904742113682E-5	0.08333975441023875	0.333289824992246	
1.0649442825545263E-5	0.08336527026130054	2.770581109431295E-7	0.0833383779810334	0.33328770133840824	
1.6577766582421177E-6	6.249897812148772E-5	0.0833129278475469	0.08334097823362628	0.3332832435581955	
8.32901457681113E-6	8.805376738146628E-5	3.9933362592770654E-5	0.1666485362306246	0.3332811783788889	
0.08328277181948998	4.1015567217626375E-4	1.3140183601019264E-4	3.7466722095209963E-4	0.4158083465152173	
1.5591758646684116E-5	0.08349454610664224	1.649857033364501E-4	9.812977015470546E-7	0.4163351665646173	
3.2771884961975244E-5	2.4854028766129886E-5	0.08334566111977158	1.5636773037963595E-5	0.4166164329046212	
7.67815220748917E-5	7.548689090688371E-5	1.531080847675273E-4	0.08336979013546322	0.4163254611175278	
8.081868376184607E-6	6.987581193690803E-6	1.7513200148530026E-5	1.4006795560101462E-5	0.4999557575126384	
