0.4999842322107847	9.553710662607703E-6	2.045578311440783E-7	7.14528862694501E-6	4.7435158655695744E-6	
0.4165966554922107	0.08338988987215504	6.03448721532022E-6	6.4311188563415795E-6	3.4238733114856114E-6	
0.3333264563002338	0.16666680546786747	6.16736481848948E-6	3.0050307662167875E-6	2.82791633026527E-6	
0.24998214344926442	0.25001340170428377	4.943687759049672E-9	2.775581642293329E-6	2.9836209015352825E-6	
0.1666739363976353	0.3333111204542674	3.6870071465479332E-6	6.5266670313995015E-6	1.4361794371714087E-5	
0.08318403980078523	0.4167804978040193	5.321412081510106E-6	1.7808081114777035E-5	1.4555038074355184E-5	
1.2253114834352979E-5	0.4999290350086013	4.8345469748601114E-5	9.968288432942403E-6	8.893866132631145E-6	
0.4166030918113219	7.375577080058428E-7	0.08339259419159928	6.068846031105897E-6	3.339736063986606E-6	
0.33327906061301277	0.08331892772096944	0.08338918271916339	1.1550535782580223E-5	7.023534648707333E-6	
0.2499826825250761	0.16663124761048298	0.08338824137837515	3.0074928888661277E-6	3.1566593343040445E-6	
0.1666619647591035	0.2499319106208947	0.08339205882901067	4.069150456601455E-6	1.410470340216979E-5	
0.0833187883833238	0.333275931526181	0.08339554620445497	4.045501707384413E-6	8.339807103091874E-6	
1.9228047242031115E-8	0.4166066525154289	0.08338319176541702	1.0068548142958816E-5	5.800905335381274E-6	
0.3333419524633818	1.759398633765719E-6	0.1666561396197915	2.79135671537122E-6	3.1551916223852973E-6	
0.25000371899901846	0.08332267985906408	0.16667190244072796	2.7671928671773547E-6	3.133214416505403E-6	
0.1666529551113622	0.16667377633500227	0.16667079369396218	4.031802294874702E-6	2.2565241209420007E-6	
0.08338224930053972	0.24993812217734043	0.1666709680745488	1.041162283058008E-5	2.0269998021969324E-6	
5.86197244917399E-6	0.33331892157829984	0.16667339259705605	5.603522518419071E-7	3.882600346341038E-6	
0.24999505325890442	1.320226546513313E-5	0.24999746604932604	1.0162090265215078E-6	3.006336256247617E-6	
0.1667081222031488	0.08329663354310295	0.2499929995330955	2.833161827548164E-6	2.767175099002836E-6	
0.08343405132230579	0.16657849085640974	0.24997085782683143	7.121199499875958E-7	2.0278754074086256E-5	
1.6087132555732033E-5	0.24999478426479627	0.2499893715925174	2.9310649188743106E-6	3.825712821663242E-6	
0.16666897643330247	1.543337352228262E-5	0.3333183517585586	1.2420247175650401E-6	1.2104026922133247E-6	
0.0833381991584656	0.08334620651027325	0.3333183435179406	1.2420246868158974E-6	1.210402662247057E-6	
7.978431650262E-5	0.16670249443355978	0.3332025839667358	6.916054025241316E-7	1.978235729761451E-5	
0.08333614904062586	5.838471521864673E-6	0.41665896125826574	1.3190334473989859E-6	2.7661851426656395E-6	
1.4168802636259275E-4	0.0834331307254918	0.4163909320658641	4.4889668115289537E-5	2.5309374071558562E-6	
9.556512249824575E-7	8.938499056838428E-7	0.5000008326667098	1.8851801241707268E-6	6.736199616705033E-7	
0.4166675197350942	1.1609009614846784E-6	5.218872468036777E-6	0.08332555484788459	3.2144670650169933E-6	
0.3333029042044388	0.08336599488430652	5.00326841519881E-6	0.08332554369697845	3.220444260919598E-6	
0.25001834461091765	0.16665268381096782	5.288090303252803E-6	0.08332608878569189	3.412677642974229E-6	
0.16672833343133475	0.24993151027863858	2.0172506125306595E-5	0.08331187470197937	1.3825694216665679E-5	
0.0833370675695128	0.3333432235703897	3.1389521377862387E-6	0.08331798130407649	3.581539548147644E-6	
9.603973872557402E-6	0.41664710036146446	3.4976187630757584E-6	0.08333699304194447	5.410885688062374E-6	
0.3333260616523355	1.2433855439780346E-6	0.083340753185906	0.08333156390614206	3.4151052913176547E-6	
0.2500019036066894	0.08332246474656307	0.08333987689474194	0.0833380164593578	3.706749354471124E-6	
0.16664232146486582	0.16666084615703866	0.08336929822085835	0.08332759269457847	2.4744999496883493E-6	
0.08333834430466046	0.24999631334380626	0.08334315576895522	0.08332853349097571	8.433184607254479E-7	
5.430991689606925E-6	0.3333222878446978	0.083340331396868	0.08332807030755603	6.521763697167368E-6	
0.2500047874759215	3.566636763841036E-5	0.1666346528317571	0.08332851190045946	2.273227002557732E-6	
0.16663909986229167	0.08338643123948328	0.16664113173813247	0.08332702346872964	1.1533808279448981E-5	
0.08329975931405921	0.16664578952300152	0.1667137751452949	0.08333709528035489	6.150096326158478E-6	
1.959448670502552E-7	0.24995336233884813	0.16671911891931968	0.08332747673179493	6.158572131869715E-6	
0.16671298953739822	1.2781201102033413E-4	0.24985235875311756	0.08333325026466223	5.36913240770965E-6	
0.08333924236916096	0.08334676757365413	0.2499932905638009	0.08332233695006089	2.2222561391256524E-6	
1.0007161215515646E-4	0.1666946990105817	0.2498752741122812	0.08332131421682343	1.1877139686603857E-5	
0.08335650907554837	1.4368295497136477E-5	0.3332629875540803	0.08336534248667284	5.5266180805536115E-6	
2.5609859627794716E-5	0.08334607479095164	0.3332649525832178	0.08336580769656025	2.9675123587825912E-6	
3.7546407998462557E-6	6.41957296152425E-7	0.41667393536575875	0.08332250996072786	5.588171384203071E-6	
0.3333180366537329	1.0411448766354983E-5	7.292848409389469E-6	0.16665905467221415	1.2903192018188222E-5	
0.250024662946622	0.08330020385735333	3.9733854164794E-6	0.16667329821844765	3.408339444286826E-6	
0.16673357628366817	0.1665959283579798	9.95297077851567E-6	0.16665317652979367	9.457515959862012E-6	
0.08326152034727435	0.250029866953117	1.425287505274027E-8	0.16670715601445243	9.487645443479517E-6	
8.11699151342521E-7	0.33328248327522536	5.8355998528880626E-5	0.1666596766063061	8.497899130409583E-6	
0.2500243419539563	1.0675059552354695E-5	0.08330905108754967	0.166655700935554	3.419746225437699E-6	
0.166659610255737	0.08332665903837867	0.08335738155672869	0.16665510493047087	4.133894649965122E-6	
0.08331323184701483	0.16666947367007326	0.08335835657021819	0.16665980807675154	4.289610771838889E-6	
4.068765170857729E-6	0.2499820901653807	0.08335836929331628	0.16665551481958019	8.190819476737205E-6	
0.16666585310436313	3.050983761008318E-7	0.16665133503276697	0.16668515556679656	4.1628597317277785E-6	
0.08334962314717603	0.08332898644156711	0.16666734415670292	0.16665713046017813	2.081436956078406E-6	
9.107579559013896E-6	0.16667148906778004	0.16666478623425954	0.16665719900215734	1.0299399730725737E-6	
0.08337700508013476	7.436990652786392E-5	0.24994513876800004	0.1665977246374272	1.2515966848938934E-5	
4.831745247471417E-5	0.08331599755881916	0.24998198751850906	0.1666549505567872	3.962618921778165E-6	
6.895915666670586E-6	6.961347502595607E-6	0.3333339846277517	0.1666573620733898	4.879417468022475E-7	
0.24999918205272117	1.6541726825883723E-5	2.9518282721325894E-6	0.24997528339286507	1.2716663470529366E-5	
0.1667641768119675	0.0832047182944911	4.8922816659631586E-5	0.24997435632542392	1.2709195062931094E-5	
0.08339926808424175	0.1666131446108123	1.0844695174754479E-5	0.24997696926534627	7.309360547205736E-6	
6.685804882707277E-5	0.2498191277688254	1.4373911118365317E-4	0.2499802782643775	9.327019979808664E-7	
0.16665019467871725	6.986503918784444E-6	0.08334903117291885	0.24998923230875447	1.2056550051435446E-5	
0.0833454477010212	0.08330481568279838	0.0833468124901258	0.25000148297804126	4.102585439381342E-6	
4.488842595763118E-5	0.1666134578151456	0.08334960853166336	0.24999166606061665	6.833494000461394E-6	
0.08342045619790005	8.129921032332426E-5	0.16657478124125155	0.24991475893930928	1.3853001658625344E-5	
2.2462049087503782E-5	0.0833802867066075	0.16660451746007915	0.2499840848861619	1.2325909070757488E-5	
9.446629992634185E-6	9.809946149840526E-6	0.24999970427107665	0.24998443853131141	1.5269870071619846E-6	
0.1666474568502826	2.596428708183804E-8	2.4886376340767385E-7	0.33336354614969227	3.857664212014467E-6	
0.0833535534973644	0.08336440064536871	4.702983669528179E-5	0.3332351098833273	3.838005630722738E-6	
4.7076455775704316E-5	0.16668517232106586	4.7849558423750155E-5	0.3332301079643697	3.875837998734183E-6	
0.08331459726109833	4.311836481315283E-7	0.08333036920150903	0.33335842485708306	2.5228234144341025E-6	
1.110501073187209E-4	0.08335314465552197	0.08329817736882811	0.33322860427774187	1.3862894702287073E-5	
1.2200783149460983E-5	1.1357318076500207E-5	0.16669378276781682	0.3332832356573854	3.576364491848206E-6	
0.08343446199381095	1.9102489984091663E-4	1.8988870756067702E-4	0.41617929428727285	1.3930266325112981E-5	
7.810550064294024E-5	0.08333400603032019	1.8913756563147786E-4	0.41639705246886116	6.79078033373191E-6	
1.8295419525044478E-4	1.8407407842576783E-4	0.08336503050822651	0.4162042915842318	6.829715614366004E-5	
2.6249425181152277E-6	2.6387407021101747E-6	4.9095169768039934E-6	0.49999307030329243	3.403401536913203E-6	
0.4166707640014102	5.733459264615042E-8	2.8439171398093534E-7	5.317138587588199E-7	0.08333398039337724	
0.3333357361011893	0.08333309696828065	2.715467994552732E-7	5.337503466396957E-8	0.08333348565999382	
0.24999506990771656	0.16666318052122928	1.0190430554991776E-5	5.106889940230434E-7	0.08333402409794549	
0.16666378876270588	0.25000421818643664	2.1038928802787292E-7	4.468121181372488E-7	0.0833337610444295	
0.08333209687124868	0.33332335465922736	3.126124061864208E-6	1.361031042321123E-7	0.0833434319366468	
9.198104180817846E-6	0.41665905365113565	1.4917928545152173E-6	4.657449266362369E-7	0.08333331513471867	
0.33331825580376373	2.261923339837616E-7	0.08333800566884901	1.3589358373110325E-6	0.08334794767742874	
0.2500040516953087	0.0833229138307347	0.08333963901359162	2.2455825530189615E-6	0.08333304557603254	
0.16663978268230295	0.1666585648739521	0.0833680932339475	2.8747731862457797E-6	0.08333313574128157	
0.08332989298450162	0.24997184985703252	0.08336700128979604	5.051759245506102E-7	0.08333312249017041	
4.937548322164333E-6	0.33333892537507276	0.08333030181313691	4.546430634480065E-7	0.08332791147064515	
0.24997907260282998	5.371927602412174E-6	0.16668372798319997	1.0460276588420179E-6	0.08333374204914827	
0.1666387316273395	0.08338410825318125	0.16663933593547048	1.134389967881278E-6	0.08335256117691549	
0.08331083898686438	0.16666784972446905	0.1666822204409985	2.3177634856226382E-7	0.0833487079425492	
1.980376039595487E-7	0.24998361940226296	0.1666886472542961	1.2181564596652065E-6	0.08332893055531346	
0.16668552908122794	4.445077791654182E-5	0.24994271283698552	5.519916523552407E-6	0.08332591062163379	
0.08334606186091954	0.08334033889176294	0.24999356706211892	6.514681948986817E-6	0.08331760163934553	
4.929067732505647E-5	0.16668161245471777	0.24994382341046834	3.820569100570726E-6	0.08332715790018452	
0.08334634607895211	7.479217721273399E-6	0.33332177379282374	8.97228509029666E-7	0.08332675822303055	
1.0464591431543507E-5	0.08336856844771491	0.33329432658935765	5.3199803764711E-6	0.08332587747640637	
1.176050416067152E-6	6.502146618918556E-7	0.41667359662661096	2.242410994522595E-6	0.08332752952313055	
0.33333755477414434	9.658841236106293E-7	3.975111008670395E-6	0.0833272909052102	0.08333299349138847	
0.25001466894900015	0.08332773241674729	1.1629509704467963E-7	0.08332729475032984	0.08333298755632798	
0.16666007947024344	0.1666788641732714	4.111517776473802E-6	0.08332736490304962	0.08333312943817317	
0.08337580025338386	0.2499611021849106	8.843965423875261E-6	0.0833281201973857	0.0833277658239355	
6.094060767532704E-6	0.33333574525744275	2.516857937117143E-6	0.08332866666949143	0.08332885033117479	
0.25002716634529626	8.380276901295224E-6	0.08330876828273683	0.08332768059735542	0.08333378358078895	
0.16666183060755788	0.08336674913608308	0.08331883584678852	0.08332851373526982	0.08332832294679036	
0.08331971014312455	0.16666738273304854	0.08335702151080694	0.08332763208866534	0.08333367399953445	
3.3473962237767723E-6	0.24998272345971764	0.0833589910431655	0.083328807983085	0.0833342685171403	
0.16667708384784402	2.240216045304044E-6	0.16666806187716474	0.08332881950782975	0.08332852353973906	
0.08335486098146798	0.0833235789004544	0.16666717440764467	0.08332837679934779	0.08332801814293275	
1.2607100252708687E-5	0.16666796794306935	0.1666663729329499	0.08332839827592134	0.08332829644070955	
0.08330626171507044	4.44596386444057E-7	0.25002547874271397	0.08332502628587081	0.08334614001297568	
3.236155116676357E-7	0.08333392150019649	0.2500124269715239	0.08332814157755604	0.08332848498882886	
7.362203604097728E-7	7.260072754611781E-7	0.3333465153788241	0.08332959512821742	0.08332681329126508	
0.24999390475117367	1.6707954128581437E-7	1.3925753159351239E-6	0.16666218896361307	0.08334852431400958	
0.16663364047550427	0.08329201329315666	6.740445945896707E-6	0.1667242722106289	0.08334854673604467	
0.08336228714717527	0.16667361833932903	1.0915905360596456E-5	0.16664745899246353	0.08331150844997239	
4.5594167121826175E-5	0.25000063907684655	1.2885702512266795E-5	0.16661371739167186	0.08332879550970429	
0.16667265565479264	1.11826361270619E-5	0.08336097657320285	0.16664534061868222	0.08331669057642585	
0.08335341360593282	0.0833180307196322	0.08335424388381923	0.1666520609662382	0.0833289851568914	
5.182321012879782E-5	0.16662750556903097	0.08334706375648619	0.1666517842823407	0.08332917342753665	
0.0834042583498072	1.0182012626938213E-4	0.1665958946444627	0.1665939059973914	0.08331294708801318	
2.2170249754929672E-5	0.08340422283106042	0.16666419383186395	0.16658642364274848	0.08332742102989321	
1.9851644498099563E-5	2.052787204507527E-5	0.25003502236548325	0.16661030747918895	0.0833176705199596	
0.16668041387283322	2.0403246591958086E-5	3.587448490600036E-5	0.24995435208278005	0.08331628950658547	
0.08336654697105754	0.08332533769698712	4.459288799358364E-5	0.2499519070229524	0.08331588696483909	
4.602175552577128E-5	0.1666816145135193	8.421051913517115E-6	0.24995166425228285	0.08331562119415482	
0.08335046869428211	5.267952754256938E-5	0.08333353405019545	0.2499526306951939	0.08331605762591177	
7.692198787703795E-6	0.08337771402461223	0.08331630605659891	0.24998498787029483	0.08331539794624726	
3.354897785122673E-5	2.868885264363557E-5	0.16667494094995622	0.24995334389164012	0.08331602234910047	
0.0833596230031926	1.0218302527032347E-5	5.3348941196859346E-5	0.3332675912960548	0.0833162493484089	
2.9672244125196393E-5	0.08334413451552741	5.258648391298671E-5	0.3332619422510246	0.08331574254820213	
3.303565371330122E-5	3.2938912556756915E-5	0.08335023632044897	0.33327227770652385	0.08331589623734463	
6.060709263918418E-6	5.586875377445476E-6	1.1970411287598216E-5	0.4166653194588729	0.08331619916792526	
0.33333418134569376	2.993964114442436E-7	3.666888264950936E-7	4.840825893184559E-7	0.16667030494551188	
0.2500072192635377	0.08332324012935727	6.803505302122197E-8	4.289171665379925E-6	0.1666700754491527	
0.16668648525866703	0.16664513418492805	3.199631352985104E-6	2.4246715449570955E-6	0.16666521813793664	
0.08337581695871743	0.24996213050272376	5.143335800580491E-6	1.1210022805730581E-7	0.1666604928614735	
9.552275648702544E-7	0.3332021031405172	9.134996240069215E-9	1.7175557742746258E-7	0.16680235228355125	
0.25001861200407566	7.51065306038418E-6	0.08330870738836921	3.895533138550425E-8	0.16667068097759571	
0.1666396481524306	0.08338791483376684	0.08331355507147081	2.2881735011748876E-6	0.1666588033463293	
0.08318563042477498	0.16678780323771028	0.0833652865709361	6.389276010082399E-6	0.1666597414610383	
4.798639812299526E-6	0.24997860693767107	0.08335745077007554	6.6219974893039705E-6	0.1666577561826964	
0.16666313764904775	1.424121001507377E-5	0.1666660569907958	8.064231474029087E-6	0.16665129982914856	
0.083346469935506	0.08332559790892612	0.1666618381178534	3.487672152681572E-7	0.1666703506835279	
7.908710697013087E-7	0.1666759715756091	0.1666665321199211	3.2851844569873945E-7	0.16666024224674236	
0.08334598102855918	6.355165376797342E-5	0.24993283149948456	1.4195899576171766E-6	0.166660580065611	
5.7376378134182814E-5	0.08334283608776392	0.24995033475227527	3.2937313847663994E-7	0.1666641010247689	
3.1725983179364615E-6	3.277369127323401E-6	0.33333051128732505	5.538708051182143E-6	0.16666019413621128	
0.2499839723040574	7.537789118799642E-6	3.9563274957123994E-7	0.0833434112229466	0.16667056265744054	
0.16669049043035702	0.08329797259336386	3.8901609782397984E-7	0.08334239317151719	0.16667434332252204	
0.08333510142985236	0.16665237832620075	2.6031924512292424E-6	0.0833423821253842	0.16667218228545327	
4.244145922798712E-6	0.24999253757932965	3.884193722473818E-6	0.0833478624898385	0.16666028593981538	
0.16666384692898004	7.427349323656552E-9	0.0833242289665729	0.08334682727388686	0.16667042564630274	
0.08333267333394886	0.08332230259364382	0.08333437163659779	0.0833456151190832	0.16667062650086406	
3.093116410280839E-5	0.1666645987654951	0.08335248200927194	0.08329594170112362	0.1666591720501577	
0.08334455418664262	8.909164727703655E-6	0.16664208954786708	0.08334931203051209	0.16665985250851276	
1.6632925427540273E-5	0.08332309537546267	0.16665443785380965	0.08334947808286462	0.16665851163564882	
1.6143434142923788E-5	1.6429689799292693E-5	0.25002910595200445	0.08328268520292847	0.16665841056361394	
0.1666553562313935	9.993544645872613E-6	1.1655273989607441E-6	0.16666757192698825	0.16667401938441948	
0.08334293548616703	0.08332226490348094	1.6968660335278012E-6	0.1666663076447433	0.1666726775239006	
3.0000617635785003E-7	0.16666603694864102	8.181626356779378E-8	0.16666580157065916	0.16667218522661445	
0.08341421395722041	1.0201670324077195E-5	0.08335146240589311	0.1665946565503527	0.16663394916780194	
4.233247000003849E-5	0.08328361935998006	0.08335453227999116	0.1666682459062092	0.16665759764510335	
7.929009270716015E-8	8.234332492906692E-8	0.1666620983571706	0.16666914436020067	0.16667422016064545	
0.08336829424554656	2.69473794418808E-5	1.8118378628230664E-4	0.24979773928237559	0.16663431826331276	
1.510833862297923E-5	0.08347673517969922	3.1099761916803356E-6	0.2498712879471744	0.1666396383421271	
1.9492730069512346E-9	2.632521336048893E-6	0.08332635812647023	0.25000555030044047	0.16667096567963022	
2.0534132867073507E-6	2.6684079846402954E-6	4.774282131198303E-6	0.33332324686149867	0.16667239457535862	
0.2499780632984696	1.0901887860547906E-5	2.9777641759301636E-6	1.219291381365091E-6	0.25001250695393645	
0.16667025766225327	0.08333880407765908	2.345656969804249E-6	3.915696848553356E-6	0.249990875792296	
0.0833065194873821	0.16668443355387974	5.494525428890099E-6	2.8325092039278827E-6	0.2500056105212326	
4.895042240780349E-5	0.2498833064584514	1.0124583298697335E-4	8.973615181891901E-7	0.25000952151855305	
0.16667516464041654	1.4175307889221021E-5	0.08331181431692701	1.2966145571514605E-6	0.2500068641823539	
0.08335223066910592	0.08334179879389718	0.08331413272042226	5.764223157181551E-6	0.2499889510586169	
4.876900154297226E-5	0.16665256464442485	0.083317763085337	1.1865839191952281E-7	0.24999361919489835	
0.08330049849944438	4.762332218831865E-5	0.1666632318084327	1.1120065760812625E-6	0.24999317942710828	
5.934545258363378E-5	0.083296674063251	0.16666042919988314	1.0560670236107432E-6	0.24999191418632996	
6.391308167765518E-7	2.3755142420504867E-6	0.2500015416528036	5.6606210648437226E-6	0.24999463216700554	
0.1666644306013882	5.0665539239586994E-5	5.2491307734477674E-5	0.08323833417513749	0.25000111091132143	
0.0833663792756002	0.08334057582392079	2.3877481076368688E-5	0.08327462974325059	0.2500005444442572	
1.6267649011280058E-6	0.16662180765152432	1.716227377716756E-6	0.08338934181218863	0.2499875529010919	
0.08334345287008213	2.6697995276970904E-5	0.08335746067659036	0.08327271843683612	0.2500060991693172	
1.2234116978619186E-5	0.0833455648514306	0.08333468815228731	0.08330802929380059	0.25000266997376724	
2.9993445074391222E-6	2.9985252818684E-6	0.1667269600371554	0.0832767094763564	0.24999390103692487	
0.0834926693930118	1.2902676127463627E-5	8.0517788038419E-5	0.1666167089686866	0.24980273323232505	
4.2221806803254374E-5	0.08340595497911242	1.8028342716112217E-4	0.1665510794141931	0.24982593663590638	
1.3390797966400522E-4	1.334615630869674E-4	0.0833684952911363	0.16656582652924232	0.24980394895894645	
7.41432134800262E-6	2.519159941355619E-7	1.0610564697708486E-10	0.24999967119742517	0.25000057536909875	
0.16655773197266824	1.856379940489355E-4	2.0284494601617134E-4	6.792808917893984E-5	0.33300212139724855	
0.08335606315185991	0.08333514746299096	1.8602672574066236E-6	3.902235227284553E-6	0.33330770734463794	
7.393877797226113E-5	0.16669974340289337	1.6828999829430108E-4	6.941234948136058E-5	0.33299455652944865	
0.08333714144822432	1.1087605335475792E-5	0.08333588539930795	3.7918279251315135E-6	0.3333150971853496	
8.135368775448632E-6	0.08333807959792006	0.08333386923766575	3.8088199522821444E-6	0.33331885612854734	
1.2292521875478292E-4	1.221708349473559E-4	0.16661510554094147	9.516121764604866E-7	0.33314405026638777	
0.08333487576651953	7.1692339932029794E-6	2.5731880243451093E-7	0.08334041842592199	0.3333197059515619	
2.0127387343953998E-4	0.08334093367081262	1.4122777182328655E-4	0.08326415692132633	0.33306829878252037	
8.599419298122389E-5	8.755867825198828E-5	0.08334129978367064	0.08331595538816577	0.3331727541200282	
2.0271717466009465E-5	1.7439599521945915E-9	1.625184642758976E-7	0.16666215694441147	0.3333194503447634	
0.08336554461495031	2.0954697728890647E-4	1.485016405070195E-4	1.7102775414650124E-4	0.41611177125442134	
2.301149603026707E-5	0.08338926063317811	1.704940549920899E-5	3.626804383344446E-7	0.41681341706271774	
8.574627632711611E-5	8.450970299802293E-5	0.08335815626562433	3.43724207832952E-5	0.4164450086794808	
2.4700079129249998E-5	1.5495803778359563E-6	1.4361307798289295E-5	0.08333849592516351	0.41662523909492327	
1.1004677341840488E-6	1.2199375467726164E-6	4.763846527591911E-8	7.810750922866945E-8	0.500000346935129	
