0.5002405092926749	2.5119886305430795E-5	5.97629358200766E-7	4.237773820954485E-6	5.96637059079903E-6	
0.416852076523248	0.08336203680625624	4.956288888595088E-6	4.8488675620749234E-5	5.270446208398052E-6	
0.3335421202908249	0.16669536680664104	1.3709230852481238E-6	1.3640763141279041E-5	8.536463369722025E-6	
0.2501184351164389	0.25013312802695375	1.0021713593822583E-5	1.9017692829369763E-6	6.020781365904342E-6	
0.16685858202634468	0.33337725599765017	2.625924502721988E-5	7.935247234033594E-6	4.149266088662164E-6	
0.08336286280712973	0.4168943676707918	2.749624973376088E-6	7.737493346382559E-8	5.081743460984148E-6	
3.389255713973943E-6	0.5002677769721557	5.429991773657465E-6	8.15352039529317E-6	1.5906489873671853E-5	
0.4169019685418233	9.74949211515405E-6	0.08334989610024256	3.117528609342298E-6	5.079956034464379E-6	
0.3334944699692446	0.08341544359523469	0.08334917052872992	7.598521737424455E-6	3.972021844923108E-6	
0.25018658204083705	0.16672275846492066	0.08334912939184022	7.95812738627965E-6	4.791889587300148E-6	
0.1667618761215186	0.25013352746928347	0.08335767559588436	2.028127855785022E-6	7.1183464652696195E-6	
0.08337305497456689	0.33353503515667937	0.08334888796572135	2.0155387461186517E-6	3.7390419889405708E-6	
1.7968311842384605E-6	0.4168249229902925	0.08343672329279535	1.3806159122221554E-6	3.7628691325347453E-6	
0.3334889495510264	6.342894478594938E-7	0.16677403265455423	4.255457366726264E-6	3.1139044697809436E-6	
0.25001382249657733	0.08347338560329436	0.1667728445759454	1.592190914058343E-7	1.6308239320977064E-6	
0.16676756869705703	0.1667638413790086	0.1667281894538541	1.5023688934082639E-6	2.7764878839247984E-6	
0.0833796218361993	0.2501351029434033	0.1667339696493349	1.826641803792324E-6	1.3618166230505886E-5	
5.297718714374962E-5	0.33352648186273137	0.16663958615763716	2.356520613780204E-5	1.9096054846190515E-5	
0.2500925418067996	4.031938945142903E-6	0.25016812981351333	7.15408063038025E-6	4.406400555786053E-6	
0.16667150333308745	0.08341731848599704	0.2501603955491743	7.355454774415905E-6	1.655170929084969E-5	
0.08341443193393613	0.1667442467809879	0.25009286069766257	1.2644301264619733E-5	4.955543847970857E-7	
2.6856643079244317E-5	0.2501380821655989	0.2500964469698663	2.1104724535376287E-7	2.323337267326962E-6	
0.16675823657632208	6.842090199166664E-7	0.33352182015436255	1.6978744558745545E-7	6.714874230511511E-6	
0.08337920062480232	0.08339002351397366	0.3334814023904082	6.6601007030687804E-6	1.048920841862531E-6	
1.4994725485863894E-6	0.16666789120309006	0.3335964234357364	2.857570102781292E-6	7.257225178917488E-6	
0.08345931782608687	2.3621752609787673E-4	0.4164813672344643	6.855831845607735E-5	4.0764286931404205E-5	
1.3088984667964762E-4	0.08356411243928548	0.4164787146180847	6.819609478491818E-5	4.562773154665898E-5	
3.904217986792835E-6	5.0675703383861955E-6	0.5002548590541899	3.296762837466971E-7	2.795427572085682E-6	
0.41688797061498073	1.1810584314358542E-6	4.804126349598586E-7	0.0833794095685987	1.6306505457173054E-6	
0.33349806154902417	0.08338584564209876	3.0810696675503376E-7	0.08337833844631282	2.789611740008451E-8	
0.25014361513935146	0.1667355147690412	2.3947716782081104E-6	0.08337785373387556	1.3033440111378872E-6	
0.16675287415015874	0.2501307329115203	4.9081200419861816E-8	0.08337765576939694	1.355219724071865E-6	
0.08336760495992221	0.33351334449049785	2.6470663218509324E-6	0.08337769855820489	1.5251881171473588E-6	
3.5432168256422413E-6	0.41687815530835887	2.1886689623595298E-7	0.08337987240273474	2.5447982431132655E-6	
0.3335046323396363	5.014131709706338E-7	0.08337757422213962	0.08337803738623276	1.0939296918792594E-6	
0.2501379879640659	0.08337652872196942	0.08337979542578912	0.08338035317117858	9.23528057628054E-7	
0.16675569646320149	0.16675148796198264	0.08337613033619609	0.08337813201573714	5.275581298591344E-7	
0.08337704959413089	0.2501308574591947	0.08338336241252096	0.08337910537357257	1.4686770502827836E-7	
1.6124380546033442E-7	0.3335022140448428	0.08338724752260417	0.08337894170548636	1.5509591144461216E-6	
0.25011734310980754	3.8562995782278064E-7	0.1667696392661083	0.0833813043724259	1.2630188907069074E-6	
0.16673213799703632	0.08338602313107991	0.16677119913611982	0.08337773786456838	4.330839519249269E-6	
0.08337433510349172	0.1667376072795184	0.1667670184349126	0.0833819964644445	2.280335025607227E-6	
1.4107016107265503E-7	0.2501111461216146	0.1667670284132262	0.08338186775273923	2.340327538217705E-6	
0.16677901573641968	4.3015328982536106E-5	0.25006235382170633	0.08337667384479891	2.466415085426907E-6	
0.08337372068538727	0.0833718628197138	0.2501364881802795	0.08337927792076778	1.1469978604621823E-6	
7.054171725851777E-7	0.16674710729071804	0.25014176278440925	0.08338102368730983	4.276325103529954E-6	
0.08339274214814263	1.0294089492339492E-4	0.33318553257541644	0.0833387985101018	3.548261190774605E-5	
1.2551922245263842E-6	0.08336911391360696	0.33352112819054164	0.08338086957354678	1.734999770663484E-6	
2.1376060955090696E-11	2.3144587985873062E-6	0.41670682694042155	0.08334452025747008	3.831484588259731E-7	
0.3334896035430463	9.426001635897882E-7	3.167835596466905E-7	0.1667812369064893	4.824383632085273E-6	
0.24994301098972327	0.08361805391270306	5.9970235002574705E-6	0.1666684919118344	2.600512348442783E-5	
0.16676032412960443	0.1667662821844934	3.029580291197982E-5	0.1666632574865369	4.4404535538553015E-5	
0.08337791860329474	0.2501334656926738	1.822973994066672E-5	0.1667305664589935	2.532726851996956E-6	
2.030825523526241E-6	0.33351273533596215	1.1542926690254191E-5	0.16673472812905743	2.551146702344117E-6	
0.25014414277817554	1.4877272234466906E-7	0.08338420890312537	0.16673547842300587	1.285709711638202E-6	
0.16674667326364873	0.08338608184225771	0.08338041536183118	0.1667513633749261	1.2073541120065748E-7	
0.08338712982493665	0.16675784709468147	0.08336140435698892	0.16675693300717742	1.135395392594921E-6	
2.4085426915109232E-5	0.2501369638084664	0.08336676895806686	0.16673548032167748	1.2766041983014874E-6	
0.16675210333504042	4.456591900879051E-6	0.16674125680764987	0.1667642327774987	2.1028259126010765E-7	
0.08333661098935441	0.0833445187273848	0.16670138929259978	0.16666276219951598	1.1728561841929807E-6	
2.2105681799577367E-6	0.1667616818816344	0.1667740562110516	0.1667369226447368	2.523148070981677E-6	
0.08338119523303626	1.379739528429357E-5	0.25013682791865544	0.16673731387991667	4.42384105649409E-6	
1.279280138568961E-5	0.08335353488550871	0.2500178869382022	0.16666352357299682	6.3381185967142E-7	
5.265033652743843E-6	5.295475701910174E-6	0.33351286286830173	0.1667331158507238	1.5211749329134412E-6	
0.25014008538787597	2.9566196946590422E-5	4.100022554574988E-6	0.25009591963099137	1.6403137894548767E-6	
0.16675340747745812	0.08338944447527204	2.2953578316096046E-5	0.25009900152276177	3.3212131893569326E-8	
0.08342394489569792	0.1667261081217646	1.2985012208439436E-5	0.2500962828584918	7.493389309299958E-6	
3.479659105408341E-6	0.2501480801617924	9.985839211581072E-6	0.25009479156948367	7.583178246077207E-6	
0.16675818825982072	4.8498370418114005E-6	0.08337227651059961	0.25012807030967615	2.9681274596015194E-6	
0.08334546922848934	0.08333931539090347	0.08332225243040484	0.2500446754784682	6.939611932593027E-7	
3.322754207598711E-5	0.16675490741198679	0.08337390015449267	0.25009523337758127	7.4031628162765685E-6	
0.08340802500474592	9.683131165801821E-5	0.16672256434361807	0.2500347955305149	7.888436039425336E-6	
8.889210282734565E-5	0.08343106725384106	0.16670352991151602	0.2500310207288478	1.7188394353040358E-5	
2.902412377073392E-6	2.483197041951744E-6	0.25000141438214424	0.2500460764109278	6.366386183555937E-7	
0.16671344313355813	5.450633651723544E-6	3.022888442193556E-6	0.3335476992447411	6.673338116851027E-6	
0.08339822765509015	0.08340166712349584	4.643543721297297E-6	0.33348316627076546	6.70024690062419E-6	
7.668863380197112E-6	0.16670026103409324	8.272572714491811E-6	0.3335391876496704	8.698403546785075E-6	
0.0833900668679034	2.62730952952127E-6	0.08340275934448439	0.3334647008962584	7.810933333263154E-7	
2.0546117946647358E-6	0.08335617544056333	0.08336836084195519	0.33356025852567955	1.5360367665236086E-6	
5.196861793459538E-9	5.268351793783877E-9	0.16672593720679943	0.33353817148689086	2.528152482657227E-6	
0.08343076512867424	9.081265323750494E-5	1.239056620712043E-4	0.416626799029191	8.215819641123158E-6	
9.395107141540035E-5	0.08345610573241671	9.488491834547542E-5	0.41662410087549223	8.651869795578314E-6	
4.803113654607063E-8	5.286325779019871E-8	0.0833341395726123	0.4169218223853892	8.196473892186605E-6	
3.2282814751936198E-6	6.425638878823729E-6	1.3206803200699093E-6	0.5002527849929534	2.612428547808684E-7	
0.4168813010067077	2.2650808630525866E-6	8.19246545265064E-8	1.5841729392084419E-6	0.08338536063729551	
0.3335279700594237	0.08334747660966302	8.149421731165383E-8	4.155515218387166E-6	0.08339166070812627	
0.2501369672932734	0.16672948880111949	6.230796741924849E-6	2.973476739206117E-7	0.08339059576652427	
0.1667744608782751	0.2500931040787292	6.240076699915794E-6	3.472404190051112E-7	0.08339079539261612	
0.08337474399648047	0.33349245439978986	2.949684958692547E-6	1.5689161175960643E-8	0.08339289409079265	
3.9049226438792717E-7	0.4168721620377772	3.030610761916658E-6	1.2314149922396692E-6	0.08338841597161177	
0.3334974707519588	1.426443389289781E-7	0.083375452731231	1.926600507062793E-7	0.08339031982708825	
0.25012117366491593	0.08337010075283566	0.08338114245456885	6.086443516851274E-8	0.08339057577870347	
0.16674721907252157	0.1667528618372227	0.08337527536831206	2.7190684176796685E-7	0.08339111950441669	
0.08337222952972725	0.2501300188859306	0.08337775466445763	1.661754789060271E-6	0.08338161650351501	
6.614960791864508E-8	0.33349648117710484	0.08338085160372062	1.6701026281287744E-7	0.08338781491721503	
0.25011332614299026	1.061193937463671E-7	0.16676677011615007	1.564590062226286E-7	0.08339187634556715	
0.16672165282576518	0.08338905314889956	0.16676495879767025	3.5028268813021544E-8	0.08338800903798442	
0.08339131265431424	0.16672650740643402	0.1667696959544468	1.6573041516387368E-7	0.08339032496604122	
8.735286275126958E-7	0.2501127894610449	0.16677005777750128	1.752346276667388E-6	0.08337838333266401	
0.16670710325857155	4.340218171301513E-5	0.24995836478717667	3.1652719307579216E-7	0.0833568740412459	
0.08337432182804487	0.0833734383929466	0.2501365463031057	1.4523885600055539E-6	0.08337855547785068	
5.846428948978867E-7	0.16675003945881678	0.250142206551124	1.7504817293043562E-6	0.08337986018368379	
0.08336700880507525	4.7566236981573696E-7	0.33353871077094926	3.437891206695196E-8	0.08338268551446781	
7.094259572130524E-9	0.08337070047955204	0.3335250212051758	1.1092503198597672E-6	0.08338085183486263	
3.5467586095257824E-7	1.8099693458447157E-7	0.41688753838361037	3.575641865794E-8	0.08337850073929969	
0.33350465429023607	9.365642315024141E-7	2.276495864899387E-7	0.08337373855596797	0.0833842328196955	
0.25013120570013614	0.08337426138101094	2.031027427619131E-7	0.08337325012130636	0.08338553666108511	
0.16674907864608066	0.16675829059127742	2.5532999199449482E-8	0.08337412373901347	0.08338892096926268	
0.08337695092503501	0.25013088730914357	1.728903266346215E-7	0.08337474088171233	0.0833874830112568	
1.5270589213242446E-6	0.33349645334587813	5.971684674778697E-6	0.08337385563172425	0.08338650627948797	
0.25012579224716497	2.1366209402874014E-7	0.08337924064418874	0.08337382006996272	0.08338441440345265	
0.1666896384479002	0.08343619055205985	0.08337910890142461	0.0833730681368524	0.08338514094760895	
0.08338589522876576	0.16675763373381097	0.08335918616688565	0.08337159983097818	0.08338773124504972	
1.4254993531983963E-6	0.2501412861780062	0.08335895668782634	0.08337335917097496	0.08338733579210215	
0.16674752492488054	1.1270361996772076E-7	0.16676372468740652	0.08337529002473484	0.08338599293886682	
0.08336858506935746	0.08337329973779942	0.16675362841565738	0.083368123518945	0.08340116031527756	
2.142878466903934E-6	0.16674327264066316	0.16675715705090025	0.08337358709911588	0.08338825673153981	
0.0833495835502269	5.4558047161549577E-5	0.24997181342919808	0.08333831553878991	0.08334469663925384	
2.3303878885939622E-5	0.08337391569252928	0.25010897706513746	0.08337078972430317	0.08338819540071589	
9.352926354560289E-7	9.375053703555594E-7	0.3335159296962797	0.08337377803647772	0.08337919244021505	
0.250145164060084	6.563281122234769E-6	3.5075696175465627E-6	0.16672427500019385	0.08338555921669635	
0.16675708812233253	0.08339128508906318	2.2492728550706418E-5	0.1667346929092611	0.08335958762423622	
0.08339061168569863	0.16676923382018405	2.2739462359082316E-5	0.1667224903704826	0.0833584366116248	
8.345069108027056E-7	0.25001492820336363	1.4381618492497192E-5	0.1667011839037046	0.08332317218801619	
0.16669771583942417	4.830004559857268E-6	0.08335979008884174	0.1666591948861965	0.08335395235913014	
0.08337768140485251	0.08340836669893514	0.08336971492892332	0.16672204830065093	0.08338817242823177	
2.093364702824163E-6	0.16668807733613403	0.08332039734340185	0.16668813191824877	0.08335275388815937	
0.08333536766170949	1.5249602467266893E-6	0.16661439429274202	0.16675292147706067	0.08335364481211303	
4.750189904346261E-5	0.08336415925185722	0.16676387806601822	0.16670295140401875	0.08338938773069642	
6.080461569208823E-7	6.014405774669592E-7	0.25016376885231756	0.1667244550303653	0.08338046396089002	
0.1667360203365079	2.6651517257829003E-5	4.129950806110889E-5	0.25007402291215003	0.08338533813572324	
0.08339651500467186	0.08339188849892785	2.0516458778276153E-5	0.25009638685568936	0.08335934744190644	
1.0140937624872337E-4	0.16678465799947775	6.724302136917792E-6	0.2500241177103283	0.08336046190538604	
0.08339989249796957	1.3876642669622749E-5	0.08338886449938027	0.2501043005877143	0.08335840209096064	
5.038310317024529E-5	0.083379175186499	0.08337769330035961	0.250099003164058	0.0833571995048551	
2.0822413707078054E-5	2.0823456947318566E-5	0.166764032899271	0.2500893705399157	0.08338198902434327	
0.08339131051856559	4.0179347483881834E-5	4.8048162347598504E-5	0.33339635658395494	0.08338536097037107	
5.043936124853302E-5	0.08340279284825093	3.344577326965856E-5	0.3334184992664492	0.08335932134189994	
7.578901810178492E-6	1.2677223045886647E-5	0.08343234874176793	0.33342370034983265	0.08338846425282594	
1.424815222119484E-7	1.1394863858552857E-6	1.4241403989562513E-6	0.4168819828727562	0.0833929033445072	
0.3335076472695421	1.31890240374928E-6	1.7388897878835239E-7	2.2331475463768655E-7	0.16675174975046397	
0.250134489352556	0.0833745170418858	1.956822242495323E-8	4.4587787571542366E-6	0.1667507022493513	
0.16675111756774377	0.16676184433394883	7.442418831523333E-8	2.488562225899813E-7	0.16675190122455258	
0.08337347331756412	0.2501135113266124	2.4389515639234103E-6	2.3188053467259267E-7	0.16677489732108258	
1.519230430261408E-6	0.3335187856109429	2.3594137164368983E-6	6.892074028637579E-8	0.16674689877848944	
0.25013287155948577	6.762231361432651E-6	0.08337089882884657	3.447036218857567E-6	0.1667494588849358	
0.1667713712265404	0.08337903948375397	0.08335469772980102	8.896480734188964E-6	0.166751280493473	
0.08338466088010178	0.1667572615188648	0.08335872404646404	4.994922747618217E-6	0.16676418950289082	
1.3773854695173505E-5	0.25014068241038295	0.08336283665709568	5.965694193547654E-7	0.16674411104367398	
0.16676404160499783	4.5953439153720914E-6	0.16674581851087783	2.613674828101399E-7	0.16676046828147073	
0.08337977325947943	0.08338400703331375	0.16674932574393567	7.273496189778124E-6	0.16674492202988875	
2.4347420741493572E-5	0.1667457727594007	0.16675571274275433	2.143357595743492E-6	0.16674574062731376	
0.08341348160496777	2.2976107520718405E-5	0.250086433683266	4.243378185808894E-6	0.1667519745319493	
1.2463324614180187E-5	0.08340210933401217	0.250099810407088	1.4678934027862738E-7	0.1667513558788642	
1.4536392833125368E-6	8.21513639324637E-8	0.3335056852965704	7.65184806866784E-8	0.166758011054676	
0.25012545449823403	1.0022448778774852E-6	4.904172452397407E-8	0.08338408934752742	0.16675211874819726	
0.16673483567388156	0.0833794436440052	6.14520329211553E-8	0.08339958674253937	0.1667513554097037	
0.08337589682078911	0.16673973461750277	6.036001953253508E-8	0.08339497453527751	0.16675488296203048	
2.7189388124535278E-5	0.2500927909204773	1.323386049361915E-6	0.08339685462941167	0.16674424579978908	
0.16674134081884037	1.7855237182937614E-7	0.08339655621803224	0.08337498647863807	0.1667505489970054	
0.08336860135984685	0.08337413383348978	0.0833957079510009	0.08337497730136162	0.16675067387009473	
9.815293434510058E-6	0.16679082135019757	0.08333945066460412	0.08337545107699465	0.1667515508472776	
0.0834497287919384	3.274049810886013E-5	0.16666843985757768	0.08336381173643445	0.16675304441005578	
3.0636814190404905E-5	0.08336711151926739	0.16673528580547667	0.08337421689245264	0.16675827101180973	
5.568308884306644E-6	5.167761155682983E-6	0.2501396182331788	0.08336365618184646	0.1667528673608905	
0.16675976356567357	3.387421305695189E-6	2.3307832176194286E-6	0.16675885610397206	0.1667570236243752	
0.08337849249049611	0.08338409959478416	2.3872538037873013E-6	0.16675623800116848	0.1667445922106953	
2.2641986814834517E-5	0.16675489662997642	4.6507053213052454E-5	0.1666771962670625	0.16676473694887142	
0.08342453211256956	7.555257644571028E-6	0.08337187022231976	0.1667207428033026	0.1667474113943751	
1.696834349278029E-5	0.08336084631412823	0.08338885363456122	0.16675817988091324	0.1667472747493668	
1.1163471459686503E-5	9.106473424864363E-6	0.1667540196991162	0.16673765146857417	0.1667518710958593	
0.08346256336897899	1.430695092912276E-4	1.8636152749040765E-4	0.2498668143689274	0.1666055328278747	
6.894525861248569E-5	0.0834131400006705	6.219291827890832E-5	0.25006249160929067	0.16665795830903635	
5.8012681903120714E-5	5.6639865486385757E-5	0.08330602343213846	0.2500994282187314	0.1667453943304583	
1.7642385811953496E-6	1.7390428500383016E-6	3.1363842451213206E-6	0.33350960721708284	0.1667478464181132	
0.25015254821846183	2.505773787016382E-5	2.1806368568005493E-6	3.3847992945878688E-6	0.2501168111003629	
0.16676130752135604	0.08337781829400853	2.2998042178150033E-5	6.950396102742882E-8	0.25010335190294025	
0.08338631248586605	0.1667587585273541	6.624846293259405E-6	1.3400385492514885E-5	0.2500995622673441	
8.999764410310452E-6	0.2501310230703577	1.2376283707897893E-5	1.3677607497041551E-5	0.2501016942553263	
0.16677709361916385	1.8820266621404163E-5	0.08335531518587763	9.957657853899567E-6	0.25010227514679856	
0.08336096572657713	0.08336740223686348	0.08342121490857	1.3011179112414483E-5	0.25010368098369845	
1.2731523923181636E-5	0.16673477213894022	0.08340341885160608	1.3528256934306223E-5	0.2500997044729856	
0.08337893759181733	1.0512203140996077E-4	0.16680681669116781	5.6684333263787895E-6	0.24997751802528764	
1.570077174202718E-5	0.08342706979303043	0.16672332192919803	4.00425167918962E-6	0.25010433393888293	
8.411170590857302E-5	8.485035206068245E-5	0.25002248652766723	9.69182227449404E-6	0.2500652977504696	
0.16675290677588014	1.8560687638177466E-5	1.4731163683871831E-5	0.08337533300420191	0.2501026218165112	
0.08338207434580591	0.08338761947953548	1.51839608334129E-5	0.08337549352426514	0.2501013634119888	
6.300818941149389E-6	0.1667529027630207	2.625481084256544E-5	0.08337658746197593	0.2501030776151532	
0.08340874803785658	1.3858975857719146E-5	0.08336241660417794	0.08337643551994646	0.25010238207108637	
1.5260003057932555E-5	0.08340782230025635	0.08336289155085076	0.08337606127943598	0.25010295793082393	
2.9677139989278257E-5	3.0041832334174425E-5	0.16679619704894383	0.08330552988161961	0.2501028193740633	
0.08343365247805763	4.298506823386371E-5	4.931905463631665E-5	0.1666891473636671	0.2500491881806407	
5.128524330615773E-5	0.0834246499492569	4.931675905104624E-5	0.1666877533924306	0.2500480900579208	
7.476042619473256E-5	7.262334470455331E-5	0.08337866600774597	0.1666897654192105	0.2500499083797303	
2.2405559350951553E-5	1.6158200876195377E-5	1.868195127319605E-5	0.25010609806457906	0.25009772405576214	
0.1667375961037235	7.80435936792171E-5	6.310691604970377E-8	5.112657673077593E-6	0.33344405488393103	
0.08337882024448226	0.0833792323165629	4.897080016675103E-5	3.6581547013973324E-5	0.33342082719003663	
1.4179930125411187E-5	0.16675675023461864	5.251226936777016E-5	2.525117314450883E-5	0.3334263578176243	
0.08343237725328012	9.70045866064673E-6	0.08332405184200574	8.584312588978615E-6	0.3334913344358753	
9.59806695540932E-6	0.08341313053791564	0.08341131525884475	1.2690622710436059E-5	0.3334205476176676	
3.044675839791441E-5	3.072706904960826E-5	0.16675932202344146	3.047949210860183E-5	0.3334173662863194	
0.08338363745923259	9.355327390110288E-6	1.483444065372065E-5	0.08336609542332694	0.3334897221423272	
9.295736595171409E-6	0.08335846923217245	7.09635518235426E-7	0.08340542127981788	0.3334899197015845	
3.264554907507082E-5	3.4037839621189076E-5	0.08334151764232776	0.08336642239070552	0.3334912634227676	
8.576519000480988E-6	1.0936868429467959E-5	9.584301644128953E-6	0.16674452811988452	0.33348924086324855	
0.0834353935837745	2.2461844062842526E-4	1.3463861386640624E-4	1.7740447348043437E-4	0.4162916513476749	
1.040617575747428E-6	0.0835002403719769	5.914797411932286E-6	2.3193203407818225E-6	0.4167876170912736	
3.7320022270456274E-5	3.252912905160316E-5	0.08340907640263898	2.542067836560251E-5	0.41676071532362186	
6.874314615400752E-7	3.856973802657425E-8	4.2523962461958207E-10	0.08337758995022612	0.41688614285984443	
1.5998331645711756E-5	1.574580581631711E-5	2.4572292925895523E-5	2.812226294650325E-5	0.5001807769008185	
