0.4999755693945066	3.97328927511696E-6	4.677492559517431E-6	1.3007201462037476E-5	3.826734860601571E-6	
0.41671208435988777	0.08325351338526543	9.306461037529382E-6	1.947342201154415E-5	1.0971178883887704E-5	
0.33338533534534553	0.1665893357358021	9.330346616112086E-6	1.0358603269013735E-5	1.0892311306085024E-5	
0.24989105110456752	0.2500746659421872	2.5449299679033694E-5	7.96225567307855E-6	1.4180896517379468E-6	
0.16668477146063307	0.3333030031984156	4.229342789832352E-6	4.693195366044575E-6	4.3362548748889195E-6	
0.08318558675376433	0.4167830031805058	1.5581358459857932E-5	1.1311990261493644E-5	4.907551484391652E-6	
5.179838343822693E-6	0.4999776227988664	6.871054170323586E-6	6.7269551597221614E-6	4.586507640419787E-6	
0.4166566320566713	1.1954372428852911E-6	0.08333412058161954	6.980783962922116E-6	2.097740641600411E-6	
0.33331266599881676	0.08336518576199498	0.08331163976605914	6.987117785003803E-6	3.823794440084025E-6	
0.2500116103821851	0.16667493659394866	0.08330186007838464	9.156879772554052E-7	1.0845823954016514E-5	
0.1666559176537576	0.2500091937803595	0.08333044151447519	2.5614512797386592E-6	2.4001955609248845E-6	
0.0833266121310072	0.3333016199379682	0.0833634937936339	4.649926940436831E-6	4.336696253984916E-6	
1.1854559211982623E-6	0.41666625859372186	0.08332458772411797	6.800290184276176E-6	2.3098470204744445E-6	
0.3333333817202101	1.5187669723476345E-5	0.1666413744302127	8.96471166724462E-6	1.6986509350087299E-6	
0.2500043260656988	0.08331844781194392	0.16667247426335643	2.5913316005076636E-6	2.4462823755822398E-6	
0.16666930221404308	0.1666535831592844	0.16667269554595296	2.2441638319529813E-6	2.443336263261992E-6	
0.08329766067648908	0.24997654756534154	0.16671120996663888	1.0616218736306696E-5	4.230662211247049E-6	
2.8638249538516135E-5	0.3333425088886658	0.16661310673648974	1.032319970939605E-5	6.911738935834978E-6	
0.24995007609878683	1.607833860096905E-8	0.2500393973159074	8.35068988642471E-6	2.4486648708602003E-6	
0.1666750062517197	0.08332123094910844	0.25000059474694153	9.222640439383118E-7	2.5284598502500567E-6	
0.08334450224865093	0.1666570498117846	0.24999339239214632	1.391066786122633E-6	3.7918232128553425E-6	
1.9524767027434E-5	0.25001031885921754	0.24996432668206242	2.790705881547782E-6	4.133271006849428E-6	
0.16658728318463759	1.4731765251012557E-7	0.3333940604623168	1.4031948382481402E-5	4.727290157670193E-6	
0.083292777340906	0.0832945080758609	0.33339377010036364	8.740660877179644E-6	1.0470810379165228E-5	
2.9102916268265363E-5	0.1665703474221253	0.3333697009765521	2.0622516478704134E-5	1.052522566578817E-5	
0.08334755980003206	1.3208505233297864E-5	0.4166361778254488	9.337022578392958E-7	2.328626944008432E-6	
1.364685999920277E-5	0.08335247785988588	0.4166256531095802	5.228228953181801E-6	3.6457049359529357E-6	
1.1655136075365789E-6	2.4653632985079865E-7	0.49999690876609537	1.4476621303043612E-6	1.2300751214790333E-6	
0.4166563385076342	6.664331278943512E-7	3.4471547332566397E-7	0.08334093605801982	2.3531616302107944E-6	
0.3333114908366052	0.08335168625558459	4.355643725902906E-6	0.08333174762087188	9.794559171176018E-7	
0.24999690406057373	0.16666568577619184	4.116924932119226E-6	0.08333195010524864	1.7365025683940677E-6	
0.16667125867430957	0.24999333514633904	1.96416718647634E-7	0.08333476951261484	8.510276520739614E-7	
0.08333462531337926	0.33332728186813215	2.7629315974352453E-6	0.08333167442147153	3.961625583471278E-6	
3.6155578652022817E-6	0.4166553563447851	1.9656313641995068E-7	0.08333425145811907	7.105392062671725E-6	
0.33326691236620165	9.486127405457397E-7	0.08338939299514647	0.08333227097920161	1.073840901947877E-5	
0.24997755290857399	0.08330943897513665	0.08337282520515961	0.08333280383616065	7.645219764209144E-6	
0.1666816124600995	0.16662304096980918	0.08335396432231523	0.08333362421860502	8.020986560280648E-6	
0.08333417140740634	0.24997301241557285	0.0833545948692057	0.08333425935338058	4.227077735637698E-6	
2.7909468760057263E-9	0.33331504656746996	0.08335598786968453	0.0833262032848059	3.3066022459751287E-6	
0.2500004002727429	7.240786399453694E-7	0.16665588298630118	0.08334086545050938	2.4611898518130068E-6	
0.1666756397630236	0.08332659244084314	0.16666174965476563	0.08333481368828402	2.440023618439412E-6	
0.08333955924218993	0.16664807722781463	0.16667478959598406	0.08333349287931939	4.48271490815024E-6	
5.084247474501622E-7	0.24998703226489777	0.1666747143667294	0.083333490150157	4.4769257364923816E-6	
0.16668022788022155	2.7738255590317934E-5	0.249954044380145	0.08333314867397534	5.1545260987050795E-6	
0.08335547801810159	0.0833485588711799	0.24994914128707732	0.083338729501497	8.5292751069343E-6	
3.080973731979245E-5	0.16667285081104516	0.24994854702666533	0.08333904737803172	9.19792582795793E-6	
0.08334189340604399	5.380351884766965E-7	0.33331661734538615	0.08334085642183228	1.0947438922796431E-6	
1.977977076740974E-5	0.08337389977166233	0.3333178894878551	0.08327677975448114	1.1940930596838078E-5	
1.4556168544359744E-7	1.2726634179893534E-7	0.4166181862669954	0.08336980783799362	1.1944669274979413E-5	
0.33333436280498946	4.666295993250815E-6	3.5995530198822E-6	0.1666557026325623	1.938673089737928E-6	
0.2499351047109028	0.08339990957617933	4.080577555327438E-6	0.16665307104590882	8.753420687055106E-6	
0.166630519779518	0.16669196626811006	1.4535307555994194E-5	0.16665700247893203	7.3309835197540285E-6	
0.0833109716754984	0.25001311546721	2.506064289142543E-6	0.1666694485070935	4.2306740654663436E-6	
1.3202350794441027E-6	0.3333135236357482	2.484608258891012E-6	0.16667819901581085	4.741512185863992E-6	
0.25000031474331874	2.026941364595214E-5	0.08335199563996404	0.16662624327783965	1.7335095657899686E-6	
0.1666703264164391	0.08332341945005363	0.08333350311434706	0.16667107420676222	3.281989189436557E-6	
0.08336409739211154	0.166630135093159	0.08333274101486536	0.16666969596441555	3.872360255808219E-6	
1.950062607940937E-5	0.24998870129239198	0.08334534084932696	0.1666421617543752	4.68876331948606E-6	
0.16661582879836007	4.048507842284523E-7	0.16670691368139795	0.16666812838798553	8.848905605490008E-6	
0.08338936343449425	0.08338102522595221	0.16659816565366176	0.16662369008330324	8.826336712129858E-6	
4.0079688980448005E-5	0.1666188916259607	0.16668330552217184	0.1666501595139404	8.063977480766107E-6	
0.08332499901655085	3.025634164865539E-5	0.24999009185877602	0.1666517600844621	3.3067735588349367E-6	
4.9997195389727167E-5	0.08330763401864479	0.2499655739768847	0.16666907345724197	7.942407856750564E-6	
5.020145154717393E-6	1.8841899246449477E-7	0.3333401711891451	0.16665171215430935	3.417035774656271E-6	
0.24998562265963808	2.812919556150589E-7	1.664831522052332E-6	0.2500107076649061	2.1259011544134495E-6	
0.16668738724214976	0.08328146860467642	1.2390005494786568E-7	0.25001907098508663	1.2672353579292816E-5	
0.08333913772216095	0.16664647887148754	9.059093930694361E-8	0.250002097624475	1.2672449170140342E-5	
6.94190457057968E-5	0.24997453886247686	6.528045605540058E-5	0.24987291115941343	1.8158643085078463E-5	
0.16666518101241087	1.9271055067817613E-7	0.08332831043647472	0.2500044987908399	2.12363812289263E-6	
0.08333055209351477	0.08333028757314519	0.08332710288001549	0.2500111448159873	1.949556687655564E-6	
4.6701303142500664E-5	0.16661870576090915	0.08339888974566265	0.2499273491064594	9.547464687095506E-6	
0.08338546704366476	5.016679179675854E-5	0.166643731801661	0.24991349034410903	7.30819233206548E-6	
7.866173874720748E-5	0.08335071289207945	0.16663123021732756	0.24993223407577175	7.305724633803316E-6	
5.222534133710523E-6	5.076512987183628E-6	0.25002044953360564	0.24996547707135955	4.261982557664413E-6	
0.16667622026281867	1.5467769715924634E-5	4.856621207491664E-5	0.3332474247502266	1.2664204277447567E-5	
0.08334806584552401	0.08334910838813622	4.212159636597203E-5	0.3332477363755414	1.3322240682484919E-5	
2.54206008597566E-5	0.16668989616295862	5.184342541434649E-5	0.3332201371231949	1.3154038395739335E-5	
0.08335694307414677	5.648237295673847E-5	0.08332708087580658	0.333247277779415	1.2728702540209415E-5	
5.749191271090549E-5	0.08334472226971293	0.08333640271129872	0.33324839815375434	1.3134076169875547E-5	
6.501913934707835E-5	5.612620074430366E-5	0.16662012623748165	0.33324693058285715	1.2419050297103379E-5	
0.08339881983308774	1.2862727817653614E-4	1.284733375132173E-4	0.4163229061263907	2.177671469432809E-5	
6.0808772973572605E-5	0.0834407554030229	1.5435688417664048E-4	0.4163229091690684	2.1776714853482252E-5	
4.426924682733678E-5	4.916954185063526E-5	0.08337458394565857	0.4165187102190813	1.3593381896418411E-5	
4.117012523855593E-6	4.612008642679842E-6	6.397788627066884E-7	0.4999873805150987	3.692575795894041E-6	
0.4166637583332342	1.1653315945183909E-6	2.6860865217555547E-7	5.515153380512757E-8	0.08333518466037504	
0.33330961940848364	0.08335115992841777	4.37000273310856E-6	3.7686383293955235E-6	0.08333137977381484	
0.24999937362733257	0.16666711813018023	3.6452236752022465E-7	9.41892549967839E-7	0.08333239917539668	
0.16667160802410136	0.24999427997433504	2.61283962773028E-7	2.2499249851452227E-6	0.08333266566387348	
0.08333565393530878	0.3333313988902239	3.649716291145127E-7	3.3300695874309826E-7	0.08333253705508259	
1.6620591084860794E-7	0.4166670029748301	2.8988925762772554E-7	5.663778186259844E-7	0.0833324146417919	
0.3333260637999575	2.6103299823309544E-8	0.08333371975739412	5.824668048003331E-6	0.08333473991544738	
0.24997210137836914	0.08331549959101306	0.08337307769361788	5.406979367834426E-6	0.0833342544253838	
0.16663186091832208	0.16669332504155956	0.08333439034336912	6.64987953015319E-6	0.0833343491918115	
0.08329014258714958	0.24998849129423517	0.0833786093001563	8.719155030150205E-6	0.08333434708924713	
1.9022379832498714E-8	0.3333121588112314	0.0833541076320606	3.6367237815441713E-6	0.08333104201424127	
0.25000106381087317	1.6341341291199398E-5	0.16664266059819202	5.565809585040919E-6	0.08333474046504719	
0.16670479026769758	0.08334067308150948	0.16662172341241238	1.5948381517677822E-5	0.08331724134508123	
0.08332008216969287	0.16666745067121502	0.1666753551129399	2.2559857950497894E-6	0.08333501263058056	
1.8424594374506672E-7	0.2499895531122351	0.1666768259756421	2.2311684798378257E-6	0.08333252568508084	
0.1666794422628876	2.6877299690084747E-5	0.2499513971336947	7.48632693265316E-6	0.08333503047517109	
0.08332683671369567	0.08332862840988756	0.25000774905245693	1.9771423017120037E-6	0.08333509739195828	
1.910976199065866E-4	0.16673546858945085	0.24974508293584846	2.0071925666310708E-5	0.0833094209505385	
0.08340011111918723	5.859718409358411E-5	0.3332164237664223	1.6203828783803746E-5	0.0833087993207711	
7.305891675454072E-6	0.0833346599642683	0.33332335853846257	1.5266587584097423E-6	0.08333370858819074	
5.920844731142014E-7	2.3038562092165018E-9	0.41666478717360217	4.643896018330189E-7	0.08333428856539764	
0.33334324776618646	2.735647419175797E-6	6.730985214666919E-7	0.08331902304354408	0.08333472395160092	
0.2500111871336865	0.08332066566121075	3.5042462253497273E-6	0.08333032960876748	0.08333462600916415	
0.16660386236659772	0.1667246960790386	6.902089091913791E-6	0.08333004257957151	0.08333483741121918	
0.0833391465844646	0.24999523975823595	5.8090335106659186E-8	0.08333363850923244	0.08333234379606548	
4.5231804138383664E-7	0.333325926853296	6.707050936091111E-6	0.08333349014624421	0.0833344352757174	
0.2500000505853589	7.380774095052277E-7	0.0833353183886636	0.08333041495458243	0.08333384952310413	
0.16667333275938873	0.0833259370146178	0.08333483227577539	0.08333100688523634	0.08333499947999204	
0.08332443382232213	0.1666748346731369	0.08333470832979244	0.08333113675264503	0.08333500040879029	
1.323621878520088E-7	0.24999953657855026	0.08333455310112965	0.08333371117649883	0.08333238420865142	
0.16661492869831057	2.3181670058625102E-5	0.16668778403511877	0.08333970736296102	0.0833346113778976	
0.08333033850867287	0.0833331793806484	0.1666639889757957	0.08334075947270038	0.0833319637340553	
1.5543565789429884E-6	0.1666686861056511	0.1666642335430072	0.08333086696085476	0.0833350905367415	
0.08332729094352735	3.4742377031251173E-8	0.24999755618205316	0.08334161650933804	0.08333381861917796	
2.775437026244205E-6	0.08332674989254917	0.25000465508920033	0.08333116787730376	0.08333505952187768	
1.954414385376576E-6	1.170010438383576E-6	0.33333100675405547	0.08333093114004346	0.083335065752231	
0.24999958437666253	2.0642945797787966E-6	1.356863111365148E-6	0.16666367562540307	0.08333388146960857	
0.16667583876064576	0.08332636207671433	6.133714445910126E-7	0.16666355068847438	0.08333391747231533	
0.08334680410064195	0.16666412028821634	1.2633158464592832E-6	0.1666562486828014	0.08333196401136352	
1.0954672926977488E-6	0.25000128944683003	7.737330689201309E-6	0.16665512272808874	0.08333504814636149	
0.16666898482304754	3.819466922965845E-6	0.08333413234181436	0.1666596424557534	0.08333381363205188	
0.08333706136875882	0.08333686028785572	0.08333366965432244	0.16666062700530893	0.0833320051066787	
1.2665173032116733E-5	0.16666172861122075	0.0833344578802136	0.16666155807597655	0.0833298111481533	
0.08338696848082033	2.718261320464526E-5	0.16659945090009123	0.16665750910945062	0.08333072585328645	
3.119175937962854E-5	0.08337176898222148	0.16659842384280774	0.16665661060922318	0.08334213749440632	
4.330551734805507E-5	4.221683075916661E-5	0.249971782701916	0.16661087372337224	0.0833319624077158	
0.16668682468784526	3.217415611816119E-5	9.241585306980858E-6	0.24994043433447427	0.08333164376314904	
0.08334574158482165	0.08334284919264771	5.17384631938561E-6	0.24997472117044425	0.08333190400236203	
1.7041378319924563E-5	0.16667473931751098	5.022536527778883E-6	0.24996912758023604	0.08333573714406696	
0.08336411161608026	1.6891640330841087E-5	0.08331913981760591	0.249969276029757	0.0833316968142951	
3.0404612678145392E-5	0.08335088671790748	0.08331832402414253	0.2499687281399909	0.08333199495232904	
4.5320801445070146E-5	4.395887937624271E-5	0.16666796463599243	0.24992871468654557	0.08331438451518766	
0.08339243918013868	5.6238549285164166E-5	4.69503882870771E-6	0.3332169961502239	0.08332993249548402	
6.894535144174106E-6	0.08335788039831259	3.214149215777763E-7	0.3333059254453867	0.08333019449272874	
1.0510466978644014E-5	1.0483087257008232E-5	0.08334555538750517	0.3333018327654759	0.08333194026865148	
8.57024387515597E-7	9.536130715967312E-7	1.330017763450658E-6	0.4166634224616921	0.08333381114055483	
0.3333333199949529	9.805753888715402E-7	2.9441465740545064E-7	5.496111553409751E-6	0.1666605593744133	
0.24996999638255124	0.08336572880727161	3.381810482722092E-6	6.26056730175727E-6	0.16665502601364915	
0.16667413825025487	0.16665922587657092	1.5087680233235522E-6	3.983680454118939E-6	0.16666152891051778	
0.08336960523661635	0.2499668823267892	2.68570161163743E-6	4.1203983202594185E-6	0.16665771815777827	
1.0078844205572633E-6	0.333333588773041	3.934106064309893E-6	4.5041554983576474E-7	0.16666136019309927	
0.24995599285552467	7.341970602957417E-7	0.08338258246644258	6.220476972391494E-6	0.16665479192724367	
0.16663940344740716	0.08336379349529265	0.08333578789501267	4.188102171285983E-6	0.1666572738951741	
0.08332299253422386	0.16667045313896375	0.08334221410424904	3.3372551121302284E-6	0.16666136799203948	
3.4220049502197095E-7	0.24999261426100242	0.08334213073759762	4.332488085808513E-6	0.1666614266908979	
0.1666394124860735	3.059049429632064E-5	0.16666344646120002	1.3598359189686912E-6	0.16666564240418102	
0.0833327259696524	0.0833380406123085	0.1666671291388232	4.186336177014249E-6	0.16665817816785838	
1.0451831461281883E-5	0.1666650381858984	0.1666668356883155	6.427252156743809E-6	0.1666515944795802	
0.08332851716432846	8.263824540782267E-7	0.2500040573534333	1.7834570853609705E-6	0.16666576910254322	
5.23073522037542E-6	0.08333603670743057	0.24999340690952182	9.531336978404808E-8	0.16666561532893812	
5.745271538542345E-7	5.735992690285676E-7	0.3333329262845986	1.2223809467234966E-6	0.1666658860906681	
0.2499069477334526	7.33731874589244E-7	9.36994629443267E-6	0.08342624912550857	0.16665711919067788	
0.1666722059242737	0.08332477533103134	1.9738521745184142E-7	0.08334184240941822	0.16666134277986996	
0.08334876698065405	0.1666682355963909	1.493989334930588E-5	0.08330269503004985	0.1666658514535887	
1.2121745748597652E-5	0.2500025987811671	7.019095864429547E-6	0.08331737790306828	0.16666143661492927	
0.1666855173482884	2.4297221154968777E-5	0.08328848712272041	0.08334227233732136	0.16666074984388132	
0.08333343628230835	0.08333896871163603	0.08332182487348747	0.08334002322130041	0.1666661258125781	
7.145351579153092E-6	0.16667042969158768	0.08332252361169687	0.08333410864522642	0.1666660683095783	
0.08336526446995945	2.984444661317101E-5	0.16670141746757502	0.08323200898295093	0.16667174552652095	
1.3714188224681024E-6	0.08323963704730182	0.16669617876854007	0.08339707484493303	0.1666661133297063	
4.6907392402342845E-7	4.652434726927723E-7	0.24994594188116298	0.08340030755557865	0.16665298235987308	
0.16666462842560498	4.554354829524339E-6	4.070711582280478E-6	0.16667017089725356	0.16665773263076503	
0.08334154284134491	0.08332819552490443	1.061446411679304E-6	0.16666386580772846	0.16666575825463445	
4.998029014634157E-6	0.16666457073877625	1.1061633280679537E-6	0.16666374168669876	0.16666592305966843	
0.0833290696537947	1.9272940599189954E-5	0.08333135633596107	0.16666884812715768	0.1666526243860961	
6.773347473902756E-6	0.08332153567507468	0.08334474646860837	0.16666614170968694	0.16666134327317722	
3.989109616119836E-7	2.3831359430336094E-7	0.16666271936013496	0.16666502147944956	0.16667176654396287	
0.08325143053445538	3.451451752897124E-5	3.6129614911594766E-5	0.2500121989451365	0.1666661380961018	
8.57342652845703E-6	0.0833130302741852	5.444550368193041E-7	0.2500124194522492	0.16666577598022483	
2.0814699630557112E-8	2.1256226660741462E-8	0.08331636484797936	0.25002918460729634	0.16665466181305869	
1.438241209477811E-5	1.4682178634721103E-5	1.8913595444142537E-5	0.33329748476147175	0.16665473413417214	
0.24996370216756086	4.323353036027628E-5	1.3294807872701926E-5	3.234146544403627E-6	0.24997719777404215	
0.1667093431140681	0.08325418175692127	1.3350521869176735E-6	2.0436795599601288E-5	0.2500149294557699	
0.08333915172265004	0.1666487386976135	1.481475570155525E-5	1.9506415293291488E-5	0.24997812183078708	
1.49024250136559E-4	0.24993122985123042	1.5250216610421619E-5	5.926782235975899E-5	0.24984608551876214	
0.166667767084753	6.269027566134446E-6	0.08333939996720356	1.2308146656992377E-5	0.2499747917824356	
0.0833317829645103	0.08333168500415328	0.0833435232888871	1.8623882013370978E-5	0.24997469988271095	
5.774670494447548E-5	0.1666149895509516	0.08329553912927692	5.9281604936658665E-5	0.24997282580204386	
0.08329541551043315	2.7316848204861957E-6	0.16671378410678175	7.371125734805346E-6	0.24998127903310924	
3.205389017210897E-6	0.0832963937750017	0.16670406129696685	1.8875865011355016E-5	0.24997785835033892	
5.571348230872179E-5	5.6038864208591856E-5	0.24995756671627964	5.966368593439519E-5	0.24987199483776928	
0.16667584341898906	6.4193033998476714E-6	3.38324510266861E-6	0.08330018256247683	0.25001460066879705	
0.08340336553877983	0.08329000808254963	1.3776501580177183E-5	0.08331092999275996	0.24998219790873388	
4.997433949843572E-6	0.16665341324753097	1.972519431912907E-6	0.08336219144716425	0.2499779328698174	
0.08335985260992047	2.7623130194461928E-5	0.08330100132954357	0.08333075303843436	0.24998128275330495	
1.7157449936878308E-5	0.08336994725041888	0.08330062352945808	0.08333034393824902	0.2499823159240289	
3.8374922139842515E-5	3.837491196911534E-5	0.16664213958771829	0.0833048612552422	0.24997668142217583	
0.08333123293673969	9.683622611302496E-5	1.5229945027027799E-4	0.1665699676815008	0.24985005399189042	
1.0000964777602996E-4	0.08336718759007318	1.4910766358680022E-4	0.1665591938236684	0.24982492109658413	
1.258738540929811E-4	1.1606526298510039E-4	0.08334874409421979	0.1665874005005329	0.24982236915151604	
5.877645035949415E-5	5.739800072690739E-5	6.124723425285427E-5	0.24995173176521399	0.24987116263416068	
0.1666511431872594	6.862545928183343E-5	5.858191397255659E-5	3.809154934170643E-5	0.3331840045185676	
0.08335258925539783	0.0833309665092296	2.3388757382295095E-6	1.0563467688976702E-5	0.3333040383854139	
7.0788970729221034E-6	0.16665104294139327	4.196430502275213E-5	5.643668920082575E-6	0.3332944966577669	
0.08335682482877418	4.374477278091205E-5	0.08330056336607433	7.33035309131733E-6	0.333291986200766	
5.403458320228123E-6	0.08338879357628967	0.08331078785507515	7.45295446410417E-7	0.33329449740295025	
2.7659317118398264E-6	2.000552590402069E-5	0.16668512198838256	7.33239495376271E-6	0.3332851464791781	
0.083339480684983	3.621408103845351E-5	5.214254303316066E-5	0.08334753185951979	0.3332251020311715	
2.953504809637779E-6	0.08328110348908035	5.1446321791550785E-5	0.08332855268766384	0.3333364982388179	
1.8062486977084462E-5	1.8051592240945494E-5	0.08337271874403183	0.0833066265227045	0.3332848295244843	
4.4365636531563935E-5	4.3725366496068634E-5	4.403737815880851E-5	0.1666408397133039	0.3332273083311476	
0.08334780435700896	3.576858298765024E-4	2.262486736925794E-4	1.3731131414291642E-4	0.415931425057799	
1.3215815734921884E-4	0.08341633919007678	8.428557005158606E-5	1.3884762494050033E-4	0.41622914525167753	
2.523069859964997E-4	2.4563234459483994E-4	0.08346716809838015	9.85273893073952E-7	0.4160379052982656	
4.250005171617264E-6	4.3762998745316564E-6	4.057502411019071E-6	0.0833606787826194	0.41662726059302857	
3.635262929229038E-6	3.4595066321713768E-6	7.08707054758511E-6	6.357458751998613E-6	0.499979731991729	
