0.500284183229971	4.5134601487624766E-7	7.601644914998026E-8	4.58615822214379E-6	1.713661466144567E-6	
0.4168455033394718	0.08342755010424419	1.8594782723419772E-6	3.263558253484137E-6	3.0981937104065962E-6	
0.3335444836262926	0.1667320163992691	1.858766250908985E-6	5.723678837540596E-7	7.632197658201691E-6	
0.25014151174585814	0.25013750875610136	7.491123496534609E-7	1.5646921673119655E-7	5.68322753586638E-7	
0.16675403465734123	0.3335282415095781	4.764508392420173E-6	4.638312494631006E-6	2.2998514211658165E-6	
0.08334417740005888	0.4169232371388662	7.227170567595174E-6	7.404565067138977E-6	3.944188973555272E-6	
2.1739302626793043E-6	0.500283794490376	1.673715755952065E-6	4.697354628308106E-6	3.4894739623495316E-7	
0.4169123509406842	1.7507861993682588E-6	0.08337299414327257	3.4676530445409506E-6	3.784487359670769E-7	
0.3335142853413468	0.0833867059049846	0.08337058267284513	4.604441705733293E-6	1.7232971589901023E-6	
0.2501079435642833	0.1667578058376294	0.0834072929268367	5.724756245235931E-7	2.0481138071029113E-6	
0.16678767554477808	0.25012008802424296	0.08337368289583567	3.46459769692995E-6	2.7962969827652046E-6	
0.08339096754411385	0.33350702081016115	0.08337165298304386	2.108999301438326E-6	2.8005082828657103E-6	
2.3313183454665495E-6	0.4169043806323002	0.08337017285934015	4.121443007639094E-6	2.319315346404896E-6	
0.3334910965680871	4.527199685043022E-6	0.1667826443213039	1.6149490383245072E-6	2.1442219646249542E-6	
0.2501130635821263	0.08337452212439551	0.16677862445113167	1.6120342113720636E-6	8.052553361050536E-6	
0.16674613848454767	0.16674365987369233	0.16677866303020494	1.2759765543703059E-6	4.454991154024305E-6	
0.08342391154147183	0.25004957065412725	0.16679851085548567	8.350442522579893E-6	4.4522938346059386E-6	
3.8224026308613437E-7	0.33346232811971305	0.1668089289076771	4.3566035618704064E-6	5.336322326128431E-6	
0.25011545142829583	3.92065639290351E-6	0.25017411304563103	5.543366365384356E-6	4.566091805916107E-6	
0.1667729055124134	0.08341034924469566	0.2500872416689192	8.497024453406966E-6	4.561287785656158E-6	
0.08339948396076223	0.16680142534452166	0.2500686903814186	8.741975375435047E-6	2.3748067477159475E-6	
5.63991737459973E-5	0.2501364749976354	0.2500598799287554	8.65382327080152E-6	2.028805411443281E-5	
0.16674719039909988	9.808855038757296E-6	0.33351345372135255	4.856218821302083E-6	1.3380110092010542E-6	
0.08338019602122836	0.08337647642312863	0.3335150271279147	8.727874072358949E-6	1.3272411926291777E-6	
7.530070050489655E-5	0.16678146194840343	0.33341481861815664	9.219908773460482E-6	2.30750488255306E-6	
0.08336928507784552	5.6734256394778424E-5	0.4168562374746851	5.811687832131837E-7	1.334312020547499E-5	
3.730717896550852E-5	0.08338607926586056	0.41685057205034715	4.892718561877001E-6	1.276222356852468E-6	
1.9858082075974007E-5	1.985717620011723E-5	0.500230672029002	6.855015063446014E-6	5.346088390483857E-6	
0.41689751081749143	1.664755786266103E-7	1.215811145560453E-6	0.08338175832444537	1.6581088975321547E-7	
0.33351288958394476	0.08338569494860151	1.2060038639650197E-6	0.0833818850107715	3.402064125814796E-7	
0.2501423148282135	0.1667570648642058	2.9380295591703516E-7	0.08338438961343972	7.632858771072789E-7	
0.16678321800417248	0.25011392810922267	1.8809833766364194E-6	0.08338424626555699	1.0324869785849163E-6	
0.08339291257559849	0.33350852355230065	1.9571518236129134E-6	0.08338112907586603	2.2647585846324778E-7	
2.461682534580915E-6	0.4169190897520102	2.1723130829160396E-7	0.08338487005567742	2.2228502998415242E-7	
0.3335175343645498	4.964621025427504E-6	0.08337840144531837	0.08338222459033955	2.9427355548732477E-7	
0.25013840837391105	0.08338359157073055	0.08337827668823025	0.0833820998275968	2.0814400310302684E-7	
0.16676182804214762	0.1667592410309387	0.08337914036225168	0.08338412308678664	4.740895031850545E-7	
0.0833826001629368	0.2501342642052526	0.08337827181424728	0.08337954903534694	7.880432185534127E-7	
1.4420613736149702E-6	0.33351785287646213	0.08337550897895195	0.08337948255455363	1.9407895011716284E-6	
0.2501501282894776	4.108115096579094E-6	0.16673922662993568	0.0833813148593762	4.634159297400871E-6	
0.16679893469665016	0.08329285507013033	0.16680134186867235	0.08338854813088628	4.4453441544962515E-6	
0.08335779847204298	0.1667314530884418	0.16679941613499008	0.08338232135435412	4.413146863166409E-6	
2.631771012679154E-7	0.25009513935837996	0.16679793996466408	0.083383285498181	4.5093222083596776E-6	
0.16676808381280814	2.2836547746395065E-5	0.2501129884440166	0.08338340437939237	4.642664777843236E-6	
0.08340149631380156	0.08339927389797014	0.2500937797605439	0.08338200422027102	5.513385285887434E-6	
2.8049722114756725E-5	0.16677642180027832	0.25009933085786007	0.08338385475839705	2.0782802510786166E-6	
0.08341467440109496	5.721563111091648E-5	0.3334118672089547	0.08337989289710827	1.3393542882732841E-5	
3.8225328395331E-5	0.08343520283126366	0.3334230764491658	0.08338280184588645	1.302153554775985E-5	
9.181986668693185E-7	1.071677294033461E-6	0.4168921282407018	0.08338195857472826	1.1742823438102157E-6	
0.3335140578681094	3.6275335826538987E-7	1.0046870222399374E-7	0.1667677348776663	1.3071970836325206E-7	
0.25013773515730187	0.08338272145477359	4.32923582855302E-8	0.16676926475440246	3.794087799116672E-7	
0.16675869627878306	0.16675591616044236	4.2815125846637085E-8	0.16676619531408537	2.114603252137841E-7	
0.08339157921826852	0.2501283057288961	1.0908001320655443E-6	0.16676115145516657	3.926379780359002E-6	
7.950307875949993E-7	0.3335097786857664	7.567856975212648E-8	0.16677350006856104	6.439410408564632E-7	
0.25013152337185607	3.3808034359601882E-6	0.08337932080516862	0.1667676877241213	4.58493916023876E-6	
0.1667605547238685	0.0833900446810911	0.08338603456523826	0.16674730483743272	2.318635541066315E-6	
0.08336439458682565	0.16676827270847783	0.08337738886238148	0.16677365398487334	2.6004081317106726E-6	
1.737332576502738E-6	0.2501406670930895	0.08338322261710078	0.1667545525175397	2.0703297313626456E-6	
0.1667850571462016	2.2531864034381313E-5	0.16674433670409708	0.1667564734605756	2.3383581293352526E-6	
0.08339895851523335	0.08339794074642581	0.16673307997404804	0.16674371674353486	2.362317069154803E-6	
2.505991424295333E-5	0.16677399729666906	0.16673526268663333	0.16674600472687703	1.1513089389771807E-6	
0.08337448743010471	4.57666787518181E-5	0.25011371002391514	0.16674377047664224	4.093046909304096E-6	
1.7584301577182257E-5	0.08339043046001675	0.25012400914610383	0.16674323905445787	2.3718016898835803E-6	
1.9927267114225345E-5	2.0471068828893297E-5	0.3335083729339402	0.16672823274586626	4.181659882780014E-6	
0.2501388819850779	2.2259543687636133E-5	1.202084701738362E-5	0.25011299331938	4.821243869617199E-6	
0.16676650533298695	0.08339293884181924	3.208612155261964E-6	0.25012714896406546	2.389735312694846E-6	
0.0834520114134628	0.16670248422431944	3.16846768024961E-6	0.250122155819005	3.861306482923587E-6	
1.1088754821994586E-5	0.25015228205630535	8.359338773905128E-7	0.2501286975298613	2.0695282329208616E-7	
0.16666982064124106	1.0470207257765096E-6	0.08349031737129589	0.25011069833974303	9.537755483797824E-6	
0.08339136396275541	0.08339033708832048	0.08337742995374672	0.2501235897740845	2.9499362650934774E-6	
1.512916703839473E-5	0.16676560520830075	0.08337694669366469	0.25012217282816585	1.3674992224346016E-6	
0.08339673987346954	4.214630853224993E-5	0.16676673529937863	0.2500721493090777	1.1554399211838092E-6	
1.7070537066911913E-5	0.08339896893969033	0.1667391822080228	0.25011944865775476	6.860587233928457E-6	
5.3602619720537724E-5	2.183933013385498E-5	0.2500766052297267	0.250116767845897	1.32314193880436E-5	
0.16676127659975146	4.609898805819074E-5	3.6228276848980074E-5	0.3334427603281718	8.93452775689748E-6	
0.08340129655363819	0.08339950813831447	4.2397662508037404E-5	0.33344069612619587	1.36615787663737E-6	
3.5009184983129796E-5	0.16676251697122005	4.737122367046344E-5	0.33344415302220437	2.3335222443033555E-6	
0.08342785744563581	8.89878189530595E-6	0.08340841912639647	0.33344463964107407	2.4627084903196353E-7	
1.7507152231021087E-5	0.08339345153136958	0.08343501616201662	0.3334565735492624	6.879664384521856E-6	
4.403597022949516E-5	3.6093605342097413E-5	0.1667558335688958	0.3334366919693989	1.0748771959395271E-5	
0.08340906057624228	6.19496496729558E-5	9.341827854031976E-5	0.41671599732779985	8.934690753847236E-6	
6.271711074375709E-5	0.08340891457089765	9.277369113026667E-5	0.4167158497379101	2.6002209222419537E-5	
2.3287373976974398E-5	2.0736055165681796E-5	0.08336590643821447	0.41686421316189354	1.247371459914527E-5	
1.3000214084507742E-6	6.087447516472828E-8	3.791137752743589E-10	0.5002876929593253	3.0856435216672527E-6	
0.4169054198645574	2.5222649679717764E-6	5.545293007972316E-8	4.358780782524185E-6	0.0833766765762109	
0.3335092631159489	0.08338545209396388	1.7952785950877136E-6	4.4034944612988506E-6	0.08337497454714107	
0.2501437948083999	0.16675617660221803	1.1951638838916525E-6	1.8407454215449473E-6	0.08337573209336083	
0.16676092435864223	0.2501476073631337	1.972489947591152E-7	2.3321411165682994E-7	0.08338147414752406	
0.0833929192107833	0.3335088167422862	1.8643228034324983E-6	2.354099937124072E-6	0.08338050362244531	
4.989458352274041E-7	0.4168969012441083	5.508217760119905E-8	6.884690618625698E-7	0.08337839023617846	
0.33352453482410566	5.498836426025701E-6	0.08337975469892073	4.896505291410384E-6	0.08337742174437945	
0.25013842622893495	0.08338606710346093	0.0833790325341636	7.104853447404432E-7	0.08337566173116237	
0.16676318797005452	0.1667605309970251	0.08337640557770325	6.41473873440904E-7	0.08337496000584488	
0.08338173926362229	0.25014448747333423	0.0833795188598599	2.6065713062829235E-6	0.0833764871264282	
1.8668339499114842E-6	0.33352376879587414	0.08337696348437369	1.9137437012443703E-6	0.083380191430912	
0.25015272111935216	3.0717048325355535E-5	0.16671423247922168	7.286637218533011E-6	0.08337548104639553	
0.16673047896658066	0.0833829685115805	0.16678738551232508	5.206773659941076E-6	0.08337682714783635	
0.08338850823511443	0.16679030241333723	0.1667175232731054	7.062754784609824E-6	0.08337631054224502	
2.9722477842174086E-7	0.2501338530686027	0.16676183406307224	2.2675780796581254E-6	0.0833798404276717	
0.16677335108045452	7.386628272095E-5	0.25004821706490965	7.28367824920404E-6	0.08337445270232585	
0.08339686731515815	0.08339307455918872	0.25010946272041784	5.702889972376538E-6	0.08337482186682835	
1.2113011144223728E-5	0.1667751054168459	0.2501060399422357	7.2382257493369596E-6	0.08337915890851189	
0.08343057851865983	6.618059119831938E-5	0.3334091266259884	3.453457495100512E-6	0.08337210099718882	
2.8371060201533574E-5	0.08339906394982553	0.3334735281131862	7.170397558958115E-6	0.08337165909767949	
5.350568953163158E-6	5.234913847807038E-6	0.41688579403071024	5.058558978378294E-6	0.08337453686525718	
0.33351380101369593	4.7519004134516603E-7	6.967911580493422E-7	0.08338941779729733	0.08337566766538752	
0.25013054013412905	0.0833835428506423	6.917225250323661E-7	0.0833893650266264	0.08337562715431088	
0.1667613401164992	0.16675868694195392	9.917892367602232E-7	0.08338937385704345	0.08338037170625957	
0.08337993610036969	0.2501366299012636	2.8363586524176184E-7	0.08338780045130659	0.08337910632915739	
2.076716121510728E-6	0.3335151599539129	4.864007452913249E-8	0.08338790892230924	0.08337939703084836	
0.2501063065336354	2.7412913224526027E-6	0.08340755398453391	0.08338973000958758	0.08337529420630971	
0.16674608368613034	0.08338358294310935	0.08337385479594366	0.08339587050844414	0.08338032525875878	
0.0833816118653621	0.1667750027851579	0.08338639919845041	0.08337000202396513	0.08337744577148992	
1.5611420347151228E-6	0.25012842661302837	0.08338625827655383	0.0833878562965612	0.08337533490544088	
0.16673547501538621	7.820582656332527E-8	0.1667720883241969	0.08339718389087722	0.08337545509698446	
0.08340208381495152	0.0833984234108472	0.1667366936579188	0.08336871532740381	0.08337567331257717	
2.510295459978545E-5	0.1667739457539121	0.16673604493851116	0.08336562621839147	0.0833791625304671	
0.08344741757023504	8.992165019069447E-5	0.25000518759984125	0.08336489963201152	0.08336886345143275	
9.59550665324927E-5	0.08336509558808027	0.2500830747717938	0.08336779180788402	0.08336964637129587	
3.7639266443926376E-6	4.505135697386968E-6	0.33353063715746417	0.08336646100755954	0.08338191149695473	
0.2501485326174137	2.7273573009276477E-6	1.1380265139267285E-6	0.16676004434931913	0.08337699930116527	
0.16674449916047523	0.08338645527910743	1.91573095295073E-5	0.16675897786413943	0.08337632832953974	
0.08337769969315686	0.16677143228927005	6.607204459448E-8	0.16675923691341074	0.08337617379507485	
2.2885692538751628E-5	0.2501388455485087	2.5669586761905842E-5	0.16672380954313643	0.08337620409012966	
0.16676890366993105	4.5538759720844714E-6	0.08337336173240963	0.16675842493469212	0.0833815835669224	
0.08337923694568272	0.08337744298358679	0.08339016834139246	0.16675844425554576	0.08338154663177358	
7.86713914846711E-6	0.16676605092420071	0.08337354432500495	0.1667587865487192	0.0833751256411415	
0.0833927571413724	2.4817723657140413E-5	0.1667380730399899	0.1667642553922292	0.08337187882463754	
4.6789451830419733E-5	0.08340301774182994	0.16673066475368153	0.16673052318013346	0.08336966986492725	
3.1676644894536175E-6	3.1847359376177005E-6	0.25014611095324263	0.16676145239551918	0.08337751488918838	
0.16675569184317415	5.506355163036236E-6	1.905400531055445E-5	0.2501247096317599	0.083375467633039	
0.08338732693476252	0.08338400386060586	1.0969896161022234E-5	0.25012733795819625	0.0833761340868601	
7.756905853228045E-6	0.16676232271504945	1.083986218514051E-5	0.2501247413062004	0.08337503945647015	
0.083387575512039	1.6536019381328833E-5	0.08337655235810024	0.25012522310837454	0.0833753871890245	
1.6855628639175096E-5	0.08338590576427657	0.0833744404280718	0.25011941814237026	0.08337942813413388	
5.470880724265041E-6	5.470765930955941E-6	0.1667714036995126	0.2501274064932584	0.08337643687139236	
0.08340786614556402	6.212224256319681E-5	2.1223656260190887E-5	0.3334184883391847	0.0833765160532901	
1.7545102242313834E-5	0.08338723102861113	1.6362746461469615E-5	0.33348654473220424	0.08337602703123906	
1.2714229107843027E-5	1.3172736360449614E-5	0.08339527648918853	0.3334866017433228	0.08337576141380881	
3.3424849451398376E-9	3.3884179825845133E-9	1.0313215003132966E-6	0.4169035857273315	0.08338111336016978	
0.3335234391911676	5.45080900917767E-6	7.501624897170313E-7	3.773008061698601E-6	0.16674848838874531	
0.25013986463117377	0.08338339379921172	6.345144912194068E-6	3.8058373287643557E-6	0.16674864975299736	
0.1667761962476148	0.1667504064044935	1.3385736043292309E-6	5.39357285495372E-6	0.16674812858070268	
0.08338062345771238	0.2501334068189208	1.6964943221657173E-7	3.1479081976307947E-6	0.1667669682994399	
2.9282724289553507E-7	0.3335089872383188	6.072937571211787E-8	5.630789581462396E-7	0.16676476928032583	
0.25014457666070156	4.487839552564395E-6	0.08338150024473878	3.9141836970588E-6	0.1667490428363532	
0.1667568042245604	0.0833883933996842	0.08338421365700299	4.19464378770446E-6	0.1667439638057203	
0.0833795941365593	0.16677447147781607	0.08338410337280652	2.623389329135015E-6	0.1667486571013861	
1.5558244522091915E-6	0.2501352101428462	0.08338722845639385	6.1521073007552245E-6	0.1667457377295991	
0.16677747192549328	2.144115890620972E-5	0.16673044506636414	5.823456253449825E-6	0.16674807260111618	
0.0833759569883156	0.0833810378883236	0.166767027459782	5.5105683495698335E-6	0.1667526378110888	
1.41278804703063E-7	0.1667641891641617	0.16677400648273233	6.879467483935335E-7	0.16675782372787581	
0.0834300115694409	3.6634409042493435E-5	0.2500653918237292	4.898666418784607E-6	0.1667470421098877	
3.4108964144516326E-5	0.08343306155190221	0.2500695426741928	4.287520476321804E-6	0.1667480932142165	
3.163145637701192E-6	3.6435939201530785E-6	0.3335143463633525	4.173387775372873E-6	0.1667507503139316	
0.2501379229669755	1.3302550337372048E-6	3.6015121496153462E-6	0.08339475533343316	0.16675069842388862	
0.16673919490607736	0.08338624384026495	4.926305393209891E-6	0.0834046394085764	0.1667494471039023	
0.08337195091239721	0.1667597941200669	7.082849457789332E-8	0.08340463994926994	0.16675120607164176	
2.419988963263476E-6	0.2501320532577051	2.308018528585404E-7	0.08339226546495675	0.16674688750775996	
0.16676027267755442	6.315164795510118E-6	0.08337293799011447	0.0833933271815697	0.16674823003089434	
0.08338051429552662	0.08338561801783713	0.08337389925233095	0.08339323854755305	0.16675004233607513	
3.2188510473964785E-6	0.16676257582775356	0.08337372725442264	0.08339308255885852	0.16674970901027122	
0.08336990513440597	3.1056555203601243E-6	0.16676607670685933	0.08339295799046421	0.1667497691666298	
5.360568121295322E-7	0.08338329040014339	0.1667656566706074	0.08339661959513685	0.16675065555098814	
2.2202223649529796E-6	2.219481382123507E-6	0.25013388214944937	0.08339358973485886	0.16674949427659963	
0.16675479831896356	2.8098116045534382E-5	4.026147271354996E-5	0.1667131788002735	0.16674541369026044	
0.08338535515425423	0.08338355042462257	7.826633204159705E-6	0.16675576665388744	0.16674963494514522	
7.085396188259498E-6	0.16676969791356674	3.6323787815292784E-6	0.1667567210857436	0.16675301743562307	
0.08339270468633338	1.6318432291881845E-5	0.08336943752970848	0.1667543394536432	0.16674835169444488	
1.947219329644237E-5	0.0833933399808376	0.08337340829787176	0.16676209802563374	0.16675123850254336	
2.4343812727455387E-5	2.407962513576098E-5	0.16676201038275584	0.16672348123197178	0.16674874194459505	
0.08339501184468295	2.479712454707966E-5	2.017441907347006E-5	0.2501065678218669	0.16675022226402506	
5.014373108827937E-6	0.0834088152600864	2.406027697045229E-5	0.2501024991446082	0.16674714157817364	
2.5214326669219076E-5	1.886791115228094E-5	0.08339363430894137	0.25010548554800693	0.16674854790374577	
2.2636610729471445E-6	2.127262096912794E-6	2.198666591001428E-6	0.3335283493662645	0.16675951158983152	
0.25014444619628634	4.403407117655947E-6	1.6308171049849574E-7	6.156967816123351E-7	0.2501330434875265	
0.1667533670443321	0.08339439026685376	5.4683830188592455E-8	2.8062108528831584E-6	0.250134033245874	
0.08338267388284186	0.1667795349512493	5.7483270607169746E-8	1.55432240761374E-6	0.2501475652036962	
6.392551448348947E-5	0.2501051338410383	4.041018344016178E-5	7.977319206524334E-5	0.2500001874558123	
0.16674325184194674	1.6464332785325235E-6	0.08340416095181534	1.2639834218698895E-6	0.25013057401688243	
0.0833882738165829	0.08338035710680389	0.08337491980293897	1.6040581995580021E-6	0.2501297052345752	
1.9557785222864187E-5	0.16675431638583477	0.08337755072741466	1.1560100485412048E-6	0.2501334951525415	
0.0834298739280575	7.78732571249607E-5	0.16668766313555905	1.3778108729560014E-5	0.2500736554647016	
6.926690513273674E-5	0.0834390249733613	0.1666882588710982	1.3790744462626338E-5	0.25007111085106404	
4.5768192168135223E-7	4.2070950339727094E-5	0.25012413415760915	4.3900768543732815E-5	0.2500750347015161	
0.16682699752591124	5.3601396850939145E-5	1.5625715176353204E-6	0.08329838922171948	0.250101267496234	
0.08337427129160344	0.08338081026433718	3.608284331994892E-6	0.08339122482160413	0.25013082448249924	
1.5115435455099189E-6	0.16677208458437534	1.0490899412175987E-5	0.08336607139046444	0.2501309346239344	
0.08340162314017747	8.081465267536057E-6	0.08337583379784956	0.08336202742746912	0.25013333871348387	
1.2893300109459836E-5	0.08339673557328223	0.08337582124585798	0.08336198330171911	0.25013320617073	
3.0635615132834865E-6	3.072333533350709E-6	0.16674255191260806	0.08339522264601025	0.25013610890132737	
0.08371881470662618	5.1774528243942386E-5	1.5726272251554175E-4	0.1663115810285707	0.2500458778046368	
1.9391594395283787E-5	0.08341551256437268	2.0990186850272255E-5	0.16673011160158785	0.2501125759047924	
1.8233111962761924E-4	1.8209540486306813E-4	0.08346501718889245	0.16653486670451448	0.2499192604899243	
2.618002153612026E-5	2.4443792611419145E-5	2.1942839837365817E-5	0.2501244516202995	0.25008399996461683	
0.16678258642309218	4.2451533257965445E-5	4.0606569518449345E-5	1.1483400155468236E-4	0.33332106644641196	
0.08336873883664257	0.08337846236924883	7.63960353173856E-6	7.603459811842584E-7	0.3335235975936049	
5.9153927886067475E-5	0.1667375145819647	3.242728497130534E-6	8.22669934339252E-6	0.33349147927743583	
0.08340591777457422	1.099230486633564E-4	0.08341888484315747	3.6208882255383824E-5	0.33330965166170456	
2.6525330723961042E-5	0.08341525230885694	0.08334490168499196	1.4646249125066244E-5	0.3334821201202403	
1.012903945310182E-5	2.6805314931478E-7	0.1667710063459099	1.9380086140403144E-5	0.3334881688791736	
0.08339427043473656	7.72523018014493E-6	2.2441421441733475E-5	0.08337473455994292	0.3334870873052193	
1.3862491142669649E-5	0.08338725355720013	2.2837635310554044E-5	0.08337425212837396	0.3334871639459746	
1.7855184694405953E-5	1.7876494099118943E-5	0.08338756579016676	0.08337359320604554	0.33348461098022464	
2.4396905129805245E-7	2.844136669032792E-7	5.47872803656581E-7	0.16679581889306655	0.33348462764355646	
0.0834349820577671	9.376743042498412E-5	4.3112648427641886E-5	6.977759488035703E-5	0.4166410960146043	
1.3601840006575031E-4	0.08339654067942805	4.263532903302903E-5	6.959636913469546E-5	0.4166567922076788	
1.1784302381678046E-4	1.2092416568005302E-4	0.08332843449945301	6.760469894262989E-5	0.4166442503850413	
8.31588714678657E-5	8.413750019503625E-5	1.3693879314076988E-4	0.08349027105445019	0.41650430195503885	
3.9123097263508753E-10	3.967821714691644E-10	1.1806648147228138E-7	1.2781237043780219E-7	0.5002892634725967	
