0.4999872007223641	1.1966899326699054E-5	3.166459592055283E-6	8.736286016838623E-6	2.4254498752876192E-6	
0.4167229345115778	0.08326677206040987	6.409262105518137E-7	9.288754823887329E-6	7.590691309749703E-6	
0.33330096718385377	0.16668593618549687	4.3797313133001065E-6	8.680526414417802E-6	5.4235234251498905E-6	
0.24999229938672451	0.2500098158623253	9.404687158584543E-7	6.820077133260176E-7	4.485220933689905E-6	
0.16672101416511428	0.33325370538104765	1.6000842201726178E-5	8.313755645646912E-6	5.5182333103008634E-6	
0.08336981945568324	0.4166186285451533	8.474918966164662E-6	1.1266612270799021E-6	5.6825157796025275E-6	
1.5561126573354054E-6	0.4999959170813311	3.4437928285493574E-6	2.7236417954426817E-7	2.2778624531334927E-6	
0.4166742066206624	1.390728746847992E-6	0.0833326551378039	1.5723340661888535E-6	3.411678172788314E-6	
0.3333473467946062	0.08331794388937416	0.08333469192162306	3.62829525134512E-6	7.682485104996282E-6	
0.24993844715307506	0.16665989653856206	0.08339608458894669	3.6378297201054644E-6	5.720705934429014E-6	
0.16666866633109295	0.25000979399658163	0.08332409268107382	2.8903911693005703E-8	7.643231172875631E-7	
0.0833373412634592	0.33332303309290556	0.08334069119283052	1.138323073008692E-6	9.583832557603645E-7	
6.958758016395654E-7	0.41665467811629503	0.08334422112469798	1.7927642088946427E-6	1.7804540129923654E-6	
0.3333359897701704	8.561133209886342E-6	0.16665469798788288	8.031448761403604E-8	5.451221103533183E-6	
0.250004143305978	0.08334199352850252	0.16665485343937642	6.552787554942293E-8	5.407161498736582E-6	
0.16670579227891616	0.16662838303826535	0.16665477456187075	8.30559844975386E-6	6.063105595128895E-6	
0.08334574339463996	0.24999516735379038	0.16665782814990285	2.1706337513594466E-6	2.295263189104788E-6	
1.4430298965362092E-11	0.33332853951261887	0.1666729845335921	2.8363875848638735E-7	1.5480331366004629E-6	
0.24997840303941374	2.2652844524996987E-6	0.25001142252519715	9.489840114940885E-6	3.302033403512183E-6	
0.16661442686996708	0.0833595734789369	0.2500088614470082	1.193824310784111E-5	1.0349624386839033E-5	
0.08336289801624007	0.16668527944976005	0.24993812146762892	1.0615154124525375E-5	6.023677344325437E-6	
4.085751828726758E-5	0.250032081482424	0.2499202460615493	1.3423704607827989E-6	9.340275387945492E-6	
0.1666568929009382	7.579213457835019E-6	0.3333356672514982	2.023058693230382E-6	3.2484648379205128E-6	
0.08333487786630561	0.08333452609655811	0.33334580486122617	2.8512528683013476E-7	1.5339779136847402E-6	
2.148030565267311E-6	0.1666712671027044	0.33333131551175016	4.858446508193737E-7	1.659043583177954E-6	
0.08336342775155914	3.3620090817660196E-5	0.4165872620793116	1.7745766937630757E-5	6.404140566674184E-6	
5.400403862398608E-5	0.08334381039626154	0.41659242274804736	6.362097583818713E-6	1.0798016524899075E-5	
6.994140505948611E-7	7.067926456360762E-7	0.49999577930985234	1.7204331052008171E-6	6.386936520075698E-6	
0.41665323538854043	2.1817142779371425E-7	5.907372419438925E-7	0.08334899700215627	2.4544741587270978E-6	
0.33333479573758507	0.08331484806939204	2.7174577260050665E-6	0.08334881249094214	4.237404630196074E-6	
0.24998426027364606	0.16667717487077222	2.7101043016179986E-6	0.08333529083607591	4.2299681764953355E-6	
0.16666388127299925	0.2500036186224039	1.8611123704388743E-7	0.08333589372698834	1.5395219686565006E-6	
0.08333382766686727	0.33332099465944526	1.2795465485337348E-5	0.08333507318527977	1.6417591366255028E-6	
1.1943562459738454E-6	0.4166634587433616	1.2478836090385649E-6	0.08333471981337232	3.938305973240448E-6	
0.3333030244659142	7.292168847116783E-6	0.08334055836589228	0.08334770721194895	6.510722004872883E-6	
0.24999219674722625	0.08333058873508538	0.08334660641590357	0.08333247976839457	2.3715336258011127E-6	
0.16664087480723222	0.16668294026290326	0.08334384510479967	0.08333173610391617	5.067978290393162E-6	
0.08335149952620155	0.24996963979658282	0.08334317988621422	0.08333440206271858	4.490522668813499E-6	
4.5321125037342025E-7	0.3333234333199806	0.08334200756782875	0.08333489926574503	2.2463520290008696E-6	
0.25001134869139263	4.108356244031747E-5	0.16661365880951837	0.08333182082777033	6.4903993216662474E-6	
0.16666264723447632	0.08336647771013528	0.16663758380828655	0.08333093413641586	5.938750026669582E-6	
0.08336032359656835	0.16667173294014875	0.16663826127564388	0.08332895676070967	5.041200179197137E-6	
1.1917298797350552E-6	0.24999342062353497	0.1666748258490115	0.08333561234667233	2.2952780925010607E-6	
0.16669028089170154	5.9518448196437044E-5	0.24992594630245812	0.08332987845133774	6.509667901656648E-6	
0.0833664252047558	0.08338147975500541	0.24992251896924544	0.08332908343871623	6.019890572615487E-6	
6.0437799181884736E-5	0.16667971221671157	0.24992433633724945	0.08332833891168841	1.320651375640975E-5	
0.08334916961095973	3.355915197200064E-5	0.33328235853313226	0.08333598787214269	3.868188273017873E-6	
3.0410449543505196E-5	0.08335788164680515	0.33328176392952785	0.08332898794081672	5.950874203262646E-6	
5.207523706489619E-7	5.189064532377393E-7	0.41667044791880153	0.08333605513596472	2.1067203222476308E-7	
0.3333261949035697	2.1475441682220453E-6	2.0936775152220885E-6	0.1666689749247525	4.1968814590450505E-6	
0.24999460817572436	0.0833314580470743	3.6122924646066788E-9	0.16667721348905443	1.3365550447386324E-6	
0.16663587609200095	0.1666866046290639	1.0499641969120174E-6	0.1666760097263792	5.078401557636324E-6	
0.08337129664850142	0.25000564137177733	8.018838477662468E-5	0.16654323055743409	4.396950107486408E-6	
1.0836947912182446E-8	0.3333257845660481	9.292935223106477E-7	0.16667386136756768	3.614929822229712E-6	
0.2500070080912149	2.4302770222831438E-6	0.08332386142077981	0.16667068347364103	1.5972130678945598E-6	
0.1666443606112007	0.08335763634464827	0.08332089962460368	0.16668014425652175	4.092540869567852E-6	
0.08336796634823115	0.16664111470843954	0.08332860122708674	0.16666183075508154	4.207844673479979E-6	
1.1973609490683607E-6	0.24999953497644123	0.08333692290311231	0.1666629735364525	3.598092477094411E-6	
0.16667182284438856	1.8773320604402E-5	0.166615557149043	0.16668858552099358	1.0386489002295591E-5	
0.08339522920094916	0.08329578812845764	0.166634599760099	0.16667690494041476	2.5073548991433005E-6	
6.979869836523252E-5	0.16663630900996507	0.16663203747891311	0.1666632070316489	2.5384118141601184E-6	
0.08335751698862678	3.791190730109434E-5	0.2500027137435084	0.16659547676986836	1.0683694479779081E-5	
1.6293418882831054E-9	0.08328520498966271	0.25000287228336504	0.1667105156486419	4.635899029283115E-6	
4.899185729509612E-5	3.626901269854078E-5	0.3333017738166864	0.16661181886083695	6.475193575775915E-6	
0.2499966020088461	6.251789853587568E-6	1.719073429592837E-5	0.2499827962220079	1.5568256961685222E-6	
0.16666579800794404	0.08334982666593829	4.54048877483396E-6	0.2499828549231428	1.5636312059460568E-6	
0.08337023887729683	0.16664662357451096	7.212928306729931E-7	0.24998277297594332	4.207775399402407E-6	
2.248971647141014E-6	0.24994384777206638	4.372072835532413E-6	0.2500553366253285	5.297626853513324E-6	
0.1666554270922339	9.855831877874276E-8	0.08336299783409172	0.24998129718301385	5.198404077687505E-6	
0.0833323480833731	0.08334701984828942	0.0833405270176478	0.24998264845099882	2.1396666473299476E-6	
1.1648436585344844E-5	0.1666682707169353	0.08334036024118822	0.2499830328493863	2.2450551921548215E-6	
0.08334323492369711	9.50098335635001E-6	0.16667175440136794	0.24999168161590596	2.24144330326751E-6	
9.134738720539937E-7	0.0833372504034964	0.16667970841816857	0.24998078390432837	5.115505438236513E-6	
1.1232773864588106E-5	1.262181671129991E-5	0.25000044333604127	0.24999147850487943	2.178511235983631E-6	
0.16667832017160739	3.839965041943975E-5	1.608642394110137E-5	0.3332578870891964	1.3601477607756088E-5	
0.08332891701668908	0.08333390102473545	9.939274779030002E-7	0.333356333153985	1.4238554137319895E-7	
3.724847330609674E-5	0.16667310209500996	1.5573775459631358E-5	0.3332759465963236	2.106022704198789E-6	
0.0833664221162521	1.5184647134197763E-5	0.08334335253193761	0.333277139708884	2.015135176890291E-6	
3.168958674060878E-5	0.08334951980034766	0.08334481327805043	0.33327612845699117	2.015135386938725E-6	
6.776797642286204E-7	7.546779401554428E-8	0.16666127520248908	0.3333522363627405	2.2491197359248498E-6	
0.08355757837710263	1.7786865700155063E-4	2.889601169980612E-4	0.41597386388772434	2.280497393065713E-5	
3.283050649686983E-4	0.08333377553887682	2.903885342042437E-4	0.4160545824613442	1.3600745418116162E-5	
4.835058713022765E-5	2.682320089949428E-5	0.08341043761988878	0.4165150621105734	5.62572534583605E-6	
2.153236059052482E-6	2.705299548959063E-6	1.3443258878254352E-7	0.4999974037590137	1.4590311687500762E-6	
0.4166650883765648	8.760990889719978E-7	3.668760681774891E-6	1.2857984950290106E-6	0.08333401758188484	
0.3333497605283392	0.08331296883018373	3.280772098943471E-6	2.9350407840542554E-6	0.08333400808321267	
0.24998817155633954	0.16667778662778135	7.582507879374532E-7	2.920234861207692E-6	0.08333394158001535	
0.16666352273089288	0.2500032756919883	2.6980783709212573E-6	1.937266879352152E-7	0.08333404164784611	
0.08332997907881971	0.3333354762082382	4.024017381571172E-6	9.344724430381152E-7	0.08333304799647431	
4.348506979509455E-7	0.4166672184936909	1.6713534262340132E-6	9.342456842536599E-7	0.08333299693175897	
0.33332233568698827	9.203871096814294E-8	0.08334655983134233	2.311219135080057E-6	0.0833334999207743	
0.24999071569199643	0.08333174118052182	0.08334655838192602	3.093733900024141E-6	0.08333254030846995	
0.1666927341172145	0.16661255393725802	0.08335849765141566	6.5103668475825995E-6	0.08333302295294079	
0.08334106575664324	0.24998069084622143	0.0833456544815433	2.8628218718908883E-6	0.08333297409767483	
3.598841994939049E-7	0.3333237367608735	0.08334433106982567	2.3350246253605908E-6	0.0833330383653734	
0.24999539352036515	8.533494374127605E-8	0.16667356781984435	1.9174380131998064E-6	0.08333390983083752	
0.16664047129701637	0.08335402639599666	0.16667275362772344	4.150116296423041E-6	0.08333321716677765	
0.08334692375316302	0.1666459723360635	0.16667465777117357	4.141005061831379E-6	0.08333323871803533	
1.4796950639253971E-7	0.24999360179010047	0.16667426993914722	1.0873300038393667E-6	0.08333367910678664	
0.16666720192894516	5.444782554434436E-5	0.24994868349043042	9.816981258327889E-6	0.0833264786801345	
0.08331388241105082	0.08332918206524634	0.2500163824518154	9.815786595686723E-6	0.08333411404913803	
5.9458521541860445E-5	0.16666788832251592	0.24994857379053526	2.9453007176337377E-6	0.08332503902202451	
0.08335098725953019	3.342888486093512E-5	0.33328931049717847	4.064853413571542E-6	0.0833270139304966	
3.24062725480847E-5	0.08335200684565532	0.3332893228568071	5.069865524710468E-6	0.0833251501792432	
7.390962673221249E-6	7.184572371679597E-6	0.4166591047697012	3.945620665402762E-6	0.08332754565748378	
0.33334211397931096	2.154702702760593E-6	2.6171795225320783E-6	0.08332335274526162	0.08333424870265944	
0.2500107366413148	0.08333948115813664	2.793149312106352E-6	0.0833156064193729	0.08333392967102086	
0.16667807280414496	0.16666026808180598	3.2529110362695268E-6	0.083328581205883	0.08333401035701071	
0.0833456018030415	0.249994509934697	1.6102139172656258E-6	0.08332867855732308	0.08333294820224063	
1.6029022932383596E-6	0.33333859747577094	1.8314285230467024E-6	0.08332868232888134	0.08333308855207404	
0.2500185374943939	1.6158679464645032E-6	0.0833274325446926	0.08332352649324833	0.08333441918108947	
0.16665847675594042	0.08335808158131747	0.08332617091484901	0.08332741432315813	0.08333295934487803	
0.08335129296202176	0.16665238610053196	0.08333805338860996	0.08332864088501347	0.08333296760765554	
1.2022030766408834E-6	0.2500024021509965	0.08333773733039809	0.08332847726291524	0.08333401411585806	
0.1666573920232865	1.50960431665581E-6	0.1666891498797941	0.08332258556494451	0.08333464755359506	
0.08332398954157569	0.08333807389992727	0.1666823489181337	0.08332573803817621	0.08333270719204075	
1.736754294027799E-5	0.16668451939669907	0.16664307150247437	0.0833258735960233	0.08333303205437567	
0.08334930699435526	2.7861254899625726E-5	0.24997268100801737	0.0833281837405165	0.083327621482029	
3.498750631282892E-5	0.0833374725911306	0.24996468766965718	0.08332277036697001	0.08334495238191993	
4.670065983088882E-6	4.148563114803524E-6	0.3333366500958708	0.08332713961756386	0.08333320999314733	
0.2500052289207171	5.140210342145367E-5	3.5051897148296963E-7	0.16661378558349818	0.0833331748831327	
0.16664232687481928	0.08330907760204503	8.180302419866796E-7	0.16671901413114204	0.08333350719156951	
0.08337422075526485	0.16665850948846705	2.4393888846794847E-5	0.166612612856012	0.08333319034294202	
2.7369646982392375E-6	0.2500302128648602	4.234077837237294E-6	0.16663150835807766	0.08333383828833754	
0.16667512111267999	6.488152561718844E-8	0.08333901700516438	0.16665490288949059	0.08333354178504175	
0.08333113965290605	0.08334524041491308	0.08333858740538029	0.16665543389070459	0.08333248757536157	
3.422142120195679E-8	0.166674766511501	0.08333683366569514	0.1666589750905888	0.08333298559577915	
0.08333949103653811	9.471064105680906E-6	0.16666317956717247	0.1666624147417945	0.08333368753631515	
7.884737957964182E-6	0.08335955378042992	0.16656127275625002	0.1667477450310152	0.0833271357188026	
4.373752013283766E-6	4.376656488790912E-6	0.25000086216551454	0.16666071380977077	0.08333308230736418	
0.1666713433576069	3.8086210328306164E-5	7.341128218319935E-7	0.24994429168704807	0.08335421736437176	
0.08336778677353086	0.08331881933545594	1.5797172280909328E-5	0.24996817943494787	0.08333298275552453	
8.05504579320452E-6	0.16667883121515661	1.5530773743549502E-5	0.24996820005803852	0.08333299384646019	
0.08334884970067483	9.390031781173305E-6	0.0833207119600345	0.2499920763087725	0.08333261291568275	
1.6744931066505996E-5	0.08334009027158282	0.08332288654207327	0.24999182568108264	0.08333317226794171	
1.5472004109337128E-5	1.5006530513688513E-5	0.16665079469786223	0.24999343228224788	0.08333394900703278	
0.08342017793519432	1.3658566369266573E-4	6.658588222008683E-6	0.3331096081667398	0.08333157369071903	
5.851608722017521E-6	0.08333464002226795	4.0499611443295965E-6	0.33332652075993097	0.08333259718394234	
1.4485344498494403E-6	1.4404865049292495E-6	0.08333272004607889	0.33333651463491787	0.08333193144595481	
4.690451134649858E-7	1.216210404601779E-9	4.7463482651705146E-7	0.4166695409834444	0.08333319971396891	
0.33332849748119947	2.6443363959973858E-6	1.0167073829363473E-7	6.9244629992709E-6	0.16667055982832152	
0.24999681826741812	0.08333776698802478	4.120917295678457E-8	1.8799434523333364E-7	0.16666867437461647	
0.16666447001566242	0.16667064905990525	5.99081122474927E-7	1.870430181068464E-7	0.16666915670056842	
0.08334462932287252	0.24998724817929918	5.0087206249415486E-6	2.5598581640984076E-6	0.16666354636044506	
3.8538452764758674E-7	0.33333618519531405	1.5853386256823891E-6	1.8749204103219866E-6	0.16666376928067467	
0.2499811443643239	1.7411125870846426E-7	0.08335217630830101	1.9400445116164857E-6	0.16666932166462642	
0.1666656508049134	0.08335987337419469	0.08330991631524236	2.3718009133894756E-6	0.16666726439389407	
0.08336761626241924	0.16665781399255866	0.08330963526008069	5.717626700201384E-6	0.16666340827421103	
2.751419440990609E-5	0.2500025113938023	0.08330404022316588	5.808224750073156E-6	0.16666296772123465	
0.16665069446884134	5.9180681709989395E-6	0.1666771156865137	2.807070087175994E-6	0.16666692802814953	
0.08333009353818009	0.08333356496901449	0.16668217008534586	7.3604171268075125E-6	0.16665019809528478	
1.963023975581462E-5	0.16664202181970741	0.16668165576011515	3.8475924602921547E-7	0.1666612794230969	
0.08334360955797102	3.776436645918908E-5	0.24998523906543643	4.270556287641463E-6	0.1666343276750336	
3.499568182625614E-5	0.0833447868408676	0.24998378374875851	7.978685602439313E-6	0.16663464368845238	
1.9030841890818025E-5	1.9031117312114133E-5	0.33331116464255994	5.27915127129937E-6	0.16665084057483515	
0.25000112588818785	2.0803971325631687E-6	2.035797087690567E-7	0.08333294482356625	0.16666920109634784	
0.16664779520500472	0.08335483889072426	1.999876429327976E-8	0.08333267838235306	0.16666950784032292	
0.08335163061684474	0.16665236594853952	7.733852161496192E-7	0.08333508966890518	0.16666364814328577	
2.1886495883575373E-7	0.25000304294461584	1.1554119487613165E-6	0.0833349702943557	0.16666532369207795	
0.16666635228189194	5.471162561007555E-7	0.0833366737106827	0.08333299905993767	0.166669278338377	
0.08332703158015206	0.0833412059387242	0.08333456727681535	0.08333274385363615	0.16666793701744972	
2.261214126895975E-8	0.1666658837232116	0.08333585586940048	0.08333374474609179	0.1666677799241493	
0.08334194156383745	3.721739170795272E-5	0.1666241298604064	0.08333244090833306	0.16666880709694498	
3.539079773864177E-5	0.08336335109701515	0.16662037824485912	0.08333361315114166	0.16665010754889786	
3.028427583486862E-5	3.026539870818208E-5	0.2499593027477081	0.08333444209101874	0.16665123281838914	
0.16667187233268113	6.335291692638395E-6	2.8490033659837877E-6	0.16665577146276628	0.1666673843289739	
0.08334375148591813	0.08333439040454985	3.6147639756070774E-6	0.16665605557933635	0.16666748151592528	
2.1999392439887255E-5	0.1666570099804113	7.4590928641757795E-6	0.16666282426071025	0.16665461274809593	
0.0833474978582124	1.0808546715778466E-5	0.08332550940555168	0.1666598046997067	0.16666024425019182	
1.4891718308231757E-5	0.08334312333540884	0.08332521328568758	0.16666001334376132	0.1666605642148308	
2.2905215609063056E-5	2.5967847627437115E-5	0.16665487156371525	0.16665240330443643	0.1666521814997566	
0.08329587747516881	1.3332028040514542E-4	1.5045712669289765E-4	0.24978002833368007	0.16664553750848363	
1.632714967221394E-5	0.08342686172797127	3.8208398704317565E-5	0.24985601008150607	0.16666662498931342	
1.1623538209559604E-4	1.3540317821245988E-4	0.08336233461701284	0.24990361737766206	0.16648760775564345	
1.8787759786498546E-5	1.563880798192867E-6	2.0467237631812193E-5	0.3333346918789769	0.16662955542596844	
0.2499893115881302	1.83484462524265E-5	1.0150621861570555E-5	1.6928423014535605E-5	0.2499701672959585	
0.16665323874803986	0.08335747770419119	1.0599498443590338E-5	6.075297081255207E-6	0.24997570324472865	
0.08335575191529569	0.16666149284479476	3.7784509237254505E-6	6.327845461137505E-6	0.24997566305968136	
1.5293045213432703E-5	0.24999646137504491	9.259733711647864E-6	6.330026312744405E-6	0.24997556241832355	
0.1666566270872154	1.4334611427881543E-5	0.08334648592271872	1.6912116724356712E-5	0.249970289896058	
0.08332510761467168	0.08332811251089547	0.0833506948996482	4.2438826387462065E-7	0.24999864251682344	
5.7490670453417095E-6	0.1666340514603422	0.0833392926997228	1.0072605760559277E-4	0.24992691767853803	
0.08339931277781774	8.994956565263776E-5	0.16661186515168946	6.0087703821006436E-5	0.24984788210797138	
5.271805267842719E-5	0.08334637943377393	0.1666241649932209	3.963001075934549E-6	0.24997908424839	
2.3000014255166803E-5	2.2989562096780318E-5	0.24997778392588155	5.791911583911162E-6	0.24997470108906694	
0.16661879607177008	2.601549709535508E-5	2.99908422987982E-5	0.08335828327953478	0.24997161920199867	
0.0833191544202664	0.08333326980244682	2.5001460661498105E-6	0.08334951730669289	0.24999903025469336	
6.7707324497485955E-6	0.16665784779876724	6.3158376866050715E-6	0.083357511231161	0.24997675782624748	
0.08334008706801137	1.298645699701714E-5	0.08331932474336008	0.08335799248217043	0.24997532404165615	
3.397448064278896E-5	0.08332492130978804	0.08331423383076579	0.08335863142754245	0.24997402430199273	
2.1903346484491994E-5	2.1539110379052305E-5	0.16670746695582578	0.08327875634745238	0.24997460238738264	
0.08332869495250227	9.154349380998052E-5	1.5748250738678513E-5	0.16667349919454022	0.24989839042036704	
5.127815152742529E-5	0.08334709082821944	2.790578324331719E-5	0.16668869333466124	0.2498900553064857	
4.153000769411371E-5	3.930685345429947E-5	0.08342312306431346	0.1666028289420711	0.24990732512177768	
3.431747774474407E-5	3.124343646811754E-5	5.387134960388249E-5	0.24997983421439177	0.24990533588716918	
0.1666637376935783	4.057148115102408E-6	2.9286355115330746E-6	1.0407210303844352E-5	0.333325924507808	
0.08333490758654216	0.08333884452069731	3.0798250092696573E-6	4.054241001875048E-6	0.33332545314488643	
6.615744887944906E-6	0.16666564442657053	3.047949791865575E-6	4.986430652552166E-6	0.3333250810593421	
0.08334708090390343	1.251994145944572E-5	0.08331497510544425	6.0143509545743884E-6	0.3333248438541191	
9.235942964551385E-6	0.08330869339522289	0.08332707047757541	3.2749700640069794E-5	0.3333268185031597	
3.052850071092838E-5	2.8023821563473823E-5	0.16666660443499418	1.9260067261113785E-5	0.33325832151231655	
0.0833405625012049	4.025083137563464E-6	1.129523257435408E-5	0.08332534420552283	0.3333260331353686	
1.997003613029281E-5	0.08333384570359241	3.311646895375806E-5	0.08335614352688034	0.33326317810588785	
9.607203844159557E-5	9.969508843379035E-5	0.08336523221621704	0.0832468457675302	0.3331995442139962	
5.7095197465896514E-5	5.713216561146082E-5	6.302469793488327E-5	0.1666293472772403	0.33320033837437407	
0.08330502889595173	7.501397238970171E-5	1.78317151100562E-5	8.804784600754733E-8	0.4166069358685305	
9.510733661754401E-6	0.08334066646777677	3.778526734305027E-5	9.638884190656615E-6	0.4166053862197059	
1.623810763303499E-5	2.8918322083424703E-5	0.08334072811448026	9.45344619346658E-6	0.416611796288644	
1.2925809568005582E-5	1.217556184669637E-5	2.515057538472708E-5	0.08334868184940829	0.41660676790596934	
6.752607020013535E-7	6.546958438123671E-7	2.5440787474089297E-7	7.924913854430314E-7	0.5000015798440063	
