0.5002718303616387	2.147810264439481E-6	6.739727346310075E-6	1.9615248320623934E-6	2.6827888002120217E-6	
0.4170143325367745	0.0832154236569042	2.482675138362038E-5	1.2645548478579554E-5	1.5848820093259196E-5	
0.3335389230574481	0.16672341958674747	7.657849049436802E-6	7.292118672594171E-6	4.572228883344839E-6	
0.250129725782436	0.25014020922362756	2.351363306206407E-6	1.1724238066548786E-6	8.33972054732546E-6	
0.16684456227106573	0.33341993780693324	5.157068421096649E-6	9.824235139285507E-6	8.532129303666264E-6	
0.08317498349548606	0.417067500099728	2.3591097756557466E-6	1.3386203985859407E-5	2.313868833458301E-5	
9.425459823730655E-8	0.5002721541963636	3.891804750297557E-6	3.0146080116163307E-6	1.0536577288802334E-6	
0.4168266677562254	2.7750813763623693E-5	0.08340633658660618	4.911002003434228E-6	1.5983812968852694E-5	
0.3334016797679437	0.08344365822467938	0.08340690286198967	1.2608293930344362E-5	1.6317824361092843E-5	
0.25011674077527496	0.1667554037829947	0.08340590475773987	2.184224089095049E-6	7.756279253154028E-7	
0.16680517977781015	0.25013576426610407	0.08332859429817925	8.868220415025254E-6	4.372141100119558E-6	
0.08338740435099598	0.33352064317089897	0.08337271955983422	1.7860200534998444E-6	2.3865557305786606E-6	
1.1121720841719637E-6	0.4168891008204337	0.08336911068008139	9.163740318478951E-6	9.617420999621576E-6	
0.33350386678254557	1.0156575200989435E-6	0.16677870291125665	4.876372377830402E-6	3.3333831324874835E-6	
0.2500652805819365	0.08342224312581281	0.16678513011418744	4.351881658778756E-6	2.1434228852989603E-6	
0.16673767240504755	0.16673376321784295	0.16679891062162086	5.595685853824034E-6	6.172163898103311E-6	
0.08337087069490391	0.2501025457001386	0.16680450482725223	5.585124074951725E-6	5.920823016782125E-6	
6.784694646968271E-5	0.33355559159480547	0.1666329198192079	1.3363996652596384E-5	2.2669786872165356E-5	
0.2500938339034808	4.943081422660362E-5	0.25007367015991094	2.0544717770173455E-5	4.742129153811392E-5	
0.16673349069133062	0.08340534221822833	0.25013768027774264	1.8518979880297731E-6	3.5338128459654395E-6	
0.08339011224158564	0.1667424143719612	0.2501315327139228	4.4671032987058103E-7	1.4184690650760135E-5	
4.811547291020089E-6	0.2501173229621661	0.2501530207343203	3.1364068962253173E-6	5.18746007480512E-7	
0.16675163119855954	3.854555634791548E-7	0.33352568274782746	1.8580376402554982E-6	8.271127850843127E-7	
0.08337695055211507	0.08337673573958256	0.3335251483559676	1.73410657963015E-6	5.62855302535798E-7	
2.2305313544181777E-8	0.16675051429046175	0.33351890158351943	7.135932819950888E-6	8.43131505506428E-6	
0.08340569833053597	2.622771942772261E-5	0.41683678653855677	6.323726488702717E-6	7.996105247141805E-6	
5.544112554563375E-6	0.08327471446288605	0.41694443155871447	2.138855471072805E-5	3.47819385117078E-5	
7.418604661610541E-5	7.91874400039354E-5	0.5000895464837254	2.296852544485201E-6	7.463415063925316E-5	
0.41685804434737744	3.766797330074703E-6	2.954788716991047E-5	0.08338615221926764	5.52707332171225E-6	
0.33352844991030073	0.08336029841171068	1.6215305989616959E-6	0.08338942831827638	3.270953298380394E-6	
0.25012862289022547	0.16676332163632415	2.4749573879499786E-8	0.0833897126600693	2.74734291262749E-8	
0.16676724339594978	0.2501257487823166	1.503233534176068E-6	0.0833902305457937	1.0151059273196516E-6	
0.08338501078474168	0.3335131358025799	2.2861058189265225E-6	0.0833863963384767	1.0617634081851347E-6	
4.274825137119467E-7	0.4168850509385198	2.0614081147003017E-6	0.08338394809726728	9.497320299012765E-6	
0.33352050933357924	1.7336503794066185E-5	0.0833879257812271	0.08335279605922749	8.051346560685571E-7	
0.25011808264435476	0.0834196329520953	0.0833476190624883	0.08338841267482285	8.879693131839016E-6	
0.16674955415958892	0.1667455811415045	0.08339067181286093	0.08338793615078238	6.899192314465529E-6	
0.08338050457380583	0.25013517890754766	0.08336880321666021	0.08339090105756342	2.302647139758607E-6	
4.198149881793263E-6	0.333518572182506	0.08337088286636127	0.0833894560635821	8.714786803433635E-7	
0.25008995528436895	1.0111610594160878E-7	0.16679734405098076	0.08338825244979693	7.062218195951777E-6	
0.1667341256274198	0.08336810900267079	0.16678782145092308	0.0833891600070403	2.310828525127147E-6	
0.08335949182071618	0.16674236057352332	0.1667869714478733	0.08338846275283131	4.261762395220768E-6	
2.9492752125496564E-6	0.2501029550897775	0.16678540844765435	0.08338675766430223	6.198801347879675E-6	
0.16675907374418855	7.614212238512968E-7	0.25013187556426864	0.08338754708398857	4.03819076338648E-6	
0.08338014028939594	0.0833799212571378	0.2501322147536129	0.08338766021687358	1.052457601185838E-6	
1.986805544494825E-6	0.16675473699142843	0.2501384943622278	0.0833883294666519	9.678176190233147E-7	
0.0833842818830303	1.22939984783702E-5	0.3334946285195478	0.08338744830210729	4.0592076068974245E-6	
9.160959473414126E-6	0.08338627577117348	0.33349532751999994	0.08338735774812166	4.132129656728407E-6	
1.8266208068592473E-6	1.7505436169901595E-6	0.41688328882064635	0.08339181011328677	5.490144966815908E-7	
0.3335315256158369	1.7336372556758584E-5	7.867977175485467E-6	0.16673215227892318	8.259183893493436E-7	
0.2501092163320162	0.08343183719635867	1.7796875195163283E-5	0.16671157352574706	1.1540179366687625E-5	
0.16675407054689356	0.1667688287780805	3.760522780859902E-5	0.16671322858513066	9.225654128327241E-6	
0.08336478087158485	0.2501606904444729	3.422411307523058E-5	0.16671312242184597	6.223130631033852E-6	
1.3927610467730842E-5	0.33352790771966717	3.032844848774818E-6	0.1667372063959282	6.32453821542416E-6	
0.2502187049834926	1.124241000471953E-4	0.08326019604959801	0.16668278802536823	1.1041671331686371E-5	
0.16672936934506913	0.0833648570831229	0.08342732247489668	0.16675770545009125	3.978528146243437E-6	
0.08336977777961077	0.16676026433721092	0.08343524327400828	0.16671623598783056	6.23820638871142E-6	
4.596769664094244E-6	0.2501221888749539	0.08343323743370708	0.1667194847873317	3.420652024103792E-6	
0.16678339881708207	3.27877758349996E-5	0.1667478997817284	0.16671515421770727	4.877902023134982E-6	
0.08341347126213526	0.08340950852924002	0.1667667372074964	0.16668874207272338	6.2788976965622565E-6	
3.047767205779705E-6	0.16678623634390363	0.16676966523437384	0.16671859239195086	6.2432265827797115E-6	
0.08342590671102547	7.07913521744798E-5	0.25006641607924074	0.16671116526524585	1.0620218204321103E-5	
9.615648892637327E-5	0.08340027585760125	0.2500658110092648	0.16670903018560612	1.1786501384266028E-5	
4.355913782508388E-5	4.366902676302207E-5	0.3335037507213103	0.16667549136614113	1.1764336795782902E-5	
0.250137869458194	1.6606027039742029E-6	7.294197299767358E-7	0.25014148266996683	1.0407400950407462E-8	
0.16671721860632002	0.08342314041805707	2.346289508485065E-7	0.25012798891005233	9.50230983736729E-6	
0.08337544152465097	0.1667650550543005	2.3515096286234832E-7	0.2501281198209847	9.111529520380654E-6	
6.257325063982611E-6	0.25014918855399076	3.9784017975354235E-6	0.2501275924201161	3.4863189433328915E-7	
0.16676626764078445	2.0148540566290936E-5	0.08335190709153287	0.2501365284454535	2.5534465463816464E-6	
0.08337586036558549	0.08337824377163218	0.08338450128808347	0.2501372393575781	2.324121875597617E-6	
6.902820620836481E-7	0.16676190401570226	0.08338989758839738	0.2501397979138733	2.3627139973750367E-6	
0.0834006979474073	1.4090865107112693E-5	0.16673463959127824	0.2501323274916089	1.0086378532188697E-6	
4.0219193570521756E-5	0.0833929100120714	0.16677124051120448	0.2500639137423984	1.1242695555769982E-5	
3.636787806885898E-6	3.657959337809149E-6	0.25014039156815054	0.25013405770695274	4.6075560918971384E-7	
0.16675865269522316	1.1620685823809472E-5	3.853014618951869E-6	0.3334974217017735	8.902771310929655E-6	
0.08337826341395092	0.08338463316770463	1.0598171305379188E-5	0.33349515195020957	8.901693583765892E-6	
1.9967898468590604E-5	0.16680802929121988	6.329830585942782E-5	0.3334060176552818	9.443162276806195E-6	
0.08338434202600423	5.797015439589341E-6	0.08338490422850164	0.33349924945313464	2.0279478864909678E-6	
5.352065771931019E-6	0.0833854036052739	0.08338552081104074	0.3335017000106486	6.298057853117866E-7	
6.428525626426209E-5	6.70072246203985E-5	0.16674156339710033	0.3334029166980142	9.4279493303368E-6	
0.08339564000990399	2.0717454735270586E-5	1.4288106616289625E-5	0.4168433938080748	4.923270938238816E-6	
2.2922884442978624E-5	0.08339281458212051	1.4630171515665654E-5	0.41684210239384256	4.882990182737767E-6	
2.536170539826779E-5	2.3459127567765908E-5	0.08338084007617784	0.4168407530816503	1.1107654001786605E-5	
3.4421219333324113E-7	7.060094555759253E-7	4.2796198585336644E-8	0.5002762756328016	2.964632745258363E-7	
0.4169008690354742	6.047850623356781E-7	2.146275262221838E-6	1.5597220160979063E-6	0.08338045442244532	
0.3335106662513959	0.08339108671538027	1.6485329685977972E-6	1.8283799416517403E-6	0.08337916080305016	
0.25013324267245474	0.16676644826694237	2.163612992812601E-6	2.215104372931122E-6	0.08337872224455534	
0.16676613401953885	0.25013592765476916	1.9549552716378776E-6	1.2954780676774725E-6	0.08337649827715844	
0.08338637893158365	0.3335186179539918	1.2108471691587012E-6	1.5341575717389613E-6	0.0833807930193818	
1.2953401923615807E-7	0.4168981825031313	3.2048120616969364E-6	2.635052158593376E-6	0.08337998340160396	
0.3335058650049794	1.5190360523397164E-6	0.08339846160276439	1.1279997846471403E-6	0.08337524763974012	
0.2501387263264787	0.08340934705522263	0.08335058474870821	4.219296439105886E-6	0.08337848967348124	
0.16676180732179868	0.1667684043183627	0.08337222993427867	2.22148758630925E-6	0.08337883182633817	
0.08342311628643766	0.2501064132139491	0.0833728298979634	1.5007482349559283E-6	0.08337846403864496	
7.313264703263484E-6	0.3335204081556416	0.08337212839777418	2.563604408717451E-6	0.08337960951074562	
0.2501377958922232	1.6702746813877256E-5	0.16675113128953584	6.415332569636323E-7	0.08337620314893894	
0.1667868081421046	0.0833937382095762	0.16672118617746312	4.308582421179329E-6	0.08337612764981346	
0.08333926704049739	0.1667707376228594	0.16678826214417575	4.523648021376328E-6	0.08337876430493003	
1.7404555508013597E-5	0.25011584696983397	0.16676687829348938	4.831176529459607E-6	0.08337639973695189	
0.16676238752833078	4.989899350144964E-7	0.2501386807621629	2.9621416353971457E-6	0.08337909711366008	
0.08338238958920555	0.08338060908782063	0.25013876385674305	3.0593541214178462E-6	0.08337626469309814	
4.8888900099372474E-6	0.16675852233819038	0.2501395745336043	1.5005489392673552E-6	0.0833790495878825	
0.08335021212898523	1.6398626093505405E-6	0.33354981667106803	4.577140113843386E-6	0.08337651768842301	
1.1265628109142309E-7	0.08335152499655332	0.3335487875045473	5.903533110651951E-6	0.08337643196022368	
1.2962388965892145E-5	1.5541418264346473E-5	0.4168720652449487	6.046966792911712E-6	0.08337650058088109	
0.3335187639167968	6.310593285160978E-7	1.551077831491425E-6	0.08338174981809196	0.08337973955357604	
0.25010746657942207	0.08341647807213366	7.875008734566754E-6	0.08337311768174892	0.08337586344604916	
0.16676340504434628	0.16675698436311126	1.86333374546298E-7	0.08338208629835824	0.08337839995786354	
0.08341184185716163	0.2501112339928647	5.204856730293836E-6	0.0833722915134816	0.08337583626461789	
5.933872946836049E-6	0.3334833460673106	6.541251873839966E-7	0.0834149459874266	0.08337626948016091	
0.2501282247796939	8.757586377567847E-6	0.08338478631292252	0.08338238790911759	0.0833752632432056	
0.16675760217588181	0.0833790721065894	0.0833849009517752	0.08338190910830175	0.083379765027544	
0.08338800735408083	0.1667770795150764	0.08335354985304419	0.08338338080141644	0.0833794673533449	
2.733160173378076E-7	0.2501655498306763	0.08335379835737304	0.0833822087544401	0.08337957734591211	
0.1667768044989592	1.1401753213248616E-5	0.16673462105932318	0.08337980659251229	0.08337827516390993	
0.0833939707251265	0.08339380579449202	0.16673413324128455	0.08338422260853838	0.08337650704332161	
2.2124433225824225E-7	0.16675797279241267	0.16677727960925906	0.08337398875684944	0.08337762546999886	
0.08340840564612197	1.845879482941763E-5	0.25010744373699756	0.08337396698368026	0.08337613725985146	
2.2238604375005736E-5	0.08340478698744727	0.2501055755284409	0.08337348246668058	0.08337570970380236	
1.3481392517472284E-6	1.4204745041605086E-6	0.3335303211263524	0.08337365942614612	0.08337692057371006	
0.25013732272270384	2.9425822535533995E-5	5.878733874347543E-6	0.16673416875346164	0.08337675999683694	
0.16676931015758337	0.08337037455797144	1.3087757388656032E-6	0.16677201181590393	0.08337800899821156	
0.08337514237809827	0.16676043441232913	4.081519526502914E-6	0.1667711217325527	0.0833791453619775	
2.158699522830728E-6	0.2501322198641545	1.9892299980650273E-6	0.16676806846977094	0.08337771578712175	
0.16675596004831375	1.1909999086856528E-6	0.0833883208852207	0.16675733735390386	0.08337997583978994	
0.08338049752354225	0.08337726638052424	0.08338641755550885	0.16675753568726748	0.08337722310902836	
3.876044000702179E-7	0.1667594836717257	0.08338739627148879	0.16675898229121608	0.08337811156728037	
0.08339073269838021	1.408925041998891E-5	0.16675249295454833	0.16674792430660437	0.08337544394529864	
2.326864746442831E-5	0.08342293937092143	0.1667117413649951	0.1667475449924222	0.08337546088272166	
1.2568261842861487E-5	1.2570782351846803E-5	0.2501325092880825	0.16676655181112543	0.08338245261307393	
0.166761592105376	2.0301355910536737E-5	4.5286330871871866E-5	0.25007810462325814	0.08337185040354347	
0.08336373993182292	0.08337096106937897	1.931303452026205E-5	0.25015099443190103	0.08337638712564811	
2.138162957586303E-5	0.16676057161965488	4.420619579199164E-5	0.2500760093687011	0.08337582043327567	
0.08340195185121341	2.784461991231947E-5	0.08339561276727955	0.2500786957382941	0.08337610114080952	
6.693042158709299E-7	0.08338825993132366	0.08337113598209889	0.2501498798884769	0.08337722061277762	
8.318317483081997E-6	7.934807988881103E-6	0.16673619684218868	0.25014899544838265	0.08337790185020885	
0.08338069380855714	2.11742957779452E-5	2.1889604755761053E-5	0.3334800977043409	0.08337472157573378	
1.7762246300083322E-5	0.08338310398964208	2.2801936163112922E-5	0.3334797397870819	0.08337671710022816	
1.4957151162638672E-5	1.5030561264123472E-5	0.08339302218691601	0.33347706520887155	0.0833771271806865	
3.3037923688671126E-6	3.2983749353043227E-6	1.308402189364012E-9	0.4168964317549965	0.08337807183283491	
0.3335280601360171	3.9523071738164025E-6	5.42937416781697E-6	1.2092109543348964E-6	0.16674580719604026	
0.2500160150013091	0.08350394852386775	1.6185327548157388E-5	3.4583351901179192E-6	0.16674163681816892	
0.16675483656441	0.1667696775681666	1.1119491241279911E-5	4.4011986503585815E-6	0.1667559581108064	
0.08341050432728088	0.25010920275404747	1.1455111626399279E-5	6.535869446863477E-6	0.16674319636305127	
8.429643485556262E-6	0.3335193167024067	3.2324318679044044E-6	6.7050728646861E-6	0.16674323988480466	
0.2500958318984666	6.663802060315001E-7	0.08342644888939381	3.4676670027783066E-6	0.16675769294387802	
0.16676525944353338	0.08338277257567944	0.08337546589854126	3.38382321239938E-6	0.1667564067778544	
0.08341534771387227	0.1667375084585801	0.08337716925472696	7.836007041245214E-6	0.1667436710086934	
5.1051399966728794E-5	0.2501424194759849	0.0833373453848908	7.858487623039794E-6	0.16674375976189149	
0.16674747233050113	1.8330488016547283E-6	0.16677188355440764	3.4743063556261354E-6	0.16675525946716988	
0.0833770639958109	0.08337689676160519	0.16676979960483082	2.5636535450226285E-6	0.16675575119624056	
2.434548262774824E-7	0.16674738593539035	0.16676709074571	2.0399294330279102E-6	0.1667609382993438	
0.08341014189099914	1.7295437883168964E-5	0.2501088055283899	8.630746818209423E-6	0.16673862621348673	
3.6921000054462315E-5	0.08343891087189195	0.25009018436622815	3.520147616277216E-6	0.1667598505261772	
1.2225513330306678E-6	1.3556767731471117E-6	0.3335167004700407	1.2990321272951899E-6	0.16676129327532876	
0.2501429541501706	7.480658149942286E-6	1.2137120034296993E-5	0.08336335384249097	0.1667569371053428	
0.16675674050054037	0.08339111581070782	1.2235357602652782E-5	0.08336252681710471	0.1667539618232331	
0.08334145100489868	0.16680547192287473	1.5930381216461818E-5	0.08337393834871766	0.1667481586736232	
1.6130632009027037E-6	0.2501510768710273	8.301952459424438E-6	0.08337360568321195	0.16674720877227323	
0.166800245694354	4.998181771208961E-6	0.08335939083290778	0.08336300950313265	0.16675782226069458	
0.08340748020948698	0.0834043251340467	0.08335041723772263	0.08336195171879072	0.16675559078500685	
2.81524431901304E-5	0.16678393823367121	0.0833573025680954	0.08337532278817265	0.16675861980931483	
0.08340585421375744	2.923730753079462E-7	0.16675411153326097	0.08336154317705569	0.1667619082107817	
1.0431880919806398E-7	0.0834126708587292	0.16676575367949723	0.08336738654793066	0.1667375023900444	
8.10221727676536E-6	8.58177050655318E-6	0.2501414054353903	0.08336056689918322	0.16676031354635984	
0.16676211437814986	1.6634014549291772E-6	7.792289200529463E-7	0.16675902047719357	0.16675483096248817	
0.08338846104557612	0.08338553143443417	8.300905006915043E-9	0.16674766794461388	0.16676104983130294	
4.489205868378034E-5	0.1667647640323735	4.700971164480588E-5	0.16668559669986327	0.1667461049183544	
0.08338463482183596	1.1318827817795666E-6	0.08337766880495441	0.16675520172234057	0.1667609894868006	
7.085893084330039E-8	0.08337408054208238	0.08338210376637058	0.16676293256043065	0.16676068373610076	
4.939883380780825E-5	4.935913800902269E-5	0.16676007696395004	0.1666878991592068	0.16674786115433243	
0.08335027054840553	1.163470769714801E-6	3.1671730722067226E-8	0.2501697978374858	0.16676175960835726	
3.802926242366551E-5	0.08349560308374844	3.059748056813322E-5	0.24997343239481754	0.1667433254364723	
3.387160708391564E-9	2.203488405728023E-7	0.08335809957107103	0.25017882073276504	0.16674216323205146	
2.344099496773219E-6	2.363711526677494E-6	2.6323116035753976E-6	0.33351404023361364	0.16675993527659225	
0.25014526979638174	4.16355034122519E-7	1.9124191372203615E-6	6.581472655403172E-7	0.25014549129169805	
0.16676814073640714	0.0833709518048678	1.893910548748359E-6	2.5127808494989924E-6	0.25014106149524135	
0.08333118903752564	0.16678581116505567	5.779541573601141E-7	4.794761628644798E-6	0.25016038422923986	
4.10284458123135E-7	0.25005359954061623	6.251334528828506E-6	8.284252084505874E-5	0.25013941344546753	
0.16679340797772907	4.846941658810841E-6	0.08334323897177327	3.0593660225773183E-6	0.2501419900331117	
0.08339981199786276	0.08339371843823729	0.08335357133429247	1.096464176970112E-6	0.2501406037472709	
9.624086479160058E-7	0.16675222613702137	0.08339484914858142	4.219995148252438E-5	0.2500886544032328	
0.08338700785174441	2.8760230814603408E-5	0.16677711743708132	4.4535847845088185E-6	0.25008565543928507	
7.272159496312834E-6	0.08341526759913746	0.16672105866063336	4.427403332740705E-6	0.25014018517797654	
1.2424627476912053E-5	1.420731196676083E-5	0.25016197381490823	3.556996048698044E-6	0.25008940797162654	
0.1667489611285933	7.049160026541693E-7	8.912051025543602E-7	0.08339331574771695	0.250140006470162	
0.08337556978124643	0.08337539594879585	1.3915945296339323E-7	0.0833892771793619	0.25013662072642207	
9.118835094714211E-7	0.1667450281171487	6.8923082959181695E-6	0.08338950441114718	0.2501386462176158	
0.08337329817791667	9.135516484779417E-7	0.08338201584332955	0.08339236783192323	0.25014481891615525	
1.6573608702787684E-8	0.08338027980332186	0.0833714084129591	0.08339010716280815	0.25013803516065136	
4.8649845676630785E-8	4.925396707196428E-8	0.166749260285551	0.08338840762228644	0.2501559977881066	
0.08340344315929926	2.1113857995949495E-5	7.065143873350373E-6	0.1667094573835977	0.2501373316372535	
4.5454095968682813E-7	0.0833870654601021	4.954006752563041E-6	0.166755932178485	0.25014465528812185	
7.952684171687824E-6	6.842555964317983E-6	0.08341922722504046	0.16671449116018738	0.25014498994914725	
1.775625812130587E-6	1.7755621565995786E-6	1.968345907423997E-6	0.25013800490920496	0.2501356659069576	
0.16676816444778153	1.587110632045122E-5	5.591877721253581E-5	2.7907120833910995E-5	0.3334233580208325	
0.08343064408811562	0.08337311230023087	3.394778146200091E-5	2.7127450852402578E-5	0.33341971156293204	
3.4302903016590924E-5	0.1667492658074484	5.5896121079080906E-5	2.7550470877194596E-5	0.3334240504242107	
0.08338337170918436	2.0902399797756236E-7	0.08341964069995891	5.997693595581946E-5	0.33341676629137973	
1.3803073762051891E-5	0.08337771125127412	0.08342784730675994	4.154029265492599E-5	0.3334200110848474	
3.8525090602503205E-6	3.87106805000289E-6	0.16675594114223327	5.287264706152161E-7	0.3335181454600407	
0.08338973152878366	3.4275763384457243E-5	1.7281789167172595E-5	0.08335998557624018	0.3334882123462596	
4.780822033604399E-5	0.0833986781123254	3.544765202436352E-5	0.0833812137443118	0.33341551716722734	
4.4236590920808394E-5	3.2426176449325275E-5	0.08339367983174831	0.08338939599546526	0.3334178082937772	
4.7747382400864536E-5	4.7533414635996965E-5	4.974164081545282E-5	0.16672177984249503	0.33342359154415074	
0.08342231082329422	4.3271109997746297E-5	1.6402226792837792E-5	5.000082078110211E-5	0.41676165243573815	
3.9462429538484374E-5	0.08341102865674632	2.955484183355255E-5	4.1516206081856326E-5	0.41676276752588276	
4.417068223115797E-5	3.238004391586798E-5	0.08341712706349914	2.184340343515615E-5	0.4167666961341597	
1.441479896656106E-4	1.2548497577852816E-4	1.166474948792504E-4	0.08340054415754444	0.41649695880120713	
1.2979254353853715E-7	2.7999841821563884E-6	3.0155648943484117E-6	2.793079370116802E-6	0.5002830447107105	
