0.49998098252744994	1.4450364522758536E-5	1.3835977868986367E-6	2.049727275345924E-6	2.3890176812418978E-6	
0.4164766119662741	0.08346507332130502	2.5056362141927423E-5	1.177230024019232E-5	2.641291237906107E-5	
0.3333445091541622	0.16664585910265145	1.5084163827469469E-6	5.147134119005267E-6	4.369225484787143E-6	
0.25001261264743	0.24998147457924583	1.7872387930787241E-6	2.1777977605880277E-6	3.2178147688545475E-6	
0.16661023268899838	0.3333628617084602	1.6073962496671214E-6	1.722722254823214E-5	9.364837167955271E-6	
0.08337540363014416	0.41661466156338184	5.293710310940768E-7	2.8624817527827063E-6	7.805471780123518E-6	
7.797252083402171E-7	0.4999842472674383	1.2293942227145094E-6	1.4997637926431164E-5	5.087033010448112E-7	
0.4166691081203471	2.6426690080644176E-6	0.08332734849963687	9.061623724701994E-7	1.3000662850180895E-6	
0.3333477899244335	0.0833219600147894	0.0833269534124209	1.6919944913008787E-6	2.771907314323009E-6	
0.24999264127540172	0.16667683246396559	0.08332689091134558	1.678987251091289E-6	3.061377937014444E-6	
0.1666704585341532	0.25000435826320055	0.08332500423396558	6.329898778496614E-8	1.1453268524950449E-6	
0.08334420712207934	0.3333250517404852	0.08332705285102418	2.1694087790823584E-6	2.560733300602239E-6	
2.4727760698053862E-6	0.4166673370359946	0.08332694312419442	2.190564284593125E-6	2.5567800230326767E-6	
0.3332757436492718	1.933334288208014E-6	0.16670189998630724	1.1988235661935795E-5	1.0122306156722211E-5	
0.249935384431627	0.0833869552364378	0.16666083615374466	5.2340762168441764E-6	1.2878752493338234E-5	
0.16666399135330928	0.1666618208738997	0.1666729923934563	9.8649762047911E-9	1.9902832766807224E-6	
0.08333501235525163	0.250001006016069	0.16666434931962848	4.933999716233003E-8	5.232129808438515E-7	
1.975952501324161E-6	0.3333361482058965	0.16666215660357836	4.5861643993706727E-7	2.5518335011365754E-7	
0.2499974731611721	8.904058424368162E-5	0.24989217305739142	8.439861767365704E-6	1.3894353806362095E-5	
0.16671666194376675	0.08330309602407018	0.2499686856276331	8.186715749383996E-6	4.411851847538092E-6	
0.0833296041532089	0.16671778247899013	0.24992971176865697	1.3697942854286646E-5	1.011572151305992E-5	
1.781747779910838E-8	0.2499787054959674	0.2500192472494931	2.142195348262762E-6	1.9467569384525324E-6	
0.16671656372978566	8.07667327685419E-5	0.33316423560946035	1.3696955047690458E-5	2.5713166730183766E-5	
0.08330252983809257	0.08330189544545565	0.3333801241061444	8.030928524448923E-6	8.213748151122989E-6	
1.233098153758655E-4	0.16667257501135035	0.33316134806830927	1.3321551134120798E-5	3.0312016065653948E-5	
0.08335633067367704	3.9640707107965354E-5	0.41659469868633203	6.762471948475526E-6	3.5410729255368387E-6	
3.8691105717517605E-5	0.08339768736670948	0.4165425776446804	6.761620967907014E-6	1.5233283497324504E-5	
1.251118316584211E-5	1.1189146569500364E-5	0.49993279741821256	8.689442729860806E-6	3.5922739780855246E-5	
0.41665632301193317	1.4164410141757231E-6	1.0732286011081698E-6	0.08334146739737325	1.1471053157174133E-6	
0.33332908125803856	0.08332951903589886	2.0978431089029247E-8	0.08334147640666602	1.3007045077679318E-6	
0.24998866070625206	0.166669745732382	5.186545975300454E-8	0.083341397292575	1.1442678778910364E-6	
0.16666430158944628	0.24999512331938195	4.0871056036077757E-7	0.08334056909866745	4.88595855509816E-7	
0.08334200713293966	0.3333162519168709	7.733963445790905E-9	0.08334025435204168	2.6022656894308475E-6	
6.650977698009377E-7	0.41665826454712424	1.6379229246789442E-7	0.08333949240722553	2.5544414537063064E-6	
0.3333231940280462	2.991086811900355E-7	0.08333350069889833	0.08334259532968566	1.5666850372975352E-6	
0.2499914501485987	0.08333266493617181	0.08333365891103857	0.08334155295609415	1.7742828890324337E-6	
0.166659716913864	0.1666575863686497	0.08334142613987972	0.08333972635310133	2.3901117765868906E-6	
0.08330711968631074	0.2500100621489949	0.08334125541328281	0.08333977304585011	2.882606087103199E-6	
1.2672103587726792E-5	0.333312354427124	0.08333336965318061	0.08334026276378076	2.4782487528312524E-6	
0.24999239379905006	1.4545727913683592E-5	0.16665036792312643	0.08334144367959015	2.3681164376841736E-6	
0.16666394702905304	0.0833438484588979	0.1666509278437856	0.08333976138134744	2.3679111094573412E-6	
0.08330865015776666	0.16670218896992786	0.16664540817742407	0.08333933567008335	5.231957808024868E-6	
1.0309015027708044E-5	0.25000286543760153	0.16664521279143119	0.08333980613965418	2.7166086335671142E-6	
0.16666979135279608	1.3952978790821523E-5	0.2499708145818175	0.08334043985058336	5.971657177932513E-6	
0.0833424461689958	0.08334184399524355	0.249974370683083	0.08333974740228624	2.371859613121887E-6	
1.4110408739713292E-5	0.16667027067780718	0.24997177234323287	0.08334024670127553	4.45910136318872E-6	
0.08334736958556681	1.4176259120747264E-5	0.3332968135297712	0.08333967744814312	2.7373828534234968E-6	
1.602630686553497E-5	0.08334284646786744	0.33329871930062943	0.08334053577159188	2.7760246454459808E-6	
3.0600815552036564E-7	2.4535354625657206E-7	0.4166507318297621	0.08334711566688517	2.502434691141422E-6	
0.3333162608364409	1.2059984618424725E-7	5.139200826185276E-10	0.16668012358568818	4.63021764037258E-6	
0.25003789537204213	0.08336960901353226	4.463492377714543E-5	0.16653514344178444	1.3956884635846728E-5	
0.1666400923924713	0.1666662565097821	7.4147362038578085E-6	0.16665731173555728	3.145365270683866E-5	
0.08333544325380875	0.24999577976514012	2.9129230262303256E-6	0.166666698194131	4.828158844878311E-8	
4.2419226388571676E-8	0.33333284887786196	3.5362464706654416E-7	0.16666734362629285	5.080625517674879E-7	
0.24999357843537126	7.489786039636216E-7	0.08333711347725895	0.16666863300273413	7.09898662513801E-7	
0.16663051417044963	0.083369064218713	0.08333562506379556	0.1666637966457878	1.7910821970140857E-6	
0.08331082532937903	0.16668430174944343	0.08334248715445756	0.16666127749107426	1.9662856643354164E-6	
6.442999448632937E-6	0.25001903844298284	0.0833411033473974	0.1666307636247205	3.8418269115185935E-6	
0.16668384693338817	1.0102110215280886E-5	0.16666360098048394	0.1666383570838598	5.907852723425011E-6	
0.08334948851921546	0.08334900752575937	0.1666407264481966	0.16665976184584808	1.9798120949879645E-6	
6.683705882999119E-6	0.1667362955279408	0.16668893382459787	0.1665601324573935	9.06381601116826E-6	
0.08343259891344047	1.391296425858188E-5	0.24995856518275955	0.16656585072353688	3.126616591508904E-5	
2.3095979399370516E-4	0.08334535240970514	0.24987919615733636	0.16654407687108613	1.376339589808729E-6	
1.5093181116694751E-7	1.3339136161237607E-7	0.33331412765516066	0.1666842821181183	2.730307431962483E-6	
0.24999824126536566	9.806880652196212E-6	1.8718201182518052E-5	0.24997170514509995	4.092396845150031E-6	
0.1666823310413808	0.0833248011466855	6.764730373813377E-6	0.24998147418119523	5.8488332304853874E-6	
0.08331133168321439	0.16669131525703104	1.398045946383898E-5	0.24998110786774094	3.7635732013490677E-6	
7.277712760256667E-6	0.24999018231800385	2.0404177286425435E-5	0.2499827715027987	2.7673254035516985E-6	
0.16667188375142034	2.9778282614509813E-5	0.08331565359011457	0.2499820024705173	1.97900198562625E-6	
0.08335070987204163	0.08335033331860583	0.08331621430651455	0.24998194286938819	1.9790015196572617E-6	
2.3550926296481728E-5	0.16666859579838528	0.08331669986027687	0.2499734992025633	1.8651541586281435E-5	
0.08334876979896122	2.8718522540314795E-5	0.16667370860826913	0.24994715500895037	3.273051332567956E-6	
1.9371409646317757E-5	0.08334378125890929	0.16665263687828374	0.24998300083529293	2.1647299904588076E-6	
2.7801755320538064E-8	5.893281596655275E-7	0.25001676588821986	0.2499813916566967	2.0531714488801586E-6	
0.16665068409983458	1.2417054925079652E-5	7.190309793849436E-5	0.3332478866757164	1.839722476955168E-5	
0.08329426604172653	0.08330375704008053	7.014504187781102E-7	0.3333839205802778	1.8275817761742135E-5	
5.232415859758676E-5	0.16665800160213803	1.0456705535665135E-4	0.3331864200098328	2.925661608018392E-7	
0.08340001405478598	8.736175444741451E-5	0.08330365384318657	0.33319027006015356	1.9565490802067987E-5	
8.63048430920947E-5	0.08338703804290779	0.08329106291776502	0.33321815790670967	1.830890452789537E-5	
5.8235286138186733E-5	5.7045614308717624E-5	0.1666492126899802	0.3332187030287689	1.8191380874419107E-5	
0.0833300523836811	3.917233437161748E-5	6.794449079125019E-6	0.4166114896208285	1.3936245554687407E-5	
2.3412106298118456E-4	0.08337277945139929	4.4563383827899206E-5	0.4163145336688958	3.614293427195102E-5	
1.9073826694377785E-4	1.9114276384293226E-4	0.0832723949103525	0.41632844529166846	1.8225242446114873E-5	
2.489627852071231E-6	2.486098332737045E-6	2.1452348368611678E-6	0.4999922440306451	2.015457732451063E-6	
0.41666465974880407	1.426915998096299E-6	1.1609561522802378E-6	1.4622909113983796E-6	0.08333274611676517	
0.33334463932007397	0.08332114880621382	2.231668154700222E-6	4.374651023706306E-7	0.08333270118956952	
0.2499875847415525	0.16667655054186944	3.853612661933998E-6	4.401074240233349E-7	0.08333265371343047	
0.16668511163907826	0.24998221201208698	1.0059320727010463E-7	2.0758784879526506E-6	0.08333171963352436	
0.08334383235542916	0.33332354030425754	4.4620753047340016E-7	1.2757287203308387E-6	0.08333230096737186	
1.862577144559077E-7	0.4166678713248818	1.0058753064622228E-7	1.7781963639290247E-7	0.08333277737461513	
0.33333194577780983	4.475376685376369E-8	0.08333570531886822	5.48139429410188E-7	0.08333259611952995	
0.24999502592900508	0.08333696816991547	0.08333563312791571	6.482631503404601E-7	0.0833326019772234	
0.1666686227702678	0.16666417539039566	0.08333537498021583	4.1460199590477196E-7	0.08333265867516029	
0.08333307267600135	0.25000007583004497	0.08333538917808117	6.713180744366049E-8	0.08333223701884475	
1.8782549078961216E-6	0.33334292776068125	0.08332194351086208	1.826957407332046E-6	0.08333254044264829	
0.25000440937002977	1.660899555110179E-5	0.16664326788060177	4.028069510437028E-6	0.08333259335193685	
0.16664142993700462	0.0833648457475099	0.16665997966092244	3.903071134077853E-6	0.0833307315021455	
0.0833427483770036	0.16667462931893143	0.16665012771213458	7.696619619512743E-7	0.08333281191278331	
9.61390333175675E-6	0.25000766843770406	0.16664891676776417	1.963480251463299E-6	0.08333276433286557	
0.16667033178045554	1.7219848602669108E-5	0.24997801142926432	3.843505589735764E-6	0.0833315895102886	
0.08334409752035296	0.08334328084033757	0.24997986291752117	2.0794263404963535E-6	0.08333153511899317	
7.448526090964536E-6	0.1666792760242267	0.2499789388567161	2.263710660207041E-6	0.08333293027277579	
0.08337744357010317	4.644998458500262E-5	0.3332400120457283	7.22665294650264E-6	0.08332978518822645	
1.83815980290789E-5	0.083342446244601	0.3333065387488381	2.1112920632610946E-6	0.08333164402561193	
1.3571372564311192E-6	1.3336894151978134E-6	0.41666539700206184	1.2076507775010369E-6	0.08333157901283421	
0.333331114626868	4.6550811391921463E-8	9.223910365304901E-7	0.08333646552576056	0.083332665526061	
0.24999341134313374	0.08333785717325604	9.223510733442126E-7	0.08333669922794182	0.08333209475190982	
0.16666729862346302	0.16666553113792393	7.534046522731465E-7	0.08333505539274708	0.08333241404996947	
0.08333621329579753	0.2499987243353769	3.2740377661900124E-8	0.08333347082170546	0.08333253166484761	
1.2211809338844615E-6	0.3333349326301316	1.859513592700778E-6	0.08333042084775501	0.083332535138263	
0.24999463291514015	2.6024322084097774E-8	0.08333722311548306	0.08333642610981937	0.08333258420829968	
0.16668278519073404	0.08332201497780312	0.08333744860946651	0.08332633494311996	0.08333234633637403	
0.08333671558079866	0.1666627976179839	0.08333551923184863	0.08333348633355185	0.08333237946273202	
8.04041186106109E-8	0.24999484477352515	0.08333854738091999	0.0833351181095515	0.08333233649356549	
0.1666743729530319	1.3698950721036045E-5	0.1666540513190021	0.08332665436367437	0.08333256911925091	
0.0833355883202327	0.08333471294879931	0.16666440003725416	0.08333341146581426	0.0833327383037316	
8.064236114775024E-6	0.1666850414862729	0.16664198020367738	0.08333327539517588	0.0833325174691329	
0.08335914548746257	1.0347757846928064E-5	0.24997133558702328	0.08333080077952647	0.08333011411712414	
1.1415305218797168E-5	0.08335643415754183	0.24997064296159435	0.08333008158915146	0.08333254014259428	
5.188019629569167E-7	4.4287887247646523E-7	0.3333328849955321	0.08333552419062466	0.08333178364393914	
0.24999348060385992	1.7268513880623496E-7	1.7728890237074035E-7	0.1666747965701756	0.08333258818691151	
0.1666751661077768	0.0833222042383065	1.0497585628321738E-6	0.1666703139303819	0.08333242121775432	
0.08333539251715356	0.16665958287881502	4.090068163116144E-8	0.1666737952522878	0.08333226982849405	
3.959544231740428E-8	0.24999475591652784	1.2325385013900347E-7	0.1666737441551914	0.08333234533424537	
0.16666086341827774	1.4947394509467323E-8	0.08333293488165694	0.16667476471192375	0.08333238962702481	
0.08332665037621105	0.08332625715069793	0.08334183432967891	0.166673565051607	0.08333248811478591	
6.779994454296587E-8	0.1666529076804959	0.08334186795443725	0.1666736458032279	0.08333231858445878	
0.08335364563102975	3.265945213656619E-6	0.16663743996591093	0.1666748395233663	0.0833319710918719	
1.9001022131768453E-6	0.08335406357049974	0.16663798188832502	0.16667489902473862	0.08333204493334843	
3.071178404395928E-5	3.2275987046312636E-5	0.24993202694651134	0.16667359154676803	0.08333238457779424	
0.1666694881718317	8.453704126548424E-6	1.3903206315907195E-5	0.24997745283345468	0.08333221414186136	
0.08332254071834223	0.08333204274201099	3.598960145306686E-8	0.25001417694584843	0.08333237075328537	
2.6394455556193445E-8	0.1666546591211276	9.139580895642673E-8	0.25001419881662496	0.0833324037912817	
0.08331464462478726	1.1037356183711951E-10	0.08334062267689823	0.25001351373537745	0.08333223436268396	
1.318985726539183E-8	0.08328079212470849	0.08337397130906306	0.2500141983849247	0.0833324036473914	
1.4422010880651225E-4	1.4313441869788905E-4	0.16662254804011545	0.24976274599401704	0.08332886284722783	
0.08335495853334522	2.912132626699333E-5	3.660189666506551E-5	0.3332487158635173	0.08333229108995527	
4.188366029129056E-5	0.08335246858071048	2.7011284390103344E-5	0.33325131370079464	0.08332883944371429	
1.7082605564438312E-5	1.708817277867023E-5	0.08332891359262234	0.3333081149874673	0.08332959102026308	
3.854977555791061E-6	3.463820877834219E-6	3.829740812154331E-6	0.4166577843874027	0.08333232531410759	
0.33333036392272763	5.456225572406898E-6	6.470078711944778E-6	7.849801038291857E-6	0.1666513073553184	
0.24991379249972884	0.08342376830820769	2.2563702986063913E-5	2.136520616168008E-5	0.16661981511253782	
0.166657309548759	0.16665551006063248	1.1666794714952605E-6	8.412987454431104E-8	0.1666880320060745	
0.08332872221424907	0.2499762619332838	2.8480368922356655E-5	1.6348015619409252E-5	0.16665169735463	
8.747199066967238E-9	0.3333132314149829	5.541189292239697E-8	1.3574668206800342E-7	0.16668742587364735	
0.24999695605327246	4.4540807953832224E-6	0.0833397683653782	8.139186947920936E-6	0.16665231730281674	
0.1666398278705982	0.0833600192613472	0.08333888982962671	1.7365641582030702E-7	0.16666213731339816	
0.08334340602798775	0.166675961715022	0.08332760811559962	2.2964704218386416E-7	0.16665421990942333	
4.7078403650975916E-7	0.249998010260937	0.08333965745027803	1.0774480512304928E-7	0.1666626544654091	
0.16666953816276975	1.801283202111083E-5	0.16665668520248775	6.018389263846701E-6	0.1666512959433398	
0.08334313168145398	0.08334422072675511	0.16665351016638758	4.060655795941427E-6	0.16665637868089725	
7.5839016805232195E-6	0.16667241987187886	0.16665165825444664	6.882785730221601E-6	0.16666236307225235	
0.0833519383056078	1.8051621146125837E-5	0.2499713554594984	4.358066907218108E-6	0.1666562972373426	
1.0668779015457414E-5	0.08335976677764494	0.24997269160829544	4.353919199710246E-6	0.1666534149443403	
6.1450552278869106E-6	6.387375369883226E-6	0.3333294011993647	5.814269855615212E-6	0.1666531949625478	
0.2500072385740771	2.5575784350501996E-5	7.835814943277712E-7	0.08331641153655833	0.1666512411679522	
0.16670747949343187	0.0833179245375518	2.1611285212032255E-5	0.0832936113776139	0.1666605588775648	
0.08334940361645858	0.166683793025669	2.1848661369730362E-5	0.08329478328140565	0.16665208136485093	
1.1993358195025117E-5	0.2500167194475009	2.129562096087521E-5	0.0832896585493053	0.16666137061955846	
0.1666685416902634	1.7166404064132442E-5	0.08336588814397379	0.08329383602309488	0.16665637153660365	
0.08334620507064416	0.08334544648356232	0.08336276706133902	0.08329511105155012	0.16665232219983087	
6.375066221695072E-6	0.16664720454508705	0.08336039346735699	0.08332504704754855	0.16666207165551736	
0.08334407547670505	7.547851586279768E-6	0.16669690344020593	0.08329892081597559	0.16665344594406722	
4.966427726022824E-8	0.08331385998367616	0.16664910751672973	0.08337586384277723	0.16666245556348241	
1.702175535358755E-5	1.7317048314831282E-5	0.25000456786910347	0.0833087979211159	0.1666531564148876	
0.16666479465186507	2.451726934547675E-7	1.508614780066859E-6	0.16664845958318258	0.16668606222332633	
0.08334696549996873	0.08334618161411986	3.3373178698298417E-6	0.16664245229453847	0.1666622402606775	
6.754543870106821E-6	0.16668045501833106	1.4358612641327006E-5	0.1666475344216966	0.16665175139620408	
0.08333745352720606	3.354648212540539E-6	0.08332295274030672	0.16665405450269644	0.16668346830270764	
8.683485178661251E-6	0.0833563349726303	0.08334768348687539	0.1666551170551604	0.16663319671770974	
4.68397017246416E-6	4.912458019681157E-6	0.16666821010780417	0.1666606187997793	0.16666254543924033	
0.08334536929005366	4.6801250021983905E-6	1.953121167938519E-6	0.2499635035596345	0.1666863087017428	
1.6143814451963792E-5	0.08334339906144596	5.929899994769761E-6	0.24998546677256311	0.1666508645554771	
3.162838386493131E-5	3.171945851330576E-5	0.08335532910128411	0.24992743885817492	0.16665539997126977	
5.316529342339792E-6	5.308564918288671E-6	5.635913769496306E-6	0.33332953162568346	0.1666550581920518	
0.2499786449012818	2.7427208333980777E-5	2.9793534241119324E-5	1.176949557382912E-5	0.24995468346583258	
0.16664855615472227	0.08336437328427072	2.2705312394224537E-5	1.1982355846911402E-5	0.24995398270060756	
0.08334172739622202	0.1666690706194385	6.63960500369269E-6	2.945621986100077E-6	0.2499810936134094	
1.0180610454602462E-5	0.2499899679184273	1.6201059152047636E-5	1.3553583463092401E-5	0.24997254168468705	
0.16664808751609259	7.795975248330016E-7	0.08335187537112652	2.0854627871249052E-5	0.24998042560155873	
0.08332703803273149	0.0833289011523872	0.0833554128017535	6.923485824050809E-6	0.24998333890242624	
4.722362104883378E-5	0.16662845838624427	0.08336529219071105	6.040281257496944E-6	0.24995441155482914	
0.083349449953865	2.4874730837602475E-5	0.16664109203088426	7.155559586852959E-6	0.24997905443044094	
1.0082371915974863E-4	0.08343253731510626	0.16655855464287178	8.674956855615584E-5	0.24982310795260537	
2.4639795452772728E-5	2.23775741715147E-5	0.2500174927980711	1.0306321782811267E-5	0.24992738087978614	
0.16666901173926454	3.77074367742603E-5	4.116118068336979E-5	0.08330002636416299	0.2499542978622531	
0.08336509248857679	0.08336421341231393	7.151814829831764E-5	0.08326604155320602	0.24993483777610986	
4.961317194404994E-5	0.166646690170058	7.141937084150489E-5	0.08331017624306093	0.24992364699510716	
0.08329792635780965	8.1031720125406E-6	0.08335589671620436	0.08335897108375978	0.2499811148005427	
3.226566709515558E-5	0.08340801811130275	0.08333508914477523	0.08327386460442883	0.24995185307573906	
7.582264773601941E-5	7.472756206511384E-5	0.16665314698305606	0.0832677635601015	0.24993007574077353	
0.0834041460017924	2.0285572519691708E-4	1.769506749084922E-4	0.16649362502888376	0.24972339628934523	
4.9655814787545666E-5	0.08342645697482132	4.352305713290646E-5	0.1665456530503349	0.24993730246391574	
1.885934119058866E-4	1.8879051613424508E-4	0.08341268151008974	0.1665165450626978	0.24969441970908968	
8.292398008899525E-5	8.295421034705697E-5	8.296314193505401E-5	0.2498960454066858	0.24985641254548965	
0.16658166220501555	7.075469733763354E-5	5.813645739924623E-5	1.0013659482943812E-4	0.33319121129049056	
0.08335326870070697	0.08334748276769513	3.4013061608077744E-5	4.336528745960151E-5	0.3332230452534153	
6.709249139069807E-6	0.1666906454334826	2.0944516500190063E-6	5.9272388813091435E-5	0.3332426261905892	
0.08336201253241553	4.6570584801300684E-5	0.08328289164867689	6.454791804245487E-5	0.3332449556971733	
1.006076925092961E-4	0.08336032706400143	0.0833343389013221	6.434736887337062E-5	0.33314134930701833	
7.541967000610624E-5	7.537391407284962E-5	0.16654787217507974	5.9910931183684205E-5	0.33324296256318225	
0.08340550144117825	1.1574366996365688E-4	1.2299043716486487E-4	0.08325556025017261	0.3331019246156873	
3.354273665912463E-6	0.08333660455020775	1.2395921159874732E-6	0.08331398010633709	0.33334613009959524	
1.1347484712809307E-4	1.1956100867493383E-4	0.08339518756980267	0.083232864854204	0.3331398898100216	
6.847548228124215E-5	6.843517191601139E-5	6.147433825141076E-5	0.1666155713625656	0.33318779431339596	
0.0833914920206391	3.5423876535974306E-5	1.2286893277428909E-4	5.063788479171184E-5	0.41640184805887254	
9.599684674678762E-5	0.08336118799819664	7.194912055853156E-7	2.9917796686334435E-5	0.41651344174563326	
6.797604517111548E-5	6.583412615612532E-5	0.08336044647792508	5.1795316875168027E-5	0.41645534225083664	
3.792700114971464E-5	3.494352430830229E-5	3.683841435256183E-5	0.0833515351622853	0.41654018201512844	
5.395214002235337E-7	5.214493537054141E-7	1.0493136756289196E-6	1.1183010089719061E-6	0.49999808502396054	
