0.5003063149881195	2.6094226432445274E-6	5.890772175570043E-6	2.297402163892506E-6	1.0157197525788252E-6	
0.4168946052183176	0.0834065151293782	5.862076908297838E-6	5.475437314516155E-6	3.7230502001223837E-6	
0.33349801807983687	0.16656323562540734	1.9312353983656055E-5	6.662586206714416E-7	5.11130151678081E-6	
0.2499953977565221	0.25004070231945624	5.061441544647709E-6	1.0809726092245302E-5	5.309672747439269E-7	
0.16671788895319561	0.3333281222095471	6.8441436520311215E-6	1.8281369758358827E-6	5.679182238519235E-6	
0.08344997494521361	0.41654675685858905	2.4944307784463223E-5	1.4265778125376371E-5	2.3664227396306072E-5	
7.048918151378776E-6	0.5000250324531137	2.1209320525708243E-5	6.2645220335632054E-6	1.319837086827464E-6	
0.41695022230952083	1.7372677811525334E-5	0.08332873294860757	1.327084029216592E-5	9.01313244636845E-6	
0.3333670655984481	0.08335508910920184	0.08336106203589337	1.5585952768343245E-6	8.308821807365439E-7	
0.25003478156449815	0.16665731850697962	0.08336667529642519	5.504802934278115E-7	1.2106407363624527E-6	
0.1666440987235654	0.24997198334797505	0.08343552872870352	1.825516780835082E-6	6.479752947325581E-6	
0.0833430874608938	0.33339246032286257	0.08332161631440414	2.7522613450620818E-6	5.283381858274158E-7	
1.8169543894523022E-5	0.41674323923426343	0.08330562970443041	3.875144113333995E-6	3.0202801172197063E-6	
0.33353497834598833	3.3762479522739203E-7	0.1667330382686877	1.5796241554547844E-5	3.613244444753196E-6	
0.2502347058605317	0.08340005304146512	0.16666280667308117	1.7514413147988354E-5	6.523514669253986E-6	
0.1667619819643115	0.16676897830541454	0.16675580049120511	3.777017330697922E-6	4.0872065916037866E-6	
0.08334655761254334	0.25003466845070654	0.16668093773351195	2.360039874807023E-6	1.17091795477213E-7	
5.936160614737934E-6	0.3333740362473147	0.16668028186352202	1.1891299480301768E-6	5.607352699121863E-7	
0.2501595999739539	6.915188581856545E-6	0.25014232409811343	8.486238779803303E-6	7.023367258014229E-7	
0.1667622051932963	0.08340838799173865	0.25014181402786445	3.9595641549095935E-6	6.617872593532923E-6	
0.08337468641528718	0.16666819088157958	0.2500136331503527	6.0856720099991385E-6	1.9193277265158928E-7	
2.152167553575783E-6	0.25004726917895914	0.25001931034746344	3.879265563217436E-6	4.869645370359264E-6	
0.16659855119580116	4.64729329411428E-6	0.33344119292931385	8.64183962625558E-6	8.690928082527943E-6	
0.08340089920485388	0.08339765155659717	0.33350305093600247	4.63739886887012E-6	6.623864904576671E-6	
7.528684899336529E-7	0.16671415267611597	0.3333438611945544	3.872382635477688E-6	4.0973771979501144E-6	
0.08339510819533309	1.375084532199012E-4	0.4167354891868715	8.606141694560809E-6	3.771615192562029E-5	
7.798858283873828E-5	0.0834652587496125	0.4167544364921726	2.0868962226390096E-5	4.099569404718263E-6	
4.75099760232467E-8	4.263958377441486E-6	0.5003167430541673	3.902464752149135E-7	8.506948322555881E-7	
0.4168995094742705	7.696387742110988E-7	9.422646349449316E-7	0.08338430276647406	1.0158252869582601E-6	
0.33353839642603844	0.0833879481150166	1.3271782343671913E-7	0.08338935418227426	8.216605867928337E-7	
0.25005195497045246	0.1666687628175488	8.385635081181586E-7	0.08334837677178289	3.833000183910267E-6	
0.16667943201445604	0.25001856526387783	3.7764732987882638E-6	0.08334502148013831	6.858764297970792E-7	
0.08334191582486228	0.3333708969929202	1.458319241963067E-6	0.0833464851830555	8.149559976346847E-7	
2.2840663250405475E-7	0.4167111998187715	4.231739111944946E-6	0.08334710886519966	1.0611591787536542E-6	
0.3335253364995864	6.113999759787765E-7	0.08338459171068002	0.0833860331593569	1.763278000151589E-6	
0.25015376182800303	0.08337212679675705	0.083384576852752	0.0833860203272083	1.0892439264038524E-6	
0.16668715581596175	0.16667902151358802	0.08334499700214146	0.08334621138239141	9.634452438315889E-7	
0.08334545337286067	0.25002386907504626	0.08334578343232774	0.08334699818299701	1.6030331985717825E-7	
3.4205054394312675E-7	0.3333670991601084	0.0833453029098867	0.08334652581890022	1.4566693688814367E-6	
0.2501581845725707	4.52786217959283E-6	0.16676495676169587	0.0833894572354072	1.1050371009811665E-6	
0.16669201202554465	0.08334440329477263	0.16668076382355296	0.08334749525668997	1.5616662111272166E-7	
0.08333274358390612	0.16669154124891084	0.16669137124267933	0.08334709531086737	5.220696220353373E-7	
1.3634138037686176E-7	0.2501487408828559	0.16677527773067938	0.08338947532553723	1.4412436177977496E-6	
0.16677336165016932	6.831280266473509E-6	0.25015311339577256	0.08338204929426257	1.1031389930608555E-6	
0.08335132910435783	0.0833469824490784	0.2500293990891895	0.08334054279827595	5.603062876485181E-7	
5.916581746869842E-7	0.1667026481732451	0.25001451044474365	0.08334729452794933	1.1175132716060502E-7	
0.08338065713068234	1.2820133877150107E-6	0.3335353485930525	0.08338785802796665	1.342768231325652E-7	
3.736756292650127E-7	0.0833417864719813	0.3333762299329622	0.08333905794781951	1.0737967713528536E-6	
6.420075316524447E-6	6.408089614670062E-6	0.41691151020729017	0.08337983004716239	4.5587733709758323E-7	
0.3335273751490461	1.927094014848578E-6	2.2470950802118161E-7	0.16675742281681946	1.1190541622058332E-6	
0.2501608872069505	0.08337361480774283	3.6876567585941635E-6	0.16676762143057386	1.3945255774038576E-6	
0.16661005718119715	0.16676482946741522	1.1787121029068213E-6	0.16668040896412703	1.9364741108549823E-6	
0.08334822227865292	0.2500324270971119	3.295695329534544E-6	0.16668299599889627	1.1612227922532843E-6	
4.754208380770685E-6	0.3333684870728697	5.111619772537603E-6	0.16668079040547557	1.2028712895395626E-6	
0.25016823766437385	4.538556913351845E-6	0.08338397267040262	0.16677113508364283	1.0066816426987202E-6	
0.16678193983068498	0.08338899136723102	0.08338141555925331	0.16676840958444425	1.4271377485068558E-6	
0.083367547908292	0.16667249690873048	0.08333840463508725	0.16668042498412072	1.3820052060687548E-6	
1.0271522569625674E-5	0.25002349323688877	0.08333583864700143	0.1666764560678172	2.4060388661158975E-5	
0.16670721292498172	4.140666045469804E-6	0.16669111070653006	0.1666538765224125	5.414177901192407E-6	
0.08335075296360644	0.08334703008827032	0.16667754688057168	0.1666800497042209	2.2570893447958233E-6	
6.098575659551394E-6	0.16669191407135342	0.1666787941936906	0.16668075359367693	1.0533878597433233E-6	
0.08345001190382348	3.409958992980599E-6	0.25013676777629973	0.1667287178233017	4.1848448903443775E-6	
1.4990683101590386E-5	0.08338900559860304	0.24998372057528156	0.16667895335847327	4.945686305077477E-7	
5.317521617459077E-6	4.894679353662131E-6	0.33354116088441504	0.16676084367941654	5.65007102369362E-7	
0.25015884390029886	2.9899318299714005E-5	2.638031753044986E-5	0.25008030842631296	6.2239161008932346E-6	
0.16669108079536069	0.08336408174667888	3.165053835061078E-5	0.24996948242418365	5.205876924742282E-6	
0.08337753654865204	0.16668403401919235	3.2168981527880865E-5	0.249962513593566	2.4580929347933122E-6	
2.0513281171476387E-6	0.2500779943506419	5.037278419402716E-5	0.2499234399986877	6.227735976748615E-6	
0.1666907193613452	4.242638881858018E-5	0.0833518789201955	0.24996782032875667	7.4956129021197496E-6	
0.08340978927553105	0.08340879189874029	0.0833943541415752	0.2500947481457886	6.05811690413445E-6	
1.7056223734767872E-5	0.16671708913965674	0.08335214379626968	0.2499681618104545	6.05505056698181E-6	
0.08341600764024772	5.222037010024709E-5	0.1667568451969058	0.2500898842271914	2.2153186384818244E-6	
1.1738173021525203E-6	0.08337779578961037	0.1668219172522737	0.2501078970885094	6.3067414890423255E-6	
4.675393670315867E-6	5.684040875119031E-6	0.25020428480410895	0.25009641812194194	6.173436723960357E-6	
0.1667239167182522	3.906918786345771E-5	3.404458444435153E-5	0.3332544011096393	7.5137788230619765E-6	
0.08332558137671212	0.08332186199213976	3.4537501913651494E-5	0.3333705074677632	6.1233364514929466E-6	
5.835716374611143E-6	0.16666750804345332	8.084832505713335E-6	0.3333700533531026	7.51312197277149E-6	
0.08333785056511922	7.566336537352843E-8	0.08332776608017478	0.3333942090039614	7.346200096814322E-7	
1.1789033964943065E-6	0.08337601281917495	0.08336693593073553	0.3335648914398646	6.251569915550116E-6	
2.2369397761119263E-8	1.5491803624156434E-6	0.16674522679766063	0.3335583038830436	5.8983357244464655E-6	
0.08340559032970102	9.375803069336616E-5	7.49899157891358E-5	0.4167356380442917	5.9453750398552225E-6	
5.507799245474082E-6	0.08334115233334737	9.000024716196976E-6	0.41669803598613153	6.289902423357328E-6	
3.7191258635416084E-7	8.31266982590022E-5	0.08335662240309245	0.4166144992551162	6.17755696406238E-6	
1.7327099842697721E-6	1.5769887439475357E-8	1.6411608897905119E-6	0.5003073697287681	2.97120665505191E-6	
0.4169040129163648	7.62695782715058E-7	9.422734079138113E-7	1.323378621637123E-6	0.08338034485148345	
0.33352268178856787	0.08338348327874882	2.995448629908527E-8	3.2863360534440455E-7	0.08338028589443486	
0.25004570091551725	0.1666646270933334	1.4698443162070686E-6	3.267067949042052E-6	0.08334455434023409	
0.16668655498453352	0.2500268102835893	1.3853207821966136E-6	4.6027706521833797E-7	0.08334453071264719	
0.08334068244513602	0.33336659254327833	3.3720248202638336E-7	2.0006727063421645E-6	0.08334148647111646	
3.576904099430906E-6	0.4167147958154226	2.5716866006116857E-7	1.9849043182814615E-6	0.08333942891701517	
0.33351961534194513	6.05457710140919E-7	0.08338347712098475	1.2990255262912182E-6	0.08338231097821845	
0.250036324658051	0.08333452298075482	0.08334616341074716	2.6203266634304503E-6	0.08334571034297458	
0.1667720524456753	0.1667707615725826	0.08338880310406264	1.5254063065365217E-6	0.08338187504948479	
0.08328623002888746	0.25006676714147896	0.08335700038580993	7.522809388269453E-6	0.08334148577978295	
4.727401850694987E-6	0.33338778512270006	0.08333193451867957	9.484584081473078E-7	0.08334470914755836	
0.25015255496872707	5.210976866902027E-7	0.1667740261431132	1.5249871531149647E-6	0.08338642484479736	
0.16676300734178381	0.08339109432712657	0.16677418373695857	2.3023139763925988E-6	0.08338735123700547	
0.0833346489590172	0.16669558473961363	0.166691159159075	1.5157361066406344E-6	0.08334527720728178	
3.9752157611672225E-6	0.2500242376000503	0.16668998795627932	1.985288911540203E-6	0.08333963386445521	
0.1667819123640645	7.066170809127778E-6	0.2501411887999183	3.3326822147910927E-6	0.08338803023270717	
0.08339459764263106	0.08339025604362023	0.2501297375489613	3.5859590145484143E-6	0.08338312822985035	
7.215145645617731E-6	0.16670546581289875	0.25001227748565436	3.2154869855990866E-6	0.08334823819886128	
0.08334186991681031	4.172884309779431E-8	0.33337523904573324	3.531386762657799E-6	0.08334593900885327	
3.6039378125769072E-6	0.08333817663714142	0.3333747147390149	2.385977176802766E-6	0.08334327309884465	
5.037728337356765E-10	1.8866385341674373E-6	0.41691810969032916	2.5185060469715893E-7	0.0833845585710846	
0.3335172990123004	6.158223757315057E-7	7.612217627606418E-7	0.08338826216192598	0.08337987719740832	
0.25003101078450685	0.08333274080559851	2.3189203239459827E-7	0.08335037493509402	0.08334450913249195	
0.1666816874649881	0.16668215823881746	1.9505472823103053E-7	0.08335038500752316	0.08334449780001388	
0.08334496879190242	0.25002814934678025	3.344022034497348E-6	0.08333451264969688	0.08334181656232585	
4.727009582399066E-6	0.3333729253900696	3.243012504348996E-6	0.08333777867045518	0.08334337480999028	
0.25015470736745593	5.609840117394856E-7	0.08337819796401719	0.08339371276660161	0.08338670581882897	
0.16669605684043642	0.08335895397553446	0.08334272250148503	0.08334111514528941	0.0833481229634489	
0.08336754799190273	0.1666722657786447	0.08333908157560867	0.08333586284980612	0.08334400399364089	
4.450663022243891E-6	0.2500357037193933	0.08333920554138559	0.08333739502173207	0.08334291937923727	
0.16670049685778845	4.1645713851388447E-7	0.16668422659761395	0.08333697878252258	0.08334570288924072	
0.0833883464856723	0.08339505316022042	0.1667669288983287	0.08337897867930118	0.08338849486969677	
7.208597246359264E-6	0.1666897921496003	0.16667764089460402	0.08335855824309622	0.08334602717507697	
0.08338468220159555	1.5102684128021685E-6	0.2501524795025949	0.08339200045321618	0.08338739677800017	
1.581265042015261E-5	0.08336247719858769	0.25000148544725126	0.08333617169948623	0.08334631336689784	
2.978788335532302E-6	2.2850257182140665E-6	0.3333521725510515	0.08335952203890196	0.08334451005538195	
0.25003949736859976	8.968655384993681E-7	8.858242428540083E-7	0.1666744352161571	0.08334345019798309	
0.16669210770462134	0.08334352856370159	6.034012502549416E-6	0.16667382495886698	0.08334298296867218	
0.08333223221421354	0.16670819799950856	2.8371567292914752E-6	0.1666740220951409	0.08334145751093555	
3.780482897083304E-6	0.2500373215694983	2.8383391284512573E-6	0.16667447052502532	0.08334321240771647	
0.16670308328055894	4.875119444778195E-7	0.08333709416839873	0.16667403345621734	0.08334422103721818	
0.08334460567282582	0.08334465210698745	0.08335171882239031	0.1666732931802481	0.08334419239993232	
2.9225877831796914E-7	0.16668051192668415	0.08334743066495286	0.16669484614055252	0.08333617923198319	
0.08342994466418956	2.3115591736735158E-5	0.16672481778524548	0.16676268339293646	0.08337685918088432	
2.9502244440748882E-5	0.08342818680469798	0.16673562352330554	0.16674869240383897	0.08337584482806	
2.9419721526663044E-7	3.2932606267518654E-7	0.250167364250003	0.16673366025516426	0.08338195690629127	
0.1667613807256044	1.1159717925531996E-5	4.227460491839104E-6	0.2501504733682947	0.08338504627181877	
0.08336323587354443	0.0833599983540982	3.7103252982976704E-5	0.2499541260195817	0.08334374240473304	
4.835749413120409E-5	0.16665539774795768	3.6796347574374E-6	0.2500456326880898	0.0833099128511018	
0.0833426323101925	8.343229831188037E-6	0.0833401790433013	0.2500219459429417	0.0833453484869183	
1.0939294087603291E-6	0.08334844563253169	0.0833393309052345	0.250028488870718	0.08334524982906903	
2.9773857795855002E-5	5.8589515219788746E-5	0.16660298871865648	0.2500248954292962	0.08334507464499902	
0.08338311815076743	8.45410817936892E-6	3.0539595837797016E-5	0.3332962857404906	0.08334874946916682	
1.0811584727549998E-4	0.08345233513212703	1.2055089001609343E-4	0.33308178694510154	0.08329877373267318	
4.476459026898223E-9	6.594893162288249E-8	0.08332558608404055	0.33339072965374106	0.08334414238571194	
8.619318678814849E-10	7.80749688487405E-8	8.011957973585204E-8	0.41692392479417806	0.08338844317764255	
0.33352914834181135	4.803539962623439E-6	3.90924908358341E-6	1.517456525541001E-6	0.16676220089120677	
0.2499943072478266	0.08337828431763945	1.8992817534063259E-6	2.681155289171162E-6	0.16668168314287082	
0.16675078821999964	0.16679192556966424	6.047955825646471E-7	2.720037691180083E-6	0.16676763194946734	
0.083285536852594	0.25006457717671315	1.7271868366166748E-5	8.330875366794821E-6	0.1666846624906821	
8.945017775922133E-9	0.33338247225865425	5.111402742194991E-6	7.659635010428959E-6	0.16666687357249088	
0.2501178991123638	8.910040058535941E-7	0.08342847008956583	2.6012341120056576E-6	0.16676696027144045	
0.16668109397994768	0.08334370591732777	0.08332694853685374	2.5733380297015252E-5	0.16668183348877627	
0.08334228333419572	0.16669908307149545	0.08333234320577243	2.6970520098844873E-6	0.16668239622632833	
3.4989515555639096E-6	0.2500299833843493	0.08335405229722678	7.313802885014273E-7	0.16668834674120905	
0.16675991566635218	6.065448424106195E-7	0.16677543835074293	2.739061788562208E-6	0.16676244379896135	
0.08334583262692015	0.0833526753392787	0.16667860474333623	5.763683432608406E-6	0.16667955424364822	
6.3813935363926276E-6	0.1666996945553392	0.16666583923247413	5.74557631606417E-6	0.16668513719219663	
0.08340974513264518	3.4071732216227056E-5	0.25011719610136124	1.4223818030503288E-5	0.1667386550725648	
3.989933747096022E-5	0.08340692282985378	0.25012555453513646	1.2005110590416149E-5	0.16674351210376673	
4.0627201298638564E-6	6.251194378092225E-6	0.3335253258127164	5.6812117259327005E-8	0.1667831015851352	
0.25013067941645417	4.918091047467063E-6	1.1665783967685499E-5	0.08339134942172598	0.166762405822236	
0.1666776978028063	0.08334602420990679	3.601991271134571E-7	0.08335780820868981	0.1666840385429141	
0.08337932088542477	0.16676826316419252	8.321529247527937E-7	0.08339902652989899	0.1667666765663533	
2.5001592815464476E-8	0.2500281960903193	2.8849699074558707E-6	0.0833465122095531	0.1666817645100306	
0.16667117411041035	3.2771030374025815E-6	0.08335400004600269	0.08335156995184528	0.16668284988538862	
0.08334243742931186	0.08334350293537432	0.08334534697570305	0.0833456173341301	0.16668122577699973	
8.088044638311776E-7	0.16668745737726698	0.08334610146999048	0.08334795741436772	0.16668396044796638	
0.08343565905483698	1.8346553841563635E-5	0.16672762288114149	0.08339572977649408	0.16674669131458797	
3.173523083327357E-6	0.08343897140899642	0.1667716317719015	0.08333654494187727	0.16677152518106433	
7.075894152635941E-7	7.010808057659916E-7	0.25003361258087897	0.08333079651949656	0.16669522725745817	
0.16676441813859016	9.31872867661438E-6	4.568296962495398E-5	0.16673823164741158	0.16673825092689262	
0.08335047284565832	0.0833730219458401	4.567051648016987E-5	0.16663193937282295	0.16666028906430844	
1.6272657492614844E-6	0.16672815222094572	8.051633285632903E-6	0.16665587705623938	0.16666637432675285	
0.083355712516205	2.008140787144855E-5	0.08336583467012175	0.1666608476003755	0.16666066992513723	
3.6134122199600394E-6	0.08339400438691176	0.08338679799755218	0.16676619638681628	0.1667683229319729	
8.97852511380401E-6	7.323226310323288E-6	0.1668306352799852	0.16672480943356874	0.16673639589185268	
0.08335600561330207	3.749458631209481E-6	1.8576916906980707E-5	0.24995470660789113	0.16672557970135074	
8.428450865799488E-5	0.0833606317846973	4.841138775564621E-5	0.24997940767558352	0.16658829269533967	
4.433649284390742E-5	3.1417276174302263E-6	0.08326614250403648	0.2500190838451074	0.16672541262860427	
1.2310134212816304E-5	7.539754464356819E-6	2.0177648351657816E-5	0.3333685820931013	0.16665411603346647	
0.25007915877956005	4.2628825655046904E-7	4.9716683052556414E-5	2.8145591942046767E-5	0.2501875535556162	
0.16675870714867932	0.08338902805991293	7.904556165598744E-9	5.5341002502790684E-8	0.2501625873428246	
0.08345087612997927	0.16672436004222693	9.575502785952624E-7	4.8051717810018916E-8	0.25018918889552166	
3.4819471891576185E-7	0.25002750142521574	8.431894656109308E-7	2.902339448966179E-7	0.2500468567964408	
0.1666932494054515	2.6536357793663877E-6	0.08331261975972466	3.1546400913436305E-5	0.2500497448048517	
0.08338551223235201	0.08338392504157731	0.08338618740351446	2.937091691397888E-8	0.2501613290121946	
8.440230203114426E-6	0.16669419142124828	0.0833527823980655	1.1430800583987888E-5	0.2500024296581622	
0.08341289544987053	3.697584559020943E-5	0.16669709823641335	7.641465517101747E-7	0.25016641852027355	
7.620172939997146E-5	0.08340730913126027	0.16675684287151266	3.8356587800768085E-5	0.25004851702400327	
1.8302010989148866E-5	1.7837946859326292E-5	0.2501457659159695	1.0660288557483082E-5	0.250131145691125	
0.16668731502956383	1.89815095175511E-6	1.0816092625597207E-9	0.08333433434048798	0.2500383747683958	
0.08338613846748037	0.083380337152144	4.367819476721976E-6	0.08337699445251423	0.2501425795098009	
1.9722877862564264E-8	0.16668530142419963	5.670700334515814E-7	0.08333517139187348	0.25003893279565964	
0.08338536060369689	5.821952163816118E-6	0.083381347321514	0.08337787474156247	0.2501651849024675	
1.74728034497718E-5	0.08334060778279404	0.0833379041660838	0.08333782085459757	0.2500285315006396	
1.373465091968322E-6	1.6699093249970114E-5	0.16669054078480902	0.08331763680894415	0.250041065130675	
0.08348891481657071	1.5201037133286127E-4	6.686049718462266E-5	0.16662886980662525	0.2499797371212844	
1.1882248650800386E-7	0.08336477326747486	2.0771849838600505E-7	0.16678450918877832	0.2501644325632072	
2.530687382721574E-6	4.876620607153975E-6	0.08331479260020667	0.166698681440403	0.2500379350285025	
6.597057500028155E-7	6.582572819963777E-7	5.781509039992276E-10	0.2500289715896516	0.2500330386715898	
0.16668595713048867	3.468459465221195E-6	1.4685082778189572E-8	2.3696750276748745E-7	0.33338321659758013	
0.08338326053326202	0.08338352430202473	4.948352504866476E-9	2.256381583445281E-7	0.3335384764075024	
2.305968094092023E-7	0.16676730932850717	7.861106192866656E-6	1.6697518987675456E-7	0.33358941281593213	
0.08335626927702283	5.81295554323813E-6	0.08332807966967358	1.9974034828936777E-7	0.3333835257285224	
3.286838110882706E-6	0.08335038680573538	0.0833335776799232	1.3566581624460212E-6	0.33338003027474644	
6.16747732085837E-6	6.591303178697474E-6	0.16676433817655972	7.654896478932296E-6	0.3335052207526551	
0.08344429805209877	9.354668449252515E-5	1.5499390211408455E-5	0.08331250721355468	0.33343851543999964	
3.707009469459853E-6	0.08338070368882589	3.972209334541568E-6	0.08330588511480506	0.3333730192521617	
1.384920711088118E-5	1.3873353905147967E-5	0.08334082383209475	0.0833424853071599	0.333357938648184	
7.747169901504994E-6	8.31485309303251E-6	8.03123739325089E-6	0.16676480646075406	0.33350214505362763	
0.08330418637956045	2.1661677676373123E-4	1.8398180924203246E-4	1.0868424221371106E-4	0.41625619511284334	
1.4952660814598716E-4	0.08332207565221161	2.5866151638435404E-4	3.1305675306612766E-4	0.41627378843479007	
3.1575837110065246E-6	6.3333303048655896E-6	0.08335249551786307	1.0486050115307128E-4	0.4168477202251563	
1.5207908673459228E-4	1.5241245876711337E-4	1.1676020539671115E-4	0.0835139734560011	0.4164290632080895	
1.722872240074613E-10	1.0873697246360386E-6	1.183566384725298E-6	1.0118368428610946E-6	0.5002958200572152	
