0.5000735016655546	3.58331697384389E-6	3.824203116914993E-6	1.586796115979359E-6	4.060040366150136E-6	
0.4167128169665461	0.08336441081157912	5.686277086338416E-7	4.970526144012539E-7	3.7272813518164196E-6	
0.33337336877462453	0.16671547134586986	6.44203155248336E-6	1.3093360972599566E-6	7.69080594471739E-6	
0.25000920304890045	0.250055387724686	4.4186651759593895E-6	1.3623511128109641E-5	4.471943363235061E-6	
0.1668116817554964	0.33323607172793956	2.8225592531584076E-5	2.1015727140057535E-5	3.3984261350470983E-7	
0.08330818665664119	0.41675408650680157	1.1361847780131873E-5	1.058148779020559E-5	3.1589201979205675E-6	
4.8724937026211956E-5	0.5000453348653132	1.2935272967485556E-7	1.6281725973255055E-5	1.673953435917747E-5	
0.4167613339846508	8.332935262760668E-7	0.08329525810596368	1.599295899733015E-6	2.1651556023994676E-6	
0.3333195810658891	0.08339726996516413	0.0833268426024391	1.3649577668642644E-5	7.701848266431125E-6	
0.25002150514653526	0.1667013921819585	0.08332702401002731	3.975152935226914E-8	1.362631533503991E-5	
0.16667762588936502	0.250049297469942	0.08332768707701342	1.1840166955274177E-6	1.1472687662518678E-6	
0.08336709579153637	0.33332391190779853	0.08339939446415112	1.6416402310601506E-6	7.057861579193601E-7	
2.4879067555062627E-7	0.4167023596169221	0.08336778504867272	4.258760207563292E-6	2.163875764683976E-6	
0.333381793802855	3.60024151809706E-5	0.16663991373275214	2.698956161127547E-6	4.199968189566949E-6	
0.25007839191532844	0.08337808445812288	0.16662547863162802	5.2224627685801735E-6	1.9733518038569584E-5	
0.16669473047309863	0.16669359353085184	0.16670963386234905	1.547355956813401E-6	6.583369210871404E-6	
0.08343887072462915	0.250010336285438	0.16662347371327563	1.4971081423012084E-5	2.2774184135636426E-6	
5.964359551101634E-5	0.33338401925676825	0.1666200743941213	1.4967946347094026E-5	4.065266272423349E-6	
0.2500337642098631	6.763750072518358E-7	0.25006717896179986	1.68659942450253E-6	3.3952288410034657E-6	
0.16661148319287783	0.08346763038735416	0.25010020682315365	5.4120991075012526E-6	1.9738799130380992E-5	
0.08331531027055147	0.1666794454145061	0.2500478112416943	5.132184413229219E-6	9.467404928763703E-7	
4.5065326343172933E-5	0.2500514025063174	0.24998301482035587	1.6309562627129824E-5	1.1388339498637102E-5	
0.16670231875768035	5.682825069076296E-5	0.33327843877784863	5.782312474049544E-7	4.846628777467172E-6	
0.08336699009856532	0.0833665444483066	0.33332266102473623	2.1399467100920672E-8	5.381509907414747E-6	
4.2795423038767285E-5	0.16668076851450359	0.33330830295995323	1.6146180652568223E-5	7.721601745391069E-6	
0.08334510989959597	1.4175398127261961E-5	0.41675836117760284	4.0306090493284073E-7	9.485552480946605E-6	
7.772465161533399E-5	0.08321580421609573	0.4167223532377423	1.8267854140951625E-5	9.576633152425245E-6	
3.403756952266664E-6	1.206899970339372E-7	0.5000748457406919	1.3550966068805339E-6	9.831987838971958E-6	
0.4166925799156178	6.554101369271417E-7	8.269098118326218E-7	0.08336395837785837	3.744967180712286E-6	
0.33336004492623855	0.08333004063203694	8.246443349123885E-7	0.08336352165228172	8.056589526736993E-6	
0.25000675167178127	0.16668629434971063	8.167493467990226E-7	0.08336595227131868	3.904126894754149E-6	
0.16658097956103793	0.2501096235277747	1.4175338788543416E-6	0.08336547320683262	1.5356891711433603E-6	
0.0833387083396518	0.3333798479692734	3.0331076198203606E-7	0.08336886554174734	2.8933731971575644E-6	
1.4818926118922707E-5	0.4166964083705751	2.666840984300986E-7	0.0833690055591747	1.5703340407158928E-6	
0.3333494620600199	9.72335462432237E-7	0.08334729945839928	0.08336460528578572	1.522042719356722E-6	
0.2500219582187932	0.0833525188631188	0.08335313969536157	0.08332880294373733	7.814346254316718E-6	
0.1666892865677276	0.16664365111126264	0.08338247874937388	0.08336784748946995	5.668668216777455E-6	
0.08331824581648052	0.2500550643627387	0.08334662622485065	0.08336776534353403	3.178180023941641E-6	
1.2882767957190952E-6	0.33336748319251447	0.08334542041723093	0.08336654303050516	3.162815359491063E-6	
0.25001836303753905	1.8465361488429696E-6	0.16672092764354846	0.08333011408774443	2.8387297821634594E-7	
0.16665407699213688	0.08335112632808897	0.16671924429003773	0.0833687388089541	3.173800274820139E-6	
0.08340654150059335	0.1666853371264077	0.16658241880215716	0.08339633644601087	2.123490341149966E-6	
4.825186257993055E-6	0.2500220086351679	0.16667467608608533	0.08336739875902455	3.2846018054410847E-6	
0.16671129770157128	8.903873325167103E-5	0.24996624245104052	0.08329959793133923	4.759906137125787E-6	
0.08333238902269728	0.08333141790203243	0.2500630623108718	0.0833279985825704	3.6464709616961335E-7	
2.931408479741202E-6	0.1666547403278655	0.25004892221079983	0.08340119054765742	9.526379042977845E-8	
0.08338115975981296	7.155993253575417E-5	0.33327930288107943	0.08331608629818475	4.556223205599822E-6	
3.41448721115021E-5	0.08333947921157059	0.3334196044489949	0.08334074017961472	1.768594733860807E-5	
1.1048115816781807E-5	8.96332456369558E-6	0.416753093081947	0.08333698219439113	3.0294585523056014E-6	
0.3333655043413788	1.826291411674554E-5	5.822780441372998E-6	0.16666968105352126	4.059012104814532E-6	
0.2500633413878697	0.08331623559881837	1.6774767606526494E-5	0.16667027038669147	3.277290456948878E-6	
0.1667008876796614	0.16669319906664715	6.967694224334256E-6	0.1666817338922932	3.845194148369914E-6	
0.08332449154303999	0.2500741643750532	2.061024029636506E-6	0.16668087406602228	5.996489352218546E-7	
2.5241943218920514E-6	0.33339845001343965	1.8252234870587403E-6	0.1666816953687766	2.7598187985036073E-7	
0.2499972169421685	6.641768370611393E-5	0.08333165950771211	0.16667115778194166	4.048972710143875E-6	
0.16670401717615585	0.08336327460226367	0.08333463585882714	0.16667606871591528	3.8096874463418207E-6	
0.08334812791902628	0.16669146933574155	0.08333101711536996	0.16666586742066863	2.6533833201368853E-5	
2.9268709913243024E-6	0.2500665169832896	0.08334096412985154	0.16668548786945903	4.076790236889027E-7	
0.1667015740983832	4.601725529889239E-5	0.16666900531106882	0.16663463949737795	1.0100886955411706E-5	
0.08334962188534448	0.08339419295133998	0.16666816879463794	0.16667103642003697	7.489148487248773E-7	
4.159288614384805E-5	0.1667193777400164	0.1666785792889939	0.1666876164014059	1.6916741591084082E-5	
0.08335459361904289	4.742146446447275E-5	0.24999613713422272	0.1666640581475925	2.19168650220705E-6	
2.0815198459567698E-5	0.0833805485165828	0.24999338059960552	0.1666646850391993	2.2749937842251483E-6	
8.838427024495668E-6	7.170786156487464E-6	0.33339931492691105	0.16667591400863063	3.1979011906101185E-6	
0.2500497645766859	2.9305196807648063E-6	6.75304671996343E-6	0.25007890445580033	3.8231373193822035E-6	
0.1666722487226917	0.08334787139906386	1.1121522793539756E-5	0.25004673415378914	3.112826765211077E-6	
0.0833777305747868	0.16673684172812747	1.0266399785420069E-7	0.25011809178940475	3.856981309270772E-6	
1.1447658818856518E-4	0.24996891894664447	1.4175228469079332E-5	0.25005165921500866	2.4700064409026052E-6	
0.16667136261330304	4.653450234850771E-5	0.08336238379140609	0.25000154370785327	2.380313131046336E-9	
0.0833545678293129	0.08336641642734896	0.08332576919405577	0.25004267783084716	4.991802897604356E-6	
3.444291827201801E-5	0.166684448999327	0.08332036998635658	0.25003518833244015	4.880832473844697E-6	
0.0834076892719279	1.0578413404131714E-4	0.16663689567471185	0.24989630339731556	9.504696915334038E-6	
8.304010769929156E-5	0.08331453345227896	0.16667640953299687	0.24999464512897843	9.453138801247247E-6	
3.484439591861255E-5	3.0003389040935372E-5	0.25000033172257635	0.24998589446004224	1.132129986362419E-5	
0.16663972287984957	4.6873345072831254E-5	2.5658468619299377E-6	0.3333712399359899	3.125540357544782E-5	
0.08336025507354926	0.08337006135335247	3.866761114960478E-5	0.3333118973010455	3.576070546865994E-6	
2.7939478726845852E-5	0.16669458104469148	2.4944169406818626E-6	0.3333310255722648	1.6125527647070383E-6	
0.08335815147861993	2.577348921682305E-5	0.08334423009831535	0.33331818556896287	1.2636111349295262E-5	
3.797665160554154E-5	0.08338035516736048	0.08334316508893377	0.3332937283678949	7.220897900337714E-7	
9.567335476322415E-5	1.0872458150773068E-4	0.1666483597772684	0.3332132060402801	1.1504286518712334E-5	
0.0834126585640785	2.2585667495810674E-5	2.5791880174760093E-5	0.41661701494755404	2.1136452989292783E-5	
3.0049040885568578E-5	0.08338067948206405	1.8515058929280328E-5	0.4166402627683483	3.184126655049655E-6	
1.2474613788519418E-5	1.4109983209122462E-5	0.08344113092096356	0.4166393337609768	1.0784293383693201E-5	
5.1146334935309986E-6	5.142943181290987E-9	5.0563401412076205E-6	0.5000512317680028	2.1355683538308102E-7	
0.4167236393709722	6.886084628455954E-7	1.2344645352673246E-6	1.2905061560356646E-6	0.08336953656353327	
0.3333540640647573	0.08335605401364962	4.842607821912738E-7	1.4474181444937542E-6	0.08334846927987015	
0.2500410433005885	0.16670619425197927	1.1674921657753114E-6	1.0682138057844071E-6	0.08335593066820293	
0.1666723882770586	0.25003835749176456	1.427785712101685E-6	1.9462566858690547E-6	0.08335840623452569	
0.08338522751880736	0.3333373175389108	3.0094219479401515E-6	4.467708906713996E-6	0.08336174382230616	
2.5544623956140903E-7	0.41674386114939777	3.007064785428848E-7	1.0399139308207425E-7	0.08334897298671988	
0.3333843673110647	6.863264955536787E-7	0.08335595776079066	1.2504924249154673E-6	0.08335639551253762	
0.2499881031275676	0.08334121303508597	0.08337606844659212	1.5055220030324732E-6	0.08334834695374616	
0.166689940874638	0.16668837003973647	0.08336269650597734	1.4788983791194995E-6	0.08334539290423434	
0.08333074533248656	0.25002803312344407	0.08335642062121242	1.8358256015486553E-6	0.0833450650094457	
4.48004333549706E-7	0.3334040977149962	0.08335452684665993	1.2795892212625817E-6	0.08335137361955418	
0.2500229228440864	3.656163617244535E-6	0.16668248017243933	7.741523509872175E-7	0.0833471167301717	
0.166700405203629	0.0833360014835781	0.1666875458027524	1.1519787469886885E-6	0.08335105887807845	
0.08331729445742314	0.16668294343739687	0.16670775425522663	1.5358431943043846E-6	0.0833628061914011	
4.370641192387651E-5	0.24996677986612417	0.16671219715172822	1.8650026108214658E-6	0.08335915024586774	
0.16669071436625557	2.0359304337320264E-5	0.24999570519150535	3.8471266578767827E-7	0.08336204360078187	
0.08335991071893777	0.08334518422623084	0.24998673964623183	1.3188880938985773E-6	0.08335988879361271	
3.025553077802368E-5	0.1666936618606081	0.25001157330021373	4.599707748682199E-6	0.08335322359571577	
0.08333825528365311	4.825452449360719E-6	0.333360622993479	1.0927717878414723E-7	0.08333905900273775	
5.2959121050841435E-5	0.0833741462008284	0.33327542590649145	4.483496590590832E-6	0.08336164686425296	
1.2079170460841933E-5	1.391957131518677E-6	0.4167067623081376	2.6216620659548375E-6	0.08334936736790091	
0.333383263427927	7.296084288222102E-7	1.1302425421773475E-6	0.08334744337700935	0.08335353496992179	
0.2499978249333828	0.08338214600758333	1.1246499635686482E-6	0.08334619444376588	0.08335158930662978	
0.1666968216635794	0.16669956513845893	1.837812218798882E-6	0.08335047057359621	0.08335239356777961	
0.0833348489212112	0.25003726046839353	2.4708837697847432E-6	0.08334435064504432	0.08334966975889768	
5.567683169953422E-7	0.33336050869624456	2.2246491289602896E-7	0.0833479724689798	0.08335766358110389	
0.24999675577913405	3.0606764157805685E-7	0.08338324213674388	0.08334666942679982	0.08335061912896337	
0.1667242675958113	0.08332792478265726	0.08333139097873365	0.08334706876608294	0.08335139810403841	
0.08335152283385579	0.16669428558856533	0.0833284542983829	0.08334473810913105	0.08334968412942938	
9.014966289041978E-6	0.2500356258897572	0.08332772595615534	0.08334399477214885	0.08334938136930839	
0.16669875021394615	3.135850185607158E-5	0.16664955573620502	0.08334652322849695	0.08335046899388177	
0.08334585312670013	0.08334656220566797	0.16669260002725828	0.0833478537573007	0.08335206687882077	
4.146239368950826E-5	0.16669872652266243	0.1666558331123152	0.08335055922801314	0.08335482551714224	
0.08337747923233169	1.8673319605467263E-5	0.2499800595387239	0.0833230938717627	0.08335466369312085	
3.3598472284077805E-5	0.08335829452246932	0.24996723463817502	0.08334074971063204	0.08335479913471783	
2.1428613076790844E-5	2.401089187257822E-5	0.33336161696958766	0.08333139213085886	0.08335148461063395	
0.24999588484533392	2.943240517997736E-6	6.769867727113194E-6	0.1667076074505334	0.08336598103360573	
0.1666641281573547	0.08334355250572402	7.5273107184695816E-6	0.16671814789556158	0.08335282856733961	
0.08335400627326872	0.16667150939636585	1.7985804024555524E-6	0.16668484768239017	0.08334524116904499	
1.8338922858101115E-5	0.25006020064941475	3.1988374329595884E-5	0.16665561279964045	0.08335519464473613	
0.16670643928955606	2.7742616537418086E-6	0.08334167655685036	0.16669866879910603	0.08335603986988983	
0.08336749024967641	0.0833657857541219	0.0833829455111039	0.16660689697703224	0.08334717428859519	
1.1998779890636959E-5	0.1667430408633126	0.08328773177110646	0.16669565299052683	0.08334985367765199	
0.08335922154011259	1.5468825488125133E-5	0.1666709094855256	0.16669498103485	0.08335244614396964	
2.0797763397787053E-5	0.0833522659822076	0.16666784668183598	0.16669388101138177	0.08334950194442811	
3.0120537549877305E-5	3.4091882009622927E-5	0.25003194308157267	0.1666100174652347	0.08334561621923976	
0.16664258306237076	3.29023915056202E-5	2.1358924372371993E-5	0.2500456816502536	0.08335073849999781	
0.08334190151596485	0.08335103959330811	6.040223332510462E-7	0.2500444215887562	0.08334959431228431	
1.5556619896593195E-5	0.16667911036565058	7.657773571727869E-6	0.2500544026586977	0.08335377873538924	
0.08335079271180822	3.35128427868231E-7	0.08334406063359394	0.2500435675543684	0.08335468440314953	
2.8627952598227445E-6	0.08334899484581525	0.08334481552460378	0.2500458002659693	0.08335101743642125	
1.5853271582747978E-7	5.016366349319825E-9	0.1666899548591647	0.2500394566856934	0.08334430095591505	
0.08338680597497448	4.717639494638196E-6	3.989815897805318E-5	0.3332997512763353	0.08336190395143502	
7.78019831990344E-6	0.08335978786200368	2.236712135778199E-5	0.3333779396311241	0.08335603367692986	
2.4167618838205734E-5	2.438316798122991E-5	0.08337906650854275	0.3333355113532486	0.08332355745919225	
4.8392960046834555E-6	4.839826612461455E-6	1.0704753689717793E-5	0.4167268571885796	0.0833514492257199	
0.33338929503495823	7.870824353489788E-6	4.765914016498942E-6	2.0990349995108532E-5	0.1666621295663678	
0.25001882597369673	0.08335159220207436	1.3850182742977366E-5	2.0562105098746604E-5	0.16665294667106376	
0.16670584247571624	0.16670118840894904	1.857332674803043E-5	1.3873863236344013E-5	0.16666182590673165	
0.08337162217242138	0.25005358997911564	1.0530024740897901E-5	1.0823821331098625E-5	0.1666825994207521	
1.0053092986550666E-5	0.33339486314480926	1.1501687310895235E-5	3.500528786027237E-6	0.1666703686753469	
0.2500456047971004	1.5629411025602144E-6	0.08335081768741474	1.2918647965403539E-5	0.1666629213321167	
0.16670260214695545	0.08331818961300468	0.08339286786997534	1.3107228172113924E-5	0.16667027164619105	
0.08332712416387394	0.16672981271033832	0.08334997744675793	1.0983650549040071E-5	0.16666590029560613	
8.465080551922354E-6	0.25005795798204944	0.08335313942097934	4.890391954402534E-8	0.16666669106159804	
0.1667051982882592	3.715271244147136E-5	0.16667759979944152	1.319882498985075E-5	0.16663223527995816	
0.083374707302423	0.08335998336875508	0.16665990541017522	9.94649228434968E-6	0.16666583719211098	
3.0178454215233308E-5	0.16671274177554155	0.1666860366512785	1.0818263405482214E-5	0.16667673095059732	
0.0833836797149605	1.5461130029510034E-5	0.24998815468600752	1.4486169653952113E-5	0.1666645714612468	
2.5847585253880523E-5	0.0833585702724378	0.2500215806103367	3.921399603203167E-6	0.1666686472196489	
1.4949042338863161E-5	1.1969268435396536E-7	0.3333491693029459	1.1403082270795795E-5	0.16667592897462122	
0.2500494928543577	6.529268866835371E-6	1.2507835933041768E-6	0.08335206259365882	0.1666600040577519	
0.16665186633134263	0.08341441046253552	7.204642305068143E-6	0.08335590450147877	0.16667172762310667	
0.08332903388966746	0.1667301520118001	7.2514101500870635E-6	0.08335475710392203	0.16666754734608832	
4.0694667135061163E-7	0.2500135433763906	3.518771700309197E-6	0.0833904973959395	0.16666421911994275	
0.16667355078230775	9.835427521158342E-6	0.08340926081428007	0.08336494168125139	0.16668572028269385	
0.08335467214237845	0.0833558574137621	0.08334890568254465	0.08335387113239856	0.16666413647101092	
3.3195175994793827E-6	0.16668704314429836	0.08337867302288389	0.08335286872408669	0.1666676030261509	
0.08337184347471914	1.8307118490599866E-5	0.1666614988422463	0.08335150226710554	0.16668984496589329	
1.544259197622456E-5	0.08336657574173234	0.16664524659249452	0.08337672345730332	0.16669069715510332	
8.876366374933402E-7	8.796119225112418E-7	0.2500571057799566	0.08335120998979517	0.16666459846020062	
0.1666813866782629	4.528306654590275E-5	6.594364950915176E-7	0.1666895313213215	0.16664835653159202	
0.08334385949587002	0.08334512565512166	5.055038531111329E-6	0.16669191667278688	0.16667587260510294	
9.96703570807471E-7	0.1666939744063215	1.1444885424762696E-6	0.16672347797430467	0.1666665337668319	
0.08335703133296933	1.779017535031507E-5	0.08333736168917605	0.16673019106620335	0.16667487586954785	
1.1600753043042018E-4	0.0832659765496721	0.0833594516284359	0.16668865003549996	0.16663368616487076	
1.2774968999991376E-5	1.468527217019858E-5	0.16664054587413896	0.16672597580689244	0.1666829149539539	
0.08338942017797184	6.85610901733914E-5	3.680342284609389E-5	0.24993587283981009	0.1666581452552121	
8.43335013451255E-5	0.08339163137708525	2.2485678333500338E-5	0.24995819076037526	0.16660800321840766	
5.684538837334593E-5	5.3006251960383405E-5	0.0833874209696453	0.2499433202905472	0.16666206416179127	
4.352985482969278E-6	4.342450180927044E-6	9.124481312790757E-6	0.33337908278878164	0.16668316724082582	
0.24992522279593232	5.456577395954296E-5	1.3058904358833625E-4	2.035187474164503E-4	0.24981987032207814	
0.16674285489763985	0.08328966391014751	2.7886372203980558E-5	9.739506446360388E-6	0.2500082184782751	
0.08337512355736977	0.16668797347750905	8.83927092964479E-6	2.968822909038952E-6	0.2500098799563685	
2.0354222553586273E-5	0.25010300399867913	4.316275568598176E-5	8.156396616794455E-6	0.25006870420277927	
0.1667559610411963	4.464340437318954E-5	0.0833118016747294	9.630201596621308E-7	0.2500271093024641	
0.08334743606540915	0.08333271872840442	0.08337315317722774	9.788030567154383E-6	0.250001192376346	
3.0266768672787413E-5	0.16669731566630905	0.0833428361256007	2.146079173346308E-5	0.24998611461519063	
0.08334926790401821	7.014240576918429E-5	0.16663416261999006	2.0725097837348367E-6	0.2500007582005085	
2.825570813680856E-5	0.08333996329010128	0.16668737835177339	9.638473031471459E-6	0.25001036915301456	
8.956927021874983E-6	9.223442021631372E-6	0.25008716767984357	1.9650791460361526E-6	0.25008802093253785	
0.16669681593134422	2.3239080523310278E-5	3.6745571916916E-5	0.08330029435579772	0.25001383533229604	
0.08335645144274953	0.08334173317914526	2.8509643110150506E-5	0.0833349840503217	0.24999975105488617	
1.6015177136047703E-6	0.16670187645085913	1.1458172031198153E-5	0.08335828227578376	0.2500294591410021	
0.083383066790427	1.8819481677738007E-5	0.08336502712596944	0.08330528975917814	0.2500294182003876	
8.532071367951597E-5	0.08337247987717118	0.08326380339013598	0.0833602566362499	0.250019830004953	
1.3139073137334289E-5	1.4842432420772302E-5	0.166681660620305	0.0833542177063289	0.25000904740538843	
0.08335366389570331	1.3394245106953128E-5	2.84528719027069E-5	0.16666961450017242	0.2500178249191489	
2.1164195277487437E-5	0.0833578116916164	1.8180824343638234E-5	0.16667012962719555	0.2500124555465732	
2.727135165669885E-6	5.390667535106343E-6	0.08335407320178505	0.16669146275520044	0.2500074554499174	
5.276943798578445E-5	4.1181724312856E-5	8.582762671442725E-5	0.2499671483481724	0.24993479712457242	
0.1667136302818823	4.830548142017493E-5	3.448010796148946E-5	4.917156305785924E-7	0.33327900467726906	
0.08334948167539563	0.08337020271805626	5.242744786290239E-6	1.972900820306535E-6	0.33335901366176174	
3.3271209036712325E-6	0.16669125525692777	1.4505292118763677E-5	1.5851580310700475E-5	0.3333541515039516	
0.08338432230319488	3.3130195002303E-5	0.08330262464773536	2.1534373309721686E-6	0.3333475871460677	
2.414385670723314E-5	0.08334543897334593	0.08334784244599418	6.487661026993866E-6	0.33335075984448387	
1.4639542710988164E-5	1.2819581600040936E-5	0.16669442521838382	6.180835477728559E-6	0.3333489151688576	
0.08338983691840349	3.8147075252628794E-5	3.7211880855430426E-5	0.08334380038507294	0.33329675980818524	
7.785662609262723E-6	0.08334769169374112	2.9289716038983796E-5	0.08341778399816206	0.3332874502450488	
5.640279966488364E-5	4.946769317063547E-5	0.0833519147506738	0.08333216249628748	0.33329004076464547	
8.220059343044785E-6	9.489452995122626E-6	1.9126905851031446E-5	0.16668428095430093	0.3333476415928313	
0.08339649196494316	7.525538509030305E-5	4.376567885303753E-5	1.3920016812010884E-6	0.4165821785741311	
2.4291912169193025E-5	0.08335445724226286	1.4913071879641158E-5	1.2199767270679986E-4	0.41657564354614146	
3.8191147581867355E-5	3.654439710688868E-5	0.08337391991766312	6.608298121255001E-5	0.41657135977769916	
9.9865516730836E-6	8.811571580327217E-6	1.0717872468438487E-7	0.08329261885153079	0.4167867825328381	
5.836604814910945E-10	6.111857115002597E-7	5.956486674516205E-7	5.234513709003359E-7	0.5000703641541407	
