0.5000475866487599	3.0640843372625424E-6	9.24717100303936E-7	1.928932677856416E-6	1.5507322581406858E-6	
0.41658775176869245	0.08345181628175015	2.4099090167588273E-6	4.316905800887825E-6	6.687996260022579E-6	
0.3333759064668442	0.16667215015332865	2.5418921244205726E-6	1.250013155288301E-6	1.6407228668589538E-6	
0.25000876084760804	0.2500280629284227	1.3163130107994483E-5	2.1404318948695633E-6	3.4035029141721703E-6	
0.16666697711228892	0.3333739399693037	4.6944059439928523E-7	5.898758435376418E-6	7.060547837326355E-6	
0.0833896084051973	0.41663852852066946	7.2215888243906445E-6	1.2664467296364297E-5	5.751789936697007E-6	
3.571687625944863E-6	0.5000403539950553	1.4559530508800367E-7	7.501688838346151E-6	2.2213667409378875E-6	
0.41670939888451114	4.659114553130233E-6	0.08333654283034661	1.9246078118287995E-6	1.6370868431189397E-6	
0.3333506892825079	0.08336374132041703	0.08333654468944561	1.250057201286559E-6	1.4722593653544828E-6	
0.2498967020681854	0.16679444980744515	0.08333216672225884	2.136677331881692E-5	9.417931252175796E-6	
0.16669275558272575	0.2500203531965075	0.08333650689869078	1.423099242911389E-6	2.647406820279544E-6	
0.08339132952809604	0.3333107381788075	0.08333429766473541	7.615574465659031E-6	9.66608187085439E-6	
1.6389096521279477E-7	0.41670928881811176	0.08334069808965755	1.2058216446145547E-6	2.9367613224687913E-6	
0.33338919239766207	2.046365189908019E-6	0.166651278187594	9.07670868293852E-6	1.682846789184347E-6	
0.2500288349576488	0.08335237146432004	0.16666917281973936	1.057548524603958E-6	2.497183942743185E-6	
0.16667973790610055	0.1666990458830334	0.1666658954872266	5.937913504113524E-6	2.6512539246271733E-6	
0.08326844616833227	0.2500341698695048	0.16672730042500025	1.1276445964369232E-5	1.23983341084453E-5	
1.9798090726129445E-5	0.3333839323390019	0.1666279503960029	9.402158278262715E-6	1.3105787327601785E-5	
0.2500423356246127	3.2794830924716265E-5	0.24997481407798486	1.8880706564854583E-6	2.7729982610359874E-6	
0.16668872767196474	0.0833711574274064	0.24999513842251667	1.0390079528988523E-6	4.600118219732821E-6	
0.08333354059974354	0.1666446620840549	0.2500602983146796	8.789386084198547E-6	6.023207823072274E-6	
3.315621268545573E-6	0.2499683050473388	0.25005839047599915	9.286502103258673E-6	1.55105315970852E-5	
0.16670167008524528	1.0106040463729761E-4	0.33323191321984635	1.6128361974571345E-5	4.578993449956603E-6	
0.0833280389042348	0.0833570350615127	0.3333628491308762	2.982819391385314E-6	4.520216024511222E-6	
2.363401700681235E-6	0.16668451665429201	0.3333662384473646	2.625469066460777E-7	3.1576239672562066E-6	
0.08332153019366718	4.245339457342384E-5	0.41667197020667673	1.4079985578278012E-5	5.262891190363454E-6	
8.533237782480733E-5	0.08337950436315446	0.41654546539538706	2.2613441176569993E-5	2.1461501563234847E-5	
5.471263384401638E-6	4.848586173647279E-7	0.5000443219455133	5.531989581259934E-7	2.49946122751718E-6	
0.4166915192116786	9.66054301110729E-8	9.701807369443744E-7	0.08335801954475573	2.6966962879099744E-6	
0.3333186280585579	0.08336401208055345	3.7956711195252416E-6	0.08335856950635863	8.15810973846074E-6	
0.25001315227177046	0.166675860839507	2.3557945539855063E-7	0.08336128681439953	3.50541820392563E-6	
0.16668049708679275	0.2500224956248013	1.7739170238354882E-6	0.08334750762478287	1.6601709481957943E-6	
0.08334153273570531	0.3333635298704992	3.057040819389488E-7	0.08334748321458754	9.138841398290802E-7	
1.1552698898560355E-6	0.4167018771691784	7.055599615158678E-8	0.08334584883843989	5.664227636045296E-6	
0.33336438762219395	3.882189478160424E-7	0.08332120827776814	0.08336146056767944	5.987111108142487E-6	
0.2500071437093495	0.08334416636853992	0.08333711673429144	0.08336073156976108	4.15767105276744E-6	
0.16668109876703416	0.16668757891242686	0.08333651485088608	0.08334759160918513	1.1553197224415898E-6	
0.08328632585825059	0.2500714835260859	0.08333376251108277	0.08335860922952994	4.484501742869513E-6	
2.995451410231807E-6	0.3333690681324441	0.08333312340887125	0.0833474470438708	9.718915444332294E-7	
0.25001404458165305	2.999585352942025E-6	0.16667262833961985	0.0833622907650049	2.7782736215779116E-6	
0.16668794118135066	0.08337164145964919	0.1666646234553494	0.08332449645745493	4.232869485059058E-6	
0.08335351717918366	0.1666838593529531	0.16665145769127113	0.08336271689389081	2.090932170260136E-6	
4.44066423752778E-6	0.2500358335798412	0.16664906799087614	0.08335850151772463	5.683227679720942E-6	
0.1666774196482615	2.26019283659643E-6	0.25001027871752995	0.0833608854580611	2.5016686467007975E-6	
0.08333579769231672	0.08334382031366204	0.2500101889469886	0.08336102101773686	2.386616921059039E-6	
2.3381363962658942E-6	0.16667760725095643	0.2500069115282924	0.08336343886245863	3.1096014372518893E-6	
0.08342348980335564	9.801548633334767E-5	0.33320963246032004	0.08331870818989837	5.254277592398223E-6	
7.574235827272924E-8	0.08332581929218173	0.33340516346404925	0.08331869234484789	4.578909259552715E-6	
7.139903353407305E-7	7.109909876659473E-7	0.4166874728453743	0.08335998929299616	4.428527670229133E-6	
0.3333720923414054	8.421002547504736E-8	1.7076902101851062E-6	0.16667492804866058	6.00388245488859E-6	
0.24994219851319457	0.0834538034609718	2.3066158471513438E-5	0.1666264390586195	9.286419457990816E-6	
0.1667215251037639	0.16667196439546647	2.4340646431925713E-5	0.16663187592436693	5.0971767114994996E-6	
0.08331249722422623	0.2500595435325824	2.5850394882992793E-7	0.16668061774245926	3.810454137037505E-6	
2.96277537391478E-6	0.3333699951978244	1.2448341409784697E-5	0.1666653179559291	3.9049644650873495E-6	
0.25002680171701896	2.9207632411416105E-7	0.08334869600586294	0.1666762741418686	2.809627458881237E-6	
0.16669881421074	0.08335994214231096	0.08335927934238326	0.1666319922804202	4.646118286574039E-6	
0.08333812246490965	0.16667346453355816	0.08335779219488153	0.16668020975191794	4.459190122134329E-6	
1.5888085982987293E-7	0.25001383001068356	0.08335878449568994	0.166681399289509	4.675018616066304E-7	
0.1667037835291992	8.075706704702888E-6	0.16668325057249425	0.16666184607243753	4.620165381884652E-6	
0.08333710628014238	0.08335108955123316	0.1666842915753449	0.16668125595458713	1.0640797668959525E-6	
6.931038697134364E-7	0.16668793262016685	0.16668472145793675	0.16668190018034057	1.4076207022298701E-6	
0.08335216926201577	6.20122248552806E-5	0.24997355567510537	0.16665816320627627	8.538133142948273E-6	
4.6529268348789934E-5	0.08336813342580685	0.2499748595737154	0.16665898662800432	8.567239853400084E-6	
1.8028110666202723E-6	1.8153267666327483E-6	0.3333676651619521	0.16668117636591778	9.410297180291355E-7	
0.250019743002151	8.600078665394218E-6	1.7799791933800116E-5	0.24999998281736324	8.607240207942454E-6	
0.16666387245896633	0.08336961447033295	6.329302597119736E-6	0.2500099226734134	4.737296239970113E-6	
0.08334308175957988	0.16668095582438586	2.6669321215957523E-6	0.25002806997493787	7.77769913913388E-8	
2.21034664597619E-6	0.2500267313477348	3.570682026421705E-7	0.25002508369517484	3.0118745377726823E-7	
0.1667329882001352	1.5138892376996631E-5	0.08326401346254411	0.25004062894302	2.134499982774906E-6	
0.0833430640856367	0.08334641146200204	0.08333608902100614	0.25002799307048584	8.393653948741442E-8	
1.3449389438190918E-4	0.16664931507629469	0.08328149405705716	0.24997633534830319	1.1969180578992335E-5	
0.08334281638135008	1.455760042847446E-6	0.1666802813940564	0.2500267441625533	2.396058371856462E-6	
6.016963089077579E-5	0.08334943525522129	0.16666134603800567	0.24998101761326616	2.4198469456917346E-6	
1.3722917593814486E-6	1.2946885461425506E-6	0.2500086890184582	0.25004011343070554	2.393979774624834E-6	
0.1667033024225606	3.675799606678895E-5	2.7716811561475707E-5	0.3332798209126504	1.4294767113458656E-5	
0.08334669621647152	0.08336776589735666	2.4746514979981225E-5	0.3333112406532352	4.052500288377846E-6	
1.4287214819938033E-5	0.16668668430680092	1.0812366019335648E-5	0.3333414577413408	1.5604753403312846E-6	
0.08336198550434465	5.513449977761186E-5	0.08332165773989562	0.33331205672458564	4.131467066153064E-6	
6.030520759000727E-5	0.08335869872917437	0.08331773781431201	0.33330543537288054	1.2294138876722198E-5	
2.7469439683061055E-5	2.664152425788536E-5	0.16668450167239662	0.33331185672313957	4.578224747116195E-6	
0.08336674470186317	4.323219423507112E-5	1.2653737764530437E-5	0.41661947741085487	1.4274824633533084E-5	
6.0442402118705245E-5	0.08339886580690793	7.102749449529592E-5	0.4164955974452815	2.972347748212025E-5	
9.094829602359488E-5	8.822066964712573E-5	0.0833514643449828	0.41649717513690493	2.6100058411883492E-5	
7.34196545849415E-6	7.003894415715769E-6	6.952431506678149E-6	0.5000365927921795	3.6914406307865943E-6	
0.41670929958600195	1.0533303638749456E-7	8.713498937249714E-7	3.595945633250508E-7	0.08334218044196708	
0.33334633770049354	0.08336250491385734	8.14584247090166E-7	1.1725248312093895E-6	0.08334225856007338	
0.25002090346443956	0.16668314709258958	4.293528475646312E-6	2.3745013517724786E-6	0.08334336646167215	
0.16668191755579617	0.2500284204017065	4.260145476650097E-7	1.0294587858523957E-6	0.0833426779698428	
0.08338765266810276	0.33331732353658255	6.365352159779347E-6	1.042463229302072E-6	0.08334131774860201	
4.838171391194187E-7	0.416710702081607	4.26157131896971E-7	5.501267089133654E-7	0.08334240681677668	
0.33336994073945453	2.5634693048634596E-6	0.08333723984005387	7.884128171254442E-7	0.08334250046792849	
0.2500199899084777	0.08334840863779813	0.0833413994063137	9.781074421645003E-7	0.08334222572190945	
0.1666808504940487	0.16669198697348592	0.0833373289624873	1.2100945536327862E-6	0.08334269550139234	
0.0833724022857138	0.2499989468617395	0.08333695690859509	5.0303342083320966E-6	0.08334149233059561	
2.675343177676927E-6	0.33337094191261185	0.08333799669332816	5.449318573377472E-7	0.08334246133413137	
0.2500199083273572	2.9420315220074435E-6	0.16668662605322074	1.2373144749738767E-6	0.08334228955159159	
0.16668179369255573	0.08333251252626359	0.1666913584216662	4.140775459363315E-6	0.08334321371292013	
0.08335438520562068	0.16668558995973878	0.16667066189166568	6.5228129985352E-7	0.08334217014380496	
1.9999193287461872E-6	0.25003851323243015	0.16667075141653218	1.2113012398220585E-6	0.08334240619291931	
0.16668263175792228	2.9093461912177876E-6	0.2500223322532192	3.288900723263658E-6	0.08334350511261882	
0.08333946232979797	0.08334693476145713	0.25002397716149116	5.391037229615214E-7	0.08334244317658927	
4.008920105844972E-6	0.16668595541103218	0.2500203264724256	4.12623802606686E-7	0.08334237412298859	
0.08336344144807495	3.6844241646338425E-5	0.3333095062850518	1.2251535462944665E-6	0.0833421390613084	
1.8867070810130262E-5	0.08338012498788039	0.33330433604089144	7.910520599856268E-6	0.08334217376446675	
1.1304819223835264E-6	1.1077273326126511E-6	0.4167081858660816	5.172336437734259E-7	0.08334245571675403	
0.33334690405941514	1.872481729915373E-5	2.3287137791185216E-5	0.08332075712594486	0.08334310940073195	
0.25003223925114665	0.08335064183432135	8.560389160947366E-6	0.08331882035430484	0.08334334594457538	
0.16668249144131533	0.16669129662123597	3.3505129889060216E-6	0.08333441637436959	0.08334326117568448	
0.08330457604853164	0.2500341635064458	4.101575174446321E-7	0.08337105855308587	0.08334329783738978	
1.8967363704853693E-5	0.33335107348304727	8.126913116014637E-6	0.0833299086527539	0.0833456419131655	
0.2500367745574498	1.0680926740670635E-5	0.08334492385374191	0.08331773210274117	0.08334331542230454	
0.1666974855201851	0.0833434682069714	0.08335169805700314	0.08331863776926039	0.08334354853993511	
0.083353771991746	0.16666655445629594	0.08336072367205215	0.08333006453129461	0.08334346774845564	
1.8596440621321251E-7	0.250020135107736	0.08336072841921861	0.08333006437413996	0.08334346759127571	
0.16665811501994737	3.25807755195196E-5	0.16666921237931911	0.0833501413902804	0.08334329667622463	
0.08335342584871674	0.08336106991791215	0.16669301073807713	0.08330258608284848	0.08334326157420083	
1.518959655653489E-6	0.16667689128359903	0.1666693690449469	0.08336635898841978	0.08334068232121768	
0.08336424271182018	6.419006535722021E-5	0.2499887788617403	0.08329750176326664	0.0833395787222119	
1.8123935526137412E-5	0.0833476700088119	0.25001765243912444	0.08333041152823284	0.08334048654621623	
3.804133247014971E-6	3.950801900185131E-6	0.333373265912595	0.08332980385046512	0.08334244504010203	
0.2500005061038099	1.8939669459818722E-9	1.1835679852053904E-7	0.1667109662480903	0.08334202628888332	
0.166682905776125	0.08333839747679107	1.2340482047148082E-7	0.16669057990880448	0.08334334808054729	
0.08335359034691645	0.16666528966836944	1.204310996447789E-6	0.1666922719633975	0.08334170399390323	
9.699721230897743E-6	0.2500134953232945	2.5975272476968175E-7	0.1666899556979371	0.08334152793732712	
0.16667480552086494	6.40626815315385E-8	0.08332597337684129	0.16671035980746554	0.08334356505784354	
0.08333092377174466	0.08334307671511354	0.08332523880458866	0.16671192344013036	0.0833431944675202	
2.5484126638796938E-5	0.1667566102770876	0.08323194122591734	0.1666949976876393	0.08334568544912378	
0.08333793411332736	1.4909713069869993E-6	0.1666705569205109	0.16670132244879482	0.08334343346616761	
2.1295229096155627E-6	0.08333647017873227	0.16667254022587355	0.16670003369410447	0.08334354783698893	
1.640913738463913E-6	2.1043080816108847E-6	0.2500148926154211	0.16669575165115258	0.08334022567151192	
0.16670700123171991	9.228695902358513E-6	1.925623455269428E-7	0.24999488365125824	0.08334197970664145	
0.08335167667331425	0.08337275483417267	2.7607576355374673E-5	0.2499606388232069	0.08334175392323832	
2.4618482310074153E-5	0.166689697396611	3.76496493367309E-5	0.2499571735443386	0.08334543771742424	
0.08336893820689797	4.281925792654986E-6	0.08336794530774166	0.2499714614065918	0.08334185902026055	
4.659301253833336E-5	0.0833713983646877	0.08332317856661531	0.24997148143929165	0.08334186540013251	
3.007932533271673E-5	3.119161416889971E-5	0.1666884366520148	0.2499842467174825	0.08332062446201491	
0.08335120150513413	1.9373382055332753E-5	1.4307026215933713E-5	0.3333271832305265	0.08334256514134142	
9.377174271230891E-6	0.08336089629010517	1.4451059251700158E-5	0.3333265539854837	0.0833432109796759	
2.1346764188549285E-5	2.060233168996363E-5	0.08334257871386239	0.3333257652034183	0.08334304433471258	
7.051153010742786E-8	7.484165772933024E-8	1.457833906681801E-7	0.4167116098473554	0.08334249685261245	
0.33336937921616766	2.5654521564979676E-6	9.55485831391641E-7	1.2689261828078798E-6	0.16667855620206842	
0.25002464476305747	0.08334831619500319	7.938552294713087E-7	5.31555084282322E-7	0.16667905523502655	
0.16666542084911457	0.16669261519536455	1.3150583534284383E-7	3.8725196355309515E-6	0.16669247701818277	
0.08338029034093608	0.24997360347063854	2.3536405141424307E-7	5.007152236929719E-7	0.16669925305667638	
2.104058886222625E-5	0.33333341841312697	1.3272961253683608E-7	8.002181137862528E-8	0.1666991754963571	
0.25002158959642584	6.181410391194713E-7	0.08334967426207143	2.815749821553106E-6	0.16667856125291708	
0.1666806324749909	0.08335227209499427	0.08334020830252127	1.5565115177585333E-6	0.16668013183860225	
0.08334431249200762	0.16667005245426644	0.08335942508921122	8.357088030619194E-7	0.16667891368384705	
1.9782793683870304E-7	0.2500142076864961	0.08335946433221218	8.261848953727952E-7	0.1666789175775229	
0.16664073632984264	2.6213008824397916E-5	0.16669347550824876	6.015333195141628E-7	0.16669295179267388	
0.083333237029246	0.08333843191134521	0.1666965118523324	6.3340242246270225E-6	0.1666788162734621	
2.5511082772117194E-5	0.1667476999240698	0.16659653835100394	4.304971904548705E-6	0.16667934251293037	
0.08335272670851697	5.512027168692095E-5	0.24997607520302143	8.400180319544211E-6	0.16666304614019256	
8.839117119421142E-5	0.08337301540781042	0.24992691827425853	4.0505141077159225E-6	0.1666630714111754	
2.021402195530073E-6	1.6280581093169662E-6	0.3333696291044881	6.451347075740672E-7	0.16667906007875316	
0.25003927142586724	1.1250812391785388E-7	3.2398069170896046E-8	0.0833204399330497	0.1666936436823843	
0.16668622260763982	0.08333775176624843	3.238386186801574E-8	0.08335032926767219	0.16667924858084096	
0.08335466257506921	0.1666684278326617	6.252674228393088E-8	0.08335112718914431	0.16667956973508793	
1.3437664050649722E-5	0.25001021844805976	6.019878822521499E-8	0.08335136036629599	0.16667881182380023	
0.1666924349889467	3.874529281585929E-7	0.08334612133889749	0.0833347406624564	0.16667962059253447	
0.0833497635597056	0.08333621599229517	0.0833363981024271	0.08335129341168943	0.1666796114021869	
9.737952741178455E-6	0.16667916598590246	0.08333834386576192	0.0833474526646615	0.1666794178127888	
0.08334723777410165	9.381812265048639E-6	0.16670495078261477	0.08329851175410831	0.1666944608838656	
4.203401096255218E-6	0.08333933007540005	0.16668041460491456	0.08335082818052411	0.16667998528278613	
1.3555397529636312E-8	1.0799083910379992E-6	0.25002277297674563	0.0833508920950941	0.16667999046543777	
0.16668247111418374	1.1783149678992591E-7	1.4164766423300563E-9	0.16669262284561695	0.16668042663931118	
0.08333061376215067	0.08335250194305832	2.1446208752655123E-7	0.1666916756417347	0.16667905161830318	
6.219253826661089E-6	0.16668026141802514	3.873471620198823E-8	0.1666675336731138	0.16670065593643557	
0.08334581844001318	1.4996590231325303E-6	0.08333874970024316	0.16668895112437065	0.16667955564969922	
2.5485927062436587E-5	0.08336235181434944	0.08330149710899609	0.16669035141272734	0.16667479988077247	
1.4989159332058298E-5	2.0029192854436624E-5	0.16667165278513632	0.1666735393923747	0.16667471089402247	
0.08337663023698759	3.380415335223599E-5	4.1890479408187004E-5	0.24994201848219286	0.1666614231179011	
5.217337438874389E-6	0.0833281877991383	1.2887316651412644E-6	0.25005877410565414	0.16666089529749917	
3.272943501906554E-6	5.0238807463240953E-5	0.08339798509668107	0.2499395385353562	0.1666638559283161	
6.2874106861934566E-6	6.522975804253262E-6	6.657964692643994E-6	0.33336121340438757	0.16667521599916532	
0.2499039518955652	1.378981531387404E-5	1.1209430312882753E-4	4.7563151076612654E-6	0.25002097878526125	
0.16666226500899922	0.08337751610462867	7.275395890495338E-7	9.971094696373669E-6	0.2500095424003161	
0.08328411147165025	0.16672643313968538	2.163524270087199E-5	6.574286159766029E-7	0.25002185815281713	
9.306218594142686E-6	0.2500205042948117	1.6871869884267775E-6	6.677521584041793E-7	0.25002160173876875	
0.16669601328097847	1.525761201613338E-5	0.08331354251059303	8.927252965205135E-6	0.2500208596395094	
0.08335532108002393	0.08335879533754159	0.0833146106869688	4.775615356360758E-6	0.2500198887364321	
6.215861188093313E-6	0.16668162044251547	0.08333872809356353	5.892173267881978E-6	0.2500213456655979	
0.08333217318379176	1.1031507290475214E-5	0.16668059469285867	1.2997014831022526E-7	0.25003139628584686	
3.6752843718120614E-6	0.08334175871344911	0.16668504391438294	1.461994005446093E-6	0.25002184620015944	
2.5638730692101457E-5	2.5617507322056383E-5	0.24997507073906655	5.18477349999848E-6	0.2500231631093033	
0.16669040369885774	9.6170482344436E-6	1.449994109765471E-5	0.08331914213872188	0.2500200487059097	
0.08334493975500197	0.0833322196315948	2.1593421553774198E-8	0.08335546922977238	0.25002219468958686	
6.263821844994801E-6	0.16668453660893578	4.759866682969286E-8	0.0833409782087714	0.2500228470991495	
0.08335253332825641	8.950375272767214E-6	0.08335291390095766	0.08331922751856254	0.2500200110347769	
2.089256721479332E-6	0.08335678841640101	0.08335546077340304	0.08331933661602713	0.25002026333581734	
4.50704178534558E-5	4.506698457495567E-5	0.16667064942736387	0.08334406445282044	0.2499500193685655	
0.08338574547210009	1.7380687595046238E-5	2.0649520248391074E-5	0.16659739723839978	0.2500335914088631	
9.054206233489091E-5	0.08340890136094069	2.8078140914727882E-5	0.16662279550125647	0.24991290860187707	
5.136488631409298E-5	5.135718470610287E-5	0.08331977938577488	0.16669121117377128	0.24994027945432548	
4.847758782392638E-6	4.142047532901319E-6	4.3810081926413294E-6	0.2500219469894125	0.2500194380350536	
0.16666613518954052	4.5336766175810304E-5	1.2592586871623898E-5	1.0835709405487466E-6	0.33333509460284244	
0.08333050658002474	0.08335606492272056	1.087261252060596E-5	2.5210314932818475E-5	0.33333128057723926	
7.24257556015905E-5	0.16664793216245893	4.488352854049186E-5	2.5856946047057927E-5	0.3332639165062107	
0.08333116399198064	5.249665676829388E-5	0.08332489638719069	1.1352509099360463E-5	0.3333328465424152	
3.607899968490996E-5	0.08337172776808992	0.08334898685424856	3.31352424831682E-5	0.33326490115068824	
4.4143901904884334E-5	4.404441483352831E-5	0.16666473821899572	4.491255359080284E-5	0.3332574070153439	
0.0833580043822835	1.663318404880041E-5	6.784653910367976E-5	0.08335513177512716	0.3332570077039369	
3.112842151178323E-5	0.08338731175619588	2.021976432590429E-5	0.08335122770127226	0.333264782439777	
2.941237789727744E-5	3.3373900494154436E-5	0.0833817840422121	0.08335289499118319	0.3332565530074532	
1.6341301559651946E-5	1.7543234193361096E-5	1.7334727903757103E-5	0.16667812455836806	0.33332626150400774	
0.08342457970847511	1.1537981593105415E-4	5.043610198217514E-5	6.436438204333043E-5	0.416400321438261	
3.8552750330840645E-5	0.08335919035016119	7.091756218437591E-5	2.897879891625207E-5	0.4165605712458616	
1.447767523518518E-4	1.4089299960963586E-4	0.08335261841536422	1.6695404481936286E-5	0.4164005199305643	
7.377196279486333E-6	7.37933552436783E-6	1.3048555747415584E-5	0.08335419779248503	0.416676058116552	
3.0846639885613513E-7	1.4981918290799714E-7	4.643814222567723E-7	3.217553309356909E-10	0.500053204262544	
