0.500043607991761	5.9982538282863366E-6	8.611464761007051E-8	2.3866772211134713E-6	1.9444977873655518E-6	
0.4166602392368036	0.08325931409612651	5.143872474143576E-5	5.340530473871549E-6	6.31849854679558E-5	
0.33332583880200495	0.16670627858880227	9.268214513121139E-7	2.46974789022E-6	3.872404021344933E-6	
0.2500320722890235	0.24999689623498317	2.0869461439373746E-6	2.3944728954509224E-6	6.167072710889272E-6	
0.1665947221166669	0.3334076210784305	1.1278074973444932E-5	1.3481339814385447E-5	1.2805188824847013E-5	
0.08343024514852175	0.4165528299657956	1.0527822713010373E-5	2.122574425096458E-5	2.21227217671612E-5	
5.293661099597443E-6	0.5000165439405444	1.1226093004940389E-5	2.374240174749478E-6	4.342551503483041E-6	
0.41666095902542205	1.1921226593072738E-6	0.08336960805225668	2.4582388591855486E-6	5.4101639573087316E-6	
0.3333373053675571	0.08335380484024701	0.08334132242008152	2.3539724165444174E-6	5.46816735038507E-6	
0.24998520007526914	0.16669837733503556	0.08334789066518025	2.335190443524241E-6	4.486932505642419E-6	
0.1666971625088566	0.24999148863451	0.08334385376654864	2.335726958840586E-6	4.6945912394487996E-6	
0.08334857064102474	0.33333908618268	0.0833436610746852	2.2125155075994994E-6	4.694454395309201E-6	
2.2042618705865937E-7	0.41668746594894646	0.08334473447290569	2.3358042990991484E-6	4.687712236277151E-6	
0.33331071985024396	1.082832246612372E-8	0.16671916285230107	4.037181598413697E-6	5.46807234663352E-6	
0.2500059645660519	0.08330258703656877	0.16672297486268248	4.201900382357917E-6	1.0224041616077584E-5	
0.16675290562910522	0.1667257584912224	0.16654744874136357	5.763985122599504E-6	7.288173213247146E-6	
0.08333993711271469	0.25002299258339694	0.16667369085265732	2.376853554636273E-6	1.5029008320072422E-6	
2.4447423672283306E-6	0.3333604875406899	0.1666735751849523	2.375169937183924E-6	1.5504424039343671E-6	
0.24996541227050487	2.790579447891253E-7	0.25005810715564053	1.197391673728044E-5	3.981201982233644E-6	
0.1666765524946678	0.08332385909760806	0.25003227725247607	2.668319400319473E-6	4.812716469600511E-6	
0.08335167205898204	0.16667058472078816	0.25001156437013394	3.7194384850932787E-6	4.889852343009939E-7	
2.991805694395616E-6	0.25000873129654355	0.24999900507153405	2.3761831870464728E-6	2.5222530882250327E-5	
0.1666937637594835	1.0982177843456464E-5	0.3333256251364173	3.14027212490073E-6	5.579563884462346E-6	
0.08334439317382931	0.08334568587273032	0.3333457944616575	1.5335156421121126E-6	4.8491951534433055E-6	
5.2155683996409857E-5	0.1666911548040664	0.33326995698959505	1.5636951185354473E-6	2.4596572159275145E-5	
0.08356812660775113	1.5518193676716314E-4	0.4162102865501085	7.714634502424729E-5	2.9262606646676177E-5	
2.613319449483481E-5	0.08335213423809217	0.41664803295674674	6.770552001287624E-6	6.763893739991099E-6	
3.206116073134869E-7	3.1602980269421087E-7	0.5000425386411084	1.1619369784631514E-6	6.663662501068388E-7	
0.41667558195351384	4.989426351646977E-6	2.561419135988016E-9	0.08335532143162233	3.8507350979276925E-6	
0.3333475970471147	0.08333101044686776	4.4404763802660723E-7	0.08335664941072189	3.817354373456504E-6	
0.24999978907270468	0.1666805085546527	1.3984810767098473E-6	0.08335561583185992	2.5882474376032802E-6	
0.16667671602916664	0.250001197049668	6.370496903773613E-8	0.08335668122353548	4.504473430253101E-6	
0.08331797984820369	0.3333934534179233	1.339672411162812E-9	0.08332175194623194	6.189001186693666E-6	
1.2742185891977648E-7	0.41667675876758764	9.193293595477574E-7	0.08335687836473231	4.507891842141667E-6	
0.3333609211116326	9.342508439027663E-7	0.08333039769948972	0.08334509560732238	3.0069689203058425E-6	
0.25002426377351633	0.08334048632083792	0.08332708685977258	0.08334481602584876	2.199573732029487E-6	
0.16667733850502417	0.16665477326715963	0.08337922615444715	0.08332516837548264	3.170418062374176E-6	
0.08333353993912097	0.25000546896436393	0.08337568982815678	0.08331792586055552	7.2561638780691955E-6	
2.552207690063835E-6	0.3333726177945037	0.08334112447616526	0.0833181003573334	4.690360942270796E-6	
0.25001329866961797	6.812182920967886E-6	0.1666622222834358	0.08335487635423927	2.0343435241424134E-6	
0.1666855929312694	0.08334734599452116	0.16667170763285352	0.08333322438548046	1.1663908786604047E-7	
0.0833715412992636	0.16666198038613855	0.16667116164726856	0.08333323945926902	1.5536573697739813E-6	
3.0064334092503004E-6	0.25003431597971787	0.16667566233628403	0.08332600384745446	1.6333918316497407E-7	
0.16667622767505805	1.7794125449001362E-5	0.25001730229864244	0.08332259070950712	5.255273010480138E-6	
0.08334544478762293	0.08334968541238481	0.25002035356897817	0.08331972396914557	3.5438884872369832E-6	
2.53878372147446E-5	0.1666931681462473	0.24999885455593368	0.0833203967495333	5.471769941033086E-6	
0.08334573778587877	3.03632337968488E-5	0.3333347273588239	0.08332347130596457	4.846107343991611E-6	
1.8343589665275345E-5	0.08335731276394402	0.33333779652774204	0.08332430042257416	5.135709082176462E-6	
6.104299543278323E-6	1.0494455997855194E-7	0.4167039218842985	0.08332363790043479	5.132939920904065E-6	
0.3333569911990956	1.2461047306912302E-5	1.7520947981071282E-7	0.1666659606812661	3.4356158805307244E-6	
0.2500549553307741	0.08330936698679446	4.5149971705744235E-6	0.16666380847889703	7.001328082891435E-6	
0.1666836033703186	0.16667777605572728	7.779167859634717E-6	0.16666548371448592	4.623249213884309E-6	
0.08336394435933805	0.2500054636937389	1.4245872408870409E-5	0.16664788683005013	6.8514347797058624E-6	
2.4115747260196833E-6	0.3333763481500341	1.2824126901662211E-5	0.16665047115011222	4.6599183359648605E-6	
0.25001659946543553	6.745557097690218E-6	0.0833453726045184	0.16666550597783883	4.6900091738770434E-6	
0.1666605636827117	0.0833348403068476	0.08337859071532686	0.16666280828395652	4.297329461558487E-6	
0.08335499226737737	0.16667674008848443	0.08333962825215219	0.1666623012361791	4.8766221361933555E-6	
1.4956005260431682E-5	0.25001626043351044	0.08333946047942786	0.16666195131792408	7.299109307031487E-6	
0.16667711304378652	5.992446817940211E-5	0.1666325975461376	0.16666440283648648	4.687148404533032E-6	
0.08336874568145931	0.08336909271978606	0.16663339793375972	0.16666224772747418	4.893503623488439E-6	
4.2454588433722535E-5	0.16669819288059823	0.16663703085539947	0.16666460866191765	4.688533924575115E-6	
0.08335815459182351	1.7963784035786436E-5	0.24996358638489327	0.16669537561328654	4.922498175593227E-6	
1.1907616886730528E-4	0.08341757357721472	0.24990291536469658	0.16659091869868362	7.3777208042629014E-6	
1.8115074014554157E-6	2.1664578974228253E-6	0.3333597311135227	0.166673552805285	1.13238956493044E-6	
0.2500230355302159	7.216738087861947E-6	5.128421979170928E-6	0.2500040504284568	5.997337598118862E-7	
0.16667385929961084	0.08334149286203843	2.708211186727893E-7	0.2500233959428183	9.997387072765546E-7	
0.08332759791707332	0.16668978446376284	6.250701662727129E-7	0.25002029349773724	9.088059922749162E-7	
7.556161619597693E-6	0.25000542197311026	1.4194315241293694E-6	0.25001793201833133	6.830197231957213E-6	
0.16668065377116598	1.3771065202893231E-5	0.08334124756967974	0.25000473091678144	3.4053423098690324E-6	
0.08333906144437653	0.08333955263602429	0.08333972292891281	0.2500182967829214	1.5429578816556044E-6	
1.5594500369689776E-6	0.16668107851580083	0.08333553285873198	0.2500184275035331	2.73889443002607E-7	
0.08336616970740617	5.012208665888091E-5	0.16661403665715882	0.25000283122432154	4.827975079723114E-6	
4.587564487503924E-5	0.08337124410194502	0.16661569039346993	0.25000531264046244	1.5272816364981486E-6	
2.0878891353466723E-5	2.2211021542834687E-5	0.25000633469860906	0.24998007622590748	1.1368854617842491E-5	
0.16668025984845383	6.440188861948829E-5	6.642084984173278E-5	0.3332268297051532	1.3866644270327616E-5	
0.08335772769683097	0.08335901657660245	1.086712584843327E-5	0.3333066882837063	6.137413793948264E-6	
2.5843306427860753E-5	0.1666821600424877	1.640863033232989E-5	0.33330893567641057	7.083676579285286E-6	
0.08336533634822109	4.753114449809679E-5	0.0833634058001007	0.333251231236414	1.2354621102099145E-5	
2.3223650200086732E-5	0.08336743874647794	0.0833347114658279	0.33331187081063224	4.068937128000872E-6	
2.7408820909537235E-5	2.7267479318823908E-5	0.16667681383947552	0.33330485364439044	3.891827814517988E-6	
0.0833604370641622	3.3697316641254584E-5	4.164039222408626E-5	0.41659909704682896	1.039797081517099E-5	
5.467023643293304E-7	0.08336359755674864	3.470653928213539E-6	0.41667154791413336	1.0730149502743645E-6	
1.0109755496617954E-5	6.6227148141274165E-6	0.0833437780909678	0.4166788397821419	6.092832982811956E-7	
2.709279146914179E-9	9.002057950094019E-7	1.859804028264994E-6	0.5000383384205038	3.5355944497136684E-7	
0.41669032231119135	7.303576400588781E-7	4.5463515732841697E-7	7.5638164043358216E-6	0.08334464095156903	
0.3333413827703996	0.08335717855307714	1.7036009739611358E-6	1.6261126981417082E-7	0.08333887029584613	
0.2500127596791429	0.16668544570223595	1.6394136464664338E-6	5.607761640933413E-7	0.08333889183271935	
0.16667120282703074	0.2500263731279377	9.730776132255344E-7	1.9841390342397257E-6	0.0833384879360181	
0.08343680403774403	0.33321608810907977	1.1405240005450325E-5	2.3102315475252387E-5	0.08335224309225363	
4.232210350075055E-6	0.41669340780854924	1.5745604947146559E-6	1.173672779517134E-7	0.08333896276317568	
0.33336329967244177	3.933867371875802E-6	0.08333259292398147	1.255034200796184E-6	0.08333890762295204	
0.2500283699799862	0.0833383370910877	0.08333268384580303	1.946149556075723E-6	0.08333857681425655	
0.1666956048590448	0.16667196599637416	0.08333297990763114	2.4084877561476364E-7	0.08333901767306504	
0.08334005848855622	0.2500247684781785	0.08333221067516303	2.160061714898378E-6	0.08333897966192295	
3.403269913754601E-6	0.33336155595694456	0.08333226250699907	2.035339908196952E-6	0.083338968343155	
0.2500149708338487	1.4170156985091896E-5	0.1666682269886245	3.5664966082912168E-6	0.08333872616812449	
0.16669540490481582	0.08333469311988184	0.16666981399694125	1.2638222368269706E-6	0.0833389264451249	
0.08335351335881722	0.16667549519353744	0.16667013540516545	2.420465470000778E-6	0.08333736898137702	
2.552067926634514E-6	0.25002548806301483	0.1666694716415483	1.966032220471245E-6	0.08333879327515055	
0.16667599021079918	3.0640077061740466E-8	0.25002302091142903	1.1412107390289703E-6	0.08333845654529619	
0.08333593346800763	0.08334038176984518	0.25002358074468917	1.3547300492144912E-6	0.08333822641812877	
2.9030638683547098E-5	0.1666878704722846	0.24998444837280612	2.193509895632307E-6	0.08333492935168406	
0.08334123759451902	2.2248679910887095E-8	0.3333609131853021	1.1412193146057085E-6	0.08333908278837726	
4.159594433099011E-5	0.08332953400894744	0.33332846822111994	3.6318870218335483E-6	0.08333726053896343	
1.7013497641397852E-6	1.6591787145580929E-6	0.4166951463686671	3.0240429882223625E-6	0.08333816298165989	
0.33336261406166967	5.70597916137918E-6	7.380985978694373E-6	0.08332023912225543	0.08334411986961489	
0.2500477786053227	0.08330636752145018	1.3905160979150818E-6	0.08333952851357264	0.08334393911310409	
0.166691970670267	0.16666419920372774	4.199801643450486E-6	0.08334059623137317	0.08333877604001076	
0.08333885568593725	0.2500206377916341	1.0082882051639433E-6	0.08334003206496086	0.08333891860498097	
6.721205681206155E-7	0.3333590705421914	7.612397591987535E-7	0.08334003284853327	0.08333919424095561	
0.2500191223939956	1.0077828629818276E-9	0.08334066477496066	0.08334073642992322	0.08333879621193878	
0.16667787906560566	0.08334354494637436	0.08333781672608397	0.08334069024213064	0.08333785163950494	
0.0833488212128662	0.16667550454652244	0.08333621543102446	0.08334000081572054	0.08333721216414529	
2.3260143473245156E-6	0.2500205916948468	0.08333575364839547	0.08333957430734343	0.08333848562867369	
0.16664153781290875	1.885350114953021E-7	0.1667097431129943	0.08334955343585801	0.08333870214608265	
0.08334141244377744	0.08332921954404865	0.1666840286803067	0.08333916545082286	0.08334404069983602	
2.9465809574899433E-7	0.16667387212889936	0.16668600394793615	0.08333994915456752	0.08333891886783915	
0.08334251722253674	9.407913320223069E-8	0.25002236275881184	0.08333568131406706	0.08333866299774251	
2.672511296285728E-5	0.0833563754946079	0.24998211460541175	0.08333573679430885	0.08333699060820259	
3.918288929264213E-7	1.5964437551780436E-8	0.33335885147838396	0.08334026043449144	0.08333833387806124	
0.2500160756521869	7.379681049094223E-6	5.593785408343537E-6	0.16666478950329483	0.08334360838191417	
0.16668156615316054	0.08334551062913464	3.1672888335178143E-6	0.16666954225930194	0.0833385432367784	
0.08334912065342961	0.166663585049422	1.0596369237428052E-5	0.16666535824400489	0.08335062876727056	
4.39028228928025E-6	0.250027763582523	9.312815518642435E-6	0.16665788562501704	0.08333843462015178	
0.166680113843072	1.0824014803245965E-5	0.08333947012151385	0.1666657789344381	0.08334367795184805	
0.0833509778455897	0.08333866620413333	0.08334528878527463	0.16666704861625378	0.08333633889271316	
3.371673232299184E-6	0.16668567999441167	0.08334498872589553	0.16666645374536587	0.0833372077715327	
0.08329004817215048	1.0521956378482919E-6	0.16673455315405336	0.16666653540531184	0.08334754485302368	
1.0356966361998855E-7	0.08330966206665034	0.16672057250411376	0.16666397191166288	0.08334409013094277	
9.05443406419401E-6	3.9864461616891737E-7	0.25002325308418516	0.1666673201576201	0.08333790572217689	
0.16667657248885476	7.555799563654505E-7	3.886813568691625E-6	0.25001398850908907	0.08334388732550566	
0.08334176029635786	0.08333889117413955	3.8884446347859075E-6	0.25001814416602464	0.08333772233057087	
2.5820256078606088E-5	0.16667733556951475	2.5012526977171268E-5	0.24996038880361768	0.08335060163619831	
0.08334706565993588	2.009987699445106E-5	0.08331773679281859	0.25001547462048884	0.0833372263903369	
6.527164714696132E-7	0.08333965179339675	0.08334906534328129	0.2500153038797576	0.08333811302975913	
4.051453423189128E-5	4.1050389695143595E-5	0.16665886542120176	0.24996363057405427	0.08333937385539394	
0.0833457635276107	2.1386951326360747E-5	1.856563839674167E-6	0.33333375918577085	0.08333770633453111	
7.372714164280639E-6	0.08334929785567091	5.443458529582082E-6	0.33333802171933147	0.08333860863009868	
2.077155075006894E-5	2.0787790197090832E-5	0.08338384549249668	0.33327020046315003	0.0833439494976017	
2.330952935690237E-7	4.20747497414779E-6	1.130726095270877E-6	0.4166948670710575	0.08333745993396549	
0.33335467711678235	4.012610805763486E-6	7.469493171343782E-9	1.2285528771739326E-7	0.16668098567594455	
0.2500356200938668	0.08331196886840397	1.1214862131756333E-5	2.894779287309507E-7	0.1666811383975514	
0.1667019637436827	0.16665767396226847	3.848324790938638E-6	2.743168927645539E-7	0.16667658599072427	
0.08334865692255536	0.2500138942555485	8.954736718834236E-6	9.427365750331227E-6	0.16665910084610738	
7.704892505929845E-6	0.33335438846794185	8.448923210859292E-6	9.392574178680854E-6	0.16665928870935687	
0.2500009353271047	6.485664821829279E-7	0.08335805781330662	1.3001625064226482E-7	0.16667975896380188	
0.16666698089701526	0.08333323689885036	0.08335803061609538	5.279742817297985E-7	0.16667925712281054	
0.08337207811288569	0.16664928022380865	0.0833430564025853	1.0495442222018802E-5	0.16666955456353974	
3.014100973658444E-6	0.25001373728918913	0.08334020379397805	1.3715343528858825E-5	0.16666736703267626	
0.16669017796688435	1.0687290832159943E-5	0.16666436439980306	7.983356391501308E-7	0.16667982081448063	
0.0833493777093525	0.08332773848056066	0.1666644102197104	2.072218224476627E-5	0.16667689244241204	
1.98869579044004E-6	0.16668713859899384	0.16667651945768022	7.260790965513362E-7	0.16667754076244448	
0.08329890251990346	5.098075945876135E-6	0.2500107135057394	4.791932259272156E-5	0.16667653435630414	
7.947401960913514E-5	0.08337954299119216	0.24991812349636555	1.589208203242153E-6	0.16666141854228167	
1.5446754089283786E-6	1.1629227567352545E-6	0.33335758840331314	1.023403337185352E-6	0.16667649751322555	
0.2500203459107535	4.280842305179173E-6	1.0033202768214117E-5	0.08332428453400043	0.16667880470341062	
0.16668242783562773	0.08334096042461127	1.010647943679879E-5	0.08332677493425197	0.1666797669684736	
0.08336863504370809	0.16667365759645617	3.1797865825414216E-6	0.08331800236022142	0.1666769340769312	
9.323875766907766E-7	0.24996307745834165	4.4361353916062226E-5	0.0833740704099897	0.16665718048569153	
0.16668024588625288	1.072504707852256E-5	0.08334558580046313	0.08332541919075875	0.16667677351163976	
0.08333067822019806	0.08335024165819464	0.08335545986026933	0.0833260313027534	0.16668185946149255	
6.216037034393434E-7	0.16668403602293316	0.08332843609246755	0.08333747845427138	0.16668694698111886	
0.08334474103915583	5.1008813640188205E-6	0.1666822948644275	0.08332696813528681	0.16668063823417772	
1.3826661145146014E-7	0.08332943247878992	0.1667024562493591	0.0833269284699453	0.1666805729237678	
7.414083670967246E-7	3.413175519185645E-8	0.25003362109444927	0.08332495946893723	0.1666808488025623	
0.16668164807533623	1.5218779309553767E-6	1.677364860865355E-7	0.16667499178593057	0.16668147467016217	
0.08330829803716315	0.08336870413785862	6.441253636989607E-6	0.16667457815732356	0.16668116578407774	
2.3350814348172556E-6	0.1666803036681664	4.1665985837823895E-7	0.16667422302219503	0.16668116616296427	
0.08333840267474492	1.0208381567465238E-7	0.08334477237008013	0.16667456112998313	0.16668053349936937	
1.4056564044705502E-7	0.0833365250460135	0.08334294131922705	0.16667949390933698	0.1666801864799347	
2.907737559675551E-6	3.0813441561687947E-6	0.1666896160500898	0.16668395876528413	0.166660421726478	
0.08342709227352896	1.062544847689018E-4	1.4886488216386195E-5	0.24984301918749025	0.16664885223775674	
2.0933724447604862E-5	0.08334184194473868	1.790504471020803E-4	0.24984564271197846	0.16665388458789124	
7.392766115940108E-5	7.795837848537542E-5	0.08339037945237471	0.24984643889344785	0.16665245137866272	
6.923417520149012E-8	2.1469679970417512E-7	3.258980405880708E-7	0.3333592326129285	0.16667819540803697	
0.2500521843186733	2.1097817541443685E-6	1.46753061110823E-5	1.6000909445930415E-5	0.24995787931510333	
0.16668425675433485	0.0833469805898181	3.3914561858407757E-6	2.3708920225541845E-6	0.2500013547841224	
0.08335531155044563	0.166663033768977	1.6277051545941353E-6	1.4671644762545143E-5	0.25000248217061816	
3.414886287245983E-5	0.25001966457441194	4.894950220293034E-5	2.7651199335868714E-5	0.2499146829624746	
0.16667848684436093	2.357643531158192E-6	0.08334104003949908	1.5187512908745719E-5	0.25000140401537496	
0.08333070885484828	0.08335052160709831	0.08335554010894378	1.0523078205851162E-5	0.24999255031831807	
2.5233820382290145E-6	0.1666700564119705	0.0833518538953007	1.0484395774088817E-5	0.2500051381596376	
0.08337149005645872	2.2314199312738443E-5	0.16666549436045078	3.3812371150436514E-6	0.24997604590770509	
1.2624946191039738E-6	0.08338810619954624	0.1666470163469348	1.0581701830907429E-5	0.2499935811921674	
4.433283955004445E-5	2.7178611403196527E-5	0.24996805447154968	9.976804031810067E-6	0.24999676434897275	
0.1666896161756259	4.0432219580198925E-6	9.120915544705411E-6	0.08333575533978735	0.25000600613511975	
0.08334261056253119	0.08336195725826298	1.2222661866757418E-5	0.08331649913507577	0.2500060174881002	
1.0366951529042605E-5	0.1666963791608845	1.2113688107323572E-5	0.08331752977098689	0.2500071718804934	
0.08335302749596792	1.9063718148722846E-5	0.08334488939692632	0.08331659512913629	0.25000624803583094	
2.0415138381995804E-5	0.08335596445688977	0.08334978394091076	0.08332111531723989	0.24999245975142875	
1.8688164991920887E-5	2.133140284596025E-5	0.16668612722579262	0.08332090327521895	0.24999271033789536	
0.08333205050763773	1.2086561000158606E-5	2.9807325480907067E-6	0.1666875609699145	0.25000507781914166	
5.6531524404432027E-5	0.08346273778460188	8.200183803856273E-5	0.16658314659701592	0.24985434244752888	
9.290146880088183E-6	1.0611189934555502E-5	0.0833491232673188	0.16666603172908856	0.25000475283078766	
6.720375964816859E-6	6.794043267058477E-6	2.338381506530054E-6	0.2500173504502546	0.2500067947659944	
0.16666748555424812	5.364559184314154E-5	4.877843587814419E-5	6.110015132802507E-5	0.333207827370591	
0.08335222743090093	0.08337157461229747	4.556154005459611E-5	6.114086282458836E-5	0.3332082414735063	
4.048678553615215E-5	0.16666106742248604	6.627056533910004E-5	6.356266576736338E-5	0.33320988361389087	
0.08335357935625776	4.4499062544377794E-5	0.08337128594810626	6.139024475662501E-5	0.3332079435659307	
2.570013133619105E-5	0.08333205837218817	0.08333055687842238	6.297872229022475E-5	0.3332878940068304	
4.030425535610781E-5	4.062248307580895E-5	0.16668969819420984	6.347650166920372E-5	0.333214616788878	
0.08336745417776502	7.831495513034551E-5	2.4415465285409894E-5	0.08329033076774407	0.33327892412699117	
1.9020931069867825E-6	0.0833624950597273	1.505764704562712E-5	0.08337503659652448	0.33328539243094746	
4.404223680452899E-5	4.9014278813733774E-5	0.08337063900687397	0.08328779592788361	0.3332923349392527	
3.6663469808548635E-6	3.659847887233558E-6	3.6757418963434754E-6	0.16666413279615563	0.33336423943149773	
0.08334029166030013	1.572090033726106E-4	2.8650987314441496E-4	4.843892525648746E-4	0.4157806986563271	
5.6673051453080746E-5	0.08343578777309596	3.390231766982721E-5	3.1555075179358167E-5	0.41648660329152576	
4.753146749124148E-6	4.824656677923804E-6	0.08335605503421796	3.0179998287773234E-5	0.41664815032748803	
6.927152381389704E-6	7.299350580860694E-6	1.3808719440140155E-5	0.08337854757650379	0.41663721726182773	
9.222256797323575E-7	1.1891664922834439E-6	9.363273922678348E-7	1.7074700325943703E-9	0.5000362754570259	
