0.499994636702099	1.0520854351312501E-6	9.33226823212452E-7	1.2756716949068211E-6	2.9497719626857806E-6	
0.41683332000783785	0.08313276138508174	5.108561499996346E-6	2.607643089826452E-5	3.4213476638285506E-6	
0.3333256870749982	0.1666712170599261	9.316450351941485E-7	1.5229970778367141E-6	1.2019040198225661E-6	
0.2499918563687964	0.25000411263180133	2.172600485781806E-7	2.2600409131542854E-6	1.8143854680982498E-6	
0.16663192139044056	0.3333618241409855	2.9183116005000347E-6	5.3617018816680195E-6	3.1617110944311444E-6	
0.08337911311629852	0.4165944612333687	2.0997418970167897E-6	1.3508057237905383E-5	1.1139804195423476E-5	
6.335088921808089E-6	0.49998163052271405	3.0979542786649422E-6	1.379562900440768E-5	2.5366777065709968E-6	
0.41666738150967414	1.5183572350121603E-6	0.0833267399963022	2.3656696543048924E-6	2.4239367054201676E-6	
0.3333182660173345	0.08331485171100242	0.08336125043272928	2.9764592071727686E-6	3.130790948140629E-6	
0.24996478425293422	0.16666776254525556	0.0833611362270479	4.236731225476482E-6	2.54871946158348E-6	
0.166592798598442	0.25002408068582394	0.08335742337964706	1.7660560654440466E-5	1.1399431364007979E-5	
0.08332111884109956	0.3333124370975904	0.08336073541452439	2.1740302420902133E-6	3.84605901538923E-6	
2.151136206457342E-7	0.41663516893323194	0.08335930350034214	1.984202214369235E-6	3.855823287528402E-6	
0.33332931606816374	6.737626673361098E-7	0.16666698049620823	3.1008354632615256E-7	3.199602066225925E-6	
0.24999619464344558	0.083334207160539	0.16666718648523907	4.196171232601195E-7	2.453417965127227E-6	
0.16668309274062534	0.16668917713079043	0.16661631217882766	1.4781467287856978E-6	1.065120383268524E-5	
0.08332924060460623	0.2500411476038024	0.16661744019926145	2.0983308961879805E-6	1.0651148816094103E-5	
1.5613780725860176E-5	0.33335284497727397	0.166613252662667	9.782969722451083E-6	9.210032575191093E-6	
0.2499915580492203	8.811329327907558E-7	0.2500011459854781	5.00872616785672E-6	8.25269545199417E-6	
0.1666717762854087	0.08334466200281417	0.24998158435724913	7.177336001796749E-7	2.478704961547067E-6	
0.08334233993267183	0.16667148378298122	0.24997591502569044	1.1951585307267427E-8	1.0583742128562752E-5	
1.1469059195021097E-5	0.2500020668604313	0.24997549511817546	4.5283383216214883E-7	1.1133120912021177E-5	
0.1666541807433195	3.293536236160423E-7	0.3333322982357616	1.0012875042294935E-5	4.042155234072977E-6	
0.08333580775847804	0.08333185162355689	0.3333235916316227	5.080735184154952E-6	4.103530215453962E-6	
3.1565830338421987E-6	0.16665463892005503	0.33333914650760615	4.413782756271033E-7	3.098825741940457E-6	
0.08338683601097453	3.700979024050658E-5	0.41655158380190727	1.0134991566386934E-5	1.555208486013401E-5	
5.479446515672526E-5	0.08337010957541932	0.41655671393192356	1.0105287737951591E-5	8.727928226822231E-6	
2.614814431321101E-5	1.2785334855041226E-5	0.49995795429309525	1.019431508686105E-6	8.045264035296336E-6	
0.4166490600517752	4.211106723594576E-6	2.3503253719587052E-7	0.08334519238229554	1.7977752751086838E-6	
0.3333319058775278	0.08331821255230774	2.0148742855400807E-7	0.08334835239260337	1.8413868621071764E-6	
0.2499875313215143	0.16668284390281585	2.547724243928716E-6	0.08332306164724376	4.206220922416242E-6	
0.16670179173908184	0.24995070032100514	2.5656827217413293E-6	0.08333997796189385	5.3354897948187895E-6	
0.08322745318335042	0.3333993107382258	1.1267561972634139E-5	0.08334768933995348	1.4400296678219004E-5	
5.28031768837943E-6	0.4166697320138356	2.0517613486751407E-6	0.08332307984801555	8.219495016658952E-7	
0.3333224789632967	1.36457946082117E-6	0.08333053386638929	0.08334501430278983	1.1151102031817667E-6	
0.24999642289052687	0.08333490086644352	0.08333238902368975	0.08333198662636704	5.0202997558555356E-6	
0.16667131936692578	0.1666614991589899	0.08333280294307406	0.08333234456721837	2.4481431493751315E-6	
0.08332953842862749	0.2500045736091107	0.0833328194388959	0.08332196795748346	1.1389612002819439E-5	
3.2282772933913057E-6	0.3333331897303854	0.08333934855015149	0.08332223909395178	2.4869391637598527E-6	
0.24998339537834674	1.1605943750251475E-5	0.16664657289170445	0.08335463212164171	4.874686850706877E-6	
0.1666575267767477	0.0833190039883449	0.16666259037694878	0.08335700042092031	4.498474881613736E-6	
0.08338287532565282	0.16663714673048777	0.16665422862231638	0.08332400295861833	2.2640406476409795E-6	
1.3511072352214892E-5	0.2500071653871493	0.1666546648247282	0.08332232586979237	3.486757699639386E-6	
0.16667091748063426	3.1707621023780737E-6	0.2499688922668873	0.08335490482156858	3.2276932801069246E-6	
0.08333912315590443	0.08333564353044197	0.24996679160840196	0.08335561887381819	3.4531816055102407E-6	
3.4997314520774305E-8	0.16667405456065587	0.24996431534370167	0.08335796619819158	4.210499482796898E-6	
0.08333379716775653	4.162827571969506E-5	0.3333119274445562	0.08331106843471911	2.360323729290145E-6	
5.552555394054268E-5	0.08337006194347946	0.3332118531056758	0.0833547988483602	8.455906226539092E-6	
3.171663832622798E-7	2.275577362224195E-7	0.4166375611134801	0.08335495827443223	8.323599957938574E-6	
0.3333303968265888	8.467080476044777E-6	7.213398514873503E-9	0.1666564520728602	5.020979277943583E-6	
0.2499974014425197	0.08332105216441044	3.4301647119918017E-6	0.16667613630817704	2.154733855464629E-6	
0.1666747550526531	0.16666635556744136	1.0638335702035987E-6	0.16665673050484767	1.7615522454117898E-6	
0.08334582797791289	0.25005388280129087	2.6313116009181316E-7	0.16659200763359486	8.640083146670483E-6	
1.7538612870373445E-7	0.33327840828838096	1.7233378249179573E-5	0.16670064667824525	4.3055104220958515E-6	
0.2500020945809417	3.9214791735430635E-7	0.08331687555971168	0.16667775167783544	3.4414893197104365E-6	
0.16668384793559193	0.08333176591933587	0.08332256042968224	0.16665962931903217	2.3269080036987154E-6	
0.08331220663729348	0.1666692512379598	0.0833567691617575	0.16665612293671714	6.007380196302147E-6	
3.2949005826716585E-9	0.24994521434851125	0.0833395280055852	0.1667012831434042	1.4443551584915098E-5	
0.1666621179116387	2.307035026251155E-6	0.16666963669439647	0.16666198177870853	4.524576013728298E-6	
0.08332621145595553	0.08332289916650998	0.1666856824445916	0.16666204617565747	3.82830552432823E-6	
8.80764094142279E-5	0.1666812707776488	0.1667486535461465	0.1664758524992624	1.1828420853693951E-5	
0.08335910887925349	6.482883381603887E-6	0.24994555245257813	0.16668365727213322	5.578590000867853E-6	
4.524084382971606E-5	0.08336180552372628	0.24999219227349503	0.16658795166548993	1.349203328816039E-5	
3.193236798925653E-7	3.2565345816033466E-7	0.3333155130760572	0.16667975160314805	4.419922110061242E-6	
0.2499794048429133	3.3225751202014093E-6	5.346051886678323E-7	0.2500137867439243	3.417617650888421E-6	
0.1666793070719944	0.08333186119067015	5.17765058707568E-6	0.2499843612635754	3.077800915674038E-7	
0.08336470167765275	0.16664565880376775	1.9404868133473528E-6	0.2499858697552084	2.2332338254032832E-6	
1.5662764741506503E-5	0.2499964415013541	1.0813905692219429E-6	0.24998343069184303	3.830174976996796E-6	
0.16667492476713042	2.3165189328803457E-6	0.08333554636278583	0.2499853918150523	3.751094345191971E-6	
0.08334450930863102	0.08333353289910858	0.08333537111459559	0.2499859534522829	1.0292007677824797E-6	
1.3669783712472016E-7	0.16665354346580996	0.08335989420666881	0.24998273548849653	4.007057769431237E-6	
0.0833183135966291	8.28158063447245E-5	0.166656749493604	0.2499383749821048	4.667996782218188E-6	
3.691181962563245E-5	0.08334979448739994	0.16662769576634598	0.24998177243898956	4.343547367309599E-6	
9.326389444631412E-6	1.0451504978737967E-5	0.24999463791772003	0.24998419328200588	2.3208636059641773E-6	
0.16666980768691148	9.552016761476141E-6	9.83930378306587E-7	0.3333167260318646	3.4407110692611057E-6	
0.08334365145336393	0.08333221451263091	2.1485368890499675E-6	0.3333171989666425	5.295504092412122E-6	
8.521347839244475E-6	0.16667033898616984	4.419727066755903E-7	0.33331971142566236	2.029227473681467E-6	
0.08334020206255086	6.677642962391546E-6	0.0833346541949912	0.3333191127614812	5.2588183300213844E-8	
6.910625048157661E-6	0.08333843718960275	0.08333501071898083	0.3333167577141707	3.1375663227989154E-6	
8.428115384380593E-6	7.304872333741518E-7	0.16667124519183615	0.3333165351064169	3.6313543944793927E-6	
0.08339725315855438	1.1071624697864563E-4	8.360949588397317E-5	0.41639653592517684	1.2200799065147107E-5	
1.2350920568953363E-7	0.08325703060761784	2.3881239047180726E-5	0.41671643517652457	3.562586128789657E-6	
1.786412734508961E-5	2.0009229446090912E-5	0.08332431406764733	0.41663480216622856	3.5727887204427387E-6	
6.941749761251886E-8	8.603701635222899E-6	4.41270470728543E-6	0.49998391643881124	3.422576046206248E-6	
0.41666230044347163	5.047528599237813E-8	8.357118404522924E-8	6.997486148248338E-7	0.08333731025588477	
0.3333342075577941	0.08332611227453111	2.5322812967940953E-6	5.929521804757293E-7	0.08333698343041378	
0.24997643062117722	0.1666845045820445	1.912283731028614E-6	5.7792690229473356E-6	0.0833325364988057	
0.1666589043426555	0.25000503832792437	2.5659672966151276E-6	1.8168652310418664E-6	0.08333202440201955	
0.0833294380973599	0.3333362774434166	1.6158831358354034E-6	9.602885554970822E-7	0.08333202743295332	
1.358550749589027E-6	0.4166649033982337	2.9128744776387974E-7	1.8031944006848818E-6	0.08333197714198211	
0.33333395289063383	3.002601682537379E-8	0.08333368733191511	4.272047824227072E-7	0.08333235975625532	
0.24999983401261017	0.08333421635008974	0.08333366656401625	4.1998731353463056E-7	0.08333238848498345	
0.16666067625360187	0.16666866862624763	0.0833371363005294	1.4414464725948906E-6	0.08333238378568829	
0.08331932743739476	0.25000994589570824	0.0833373280821856	1.4485050250900086E-6	0.0833322200388081	
1.1154102645962258E-6	0.33332935696539695	0.0833375997805419	4.463570046555039E-7	0.08333176991389632	
0.25000126672366885	1.8696309876321597E-6	0.1666691187165569	1.1769807157274407E-6	0.0833270600693479	
0.16665980571613342	0.08333427424684076	0.1666742353706791	7.541019413630896E-7	0.08333169840455242	
0.08334316157834804	0.16667297559831667	0.16665192024350695	5.087204888316948E-7	0.0833317451663197	
8.573990526283121E-6	0.2500083668864665	0.16665238025870624	1.3306139411325351E-6	0.08332985147475531	
0.16667700678020086	3.184129922133401E-5	0.2499552625954618	4.277869425622792E-6	0.0833321522920438	
0.08332030902068621	0.08336366310957863	0.24998001487369262	4.327170071003474E-6	0.08333204923349784	
2.2035375317357578E-5	0.16668584364332875	0.2499587522579157	6.584966983753889E-6	0.08332734004253836	
0.0833608867320482	6.701394903339569E-6	0.3332943291159683	6.561143917203571E-6	0.08333204228733337	
7.404909762594534E-6	0.08334492300866045	0.33330993474114523	6.515800101621077E-6	0.08333210405110562	
1.5860080374872891E-6	4.071914048261457E-8	0.41666627327896816	7.844806281841449E-7	0.08333162059185474	
0.3333257300644346	7.838848214568096E-6	1.6533498171593035E-6	0.08333318535570829	0.08333183722961186	
0.24997088437583104	0.08336277000309544	1.654030628456691E-6	0.08333320693231519	0.08333188054345439	
0.1666705450204315	0.16666407374168135	5.7913110957969275E-8	0.0833334495753204	0.0833321872638258	
0.08333318007159696	0.25000169314485954	1.3838038083963823E-9	0.08333326495006714	0.08333221596351313	
1.1008625812069471E-6	0.3333285483303992	5.355231226138957E-7	0.08334027454694241	0.0833298416123236	
0.25000224048490305	9.36873025933271E-7	0.0833317610641615	0.083333034477629	0.08333238687422442	
0.16666596876052428	0.08333720295540822	0.08333175902765538	0.08333303087275981	0.0833323916674989	
0.08331608846297474	0.16668646764411654	0.08333208761844484	0.08333334026565105	0.08333226132133867	
3.73103505036618E-8	0.24998108731684998	0.08335401872876692	0.08333318208598789	0.08333194452373896	
0.16666425147366376	2.5793851444277716E-8	0.1666665081905724	0.0833376525664805	0.08333233150169683	
0.0833417893592106	0.08333829708491947	0.1666553470060333	0.0833333718412706	0.08333161976886412	
1.2128983122778036E-5	0.16666780142967796	0.16665520958962496	0.08333324166173306	0.08333197902860577	
0.0833554341345986	1.710056750484871E-5	0.2499663604646976	0.0833342519661332	0.08332725043588803	
2.349746717917703E-5	0.08334904621399718	0.24996613133562848	0.08333420893097722	0.08332733668133298	
3.1231336195438726E-7	3.1398388952236314E-7	0.3333346585741469	0.08333336592136324	0.08333163264269121	
0.2500052017931323	7.838889832920643E-6	2.1296232139768665E-5	0.16663494842283127	0.08333123123418215	
0.16664312301452636	0.08331105575394933	6.807884592168956E-7	0.16670790192425897	0.08333757310227818	
0.08330196746589107	0.16665312332161178	1.4995674962455357E-10	0.16670769828311194	0.08333752842706997	
7.208960294610032E-7	0.24997008457413677	6.035190428748775E-8	0.16669981379906415	0.08332957093257644	
0.16665655526078274	1.0394516780709343E-5	0.08336788259478468	0.16663360138733052	0.08333184040918673	
0.08331490538452314	0.0833524945123013	0.08337064241940995	0.16663250056556486	0.08332978771535042	
2.5998815923455637E-7	0.16665874365520994	0.0833123582931755	0.16669933784773183	0.08332960159362389	
0.08335712369624224	3.733722269982934E-5	0.16664326876663735	0.16663551241847566	0.08332730988098043	
3.6726251817148345E-5	0.08335940853477365	0.16664661364488276	0.16663112643104996	0.0833273397508197	
2.0883714872784873E-7	1.2748065204487657E-6	0.2500003490322355	0.16666560699128266	0.08333305029066476	
0.1666836878931831	7.045039938474417E-6	1.7262472592667557E-7	0.24997645176156022	0.08333292487015286	
0.08334849177923308	0.08333739940054084	1.0088654260014383E-5	0.24997846991502454	0.0833258014669673	
1.3836079043270213E-5	0.16666953598701184	1.250352427281923E-5	0.24997697458832235	0.08332752618318029	
0.08334095556386169	1.1886086999116683E-5	0.08334061563957433	0.24997468643178408	0.08333238618811858	
6.915415792482632E-6	0.08334543717329733	0.08334214234464453	0.2499762431116772	0.08332964906786322	
3.69283794876245E-5	3.68972327564356E-5	0.1666564920981554	0.2499454900955723	0.08332475829590474	
0.08336813534497221	4.161574002954484E-6	1.6474701511128245E-6	0.3332934216532907	0.08333294644264308	
2.59931040183719E-7	0.08338527661760267	1.2467947032606598E-6	0.3332816021609004	0.0833321054841146	
2.4910970424618914E-7	2.565825670695032E-7	0.08332330073992818	0.3333517899119357	0.08332472013519646	
4.438372583153726E-6	4.8837782163674974E-6	6.751509468845196E-7	0.41665767211700666	0.08333303679322472	
0.33332961679753925	9.844189766218153E-6	2.1567307226481826E-5	5.118742888992235E-6	0.16663450814608646	
0.249975628865686	0.08336600199349278	1.0173928236115422E-5	1.4211040977340805E-5	0.1666345249385057	
0.16665568715666942	0.16666294288582156	1.715537730887452E-8	1.7531171298303847E-6	0.16668048989957066	
0.08331718934927553	0.250006069307101	7.957210286468147E-6	9.826789067996322E-6	0.16665927010426462	
1.977865719774043E-6	0.3333385374699318	1.5813622919942165E-6	7.242576039440747E-7	0.16665845248544958	
0.2499970434593675	1.5206295360367918E-5	0.08333503271820553	1.9108939922164203E-5	0.16663623944321077	
0.16665449842269228	0.08333091802879689	0.08332604983817986	9.692657259005742E-6	0.16667943800329457	
0.08332346289753376	0.1666951495194948	0.0833383561039778	9.512876434809547E-6	0.16663444342722017	
2.8806535365703685E-5	0.24999755846064814	0.08333902743498386	1.0312619403313942E-5	0.1666246874073986	
0.16668383401783937	5.398965866158865E-6	0.16666783327673268	9.166114928841183E-6	0.1666341777599364	
0.08333206925656095	0.08333581634490397	0.16664552558263143	9.154109548642751E-6	0.16667786968018972	
1.773874603855387E-5	0.16667171226643399	0.1666679137885029	9.08699630211838E-6	0.16663429610162078	
0.08335029073096446	4.2572229284434854E-5	0.2499580111984439	1.4997353456491672E-5	0.1666354794122453	
3.464785056378235E-5	0.0833600841166855	0.24996249994781014	1.4842463972565088E-5	0.1666286523297501	
7.73733387524556E-6	7.74001779678976E-6	0.3333515793072755	5.040768154675809E-6	0.16662869391118165	
0.2500032571549542	1.944486355617939E-6	1.4546923662288759E-5	0.08334548164647865	0.16663543990775384	
0.16666336851744581	0.08334342522657093	1.2900732756534103E-5	0.08334530866411353	0.16663559780711562	
0.0833249695116924	0.16668881572463395	5.9515191830023305E-6	0.08334549053293484	0.16663560688330975	
1.2171682727228042E-7	0.24998675108180746	1.2307282275869086E-6	0.08335411883588258	0.16665794792965755	
0.16667924146382654	4.1052249829989405E-5	0.08329848891804316	0.08334629168971698	0.16663563323854952	
0.08334326841816889	0.08334690024666014	0.08333052701467505	0.08334564697617286	0.16663425803999407	
6.667750722570213E-7	0.16667742196681304	0.08332467388107083	0.0833400871846943	0.16665790913699002	
0.08333151740984805	4.093237432235441E-5	0.1666629135734675	0.08332979939469264	0.16663559458315264	
2.6542168934492796E-5	0.0833407180853469	0.1666693894385142	0.08333022809425418	0.16663450908587785	
1.611040959679226E-5	1.7336440135180724E-5	0.24999048811978034	0.08334698080253798	0.16663022578684156	
0.16666058654004778	1.0576955879464459E-5	1.953748541043686E-5	0.16667514530422578	0.16663474865631006	
0.08335365613471978	0.08334646845147696	2.0000543589563897E-5	0.16664886071669316	0.16663150239114868	
1.1237402655198034E-5	0.1666675600161801	6.989970366798713E-6	0.16665489329538402	0.16665976451742245	
0.0833422758764949	8.215813676318464E-7	0.08334801029885397	0.16667517743403568	0.16663428690379734	
2.2023164553863922E-5	0.08335023729251599	0.08332679809299434	0.1666681611559306	0.16663372379537114	
1.75168215517713E-5	1.775360109234511E-5	0.16668282037350665	0.16664761736275838	0.16663511148788576	
0.08334537151682764	6.75737421588194E-6	5.016408935966004E-6	0.250009993905845	0.16663335069442925	
3.7437486736218866E-6	0.08337402029022752	7.095756503061264E-6	0.24998080862333014	0.16663466293332257	
6.834516879404623E-6	5.342977324792466E-6	0.08334489710125952	0.25001030833006144	0.1666335854117519	
8.787901605074234E-6	9.665938330044967E-6	9.609135356007573E-6	0.3333376728798263	0.16663465305019054	
0.24999874188951968	5.996036768738302E-6	1.5138957519390611E-6	4.946817130392085E-6	0.2499912842465041	
0.16666109395254677	0.08334090893999527	2.8968815261946484E-6	3.470370919103395E-6	0.2499921121833677	
0.08331372176413385	0.166680400722277	6.7625879816582104E-6	7.189026781728378E-6	0.2499922772039441	
1.6770329912887997E-5	0.24999341654655294	1.5194913047455198E-7	5.62843874395563E-6	0.24998484882836422	
0.16668359163892868	3.291104826396859E-5	0.0832898553007794	3.857171295161133E-6	0.2499903345216114	
0.0833362150717414	0.08334004204205167	0.08332687466257414	3.876249442275384E-6	0.24999354843182603	
1.1172087990271328E-5	0.16666780030953923	0.08332502075216315	4.30220069438838E-6	0.24999255837870038	
0.0833326306082846	4.576243547491105E-5	0.166666280034818	9.788387389391865E-6	0.2499458196549374	
1.0970255685647461E-5	0.08335571905087094	0.16666793203464386	4.4764817101510084E-5	0.24992215117777866	
4.72405422120236E-6	3.379758105223954E-8	0.24999575788843095	5.448357567034401E-5	0.2499463573265837	
0.16669005786300814	9.980204115149166E-6	2.673568871886808E-5	0.08328312866238628	0.24999031216829787	
0.08332831452285351	0.08333224585737824	4.304982675870568E-6	0.08334343828115602	0.24999239250125557	
4.714654011432798E-7	0.1666634624512794	3.96916897055608E-6	0.08334288485440615	0.24999087865187394	
0.08335834360967898	2.8184160017289755E-6	0.08331937750634026	0.08332976399592602	0.24999040046807006	
4.6108751449016435E-6	0.0833418550207118	0.08333410908746355	0.08332971099020454	0.24999037798265414	
1.767449210031772E-5	1.7701485958755647E-5	0.16665366492317274	0.08332308329349059	0.24998861241063208	
0.08334515237814037	5.5357012810311336E-5	8.709084480272193E-5	0.16662254647503555	0.2498900519421718	
1.0098002700702188E-5	0.08336040095856698	1.152431222399361E-5	0.1666264063123217	0.24999217895962292	
2.036852367637027E-5	1.999665940643987E-5	0.0833477470549356	0.1666236163079205	0.24998858395768409	
1.459152043862343E-6	4.138092167812048E-5	4.0684471644884605E-6	0.25000376679951564	0.24994977663420498	
0.16667336878917693	4.218692275320761E-5	1.5428715269397844E-5	7.29727321203592E-6	0.33326221344995355	
0.08335248280025358	0.08334566157237493	2.17294173380107E-5	2.979572697185412E-5	0.3332510280939196	
2.900490586953517E-5	0.16665507265611257	4.919008160643871E-5	4.63725212376502E-6	0.3332633130554498	
0.0833541962903217	3.861657342505339E-5	0.08331804930108794	2.7606559280262005E-5	0.33326422035524417	
4.640674161187202E-5	0.08334232217871688	0.08331856074303264	3.049765668539166E-5	0.3332626563073547	
2.132929006513358E-5	2.3354713411995745E-5	0.16665655630324078	3.6644765591623446E-5	0.33326302638122535	
0.08338931377386362	2.1106782470274376E-5	4.945041577048044E-5	0.0832784353238475	0.3332622626094154	
8.519776156773962E-6	0.08337398331425482	4.41575288788441E-5	0.08331106067660501	0.33326296093406593	
4.374395775126622E-5	4.166349189770191E-5	0.08330136837944227	0.0833509626563887	0.3332629949284719	
2.8431065347238098E-5	2.745259777855158E-5	5.258414663971271E-5	0.16664225508313096	0.3332531578060213	
0.0833722365156931	1.400841308067727E-4	5.349949226668988E-5	6.636139733771516E-5	0.4163968558398217	
1.7817331555624265E-4	0.08348546570044685	2.3131343266882774E-4	3.6148381198827795E-4	0.41574398455787537	
2.283138996445538E-4	2.2824966875467076E-4	0.08326141549313845	9.371358701607704E-6	0.4162737698716644	
1.1440774685390368E-5	1.6496735632259358E-5	2.6306782233551325E-5	0.08333708641912815	0.41660924921305115	
2.0835974401624643E-7	1.2436732637785857E-7	1.3705694466852146E-7	2.2658141312365744E-7	0.5000038561940123	
