0.5000175424487482	3.0656143126201414E-6	8.13436503833858E-8	1.7232763492713616E-6	2.9015599524598545E-6	
0.4166830937174553	0.08331009850440836	2.3400397791602453E-5	6.935166159344787E-6	3.984526480474158E-6	
0.3333479986377096	0.16666908358093802	1.5188027367910775E-6	6.8321455843904106E-6	1.9280929112201223E-6	
0.24997811857646646	0.250032849191839	1.252238212694959E-5	2.910799686305731E-6	5.92809536644981E-6	
0.16678868427514568	0.33320690661655133	1.8046492268903002E-5	3.923211684048221E-7	1.2557531944329732E-5	
0.08332453137629364	0.41669636308637653	1.755129103596114E-7	1.6888774652525053E-6	4.417073530053186E-6	
2.8337421647024717E-6	0.5000236012282107	1.7574410077472064E-7	1.5112617964723712E-6	7.0253031253941715E-6	
0.4166809697170116	6.111356480329163E-7	0.08334115417210365	1.8055497233334133E-6	3.3722870872967535E-7	
0.33331769807273165	0.08333307248052704	0.08336387082030354	7.386815880860618E-6	2.7903670557050415E-6	
0.24998820219340542	0.16666374976796153	0.08336931479038677	7.893811252283033E-7	3.957910484917719E-6	
0.16668220729061828	0.24996508249999722	0.0833685149459479	7.803623331239292E-6	5.565133815128258E-6	
0.08342955427299369	0.3332673105077196	0.08330424683316913	1.9949259980610426E-5	4.966736026615804E-6	
2.543151950186288E-6	0.4166610834371172	0.08335438442988985	4.7179499259774116E-6	3.2339950733124722E-6	
0.3333537628240614	1.8353552201905742E-6	0.16666698007092515	1.4421331012607532E-6	1.7498443772193514E-6	
0.25005828315463463	0.083306099057285	0.1666531308183473	1.1125784340012592E-6	6.940126872064732E-6	
0.16667154586584784	0.16666784970269075	0.16667869020937695	3.1672517302388046E-6	5.546365235292748E-6	
0.08334247297813403	0.2500156480932653	0.16666734880380946	2.271304555021744E-6	2.839647839729173E-6	
6.110983451337884E-8	0.33334634705760063	0.1666789209644872	1.492706678181549E-6	2.076056765048107E-6	
0.24999072352892981	3.913240654778906E-7	0.25002685967267246	9.160698550570277E-6	1.3772443455153998E-6	
0.1667082438180059	0.08330038351071281	0.2500105235212398	1.256711169272306E-6	5.557676210263705E-6	
0.08334170547416078	0.16667179854494615	0.25001166965712185	1.1570281576002068E-6	1.955178227585058E-6	
2.1117831360385978E-5	0.2500307906971559	0.24995873350220238	8.951999793436913E-6	5.89660255890324E-6	
0.1666737817434026	4.5573682315830896E-5	0.3332883921963179	6.500449460119071E-6	1.4712752864372972E-5	
0.08332800956935195	0.08333167674014264	0.33336449451545325	9.0800709080542E-8	2.3731895417496158E-6	
1.1978008418848236E-5	0.16668546173790633	0.3333214975530376	8.321133572417047E-7	5.698618253011618E-6	
0.08337489136367551	7.479566573921831E-5	0.41653130373000496	2.9897390128152563E-5	1.440934388551414E-5	
1.7264612060448442E-4	0.08319504476139487	0.41661426125202944	3.0172701029523258E-5	1.4770884593116057E-5	
4.928422042374691E-7	4.053823734103043E-7	0.5000208189650477	4.78714426764319E-7	4.604105670422544E-6	
0.41667461956533286	1.6841578259559933E-6	2.0234775849555117E-8	0.08334899839236448	2.888018097696932E-6	
0.33337937282021457	0.08329378904087417	1.2776162234214037E-6	0.08334849157589154	1.9199468095965406E-6	
0.24999644316724107	0.16667753973034077	4.2907043323108836E-8	0.08334841128904931	2.9184262314271514E-6	
0.16669200463029576	0.24997972055272277	6.347024359843539E-7	0.08334808735437155	4.894094316181737E-6	
0.0833294785507821	0.33335812139141235	1.1101278002396398E-6	0.08333366401662227	2.9183578329806374E-6	
8.782665869980234E-8	0.4166796977096898	2.9444920290844555E-7	0.08334917140311818	2.2514365233530596E-6	
0.33333520816410184	7.231687696713999E-7	0.08334076057968791	0.08334907647458686	1.8779089950214257E-6	
0.24998928462305653	0.08334457000738708	0.08334115872027224	0.08334873213440885	1.892634768973634E-6	
0.1666681097894813	0.16666697638954922	0.0833414681557929	0.08334891738745408	4.922892410437445E-7	
0.08334419325672823	0.250019954826804	0.08332498942869086	0.08333400243316022	2.4791235275130174E-6	
1.6701973742213485E-7	0.33333315872775093	0.08334118152131034	0.08334858735461353	2.2648587020391215E-6	
0.2500161306438369	7.190318714582355E-6	0.16665173955513596	0.08334801035585836	2.829959665676575E-6	
0.16670041392948354	0.08333507149217119	0.16663730523793086	0.08334911834963779	5.434225741751048E-6	
0.0833650430460452	0.166667252127078	0.16665896037133068	0.08333131533351429	2.89036434635508E-6	
4.841594711033296E-6	0.2500312493847121	0.1666614904852639	0.08333257995691715	6.208687569851583E-7	
0.16666530175354358	2.634813217074239E-8	0.2500126741517849	0.08334858943006432	2.4244286103397045E-6	
0.08333567068743648	0.08333885523301508	0.25002203962254427	0.08332782155174642	3.3760997566461922E-6	
1.496362962486201E-7	0.1666779211668042	0.2500357846413518	0.083302640727676	9.323776006962243E-6	
0.08334122719703185	9.82685158044109E-7	0.3333170733830665	0.08336306492760881	1.471279865493376E-5	
3.2075212437853866E-6	0.08334115964256736	0.3333192251302738	0.08336399293208446	9.443957283379423E-6	
2.817899333307584E-6	2.933281597642771E-6	0.4166917994333718	0.08332745659251711	1.1986361868622071E-6	
0.3333466773909879	1.8193271947349114E-5	3.3923746666716054E-6	0.16665252887619264	3.957193413494685E-6	
0.2500102038384674	0.08335374229096167	3.3923652584695996E-6	0.1666546734748207	3.916363572360879E-6	
0.1666707350413707	0.16666580756616062	9.014546826331641E-8	0.16668766242908753	5.3575189629730595E-6	
0.08331854258228417	0.2500273122257501	2.4800544566673276E-5	0.1666619368599742	5.124076627769698E-6	
1.3371614701531002E-7	0.3333162537393308	8.017422622340081E-8	0.16670368454972384	7.37169965909712E-6	
0.24997648384476526	1.4634349468014276E-5	0.08334934756259624	0.16668068383008372	3.982429687940649E-6	
0.16667870471375945	0.08332480810968401	0.08334747991497	0.16669110286300035	5.402633804240033E-7	
0.08333980501364253	0.16667260026072764	0.08335080717553345	0.16665800663881927	3.741858541832608E-6	
3.823168489628359E-5	0.2500040299403707	0.08336077621079688	0.16661592915271883	7.3946508441294644E-6	
0.16669128219527526	9.49285184340267E-6	0.16664513434460654	0.16668021642836447	3.129607194678258E-7	
0.08335971482490066	0.08333949473976783	0.16664352850978575	0.1666845235867872	3.345528030521704E-6	
1.351269337693982E-5	0.16667398233505323	0.1666505770957834	0.16668348323532076	3.3626942194188E-6	
0.08333823668469167	3.5103994047876836E-8	0.25003155488291545	0.1666974504061662	1.3085345776480507E-6	
1.781606470784738E-6	0.08335200228691067	0.25000037485550036	0.166686116853851	1.0921974748213097E-6	
4.7714894465901764E-8	2.467306518577621E-9	0.3333445765871971	0.1666806702294616	3.3304811394549785E-7	
0.2500047698592805	1.1322493728074056E-5	2.6270148001101214E-6	0.25000666624751605	3.1509855354101005E-6	
0.1666728536061651	0.08334446956963013	2.61626627663853E-6	0.25000544616785486	8.96144312836294E-7	
0.08339701319585677	0.16661604366579533	2.2874973505182627E-7	0.2500041256762291	8.907357247284455E-6	
3.184624257470554E-5	0.25002306329725676	4.179756133367364E-5	0.24992002284189052	8.907598589511215E-6	
0.1666349037840545	3.728818779558861E-5	0.08334858613850488	0.2500025134421089	3.3239567105874188E-6	
0.08331131317094619	0.08333868908974816	0.08337243066473563	0.25001258135918064	7.739274748878132E-6	
1.2808203584830787E-5	0.16663158913104736	0.08336967361035423	0.25000146038384347	8.970052538325226E-6	
0.08341285625576414	1.974455240964697E-4	0.16658658785270616	0.24982963535016706	1.0996571885103319E-5	
1.2418533580421507E-4	0.08330261658024103	0.1666899663144248	0.2499319759542259	2.251167867042264E-6	
6.223600020832228E-5	6.0025714998226684E-5	0.24999075566863485	0.2499246128982533	2.3541759216758285E-7	
0.16667448631510468	6.082679528464737E-7	1.740591631555002E-6	0.3333752274648541	2.594655502345374E-6	
0.08335842256220002	0.08330559487918066	9.389382567150872E-7	0.3333517312874157	9.182711453012723E-6	
1.334822445039969E-5	0.16663334269799626	7.273893399266911E-6	0.3333290701114077	4.501836674522875E-5	
0.0832731692749044	9.746238239511833E-5	0.08329514655289069	0.333368359244248	2.045014426971051E-5	
6.680870814092966E-6	0.08333796990859241	0.08332624628218388	0.33336293675079515	2.0090740703954415E-5	
1.3535019376648342E-4	1.3540664027166018E-4	0.16663692388871018	0.33311123121428604	9.335672816818E-6	
0.0833302274856498	9.860097319509039E-5	5.5196490286717026E-5	0.4165374281028336	7.047628073002835E-6	
8.061883006016029E-5	0.08337438365596074	5.607155921074096E-5	0.4165056983400185	7.037726631970499E-6	
2.078292814244982E-5	1.9925906771844358E-5	0.08334966902756812	0.4166274680730479	7.043948268075842E-6	
3.46599992148051E-6	3.7315577363888732E-6	4.7405176230038776E-6	0.5000181613661189	3.726661674351366E-6	
0.41668298751920035	2.4633346114520874E-6	8.154050919380095E-8	1.3445150692558435E-6	0.08333922826658618	
0.33334484397227465	0.0833401955489163	9.785741709534312E-8	6.78072378967834E-7	0.08333895331556183	
0.2500116299477145	0.16667943571421306	6.762355767371431E-8	1.0179828500415106E-6	0.08334045071393413	
0.1666939174055997	0.24998773826754478	4.41466994236348E-6	3.1733848635856244E-6	0.08333777902013317	
0.08337508863578798	0.3333048391162361	2.80086072764538E-6	6.193230653577482E-6	0.08333768986143446	
1.053631930979467E-7	0.4166879227773243	2.8924908034064677E-8	6.008693104476244E-8	0.08333754307531953	
0.3333400746785348	1.9707504098901493E-6	0.08334396349745447	8.593335065927498E-9	0.08333899494600881	
0.24999590163725158	0.08334613212241751	0.08334227465724733	1.4798400369492213E-6	0.08333901918519152	
0.16667824652327298	0.16666358823814328	0.0833418651019198	3.631019271359928E-6	0.08333880958957941	
0.08335218050018411	0.2499878577944674	0.08334341890803879	3.5271420112277334E-6	0.08333874094417534	
6.302108829628469E-6	0.33335613065620795	0.08332457687905222	1.336194291307975E-6	0.08334176464328248	
0.2500163228785424	1.4403193085079798E-5	0.16665667643525653	6.6739531415700715E-9	0.08333785405044751	
0.16668761568928983	0.08334332531789787	0.16665715469005477	9.643513529231153E-7	0.08333817114688091	
0.08334769601466746	0.16668317439643163	0.16665711750151535	2.6092101847879906E-6	0.08333830622247354	
8.446437875013334E-6	0.25001873671222946	0.16665550892996614	6.187180076428048E-6	0.08333768748723273	
0.16667196233269804	1.7796136354871484E-8	0.25001536545187997	1.466026441510826E-7	0.08333977697215293	
0.0833483177410211	0.08332837281955792	0.2500112036898009	4.4890195761620224E-7	0.0833376304586134	
2.25434410087316E-8	0.1666707126209294	0.250016504409204	4.5712489828594613E-7	0.08333777850551817	
0.0833667943014101	2.8190214663702044E-6	0.33331199580292376	7.721560388020014E-6	0.08333781344901796	
2.537066523017822E-5	0.0833440027196004	0.33331171424856065	7.2019025006420906E-6	0.08333771303349471	
1.6277759164184848E-8	1.4910361082533582E-8	0.41668752033140816	3.054734389472087E-7	0.08333846387869268	
0.33334962593719275	1.954271413868638E-7	4.463116708859796E-7	0.0833364609680941	0.08333870915119322	
0.2500014902343356	0.08334870544247434	5.114871368672402E-7	0.08333657448549464	0.08333881989357442	
0.1666567167589501	0.16669369660854844	5.126994814050021E-7	0.0833366300585748	0.08333930139767287	
0.08333930180252429	0.2500065012391584	2.9762715913224574E-7	0.08334287011109029	0.08333752150119231	
1.1172493275531633E-7	0.33335152926023626	3.897851588435581E-7	0.08333901513949153	0.08333811225224323	
0.2500220684337513	1.401768239936425E-5	0.08331017644894784	0.08333917114868127	0.08333901182177159	
0.16667156390294063	0.08332749659813064	0.08335192952960517	0.08333680968695807	0.08333895991523067	
0.08333086769463657	0.1666674913913114	0.08334990964079203	0.08334320433317136	0.08333819766010293	
6.982082606966527E-8	0.24999498244320273	0.08335183461956695	0.08334292424883225	0.08333786524307452	
0.16667436452545117	5.588714928802269E-7	0.1666751022572946	0.08333627651432471	0.08333918533860807	
0.08333376896702895	0.08331349213503243	0.1667016042631937	0.08333981654462283	0.08333782521186416	
1.1899501274783788E-7	0.16668576009823316	0.16666195326231864	0.08334299205298701	0.08333903410373335	
0.08333906069139438	3.4184178311171624E-5	0.24997449850403178	0.08333953981223807	0.08333832717439031	
3.885434580958986E-7	0.083354106593332	0.2500144283784706	0.0833448189553318	0.08334299106438851	
5.322381539032101E-8	5.608125571223124E-8	0.3333495512366262	0.0833396579180748	0.08333695603267631	
0.2500116698425375	1.3998844007780425E-5	1.8090390777089866E-7	0.16666033792393908	0.08333858880646947	
0.16668145068966445	0.08334005035986237	1.2610567883605454E-5	0.1666536001558349	0.08333650318008609	
0.08336945653374798	0.16665599936598183	9.643841275646376E-6	0.16665413469481966	0.0833368077791816	
1.3209610229989524E-5	0.2500101843431922	1.725807642951065E-5	0.16665243069652713	0.0833383454488834	
0.1666698355830902	7.528957205688668E-6	0.08335117347892698	0.16666063957464636	0.08333752569326783	
0.08334891571724092	0.08333386014341342	0.08334243315866546	0.166659975698743	0.08333896670599784	
1.5171238687466508E-5	0.16665938571254768	0.08334925293863756	0.16666277514235864	0.0833397347234769	
0.0833301249624449	4.3249630835557166E-7	0.16669431364783613	0.16666213984930617	0.08333878843233022	
4.25407190846544E-6	0.0833497711017513	0.16667215002635702	0.1666629706991318	0.0833392146097261	
3.5211778935101113E-8	3.520181823505749E-8	0.2500068487632159	0.16668262622276847	0.08333692212827677	
0.1666680176203268	8.470460846817817E-7	1.523184769086316E-6	0.25001776112298313	0.08333879161044386	
0.0833561510288486	0.08331646466980507	5.210013393584064E-7	0.25001388544403025	0.08333701806948553	
9.549219561559481E-9	0.16662865371231317	5.641583329968126E-7	0.2500592045439604	0.08333758807660725	
0.0833533926389683	2.22121969165423E-5	0.08330071213052719	0.25001108765773733	0.08333708162980838	
6.197564487867627E-5	0.08334133203871148	0.08338183413814687	0.24992376485558218	0.08331845733000752	
6.57175802665626E-5	6.892501431555504E-5	0.16668897048222608	0.24989092840989316	0.08331960276401428	
0.0833599030174752	1.601498958036984E-5	4.405917572555026E-6	0.333309979374821	0.08333847689215859	
6.6827182746024314E-6	0.08334248540278515	4.0937886160781214E-5	0.33329820286179196	0.08333884747203008	
1.9838190667607102E-5	1.9845748540146497E-5	0.0833503524510731	0.33329773504976884	0.08333656602341705	
3.2279185896925256E-7	2.9850082503432173E-7	2.2576474158629854E-8	0.41668712694422205	0.08333715113410325	
0.3333504679824253	1.01758491212244E-5	7.569617023236934E-6	2.1352410386813092E-5	0.1666364575152545	
0.2500054997081612	0.08335003751769862	2.617125898084359E-5	2.3103845093214845E-5	0.1666213753284634	
0.16666410260609996	0.16669293344825462	2.2791092971686857E-5	2.5324120486496533E-5	0.16662158149765516	
0.08334169141325337	0.25001229481248727	2.3738330339789498E-5	2.570382960223776E-5	0.16662318326933026	
2.9816250071074258E-5	0.3333368030026833	2.4810733645678636E-5	4.023597334724309E-5	0.16659739730156134	
0.2500136814701004	3.55633606637026E-6	0.08335427257081603	3.3732563549486626E-5	0.16662196903218732	
0.16670171035534448	0.08330449971355225	0.08335220961243386	2.5656491347881815E-5	0.1666430783702913	
0.08333729720424504	0.16668413468746568	0.08335577404024364	2.570302661466241E-5	0.16662297391958286	
2.2975633888673708E-5	0.2499977284808936	0.08335927229421132	2.5338365075555666E-5	0.1666221828076536	
0.16667974391018328	5.8339603789150166E-5	0.1666621265096402	2.0928959942028018E-5	0.16660721915539353	
0.08335101769061673	0.0833407110386522	0.16668729312031358	4.24284400746919E-5	0.16660704155837924	
2.582543774192685E-5	0.16668132192190474	0.16667677588856863	2.214758061073169E-5	0.16662258037103098	
0.08340362674896079	2.9192116720160546E-5	0.24994540603934437	4.2124351216022206E-5	0.16660545122284512	
7.250573403512813E-6	0.08337573445439359	0.24999474692514081	4.1999099875091415E-5	0.1666064926562579	
2.879301672009814E-6	2.4428187412565504E-6	0.33334977760113693	6.116070050540742E-6	0.1666660427123866	
0.2500120335100877	2.136970295709299E-5	1.9914352406166327E-5	0.0833548890436913	0.166623763287188	
0.16667315797755972	0.08334591049623742	1.9741464582229965E-5	0.08335043908859188	0.1666375543992184	
0.08334497672679886	0.1666823728358554	2.8989959474845623E-5	0.08334895277819153	0.16662152396661967	
2.201724681200017E-5	0.2500159830328362	1.8287143501048856E-5	0.08334893863485267	0.1666208091806742	
0.16668666158493056	5.492539749910058E-5	0.08329981063254512	0.08334236013007865	0.16664207443591858	
0.08333188719601871	0.08332724259674011	0.08337604491471436	0.08334893898777283	0.16664193118629436	
1.0874045389344711E-5	0.16668531183834237	0.08335103504840366	0.08334459592753367	0.1666408350728665	
0.08333633658376646	4.956959244409616E-7	0.16671361842642343	0.08335358567779916	0.1666233342869274	
4.194174941461269E-6	0.08331745495197443	0.16666367006554889	0.08332838057211697	0.16671292643057808	
4.0605451731234455E-6	6.307416251338202E-7	0.2500170617428951	0.08334049565601835	0.16666545453906914	
0.16667547531062477	1.760635211654218E-5	1.476101217208054E-5	0.1666727331482015	0.1666434926690622	
0.08335714246569084	0.08334650814388006	1.310724108098409E-5	0.16668164890120624	0.16664444953514998	
1.320013304641661E-4	0.16665810116259241	4.532484627405926E-5	0.16657882990192743	0.16662600858901197	
0.08329370450816262	2.3930173747261132E-5	0.08339342623995308	0.1666709565735212	0.16664329071285605	
1.066955147898446E-7	0.0833285903154139	0.08333262517891675	0.16672158204140952	0.16664163080998814	
3.0910269236397885E-7	2.1559022372680895E-5	0.16669252140428342	0.16667979000956862	0.16664733090771852	
0.08334089106362984	1.01962815989378E-4	4.121588804917868E-5	0.24992394645755553	0.16662529131492426	
2.0514491533430207E-4	0.08336385180123608	2.5198462695008995E-4	0.2496711549959626	0.16653317877669804	
3.390436571671002E-5	3.31864746613765E-5	0.08341624378415409	0.24992713409099437	0.16662385223637616	
1.6359994955214518E-5	1.640705902661319E-5	3.450784810719754E-5	0.3333460285481274	0.166651846957963	
0.2499968709072357	2.715629029297811E-5	1.7477698078368398E-5	1.9231295063714157E-5	0.24996209833453328	
0.166642456097241	0.08334005735010508	1.810310893052329E-5	1.8235128639505478E-5	0.2500163030221848	
0.08334072148396271	0.1666696813268999	1.681526670173398E-5	1.9424461176883322E-5	0.24997992824061332	
1.7064092859924853E-5	0.24999694939977193	1.7510042489767757E-5	1.8241678027626015E-5	0.24998366354119317	
0.16668737790734645	5.7724690829156186E-6	0.0833198932977636	1.4306591558412434E-6	0.25001257971831675	
0.08337403776493575	0.08334704349517776	0.08328997528534351	2.1009962531901053E-6	0.250011264600465	
4.80046456795407E-6	0.16669830339099925	0.08332469730800988	1.8598465152439194E-5	0.24997945694450854	
0.08331191919437694	4.854406569730431E-7	0.16667736688225426	1.6841811303800817E-5	0.25001801091209896	
5.317418713329388E-6	0.08350313947062929	0.16676331103551326	2.9439815496529064E-5	0.24972288715688054	
2.5297612343166213E-5	2.559204113057838E-5	0.24999991843401634	1.7708591213485468E-6	0.24998548806497595	
0.1666735646882779	5.289733056341796E-6	8.730604381931564E-6	0.08332594268945569	0.25001098347506123	
0.08334017241934137	0.08332664270198749	1.2562860022896451E-5	0.08333476287335968	0.2500111004363014	
1.4892792184875816E-5	0.16667255167614736	1.2415706367329773E-5	0.08334500813545177	0.2499794238169585	
0.08333637672157228	2.6385275882394854E-6	0.0833382138786069	0.083333600115836	0.2500114809314373	
1.5450054711328548E-7	0.08331590546821177	0.08338657282196024	0.08334630531992902	0.24998290212770882	
2.8995569366561723E-5	3.0328458101119567E-5	0.1666744359227885	0.08331060629581497	0.2499792877136975	
0.0833415168714795	7.645601415678367E-6	6.226804635701422E-6	0.16670979876675462	0.2499614291242282	
7.590348785534931E-6	0.08333479183131108	1.3532727896525503E-5	0.1667108500215007	0.24996300535514357	
2.155204572354984E-5	2.163077811978111E-5	0.08335485016272869	0.16664843398230794	0.2499804300397404	
2.0219403416060662E-5	1.7804304880369443E-5	3.9553757412603494E-5	0.24996925542963447	0.24997828567117217	
0.16665371272157167	3.631521353254187E-5	1.9755832850645318E-5	2.8639252686135408E-5	0.33328708331795576	
0.0833560549246903	0.08334237851133765	2.8437213464763727E-5	1.26739083850706E-5	0.33328765454531417	
2.5265161125900138E-5	0.16665954838356015	2.7733514573121286E-5	2.6975695359841642E-5	0.33328760398388096	
0.08342488511129126	6.660491395607957E-5	0.08325730482325447	2.269915147538633E-6	0.3332739357230093	
1.3933121649328578E-4	0.08330285356390055	0.08330733315091812	6.075500153899742E-6	0.33327127610228763	
2.6727690628198154E-5	3.243060955130747E-5	0.16667700250436138	5.081004466910323E-6	0.33329114767515355	
0.08334052341672647	1.8158681215411518E-5	5.828160752241438E-6	0.08337467554359343	0.3332892782414567	
1.2638449677845887E-5	0.08336848932338259	1.3873199801717518E-5	0.08334452213592028	0.33328760469180124	
1.4293186881773691E-5	1.4964396035809986E-5	0.08333993301321053	0.08337001427610262	0.33328672386452696	
2.3364391449241255E-5	2.453251912168716E-5	2.4065350374743434E-5	0.16666827629433628	0.3332913827037515	
0.08340226575953748	4.798909512425626E-5	9.325972476910268E-5	4.9812621061753854E-5	0.4164470900673511	
1.0088256729365835E-4	0.08336810683829356	9.14374040199922E-5	4.944175698048287E-5	0.41641756658631734	
2.204394707827023E-5	2.465888524799417E-5	0.08335797176484605	1.4044282690655403E-5	0.41661535099243824	
8.952245100819325E-6	9.395260589984113E-6	8.131680078140869E-6	0.0833549143338718	0.4166446697132645	
3.927066101981587E-7	6.052993213934864E-7	1.1134875174300775E-6	1.0963826644891471E-6	0.5000215427444618	
