0.49999245491936584	1.2979532943761786E-6	2.7590431868369333E-6	2.4289172209136944E-6	2.393943576783308E-6	
0.41668016468608565	0.08330777273669426	3.2583795777445156E-6	4.672066318934313E-6	4.488930891079555E-6	
0.33330593583301704	0.16668663711575096	3.2620233340951544E-6	2.8458375741659694E-6	1.5269030151801749E-6	
0.2500289516479408	0.24994790266825764	7.097084863387829E-6	1.2220410558910716E-5	4.365499019615302E-6	
0.16666257180797278	0.3333356011499072	6.411749110813093E-7	1.0649739538635423E-8	1.2423580291884683E-6	
0.08343143372849778	0.4165386652775676	1.441914033299643E-5	1.0498146344006115E-5	5.861904639007023E-6	
1.2789234459159068E-7	0.4999986350963316	1.2405023540622246E-6	1.7434516664073144E-7	1.8696581390645325E-7	
0.4166625834693643	7.521349956596672E-7	0.08333377091512081	2.8905556689549416E-6	3.7043620498495974E-7	
0.33334385287988477	0.08331989412406678	0.08333391412810227	2.76518650074844E-6	4.144838065532503E-7	
0.2500219143803104	0.16663842668729234	0.08333229860507628	4.17872271882451E-6	3.3526663002474893E-6	
0.16662942438603567	0.2499956473171453	0.0833661853270896	5.208580033817813E-6	4.630490416889112E-6	
0.08332824982776209	0.333364386791297	0.08330188309085639	4.466123427253119E-6	1.35952528786763E-6	
5.383327926557875E-7	0.4166852540100302	0.08330760535722642	6.07374757526687E-6	1.3594265005302204E-6	
0.333296507283266	4.420872012043281E-8	0.16669714086434045	4.604991194426867E-6	2.009627413387402E-6	
0.25001790238603777	0.08333626519926635	0.16663893869396365	4.1845564506756036E-6	3.0454533669880224E-6	
0.16664266000022906	0.16671133620666526	0.16663958225759268	6.903129709738831E-6	3.3297310447497594E-8	
0.08334252743470741	0.25000710942228943	0.166645948674129	1.5422187790466769E-6	3.152718410337479E-6	
4.3062846856022996E-7	0.3332713562553158	0.1667193793621055	6.042718332654098E-6	3.296475956098851E-6	
0.25000083406813106	8.730180355992597E-5	0.2498817319451239	2.3960969962372846E-5	7.3261965316992635E-6	
0.16666819441592115	0.0833765272001621	0.2499479289463408	3.927933921000832E-6	4.970998232056876E-6	
0.0833872573452062	0.16665553605609387	0.2499458251072606	6.868554315839394E-6	4.985799494944402E-6	
2.8890999859419047E-6	0.24999105902280883	0.2500061775109904	9.967908145563596E-6	1.42876491124018E-6	
0.16664567746539888	1.7822531874667247E-5	0.3333310259334948	3.2980170269507802E-6	4.358460325605894E-6	
0.08334277616075167	0.0833216780181612	0.3333328808369441	1.0971359330001358E-6	2.9943094702696454E-6	
4.3358921224499984E-8	0.16666482210479097	0.333333754974827	5.370065278827515E-7	1.7259748924078665E-6	
0.0833017077720155	2.3069262064050446E-4	0.41637547103254824	3.147531152950732E-5	6.209267394582412E-5	
2.1136524681735974E-4	0.08351528367754761	0.41621689117934846	3.501768912565974E-5	2.303518921823657E-5	
2.610274006628895E-6	2.548120142403533E-6	0.4999898758811554	2.0789388763088376E-6	9.288550493205528E-6	
0.4166620903711483	3.72697359827826E-7	2.0439138148267054E-6	0.08333578465533896	1.4319347783800674E-6	
0.33331792816617395	0.08334810318480029	1.5907061043114752E-6	0.08333014236815384	2.489451953509615E-6	
0.25001830772489125	0.16664382242467488	2.8848149441182372E-6	0.08333178299943747	3.4332649993627452E-6	
0.1666237372000042	0.2500379610718989	3.4030328660804498E-6	0.08333644380170294	1.0647477717070245E-6	
0.08332186772347237	0.33334241615564963	3.406439158738953E-6	0.08333002187216938	3.2502514538279777E-6	
1.2142598422158854E-6	0.41664922584239206	1.1250951920911615E-5	0.08333512556074943	3.2514576651896136E-6	
0.33333317126202755	1.3357499820370992E-6	0.08333029121849139	0.08333586359698676	1.5191659870279468E-6	
0.24999366207188217	0.08333865956687736	0.0833305048867116	0.08333575421389984	1.8484961205971899E-6	
0.16669656043022285	0.16662239389018607	0.08334936154593033	0.08332952830500032	2.798363352614873E-6	
0.08333368903372788	0.24999985718336365	0.08332982171068093	0.08333564038891421	1.0890492508552693E-6	
4.3070842324486555E-7	0.3333332330925528	0.08332966279210305	0.08333565616700757	1.3614555027416455E-6	
0.24999490416871595	5.577495694057623E-7	0.16666889900685639	0.08333516386777784	1.8104165345005284E-6	
0.16667161603142458	0.08332381337345467	0.16666783228124687	0.08333521686304969	1.7272488694847723E-6	
0.08333192751482209	0.16666309421298986	0.16666753181443097	0.0833360719010711	1.5478699608336006E-6	
2.22786467871885E-7	0.24999575738727312	0.1666681993558166	0.08333582697688235	1.5458407871481862E-7	
0.16668241330208458	3.3014548028448894E-5	0.2499539387491333	0.08332977275806075	3.1083327714251436E-6	
0.08331837833276888	0.08334993626918928	0.25000169473411854	0.08332970642407636	9.001276765361521E-7	
3.984625127040955E-7	0.16666451485534184	0.24999795520160809	0.08333557934143114	1.7325385793111108E-6	
0.08335218186334191	9.664184390603646E-6	0.33330840821493585	0.08332804196611412	2.5467966891633817E-6	
2.093118542341978E-5	0.08334088532185635	0.333308286074914	0.08332813922938015	3.138286950394873E-6	
1.7834476075585537E-9	4.3639280902993444E-8	0.4166644444530956	0.08333525941475972	1.553354607885902E-6	
0.333315769702398	2.4008334565872606E-7	2.861127511260213E-7	0.16668366297565793	1.4914102287568522E-6	
0.24998438322718156	0.08333513333610224	8.172920320687927E-8	0.16667946772836503	1.4095786633194689E-6	
0.16668312931262533	0.16662929362089143	1.697843009766207E-6	0.1666829329655666	3.4229632487752517E-6	
0.08332552729325733	0.24999112670841367	2.817196939180855E-7	0.1666795011062838	4.627118571331009E-6	
1.7588615689830227E-6	0.33333371114593874	7.679319206941807E-6	0.16665582945343302	1.0659557117589974E-6	
0.2499850543726668	3.176375226241323E-7	0.08333017652212796	0.16668179147929785	3.1168764233063747E-6	
0.16665008730946315	0.08333297930191688	0.08333419231060464	0.1666814329516487	1.553793408923556E-6	
0.08332521685244552	0.16665762884912524	0.08333534034989641	0.16668172171957324	1.7313183126954329E-6	
1.529875149352595E-8	0.24998330574445252	0.0833339902660927	0.16668128563250292	1.566511495699934E-6	
0.1666649715413953	1.3123336832405493E-6	0.16662870607466915	0.16670246492301038	3.1122296069748257E-6	
0.08330024550505019	0.08333193164604209	0.1666617522603882	0.16670192357401675	4.533554014237393E-6	
1.368133924684014E-5	0.16667783313198212	0.1666499704204555	0.16665766852409006	2.5331240666301796E-6	
0.08332009139813433	7.031498415146049E-5	0.25000805860884734	0.1665968907264517	5.799387449035282E-6	
6.691289950452295E-5	0.08336903237864726	0.24988622044942158	0.16655876451590026	1.1947816276860045E-4	
4.9893880889234526E-5	4.9984970417787666E-5	0.3332928776790656	0.16660371605629387	5.742077074760265E-6	
0.24999551342953327	1.3887854992822256E-5	1.0938991654772076E-5	0.24997728804271638	2.911800252198567E-6	
0.1666450502682799	0.08335690685681259	1.0599427241774605E-5	0.2499836402257359	4.3260933648546E-6	
0.08333318185560758	0.1666660356717607	1.433231745266269E-5	0.24998464777163573	1.935924721439349E-6	
1.5678891669088125E-5	0.24999165382390037	5.73648360725885E-6	0.24998465783449597	4.348177041718987E-6	
0.16671817180456994	2.709066811143156E-5	0.08326685895145511	0.24998232940050677	5.776074167615855E-6	
0.08332507365262044	0.08335005804615468	0.08333879531032974	0.24998508235771277	1.3004180912206275E-6	
1.0083305574536088E-7	0.1666469982382621	0.08336722358596386	0.24998481998818065	1.0053673397316748E-6	
0.08331802306111706	5.072599062042259E-6	0.1666912242996521	0.24998540525642668	9.44148705575629E-7	
2.489604124853753E-7	0.08329675591995865	0.16671623004670025	0.24998434419107607	2.5468577488959124E-6	
7.657416452814433E-6	7.587846210548249E-6	0.2499977330837683	0.24998599016340156	1.2719485755446117E-6	
0.16664966560726438	4.7237048094436415E-5	8.721894540117979E-7	0.33329850897687974	4.344363633436315E-6	
0.08333479270522334	0.08335977872165785	2.9050091611930886E-6	0.33329813337664993	5.404546437654296E-6	
1.2635137520881083E-6	0.1666855257366892	1.0526098739040587E-5	0.3332979667575682	5.041948167709068E-6	
0.08329907586083095	4.287476865479408E-5	0.08335736650719291	0.3332953711343387	5.530138184426014E-6	
3.2624554415830476E-5	0.08335927544996828	0.08331159470298784	0.33329382460242696	5.0554200804973954E-6	
3.4223322592392944E-5	2.1476523232742326E-5	0.16664219733855876	0.33329667998219653	5.767608383732431E-6	
0.0832260369428091	1.2416259425003105E-4	4.560915896508552E-7	0.4166456441944642	4.158862554273984E-6	
1.0866448206809184E-5	0.08334186023363051	5.204719931036755E-6	0.416637270400542	5.320500290768629E-6	
2.609143246439312E-6	2.8826468946331028E-5	0.08332651611087268	0.4166367483701895	5.544206969588604E-6	
2.4903926262848822E-6	2.4596685117567356E-6	1.955372790485943E-9	0.4999950866509525	1.1497413302689956E-6	
0.41666445836027827	2.470779438153829E-7	3.3326097313347677E-7	4.9843325619415836E-6	0.08333152668903894	
0.33331049159291615	0.08334605298814932	5.432830951945769E-6	6.842445704181053E-6	0.08333145150925172	
0.2500216523215456	0.16663855611625633	2.717966279081955E-6	1.3563091041323197E-6	0.08333587467807041	
0.1666430651138324	0.2500169401992447	2.8896365185567416E-6	5.834204064120818E-6	0.08333145550653849	
0.08333773398318833	0.33332764097407286	2.793780156453496E-6	2.551177466178424E-6	0.08333083202915614	
3.662388893856724E-7	0.4166641801423229	2.7765769220631147E-6	1.1947210536818456E-6	0.08333170831114953	
0.33332809362184374	2.4069795024292154E-7	0.083329157094802	1.1762325395494697E-5	0.08333106491204663	
0.25000414244993835	0.08334211579967403	0.08331372572046186	4.987345939142472E-6	0.0833359052892639	
0.16669379712219187	0.16663975973325282	0.08332961162207982	3.60389890023852E-6	0.08333355194254692	
0.08333337311669599	0.2500027766692409	0.08333025947932193	5.605930317702142E-7	0.08333357570779057	
2.112378521868523E-6	0.3333350983622247	0.08333059417562344	1.0052883641015352E-6	0.08333122753250144	
0.24999654400629806	3.2212225482478007E-7	0.1666698215433554	1.2223355120743424E-6	0.08333343682775632	
0.16664339508364084	0.08335486910993838	0.16667100085544495	3.689293740348349E-6	0.08332799668569148	
0.08333956381915351	0.1666565744574522	0.16667001903787754	1.1261727121784406E-6	0.08333360572084506	
2.4271925621508066E-7	0.2499970297995245	0.16666908016733928	1.9660727554142605E-7	0.08333403635315795	
0.16667965313891395	1.8153459655987593E-5	0.24997056525709127	4.984359558701134E-6	0.08332815726674211	
0.08334541826085641	0.08332428368590407	0.2500026591710722	8.68756923889363E-7	0.08332799423960886	
3.39565780256874E-5	0.16666264012420776	0.24997170477635688	5.355464286071075E-6	0.08332780019535585	
0.08331804572828065	5.011758594027469E-9	0.33334380597048835	2.5753937421491455E-6	0.08333599092871669	
1.5164342427189583E-5	0.08333986442699833	0.3333113827845435	2.3655116575708637E-6	0.08333165675801717	
8.29200971065444E-7	5.271541866630477E-7	0.4166696920569849	1.5614063434925423E-6	0.08332795722055183	
0.333326622923242	4.27880287123599E-7	4.327944309229107E-7	0.08334014341871487	0.08333342358444228	
0.24997872945134691	0.08335824289570976	2.3405974977961206E-6	0.0833282014779006	0.08333348434914369	
0.16670598913551596	0.16663124205225646	7.02668320744007E-7	0.08333080759693383	0.0833315748623913	
0.08333412428131963	0.2500010957708825	6.233113809680197E-7	0.08333062766852035	0.08333395098636122	
3.865215092266287E-10	0.3333354956587343	7.805904870573174E-7	0.08333086425016396	0.0833339612027801	
0.24999974757683907	3.7935107217105406E-7	0.08333570451657199	0.08333077019848381	0.08333357643760547	
0.16666193703045737	0.08334024703891321	0.08333649003220255	0.08332797744384826	0.08333348619444253	
0.08333323708096718	0.16666659881354406	0.083336110403198	0.08333114322967243	0.08333355177229831	
1.9969801864312944E-7	0.24999956573588392	0.08333608677132262	0.08333065225506613	0.08333392596380505	
0.16666129927486628	1.3332138351570613E-7	0.1666743983366423	0.08333082846506897	0.08333353887072929	
0.08331836748541226	0.08334324894147392	0.1666791216247838	0.083328493959252	0.08333194411831644	
1.2828836771929753E-5	0.1666867191718491	0.16664010887960296	0.08332894846726079	0.08333165436911258	
0.08334109697267542	2.9238262454058846E-5	0.24996427177186256	0.08332886471911327	0.08333768266434459	
2.2418456401137412E-7	0.08329405080038953	0.250024933375715	0.08334327061758771	0.08333810295153693	
1.6330301735835407E-7	1.3693349830775545E-7	0.33333357781279255	0.08332871462871978	0.08333751022845536	
0.24999481477755714	1.8835926920927175E-5	1.7469666583649214E-6	0.16666280845298487	0.08332716238218484	
0.16664060805918693	0.0833551456802615	4.4109371057689593E-5	0.1666403749958457	0.08332076026303535	
0.08333796646537718	0.16668308355345107	1.4498832446416289E-5	0.166633684007098	0.08333090466055694	
1.6567556382706486E-8	0.2499763061438716	6.07075825647134E-8	0.1666924581561894	0.08333162626394526	
0.16668511452249693	5.9764862592392025E-5	0.08335721688357364	0.16657812780385198	0.08332068643084667	
0.08332906004971419	0.08335391339182409	0.08332662411713987	0.1666596823185536	0.08333183693057007	
1.3203252294697487E-5	0.16668690346164652	0.08330805892947238	0.1666609743138678	0.08333158974332965	
0.08333569849655519	2.2053006826269475E-6	0.16672186095116892	0.16660206911183834	0.08333853220337877	
7.937647604653606E-7	0.08332770631814274	0.16667733684257052	0.16665667255465685	0.08333778737409951	
4.035641607942739E-5	4.0283006216250036E-5	0.2499892970200701	0.16660934689444168	0.08332228967433605	
0.16666714137392288	5.8861936934756034E-8	8.827107141926938E-7	0.24999844145662758	0.08333355971484421	
0.08332126389794499	0.08334615823283624	1.3848169445533828E-6	0.24999952318618512	0.08333204901027179	
1.2527806808324021E-5	0.16666396851381812	6.552253419554152E-6	0.24998582337564693	0.08333172152286704	
0.08332504271778757	4.5790743268662E-7	0.08334009882716235	0.24999471605033582	0.08333988519922551	
2.375024606832764E-5	0.08332878966992303	0.0833318557940117	0.2499758177246527	0.08334016004499144	
5.257296632941913E-7	5.258916499920912E-7	0.16666556918369577	0.24999623815607275	0.08333858434430448	
0.08345896578532826	1.5721644292673986E-4	5.984247050247203E-5	0.33300466521411404	0.08332086876564809	
1.307099759101263E-4	0.08337715036526325	1.6911491648318927E-4	0.33300844814416	0.08332296890667608	
1.5934981173843816E-5	1.5931722960097445E-5	0.08335023331272588	0.3332961502725584	0.08332198174523998	
7.895895629457716E-6	7.751211648507374E-6	9.119407263565091E-6	0.41663677722956655	0.0833393965721612	
0.33332733392999886	3.862579829693132E-6	2.7264782002127257E-6	1.0522085842191262E-5	0.1666568521677765	
0.2500218128553345	0.08330838819726048	3.6075962553716845E-6	1.0522352493138736E-5	0.16665679504928696	
0.1666903525962594	0.16664197395048228	2.726493911210544E-6	8.947771694187073E-6	0.16665643108643635	
0.0833324640035865	0.24999833634207694	2.120220222664774E-6	3.10227050478068E-6	0.16666434420582799	
2.9343215469496718E-6	0.3333339757260845	3.6388222831075133E-6	3.282550303729014E-6	0.16665742815635812	
0.24999609268838957	3.8517089880950116E-7	0.08333461970743192	1.530960863058707E-7	0.16666907634294917	
0.16664481766452502	0.08335774448350211	0.08333685282935549	4.781288075406604E-6	0.16665672779181712	
0.0833307457228966	0.16666401299678524	0.08333831215781562	2.885066048993742E-6	0.16666437434291834	
1.7333948746123542E-6	0.24999824857134026	0.08334145647673623	3.1028328531571896E-6	0.16665690852527493	
0.16666238404366318	8.507585699786427E-6	0.1666682419525289	6.837765717556892E-6	0.1666564022882562	
0.08336251831583517	0.08333978618053166	0.1666361564034405	6.868346511244493E-6	0.1666577606724911	
5.3926989958462704E-5	0.1666184215798897	0.16667217392578196	3.999927071649884E-6	0.16665205603831063	
0.08335137151288262	1.9836738452395516E-5	0.24996680951889863	3.918663137038793E-6	0.1666592535722345	
1.834729435516445E-4	0.08318837592886796	0.24996873025402994	3.918693247892188E-6	0.1666566362725893	
7.077569739478582E-6	7.097313064356116E-6	0.3333318081671305	3.0162186665845033E-6	0.16665224701349876	
0.24999995100523648	5.933445602076916E-6	1.2595578244800325E-5	0.0833267943161517	0.16665726670151573	
0.1666549324613027	0.08335510210991842	1.8489359882840426E-6	0.08332460109536523	0.16666418669906194	
0.08333386169941934	0.1666684829181789	7.180452158194985E-6	0.08333479857146998	0.16665646843349055	
1.2500188477527687E-5	0.2499931811329938	1.1514622467892452E-5	0.08332648573212831	0.16665738419576773	
0.1666717664300588	8.306551134005085E-6	0.08332518904111169	0.08332238898525991	0.16667311312896743	
0.08336202567860335	0.08332073532658696	0.08332654768903663	0.08333442556700621	0.16665635397032222	
8.257510204139637E-6	0.1666614522681044	0.08333884711838535	0.08333534679439221	0.16665624293082856	
0.08333104708044443	1.1925853481624233E-9	0.166665844422939	0.08333043377118014	0.16667278775956804	
5.344273515756162E-6	0.08333831081050441	0.16666611391178318	0.08333477948730608	0.1666566767274902	
1.133407737360377E-5	1.2261920238100741E-5	0.24999726561680236	0.08332731162077073	0.16665240209055782	
0.16666873785191674	1.2477787865726748E-5	1.1629586502294608E-5	0.16665610348836393	0.16665160008968663	
0.0833434732376346	0.08336846227481357	2.631073729642089E-5	0.16661038721305743	0.1666515128130783	
8.269339909261455E-6	0.16666512445339332	1.8513160989342426E-5	0.16665425995116587	0.1666575492752387	
0.08333874959517223	8.13410748746081E-6	0.08334456315422425	0.16665460505673393	0.16665460747581404	
1.6487638131716356E-5	0.08334582251280133	0.0833293687461854	0.1666525174978742	0.1666561127348402	
1.8105572845682612E-5	1.5950253758579015E-5	0.16665975117853893	0.1666557660847141	0.16665066564859393	
0.08334551791069864	6.487296990027114E-5	1.2170607842941784E-4	0.24993199212881315	0.16653623402342962	
8.834676625220555E-5	0.08341461875622416	1.2265097473837443E-4	0.24984107428688213	0.16653753326932128	
5.1958053209485035E-5	5.290334915205047E-5	0.08341505228203705	0.24988803647153138	0.16659415640339703	
5.476748917735117E-6	5.9220466165296335E-6	1.0200528796877604E-5	0.333322422794017	0.16665610624035326	
0.250002516697187	6.400109627663556E-6	3.512758375707959E-6	7.743435384231917E-6	0.24999115785106013	
0.16665369818036857	0.08335114598415805	4.480820032697013E-6	5.382347400963524E-6	0.24998562777620323	
0.08347683396998617	0.1665516115021642	4.4899843235105374E-6	9.939561285065453E-6	0.2499575655804656	
6.6592698141180416E-6	0.25019764035404196	1.6892008917358117E-5	4.842950263683955E-6	0.2501946254110454	
0.16666566492170726	4.030019770015192E-6	0.0833397558373911	5.378287483828458E-6	0.24998571192769736	
0.08334579228036612	0.0833092652143235	0.08334881729966603	4.936646728363995E-6	0.24999208139374432	
7.534219014623327E-6	0.16666485181002869	0.08334141734721476	1.0738481064596719E-6	0.2499857017290096	
0.08332695893343038	9.21483923054412E-6	0.1666761529340603	2.920412081969448E-6	0.24998488898041757	
3.644538050796623E-6	0.08333505173791184	0.166656128846575	4.568270112498966E-5	0.24996149919275712	
1.587694382146548E-5	1.7044609800083508E-5	0.249979504278258	5.113916730174479E-6	0.24998566609897768	
0.16666590814062557	9.16439648745908E-6	1.1560155328262421E-5	0.08332834328192887	0.24998590329020212	
0.08332503955772606	0.08334991020271254	1.1600646115482032E-5	0.08332838495005453	0.24998586267716377	
1.1018645997113855E-5	0.1666684159700091	1.1597640441015993E-5	0.08332388362129563	0.2499857314669239	
0.08333933561458359	2.0722904510237616E-5	0.08332698755951355	0.08332784214384206	0.24998627941846785	
1.6370248751863672E-5	0.08334341936406942	0.08332684323573672	0.08332834381082693	0.24998590611731125	
3.308255617005333E-5	3.3621865613194054E-5	0.16665265094681705	0.08332075535231274	0.2499610942922429	
0.08333467161789015	2.019763802234496E-6	1.1967839173333635E-5	0.1666606614967262	0.2499920604225881	
1.583834091740002E-5	0.08334205459077332	1.3255160192437165E-5	0.1666447962022182	0.2499852766599476	
3.585032489259787E-5	2.1870626850875666E-5	0.08331499362987003	0.16664336424430412	0.24998536742084915	
9.445781803220356E-6	9.429217418857102E-6	7.80209553365494E-6	0.24998814233261996	0.24998585846707602	
0.16667215955337614	1.1204369211429513E-5	8.35014600994415E-6	1.437413592371342E-5	0.333295693194063	
0.08334183759524967	0.08334172857835163	8.181987017268124E-6	1.4085224549498004E-5	0.333295015720551	
3.876858092973856E-5	0.1666549192545446	8.001334432641187E-6	4.300100231370969E-6	0.3332953316402205	
0.0833409339720463	2.1388950840481047E-5	0.08332928608935808	1.4171132199003145E-5	0.33329491504461806	
1.938905826629061E-5	0.08334795502694488	0.08333425344936986	4.148111970580645E-6	0.3332947828764071	
2.109723267134276E-5	1.10854190131356E-5	0.1666529767537457	2.724911048564513E-5	0.3332909455777092	
0.08335477456795445	5.505225322607308E-6	5.6673410170372304E-6	0.0833454709950893	0.33328922829286567	
2.250751601556459E-5	0.08333522695253591	4.152314518180187E-6	0.08334385073805309	0.3332947737518568	
1.2868545480672541E-5	1.3641693853010124E-5	0.08333577620343384	0.08334348164189717	0.33329489093395276	
7.745624862308956E-6	4.8283119760270706E-6	5.140031167224734E-6	0.16668798615930142	0.3332951755833081	
0.08340017187689151	2.6331547885751188E-5	8.201057773853974E-5	2.428365112019989E-5	0.4164705333877623	
3.5777766378863894E-5	0.08339144618425758	8.019572243284307E-5	2.3739984712192576E-5	0.41647029475654085	
1.042891292464075E-5	5.753605694689176E-6	0.08331495995187307	3.5796917902392186E-7	0.4166717340580649	
5.4561483036937693E-5	5.7721296696441875E-5	5.6421559814011845E-5	0.08337395427210999	0.4164581268590977	
4.268766214637606E-12	2.778458183890625E-12	2.668997759456704E-10	5.254019603598774E-9	0.500000689122415	
