0.5005522532668514	3.062316040672408E-6	1.1125615783215296E-6	2.579287966116637E-6	2.4272386282761808E-6	
0.41708335175070593	0.08348603344179265	8.060731207917643E-7	2.027218004451922E-8	4.620588366146932E-6	
0.33356239161360607	0.16689223579390464	1.887025002126818E-6	1.004715722853451E-5	2.2873751549331006E-6	
0.2502590792629267	0.25029206982526725	1.848996814039832E-6	4.629334833921995E-6	1.5204400824047617E-6	
0.16693923178807285	0.3335811370566912	2.438768658673338E-6	2.3796964664408745E-5	1.747433666265269E-6	
0.08345324288597822	0.4171015797167326	1.5006208197909362E-6	2.222049922550924E-6	2.371420350500944E-6	
2.4064306714177727E-6	0.5005101612936134	2.4320829557053985E-6	2.3795567663378938E-5	3.661693649151269E-6	
0.4171211075700483	1.6412237721742924E-7	0.08343730864929563	1.217519942431423E-6	1.761031340344098E-7	
0.3336469532972005	0.08346942485537727	0.08343631236298503	3.83398770329835E-6	2.8003743475761354E-6	
0.25025286094036436	0.16686810771646357	0.08343172629993315	5.010096299932646E-6	1.7182958726802106E-6	
0.16684544088109066	0.2502698792623599	0.08343447596344787	9.527164165702081E-6	2.4147017399308244E-6	
0.08341434479210744	0.33362958887330574	0.08342019877153678	2.2683114963651882E-6	4.4570500433034425E-7	
6.809777364315449E-7	0.4171244127179442	0.08343643299846272	2.2645059280238503E-6	2.5217899422268455E-6	
0.33370870258673396	3.0489404395072464E-5	0.16682038837873042	1.5817812422429392E-6	4.521880959457324E-6	
0.2502694965955743	0.08346302445370879	0.1668064923590079	3.8931249196176085E-6	8.828557426349607E-6	
0.16687326092556481	0.16687052760100662	0.16681199677361397	6.200641225055029E-7	3.5167491943734326E-7	
0.08344625277214247	0.25030635047785005	0.16681307254133745	9.762173049679028E-6	2.346100435064614E-6	
2.5843312266720866E-7	0.33368107261504704	0.1668734619920697	1.878136023936293E-6	1.383820641526534E-7	
0.2502499081110846	1.8548853051858057E-5	0.2502758553779335	9.256898544154255E-7	1.9325082022870452E-5	
0.16685485873574923	0.08343685983966309	0.25027344478077407	3.798315989585941E-7	2.0758018033056925E-6	
0.08341475792745011	0.16686769402125518	0.25026689181886924	2.623972029022987E-6	5.871942959220043E-8	
2.5303004930644778E-5	0.25026262650809616	0.2502722575171973	5.51502667538121E-6	1.1109586461953768E-6	
0.1668857372817982	3.7865605749216047E-6	0.33367127944720243	2.791726597139723E-6	6.651369181835161E-7	
0.08343374240509592	0.08343271756985969	0.3336958883093651	2.3664703783652076E-6	4.6782239568749516E-7	
2.481445748309714E-5	0.16684686730117798	0.33370633071793787	2.359894042924196E-6	3.594662399105384E-6	
0.08341009613497655	7.966939733772131E-6	0.4171406543464744	1.4616640844497142E-5	3.0747094395930434E-6	
7.480175875107327E-8	0.08341222138233072	0.41713395210664045	5.08591459835315E-6	6.50550486146406E-7	
1.2953046848319888E-9	4.1348239631779026E-8	0.5005718891219004	2.0417658503221445E-6	1.7007500718775038E-7	
0.4171382203016191	4.887986323752999E-7	1.5764860566743866E-6	0.08342504561924162	4.3723201613833415E-7	
0.3336393265871059	0.083475642548489	1.1212413211429976E-5	0.0834301370300363	1.31685241050085E-6	
0.2502584938750622	0.16687015902336935	1.0761649219866465E-6	0.0834228376108286	4.6749795270746804E-6	
0.1667012447975266	0.25001929197857786	1.560233626084558E-6	0.08335836186371315	1.1195464364555296E-5	
0.08342856428352502	0.33368602158635974	1.53998471838039E-6	0.0834360752353692	2.9710841944070894E-7	
1.997989489087524E-6	0.4170951745332039	1.5394615449191359E-6	0.08343268187264875	7.589428060134375E-7	
0.33336051210366413	3.213546261753236E-7	0.08334580876373794	0.0833381282097998	3.1963540747322607E-7	
0.25028709349125206	0.08340900688496146	0.08342963980931153	0.08343032555588584	1.4516645638033573E-6	
0.16667195223380363	0.16667790192284052	0.08334307506876808	0.0833529772949828	1.676394546468547E-6	
0.08334726739820714	0.2500194900327983	0.08334737601171013	0.08335567375465149	1.7610299774043589E-6	
3.84022225202215E-8	0.333685627436927	0.08342703493535121	0.08343552989700943	5.287203728540442E-7	
0.2502564097321084	1.982480251366709E-5	0.1668445844026027	0.08342686162818277	3.056029943029091E-6	
0.16684691319069725	0.08343255329357083	0.16684538023785633	0.08342780137135447	2.0825967043311095E-6	
0.08341383700961796	0.1668569910643279	0.16684037288356085	0.08343596336367085	2.9860288096369227E-6	
2.4219732765108615E-7	0.250266986670565	0.1668359411532945	0.08344687390848635	6.130484675680639E-8	
0.16685953813651272	1.757774094856979E-5	0.2502436529107533	0.08342688269021212	1.3649483384394768E-6	
0.08342650950471403	0.08343999354434291	0.25026053631604517	0.08342112212993932	3.056446649622194E-6	
2.3071379445427778E-6	0.16687154669336182	0.25027172049924223	0.08342353887766504	3.0715514924712016E-6	
0.0834050760415317	1.3544968764471387E-7	0.33370106072500183	0.08345333175764062	1.284808713031066E-6	
4.1392385095951403E-7	0.08340687693766885	0.33370937225831787	0.08345354539543133	2.01101466829965E-6	
1.8684907912991493E-7	3.6863969512844998E-6	0.4171259325688145	0.08342226901310573	1.7659477455750346E-7	
0.33370293466993206	3.897124240183025E-7	5.496718892475867E-7	0.16685296517234338	3.069284892804916E-7	
0.25029377436394407	0.08340966245445133	6.554949072556333E-7	0.16685468701451406	2.710250385528372E-7	
0.16683885242517663	0.16684575398583926	2.296610606791608E-5	0.16685810264373638	3.1941941913907515E-8	
0.08342699114833359	0.2502598339634372	2.357276889757357E-5	0.16678877430669223	2.3817221548201245E-6	
1.0272200722130612E-5	0.33367986914257136	1.0982110731085083E-6	0.16684962441271653	2.2684315223110772E-5	
0.2500833600815579	6.263918853841703E-7	0.08334805387659765	0.16672537492701633	1.2846320679422093E-6	
0.1668207946503725	0.08341859119495951	0.08339970782365164	0.1668291013756905	2.291596039417156E-6	
0.08335011606154434	0.16671533378494865	0.08334174225158175	0.16670864519806045	3.310257732338101E-6	
2.9503110094184087E-5	0.2502999811764598	0.08343212098550212	0.16681442156760892	2.467277211175221E-6	
0.16669399123791795	1.0336284908191157E-6	0.16669533557864843	0.1666977771220409	1.1798874454230028E-6	
0.08335168619641858	0.08335028288824664	0.16669958900111603	0.1667033746958177	6.111948544448088E-8	
2.6064721497766572E-6	0.16671593755668948	0.16671616450642354	0.16672000098965958	5.990035330909105E-8	
0.08350001901794832	6.502678729379339E-5	0.25017336003019947	0.16682415948092735	1.796325819947563E-7	
3.842856673964969E-5	0.0834541977427152	0.2502467633164156	0.16682336576076026	3.2352940480405074E-6	
8.743207487219106E-6	8.750258361322314E-6	0.3337157232511901	0.16682625754846248	3.969760601594311E-6	
0.2500185916291815	2.975261028854654E-8	5.335145421055881E-7	0.2500399587767985	1.7465197529817516E-6	
0.16671856835635618	0.08334016909289672	2.5432682644977624E-7	0.2500797907240053	1.9696798255939057E-7	
0.08341229843408023	0.16683724142118303	2.4535588146013716E-7	0.2502504610412994	8.403075997752588E-8	
7.48009342167715E-7	0.250277642943551	4.06507344604745E-7	0.25028038113286294	1.4756316786503437E-6	
0.16668882235907775	8.9182882421583E-6	0.08333175691662396	0.2500344747732301	3.6961537700743874E-6	
0.08342901630066266	0.08343472339749755	0.08341010128253157	0.2502765358780121	1.4016365907798616E-6	
3.145237153238627E-7	0.1668562494684332	0.08340651435236392	0.2502874071393768	1.3992355459336852E-6	
0.08339479301283192	1.7749039303830986E-4	0.16674970344808934	0.25025706880741183	3.2554195829754388E-6	
2.342194980577277E-5	0.08347696228014868	0.1668050121379462	0.2502466306064623	5.14237553889072E-6	
5.635797964775217E-7	8.389220474655873E-5	0.25023892218586585	0.2502577641856562	3.2712813116662875E-6	
0.16671521209346035	9.075680523428469E-6	2.042325017464833E-6	0.33341872425779007	1.3542200263300768E-6	
0.08336091853371597	0.08336202020328295	5.092027396427913E-6	0.3334221127245086	2.394575542296647E-6	
3.899680836826479E-6	0.16685073769701417	8.787384778481893E-6	0.33369218573092546	8.442697310795768E-6	
0.08334740078934873	4.484431562282945E-6	0.08334841377981227	0.333367305035546	6.988424615071978E-7	
1.0455957419785032E-6	0.08336520184527649	0.08336287256171844	0.33342432587308496	1.4004964359070049E-6	
2.48148024686199E-5	6.822691889901858E-6	0.16678403986310503	0.3335967237485497	5.480832461545913E-6	
0.08339476299314072	8.90759751681598E-5	5.488706385338065E-5	0.4165496949179863	7.774665369043657E-6	
1.3517355722539013E-5	0.08337085538317947	3.391146055314901E-5	0.4166642513034109	8.459599573020639E-5	
1.8422531438557438E-5	2.544260090042608E-5	0.08344691318057884	0.4170710636800852	8.451521142988822E-6	
6.4959197167438684E-6	6.480005199468399E-6	1.5060234875523058E-5	0.5000197671211657	7.770519715001102E-6	
0.41675735083830456	7.73113151926932E-7	9.56043891249164E-7	3.8247122900524286E-8	0.08335786186797212	
0.3336954846582424	0.08342956862632936	9.644158600482137E-7	3.546914275362069E-7	0.08343135205498865	
0.2503018372621667	0.1668207438484621	2.72818442311938E-6	3.1867809167355456E-6	0.08343174256457708	
0.16684892813344196	0.2502750721925102	3.646416209924253E-6	7.797774740163128E-7	0.08342248669856413	
0.08342136840488466	0.33365768122281564	7.658947216501646E-8	6.755549514458381E-7	0.08342393743560063	
8.337336932488714E-7	0.41712272214857216	1.686856056867402E-6	2.3744117739208572E-7	0.08343719942616491	
0.33340435950644143	5.893739141915606E-7	0.08335716156983772	2.141919968240731E-6	0.08335888876179645	
0.2502879587765975	0.08340527158997894	0.08342905521534885	3.0390134450704626E-6	0.08343111065792568	
0.16669867100921726	0.1666972014398081	0.0833545759749316	6.777861858927153E-7	0.08334756491526239	
0.08341397557978854	0.25022021440429415	0.08341468450815392	2.895183242959271E-6	0.0834085593495964	
1.2851369597507993E-6	0.33363184480875385	0.08341463610085843	1.9137005444519444E-6	0.08341816310241103	
0.2502709783436145	2.0294813548499864E-5	0.16682548573611675	3.10921438034969E-6	0.08342938769953169	
0.16686864298907803	0.08344416903453825	0.16683386056003618	2.2819116156149874E-6	0.08342502316724214	
0.08340958727727966	0.16684278772589944	0.16679954380220338	3.1036092354882547E-6	0.08340681781006794	
1.956413782406379E-6	0.25028114773990484	0.16679224204896653	4.268085765791614E-8	0.08342057277689573	
0.16685002345480046	9.879381307560273E-8	0.25027626066577946	1.792502437661487E-7	0.0834207910158766	
0.0834145419940271	0.08341418780797034	0.250206439011897	1.9287777550941784E-7	0.08341283455933168	
5.904869509974721E-6	0.1668711154500533	0.2502764690411385	1.0837175770091255E-6	0.08342812034345691	
0.08342633559159782	4.122920630182781E-9	0.3337035588614357	2.3285957664710546E-6	0.08342109564522229	
5.698258461143554E-7	0.08334718029066746	0.33338548293616393	1.7061169626490218E-6	0.08334962445819333	
8.462594698375825E-7	1.0880631345350867E-6	0.41712293201667877	2.1997850480209277E-6	0.08342112269027749	
0.3337094617819369	4.261020168399315E-6	1.5241869489646414E-6	0.08341408317914366	0.08343191165308624	
0.2502505734547526	0.08339518571549853	6.773188875089787E-6	0.08340738067088997	0.08341760506162986	
0.1667996520198981	0.1668234287094592	1.0961335892977896E-6	0.0834085746802146	0.08341400911819331	
0.08341898611960734	0.2502366576076887	7.961021649734675E-7	0.08341621070824524	0.08342249880248986	
5.88380923264121E-7	0.33339899211740726	1.2100818330707422E-6	0.08335151504931038	0.08334763073575371	
0.2500600177982259	3.0671513458303577E-7	0.08337823123205035	0.08335388781664797	0.08336392759347644	
0.16685490459070246	0.08343564864402969	0.0834181400765094	0.08342941022007012	0.08342445772773154	
0.08335200830831081	0.1666954063162719	0.08334438986952354	0.08335054456448467	0.08334540183063076	
1.1769480135573861E-6	0.25004447048641454	0.08334121351284696	0.08334881003772851	0.08334408793832901	
0.16684956689298644	3.7628520983444007E-6	0.16684797282743788	0.08341932317317165	0.08342954380955246	
0.08335232800881016	0.0833519779811208	0.16669706652143973	0.08335185243577894	0.083348218470694	
2.35274381606989E-7	0.16670464939460858	0.16669766210013504	0.0833532277026795	0.08334856781833672	
0.08334402454132923	5.676740583149213E-5	0.24998760525637395	0.08333206788830613	0.0833495269490778	
3.186313593483625E-5	0.08337319891538555	0.2500160922403496	0.08334025482662161	0.08334768080431477	
8.593775766164703E-7	8.516845021372326E-7	0.3337100383088515	0.08342705869485235	0.08342347351049478	
0.2502559367621941	6.746276180697738E-6	1.310780992545274E-7	0.16687091319124597	0.08343390698402818	
0.16684660157528072	0.08340439381295336	7.790974492970944E-6	0.1668219543846861	0.0834217899037676	
0.08341594822402318	0.16685489530550482	1.3157170628186976E-5	0.16683875724447517	0.08342999583393965	
2.065099595800065E-6	0.25028676647828535	7.96118740393763E-7	0.1668425064815408	0.08343252957670272	
0.16688386132037647	3.8727925985180445E-6	0.08337161785201593	0.16686861758273566	0.08343233585106241	
0.08340571052404352	0.08340683567039409	0.0834407770591161	0.16686656019654778	0.08343001329688043	
1.1932495815710262E-6	0.16681858733718102	0.08344346962894292	0.1668260480449468	0.08341233999907886	
0.08344607406085852	6.688884116699105E-6	0.1668367306732611	0.1668500176881862	0.08342535363160157	
6.2333467196096976E-6	0.0833482372891074	0.16666931101658072	0.16671544126111554	0.08334324516315542	
1.917457158200078E-6	6.723424939319037E-9	0.25004725825531876	0.1667006612272744	0.08334752343329804	
0.16684701421648537	6.53105116961768E-7	3.6312628851985367E-6	0.25027484097233815	0.08343253817782656	
0.08341959083511892	0.0834226573663283	1.7689219085534388E-6	0.2502567057148074	0.08342609527883389	
2.0005292807470884E-7	0.16685715399193735	1.6783374613741037E-6	0.2502723156318641	0.08342091588104623	
0.08343193130990975	9.520628923520193E-7	0.0834301884630255	0.2502912515957377	0.08342611912267799	
1.1724081308899138E-5	0.08334715288983403	0.08335551917190466	0.25006839307150375	0.08334964040871608	
8.664131105047069E-7	1.3346648912739717E-6	0.16685138074965583	0.25027102836873344	0.08343113296656446	
0.08330541408759622	7.79926404393084E-5	3.3900941594739235E-5	0.333408477457301	0.08335810250383564	
2.0347865405419143E-5	0.0833580196231927	3.389889280627456E-5	0.3333883280629035	0.08335306479364787	
5.351281988086945E-9	1.135567301281607E-6	0.08334130074114314	0.3333813340372692	0.08335095953025562	
1.4183755234920403E-6	1.6061048126649957E-6	2.688721865473612E-8	0.417095332524795	0.08341249471751082	
0.3337131632368136	9.02509703386082E-6	3.8760202202914165E-6	1.7173231183260838E-6	0.16683912316463945	
0.2502942632591822	0.08340358881002607	1.5170352010975899E-5	2.0660518570486406E-6	0.16684747391870522	
0.1668606820165183	0.16685684829316674	4.863957402874264E-6	2.607039274696004E-6	0.1668296409906611	
0.08341970022829873	0.25029391921088023	1.5122246759283153E-5	9.105027186785568E-7	0.1668326065281284	
6.66560492327631E-7	0.3337075563102766	4.4962295182075374E-6	5.763332412056122E-6	0.16683777220152168	
0.2502757349207477	8.239855565239201E-6	0.08341639088719453	3.905296660376195E-6	0.16683669074819393	
0.16685177770502338	0.08343562226515297	0.08342437961280814	4.0678200603826266E-6	0.166842545122551	
0.08342121623386246	0.16686626214431777	0.08342440557287725	4.509708661910792E-6	0.16684266672386766	
6.268253793485229E-6	0.250290810461736	0.08342760613528054	4.228588813034639E-6	0.16683577792631094	
0.16683911425843234	4.462313211045374E-6	0.1668724065033087	2.646784197798289E-6	0.1668500453281014	
0.08335012403050687	0.0833512373422936	0.16673016673022356	6.200360591886316E-6	0.16668819222474934	
5.477350719000019E-5	0.1668884219753655	0.1667918004118145	5.881826896695548E-6	0.16684219406851694	
0.08345521538633215	3.104012722826439E-5	0.2502403399880732	2.1291551241300803E-6	0.16683366311093079	
3.533425206172868E-5	0.08344469838183936	0.25022168763012437	8.669028245747328E-7	0.16685659806882122	
1.331548864891309E-7	8.282918520710572E-9	0.3336638514523063	4.5424958975800685E-7	0.16683844128027203	
0.25030117026700716	2.5376267385435417E-5	1.0841679295680224E-5	0.08338405340471024	0.1668373131443266	
0.16684841498355857	0.0834339412199262	6.464846470224231E-6	0.08343198572377584	0.16683645004899997	
0.0834114344443295	0.1668648125135746	2.4868181600582225E-5	0.08342316747399398	0.1668382400309663	
1.810142233709437E-5	0.2502739781779865	5.765785824573092E-6	0.08342013575498591	0.16683986600023512	
0.16684208090203384	7.789602891518333E-6	0.08343906056885128	0.08343357230821165	0.16683803495882196	
0.0834228009911138	0.08342434832206252	0.08342937681734323	0.08342795450093407	0.16685642065964867	
7.48481820074541E-7	0.16686255814442288	0.08343692832648016	0.08342023028540689	0.1668404013447804	
0.08342207724864394	1.868175559374764E-5	0.1668434175055265	0.08343222512735701	0.16683850970722025	
1.6931449024433677E-6	0.08336731911651568	0.16670654991589542	0.08334577647329457	0.16669099528905332	
4.705222703271146E-6	4.3634868933554595E-6	0.2500643390644002	0.08334483740117003	0.16668921679402304	
0.16671599197639522	5.470477296242234E-5	5.728469525928512E-5	0.16666527673941847	0.16665701259400775	
0.08343605208222231	0.0834376955585311	6.225311628788342E-6	0.16683552099625124	0.1668397757357768	
2.305337335390726E-5	0.16682879898158004	7.98084766729148E-6	0.16682270384694248	0.1668217180123846	
0.08341142699186041	3.2718936655166217E-5	0.08342650197503616	0.16684112959879724	0.16683574489942363	
1.1708041748308505E-5	0.0834223150795785	0.08343072016622732	0.16682713468125793	0.16681008975635178	
3.18261532936402E-5	1.635744631764933E-5	0.16671279160550082	0.16671192129502924	0.16671065474694916	
0.0834122410325501	1.590793347144721E-5	2.7504126276489766E-5	0.2500443851282859	0.16663074015314638	
2.782333669003144E-5	0.08342587974456264	3.0715901352936984E-6	0.25004774553041	0.16662686935556945	
5.7142705809871475E-6	9.575703706237737E-6	0.0833885161363562	0.25001955559538697	0.16668587232263646	
6.194474001670414E-6	6.196774227821309E-6	1.097518001418008E-5	0.3333517642746758	0.16668190521404777	
0.25042457969819476	6.008025088125432E-5	1.0122196501077941E-4	5.8733639180804566E-5	0.25029450401075753	
0.1668672750103263	0.08344536078447011	2.7773025630488627E-5	1.848995764693155E-6	0.25022177462105305	
0.08332125710942492	0.16673406945062538	2.9686473115666788E-5	2.53227600263435E-5	0.2500005267660737	
1.3264608459051785E-6	0.25002740010911123	2.9553802930236252E-5	5.053496862122042E-6	0.2500294667253256	
0.16684098742244863	3.774253196443163E-5	0.08345368506731782	2.0834212325019926E-5	0.2502095463755707	
0.08343169657524852	0.08345849714185755	0.08345114155984412	2.5280069133175525E-5	0.2502585845806348	
9.864997743303048E-7	0.166690397066229	0.08334405633462043	2.788304780099532E-5	0.2500291333411773	
0.0834088200123401	8.88019057143806E-6	0.16672516004922758	8.539893379280462E-5	0.24986797032136407	
1.4390102977974419E-5	0.08337482522116954	0.1666704372626246	4.011320296691878E-5	0.24998357007931096	
7.552183695572774E-7	7.51987892184879E-7	0.2502893792405912	4.060956071440451E-5	0.2502150484436403	
0.16667060423031377	5.468736178232413E-5	7.433281790493881E-6	0.0833681964430728	0.2499827887596	
0.08334231748389188	0.08334542951010192	2.793661874977752E-5	0.08337877196512024	0.24998895062172755	
1.1656673261709971E-5	0.16670000667534982	2.1855428549144698E-5	0.08336539724732002	0.24999287070569126	
0.08338027545997351	2.757087936498761E-5	0.08333511486729371	0.08337279795801832	0.2499976172417016	
1.1442033465290268E-5	0.08335596058297656	0.08336279917195319	0.08339575375133396	0.2500066792019496	
1.6493412318335916E-7	5.832964295725272E-6	0.16672777724690183	0.08337009030285543	0.2499964835023952	
0.08343480347401	1.1826190892374514E-5	3.858342243225084E-5	0.16661672950389886	0.24995839888396082	
5.8292548489463595E-5	0.08341602575884273	1.3814052509185502E-5	0.1668466759425792	0.25022919715826974	
2.872296323579728E-8	8.748478567789093E-5	0.08339028544669926	0.1666501217400005	0.2500090084116455	
1.480729572411726E-5	1.484274705177611E-5	2.8883637996762474E-5	0.25002337856862294	0.2500099905295025	
0.16680695161245537	4.287623079138775E-5	7.438939652173868E-5	5.361074355107668E-7	0.3336491428788042	
0.0834390937149391	0.0834408014593336	1.981160147755159E-5	1.6997077023302253E-5	0.3335594246540698	
3.3182404539302856E-5	0.16684343068364513	2.023771407559628E-5	3.0586976685044454E-5	0.3335810430282481	
0.08343965254611348	3.543314504057535E-5	0.08342606908952277	1.640627101319758E-5	0.33359695201086503	
4.379221251528551E-5	0.08344898919939325	0.08341875312492845	2.8095880801735406E-5	0.3335662194676296	
1.795408003622399E-5	1.8367537646454344E-5	0.16682748742554565	5.842297152566868E-5	0.3336079193894893	
0.08338111611549666	1.5917673168407698E-5	7.73112536317496E-6	0.08338770456078425	0.33331137673548505	
2.2774028908692286E-5	0.08336910183609797	1.5274434014431917E-5	0.08338673358947757	0.3333139912868272	
1.9513140161676127E-5	2.015522534599357E-5	0.0833602146377883	0.08338124667356638	0.33332543907047546	
4.378946354373405E-5	9.593726546957653E-7	4.224237681546749E-5	0.1667123172214667	0.3332967880961634	
0.08345273398607471	1.548711019005854E-5	1.888738956529945E-5	2.3741978001251038E-5	0.4169885604678445	
3.3130862627583415E-5	0.08336638702727318	4.428931006517606E-5	8.203468457543638E-6	0.41669482822568715	
1.0850829906726138E-5	2.877817867638213E-5	0.08336602406254565	2.1499901189310586E-5	0.4166933363499791	
2.5328866185113377E-5	3.731139094769808E-5	2.856757628051868E-5	0.08335654883434435	0.4166446484146726	
2.3873357683950457E-6	2.3898334919113562E-6	2.258654764650486E-6	4.640712213556801E-6	0.5005538020561574	
