0.5001002113651299	1.05534546459856E-5	4.4877788938997084E-7	6.757085759574454E-8	1.4275392138589957E-7	
0.41673125200885863	0.08337430393167343	4.2063490182255E-7	7.91280994137144E-6	1.8719254285287986E-6	
0.33340683327984255	0.16671104986759033	4.568016553738003E-7	2.20162928111001E-6	4.004468706150561E-6	
0.25005360035859564	0.25005597174258876	1.8004028826682466E-6	6.28108767143082E-7	1.0553362571934852E-6	
0.16664367134386993	0.3334510110767934	1.0039101765826175E-5	3.7317429984069228E-6	1.4891291096571563E-5	
0.08327531903259427	0.41681449389421216	1.0023967811209958E-5	1.9704106263414473E-5	5.907933514987657E-6	
3.610655734833287E-6	0.5001073908140237	7.607658511002781E-6	4.68342332432789E-7	1.2913494204350272E-6	
0.41678209593695725	1.0123746362502116E-6	0.08333568943422807	1.1612545301678133E-7	1.8411582566121416E-6	
0.3334208436806279	0.08334787251871278	0.083333569334966	6.084111383981847E-6	3.731200781487707E-6	
0.24998116147934069	0.16676741407526036	0.08334536159453793	5.732542962784706E-6	1.0494441979939067E-5	
0.1666940806884296	0.24997257875707168	0.08342371935072657	1.0842405272684514E-5	1.0946637250032358E-5	
0.08330399657274491	0.3334600821133515	0.08334636589676789	6.1066736460574075E-6	1.9863494428532493E-6	
3.0129761370125983E-6	0.4167479142620099	0.0833568520290828	7.032169123376909E-7	1.0731409148264008E-5	
0.3334142750476408	1.3609850176780943E-5	0.16668533677584307	5.0379499793203243E-8	5.61352582079658E-6	
0.2500334611588973	0.08333692684404653	0.16673612744078214	7.446167494682452E-6	3.7520699817800994E-6	
0.16673175565169135	0.16673302630532655	0.16660882115079143	2.214143715708322E-5	1.4676788310547893E-5	
0.08341526180921965	0.2500827977778243	0.16661145729248536	5.82499214301252E-6	5.2325454894281E-6	
7.986913917842659E-5	0.3334145409432462	0.1666097164618559	5.826667300561075E-6	7.399006273344147E-6	
0.2500906870812076	3.7877618939032876E-5	0.24997757384370448	7.652304002844664E-6	3.33604390135425E-7	
0.16669709193519938	0.08335127209644178	0.2500476843146498	7.70296490206204E-6	6.253315725660772E-6	
0.08335437230482907	0.16669892490268162	0.25005216072717884	7.557009666409646E-6	7.464652698933407E-7	
1.4863559335056604E-5	0.2500414258207418	0.2500556659034925	5.8212659308746025E-6	1.3065387789948431E-6	
0.16671385411376854	1.5309042607525982E-5	0.3333829388398229	2.5022557704145227E-6	6.642304692105299E-6	
0.08329415879882417	0.08329478649384937	0.33350907948716746	7.556337302056015E-6	1.0231319564277764E-5	
2.2945709800982765E-5	0.16671007592447967	0.33337507356925133	5.896096298182251E-6	1.215133363150614E-6	
0.0833629035281298	3.5123964051444166E-6	0.41675305191418827	2.0914381200207189E-7	1.9781579151856966E-6	
1.2413986469083128E-4	0.08334256033708876	0.4166386405786676	5.9211708372342285E-6	9.666601531505039E-6	
3.934053897779097E-8	3.749217187978055E-8	0.5001149793855425	4.8781620222811165E-6	1.3023889259408903E-6	
0.416748660292246	2.0203746357548272E-6	1.2283065527840167E-7	0.08335885377965534	1.837995155573904E-6	
0.33341445431764694	0.0833465574679963	2.4659622590965834E-7	0.08336009160012253	5.858825248856459E-7	
0.250063536946251	0.16668531556847174	3.3942032866006046E-7	0.08335850107940705	1.8635907516251813E-6	
0.16673672883755794	0.25001696914022964	2.781621059583633E-6	0.0833517319536508	4.818844544099968E-6	
0.08335485122186984	0.33339892294174606	6.727686791216123E-6	0.08336014990272055	1.5543984261208857E-6	
6.196004440789119E-7	0.41675768804828234	5.204252303149195E-6	0.08335936443942182	1.486364260621187E-6	
0.3333605447054152	1.1972511411398052E-5	0.08337724357845158	0.08335864592228986	3.5974576109586092E-6	
0.25005284616671025	0.08334397575012853	0.08336861458438445	0.08335144587783326	1.8748378038685809E-6	
0.16669913713874843	0.16670086125361736	0.08335573036672907	0.08335210042929975	1.0559899014401662E-6	
0.08336437005501807	0.25003795539165397	0.08335637994727323	0.08335072459301567	1.7114265781659756E-6	
2.756184674949485E-6	0.3334100365647624	0.08335523678319214	0.08335357187489072	1.129281069530736E-6	
0.250051961054434	4.68686431707187E-6	0.16670229035594084	0.08335878274336662	5.410327949618614E-6	
0.16670514436052056	0.08335637648155633	0.1666925225839437	0.08335780620330298	2.4886945520105537E-6	
0.08335626688879227	0.16670540258563077	0.16669212306097272	0.08335720034614805	1.2065669438247427E-6	
6.668919149521675E-6	0.2500608961647638	0.16669603196662483	0.08335290575994647	1.3015884623275307E-6	
0.16668639372047114	6.874729044334358E-6	0.25006344425712457	0.08335922641910352	1.0395718293662555E-6	
0.08334383695643956	0.08334445217464165	0.25006230714533434	0.08335715521328968	8.86567511669235E-7	
3.920022443410972E-6	0.1667047146123624	0.25004428417798674	0.08335820022820364	3.1182094187009995E-6	
0.08335549578474678	2.3867164944727575E-5	0.33338362746037814	0.08335906021172249	1.4374323013197087E-6	
3.8137500863803216E-5	0.08335748417806943	0.33335742343387376	0.08335720671070157	1.1781715891359799E-6	
8.471505621124996E-10	6.880616152638563E-10	0.41675248619697025	0.08335695195806546	1.3172588309425726E-6	
0.33335914929191385	2.3383604749202744E-5	1.8210423321373195E-6	0.16672264103084358	9.120437850166459E-6	
0.25004811681475747	0.0833424071371514	9.994609542456809E-8	0.16673914025456232	3.8541875146424835E-6	
0.1666957771467655	0.16670268071629357	8.802353480575076E-8	0.1667193739767415	4.2293693043692455E-6	
0.08336426589845913	0.25003571642227906	1.3817252798494284E-7	0.166714506791795	1.6677265151151057E-6	
2.1487424515640725E-6	0.33339914047902597	2.7174184077696853E-6	0.16671651899839227	1.1164344480632884E-6	
0.25003906619580285	1.8193555885097094E-6	0.08334000214569737	0.1667212573859631	8.784035327980376E-6	
0.16668932577394052	0.08334856922502872	0.08335952042486038	0.1667110160554209	3.7426214687465553E-6	
0.08335614432534016	0.16670587801784625	0.08333893375089409	0.16671278493693029	4.038416650624415E-6	
1.8810768552258339E-6	0.25005322970736776	0.08333662988407103	0.16671038839688176	2.0525430978519963E-6	
0.16670896402941401	2.9365257687114908E-6	0.16672265231816333	0.1666782336680286	3.047601613821906E-6	
0.08334493922585712	0.08334618229570534	0.1666912754791856	0.16673027119522807	2.8026721356378917E-6	
8.81721900405579E-6	0.1667133129603655	0.16672122158836725	0.16667519729606634	1.2702970744113924E-6	
0.08335691740739808	1.3196259593692774E-5	0.25006091573744893	0.1666722798400545	5.448499915157446E-6	
4.0082113037746854E-5	0.08338699764289381	0.24996898556811148	0.16672278504256097	5.780028566182129E-7	
1.0011410301596353E-5	7.23686779907484E-6	0.33342199126378924	0.1666767165760611	4.5985997334593683E-7	
0.25016334841544097	7.622551540605603E-5	1.3261500902242754E-4	0.24991897874095179	3.2279497188000787E-6	
0.1666848072494307	0.08334703865485199	1.3633075331250826E-5	0.25007420651673573	1.9044870210139311E-6	
0.0833615836185624	0.16671577695706127	1.9187843654788744E-6	0.2500394344620103	4.368544121844815E-6	
1.7812610628580895E-6	0.25007412619060154	2.1649041054588333E-6	0.25003822714799256	1.727056451623949E-6	
0.16669824924541693	3.8995695906977356E-7	0.0833478383453315	0.250075308562764	1.9094994168094616E-6	
0.08334441929915884	0.08334730603469956	0.08334816532924622	0.25006798391173846	3.181779403009116E-6	
3.880333549337984E-6	0.1667147387938485	0.08336236364772294	0.250040603931276	1.685884671503524E-6	
0.08334246451761054	4.6606251680894727E-5	0.16670606354970824	0.250000920546808	1.6334065154078855E-5	
7.095711392782254E-5	0.08341299207256112	0.16666037291938263	0.2499532657844645	1.6328049767013634E-5	
7.269896719402664E-5	7.86294620399377E-5	0.2500113817895459	0.24995520884069375	7.765934328261342E-7	
0.16670028944360712	6.956051850796428E-7	9.790177713468656E-8	0.3334314107502196	6.586964968492605E-7	
0.08335069724928525	0.08335449475335328	2.452844315495401E-7	0.33340802021986277	1.4031834483176467E-6	
1.0584610302704396E-8	0.1667067550147261	2.70356599223986E-7	0.33341091697835423	1.667559398306184E-6	
0.08335499002462723	5.98883614117723E-5	0.08335776836430375	0.333341300743349	3.839670952274359E-6	
1.2293398251501112E-5	0.08336805637609125	0.083322804570369	0.3334114872032784	4.37017684054165E-6	
5.2497992234489934E-5	4.6752615171269545E-5	0.16668573963310934	0.3333176672772655	1.124894101790523E-5	
0.08345391362003765	7.621789785833295E-5	8.139533404975661E-5	0.4164876846505624	1.162853788225521E-5	
1.393768944422744E-4	0.08336975432845214	1.0007637200727594E-4	0.4164854982100542	4.1718139096689275E-5	
8.741662895296802E-6	1.7418885301198705E-5	0.08335764884687386	0.4167308110637014	7.41490331060068E-6	
1.3897504046585216E-5	1.0510081740456591E-5	2.3059071920478024E-5	0.5000681232390999	1.1273872637817716E-5	
0.41675716980298155	8.783926137966368E-6	3.528760253252263E-7	3.651668097117136E-7	0.08335344184749606	
0.33341337349135525	0.08334628358476091	3.486314993679602E-7	6.232864676375043E-7	0.08335222732704954	
0.24999581056977652	0.16675171406760722	1.204603364071936E-5	8.407173108704709E-8	0.08335015884853136	
0.16669362706696414	0.25006436313424496	2.216428045225917E-6	6.782927924712387E-7	0.08335039863889719	
0.08335604188153006	0.33340365117172216	3.6945757137669532E-6	5.0075164288885086E-6	0.0833523711280755	
7.523353338827744E-7	0.4167650878439993	5.720948869279804E-7	3.4193008498671754E-6	0.08335263621874729	
0.3333982094142628	1.5882504496195467E-7	0.08336256248535193	4.205680127598E-9	0.08335099463096858	
0.2500497414047995	0.08335332529553982	0.08335649611035693	6.114566876899724E-10	0.08334993907771474	
0.16670633773290003	0.16669721227961223	0.08334890196552226	3.514052482224941E-6	0.08335099353819637	
0.0833552502954474	0.2500653705058006	0.08334339239945007	1.8872308782608924E-6	0.08335293253136018	
3.980771329172007E-6	0.33341678728236873	0.08334309235493186	5.109441323997995E-7	0.0833508950433102	
0.2500568179216622	4.497792963308138E-7	0.16670541567265368	1.2372265985701327E-6	0.08335256571611539	
0.16667959680448732	0.08334357256056214	0.16673234393224834	5.107920186439866E-6	0.0833519156859118	
0.08335886622000303	0.1667106775814708	0.16669732400417508	3.814744635179099E-6	0.08335396975752501	
6.991920505292057E-7	0.2500673074172735	0.16669588355803874	1.594841380850675E-6	0.08335289321967608	
0.16670768230679134	1.5032826510592013E-5	0.2500395166889557	7.0358853425596146E-9	0.08335034174074482	
0.08334569602879846	0.08334643038040629	0.25006717841687626	4.952951315312961E-6	0.08335180826524723	
3.042552182267882E-7	0.16664512814660634	0.2501074424804036	5.132278562280092E-6	0.08336327122521003	
0.08335636469358108	2.1724436875991374E-5	0.33337826901585677	4.937732225915495E-6	0.08335030646500458	
2.868062337144469E-6	0.0833577930330222	0.3333892063321912	4.467955124033938E-6	0.08335204903384597	
1.0958627298439555E-7	3.3263196181770576E-7	0.41675264411422536	1.0684549184788491E-7	0.08335226137291737	
0.33340626902942827	4.071818087209916E-7	2.5086887096098604E-7	0.08335230844211361	0.08335168182446356	
0.25005955597872204	0.08334630837146116	9.989786672622042E-7	0.08335250391523334	0.0833496836491206	
0.16670612140109112	0.1666961745259253	2.946469063843275E-6	0.08335243386348458	0.0833502250025826	
0.08336658402387363	0.2500409731355862	2.953128773998097E-6	0.08334825641729612	0.08334954896432561	
6.041899084273272E-7	0.33340356671397514	2.2923417438297988E-6	0.08335259483282714	0.08335048180306645	
0.25006238074278975	3.455935209334471E-6	0.08334613131269472	0.083347858690753	0.08334995652352442	
0.16670498335098094	0.08335629693727142	0.08334462402507258	0.08335217893167	0.08334960532240178	
0.0833556694102928	0.1667049282960765	0.08334184382810968	0.083357488493255	0.08335130368637225	
5.597856506723045E-6	0.2500648687182217	0.08334000278325658	0.08335172305101538	0.08335136242058347	
0.16670086821516322	1.0527010239930332E-7	0.16670125572455363	0.0833509352105648	0.08334915288118057	
0.08335153458041304	0.08335227659153946	0.16670294464897423	0.08335252981216879	0.08335040234298427	
8.802211137998711E-7	0.16670330956889468	0.1667033279538395	0.08334784833901393	0.08334921998116954	
0.0833815817113145	6.285702788055428E-5	0.24998225162292328	0.08334860160291863	0.08333440735308123	
2.781996124407723E-6	0.08335703245771839	0.25005579666125	0.08334949173148533	0.08335158734772918	
1.5542423752966544E-7	2.3917895957502922E-6	0.33340280411509554	0.08334712464010363	0.08335030704693254	
0.2500566248392951	2.564489205974777E-7	5.383748816108311E-7	0.16670611897256338	0.0833525191375089	
0.16670025673480154	0.08335450800582495	2.0336962769586994E-7	0.16670448051704456	0.08334967088434996	
0.08335959565977245	0.16669854404044923	4.2401238580496216E-7	0.16670687743957266	0.08335243714729688	
6.832539764149182E-7	0.2500529689856187	4.175237973518746E-7	0.16670925682510254	0.08335066043168332	
0.16669778497599846	6.096118971429911E-8	0.08335741347991764	0.16670468624262075	0.08334996300488735	
0.08335518937546423	0.0833511449210698	0.08334939184426852	0.16670499419436927	0.08335081004740194	
4.04722320826793E-6	0.16671412187685816	0.08334326915665136	0.1667090374438925	0.08335275695569136	
0.08335886125447828	8.20585723091715E-7	0.166703151173553	0.1667074755786855	0.08335175884376356	
5.6640407661621135E-5	0.08330605399787369	0.16670214531437313	0.16670883022130034	0.08335272116224114	
5.057461985613255E-7	1.131952336264584E-5	0.25004824911203494	0.16670558657073994	0.0833516840552414	
0.16670165300679565	2.3371269990587454E-7	1.242074882210204E-7	0.25006518076097267	0.08335143399172278	
0.08334962825262635	0.08335247802187476	1.2501767617008152E-7	0.2500631761659857	0.08335175538322132	
3.001136438702944E-5	0.1667059584562189	2.2567802293393612E-5	0.25001910933400895	0.08334226553329571	
0.0833480031138157	6.983359446302853E-7	0.08335121582601701	0.25006204013824346	0.08335117042076799	
1.023876588827612E-7	0.08334611763507298	0.08335402108962661	0.2500625239656554	0.08335069219995873	
3.0588445658140193E-7	6.8462526508215686E-6	0.16668483752580296	0.2500816468582877	0.08333891596906313	
0.08335690005084143	3.330919758186968E-5	2.4929320091945657E-5	0.33334672494432305	0.08334751063183624	
1.771797627879841E-5	0.08337383626517053	2.5062039062548726E-5	0.33335276163475547	0.08334045893301588	
3.648133743176673E-5	3.754712771128255E-5	0.08336321311691504	0.3333371177036984	0.08333926209810055	
1.0685165905540752E-6	2.116226065480084E-6	3.208494437924262E-6	0.41675488394044846	0.08335089370739364	
0.33339404462294037	5.910709249123625E-7	1.8010124291423234E-6	3.422916867755566E-8	0.16671884227938039	
0.25005868768985207	0.08334469605837196	2.367286585726689E-7	7.199784713735976E-7	0.1667150249985227	
0.1666673396161869	0.1667295724585188	2.847985260086125E-7	1.0093061148762736E-5	0.16672402390044758	
0.08335138231322438	0.25006283167516147	2.323557327869696E-6	8.575861417847549E-7	0.16671260656488546	
8.672737253870042E-7	0.3334096623657656	1.0958560308474148E-7	2.1435030032018673E-6	0.1667104073044776	
0.2500715822220544	1.7659421355053788E-6	0.08333714090494351	6.314307536892272E-8	0.16671809124287965	
0.16669605970028387	0.08335256388995785	0.08337562851620081	1.5251518024035323E-6	0.16668426536352549	
0.08333204051694179	0.16667584282838913	0.08340797143940645	1.0251890991387453E-5	0.16668493878554194	
4.103036374131905E-7	0.25008043002746083	0.08334423128762501	4.950847073268496E-6	0.1666859434500069	
0.16677295236979742	2.6072349012472575E-5	0.16662692543144328	4.575714318083603E-6	0.16668538666731267	
0.08334756041505258	0.08335336093641794	0.16670005902297502	2.1364259449275574E-7	0.16671363208944978	
6.370562337865887E-5	0.16673477192248135	0.1666723931473478	1.1525719751434926E-5	0.16665044219217878	
0.0833805647045613	6.20296143464171E-5	0.2499852142970939	4.638076451285459E-6	0.16668746738656906	
1.3542458912026622E-6	0.08334847220486381	0.25003970226762506	4.132529231107318E-5	0.16668550959015271	
2.7287382005652887E-8	2.9342958967425976E-7	0.3333961183942025	3.1603511247608156E-7	0.16671327477226752	
0.25005597499326143	4.25873562948382E-6	7.595282470582348E-6	0.08333329225007269	0.16671512198888014	
0.1667090924746535	0.0833589615017788	2.27685719002406E-5	0.08334095483210202	0.16668390018531393	
0.08334510107459242	0.1667023997675449	2.2418119209965267E-8	0.08334689530547876	0.1667107860342741	
3.59459233000182E-7	0.25005759523040344	1.6883491017160356E-6	0.08335099274509515	0.16670918985189162	
0.16667618320737965	4.825341538539326E-5	0.08336987823479242	0.08333365817721423	0.16668323355232287	
0.0833501851938186	0.08334499574201173	0.08335605435126762	0.08334813261074495	0.16671173334396355	
4.0510742414210864E-6	0.16670883906885506	0.0833643953344367	0.08335681678598197	0.1666868282452029	
0.08338974868959158	1.49493389772114E-5	0.16682049234221605	0.08321596434776285	0.16667367762037896	
3.456403385812664E-5	0.08337642090586461	0.16668200940015362	0.08334372225521339	0.16668815342803178	
7.986636031854822E-7	8.878849040943525E-7	0.25005257266023484	0.08334946257826974	0.16671386180625022	
0.16672237455985456	7.516264921299576E-5	4.9378172865984873E-5	0.16665054914696323	0.1666234901506199	
0.08338538896324875	0.08338034348436159	2.3035244450085806E-5	0.16664740158505792	0.16668762500126547	
2.9603977476447668E-5	0.16674155655700643	2.3022959608405762E-5	0.16665277647713908	0.1666787051500119	
0.0833732912606615	6.190503912633996E-5	0.08335655902962229	0.16665201477631056	0.16667594113666498	
6.713842708848966E-5	0.0833677012767142	0.08335620108514046	0.16665130083449597	0.166674319856726	
2.31359967801783E-5	2.1185687186990997E-5	0.16674568942538467	0.16665027183443798	0.16668131391963292	
0.08337267913035609	9.428302295486435E-6	1.8944087273065172E-5	0.2500481856509772	0.1666819593668208	
9.187465603991862E-5	0.08340624156378805	1.383468054404292E-4	0.24988621765453356	0.1665972249049481	
1.1542754487770904E-5	1.198118907799661E-5	0.08337351109049305	0.25004462481881196	0.1666781162420826	
1.1179521550789467E-5	1.7593393848634118E-5	1.475795943845323E-5	0.33339555956500444	0.16667676471815818	
0.25004520493203	2.8150952341744903E-5	1.0979517671474632E-5	3.21073653379901E-5	0.2500042577729369	
0.16670291684223737	0.08335224829273463	2.018553166339425E-7	1.1620863272152473E-6	0.250065718176016	
0.0833598632394263	0.1666976405950733	6.764330585311787E-7	5.474724987337193E-8	0.2500646455282662	
2.8979383334557176E-5	0.25006247735292586	2.3689509039806275E-5	1.5338238710886684E-5	0.25001579491880177	
0.16667951921581503	3.092820989440128E-7	0.08336981134524928	7.420626211857744E-7	0.25006230207653846	
0.08334004483428895	0.08334588501377224	0.08337295580882481	1.3466542008239298E-8	0.25006539540906064	
4.304200903629699E-6	0.16671057784793647	0.08338770658754416	1.558312402662281E-5	0.25000995105328094	
0.08334381107963623	1.0767288011186273E-5	0.16669941791841514	2.6249745092531058E-6	0.25006294167498033	
3.151417325724945E-5	0.08338666206349223	0.16669621601227214	3.3018669367465376E-6	0.2500100544912898	
1.9711423385305027E-5	1.9773619097156558E-5	0.2500473187586384	3.10455497362675E-5	0.25000152564081235	
0.16673831088329816	1.906477126285426E-5	2.0995628556178702E-5	0.08330980507966747	0.2500381382816484	
0.08333240995530204	0.08334090714200355	1.5028649992115897E-5	0.083368199831261	0.2500629764584644	
4.078427369218641E-6	0.1667152144770313	2.2538507992215564E-5	0.08337862400378877	0.25000570240356496	
0.08338326031285037	5.6328510423728634E-5	0.08335988706269554	0.0833277337683834	0.2499909115746228	
8.181979699295187E-8	0.08334098344420268	0.08334460326554374	0.0833676604171563	0.2500598656557915	
2.5576394637777525E-5	2.6237373001939838E-5	0.1667081569720202	0.08335954415547846	0.25000355705393795	
0.0833213013589851	4.099930442648243E-5	5.080810134611155E-7	0.16672084157391015	0.2500325420134209	
1.1453976916987508E-5	0.08339179389125266	5.9466587475699004E-5	0.16665679646737558	0.2500133964341434	
3.8563906701146614E-5	3.428862266056031E-5	0.0833587028015191	0.16665243239594926	0.25003287935296126	
2.985909941723221E-5	3.069161204184162E-5	3.041382961613039E-5	0.25004303323196264	0.24999531988696472	
0.16670942029438568	2.8487555871826057E-5	1.5849897631920166E-5	1.0423435847413838E-5	0.33336908941637433	
0.08334842800101937	0.08338072026469769	1.5895552229008682E-5	1.0422891157501177E-5	0.3333564688768967	
3.8043538240482764E-5	0.16669295824858707	3.2731588313922544E-5	5.34416972250762E-5	0.3333027049246293	
0.08336250850062915	5.7622753441010785E-5	0.0833364421856127	2.1118890496114507E-6	0.3333607713921382	
6.435012437413705E-5	0.08336040580669489	0.08334191884285451	4.980325204528099E-5	0.3333071925609135	
1.548519126451627E-5	1.558708701746973E-5	0.16670439879820081	1.446365476899259E-5	0.3333758621884293	
0.08336191512384546	2.988571174679138E-8	1.4071849840861989E-5	0.08337266137479321	0.3333728116838011	
1.9578712378880133E-5	0.08340696190304657	6.32218541584355E-5	0.08332638202981521	0.3333058853378582	
8.250623283687717E-6	6.828810569003363E-6	0.08335194730308373	0.08334499049239351	0.33340856635578703	
1.0779214590712392E-5	9.601546593251065E-6	1.301293354517759E-5	0.1667160598882945	0.3333762118269654	
0.08334989459516279	5.74621177793928E-5	8.16462008715692E-5	1.7013611689523697E-5	0.41661245649890977	
1.9574421876530904E-5	0.08338879209798787	8.298607745000173E-5	1.7073800648872705E-5	0.4166322149089483	
8.276380085551319E-5	7.82860048815368E-5	0.0833597703521298	5.098134989219755E-5	0.41655246700434373	
3.453328956826307E-5	3.419446870739978E-5	3.379541944945717E-5	0.08340205889586487	0.41661835738573383	
1.5496959351044584E-5	1.5573121659852875E-5	5.023912690884165E-7	4.2688145931338765E-7	0.5000903611688637	
