0.5004064226544171	1.61404043132411E-6	7.839259527399436E-8	4.2682995719359025E-6	1.368299968940757E-5	
0.4166565026226536	0.08334160688211317	1.6105390036861097E-7	5.333726481239402E-7	1.5040347818423694E-6	
0.3332346804780544	0.16673404076681111	1.326340805676944E-5	5.894132917711795E-6	1.3667461467977635E-5	
0.2500099525897845	0.24998704581862072	3.864330051893919E-7	1.01880858968533E-6	2.154445791741815E-6	
0.16665527175849307	0.3333387305608901	1.8343332320866096E-6	4.448167547014194E-6	1.791523426150233E-7	
0.08331364164101723	0.41667842855043463	2.691966324198762E-6	1.871206903641668E-6	5.236632188829942E-6	
4.3668379427023937E-7	0.5003081250038613	9.27383381307385E-6	5.3741748335507965E-6	2.670497535470776E-7	
0.4166766869357624	1.9301056003066714E-7	0.08334187999022026	4.294035422286775E-6	3.773746864223138E-8	
0.3333329394617531	0.08332712603303533	0.08333807284075913	4.721919909811968E-7	1.7062865475690303E-6	
0.2499772654546557	0.16667580715310204	0.083339165885709	5.857298887956942E-6	2.13774567865341E-6	
0.1666142971825793	0.24994717681895323	0.0834291082886593	5.828844554935394E-6	4.645470900703932E-6	
0.08336794101499255	0.33327952553748835	0.08333282508184854	1.4375791637429265E-5	6.011428694509425E-6	
4.0176680144541844E-7	0.41666060492265516	0.08333575153300149	5.371239613985908E-6	3.922938874305836E-7	
0.3335793212947009	1.039597149504474E-6	0.16681787956576552	4.288711916100563E-6	1.4694483184100196E-7	
0.2500306599311825	0.0832899409453773	0.1666721480995457	5.804312657642082E-6	2.408941709999607E-6	
0.16667177820079793	0.16665618978686847	0.16667554607615767	1.6298444541830026E-8	9.424098840568557E-7	
0.08332505025434699	0.25000006859029544	0.16667530740877545	7.482349353875632E-7	8.969111892848162E-8	
7.15775238274879E-7	0.33331873534941325	0.16667245984922865	5.57413267405675E-6	3.843416737149402E-6	
0.2500135433652772	5.139921657856268E-6	0.24997982917393968	1.1323567297968024E-6	5.62071245192258E-6	
0.16671386898032342	0.08332995293161499	0.2499479379155538	2.2765103461784675E-6	1.3579904465099463E-5	
0.08327492605482992	0.16662170981552044	0.25009343781497967	7.384973341714265E-6	1.1199594598236534E-5	
1.3390296052515492E-5	0.24992391034092715	0.25004399974849245	1.6075083005098896E-5	4.659290106607838E-6	
0.16665196220735226	2.9110075511045415E-5	0.33330708109857954	5.40810848211527E-6	7.4122562254117115E-6	
0.08333883651988469	0.08332325612054431	0.33333570883545927	9.455001521907376E-7	2.5984765089029605E-6	
1.036810616851173E-4	0.16675482042546647	0.3332048110957708	2.0115624325215183E-5	1.3518962866336472E-5	
0.08334483112234797	1.7469644867084247E-5	0.4166321040034354	5.132469106374186E-6	1.707783039110767E-6	
2.635421840632756E-5	0.08333577984756267	0.41663127085595464	4.619386158669905E-6	2.90301706772408E-6	
9.789285387203418E-7	5.1353757643699735E-9	0.5000447727456468	5.239454471247305E-6	5.082274535817981E-6	
0.41674552715236396	1.888762449145803E-5	1.6346673582973255E-5	0.08330948395654027	4.012212331003523E-6	
0.3333698842883924	0.08334228378806532	9.742018831251297E-6	0.08333999628943708	1.8209528142581561E-6	
0.25001291623779454	0.16669653071532833	9.97037518434099E-6	0.08333948323403018	1.817809415327806E-6	
0.16677345765900115	0.24988497370320945	7.709080619888803E-6	0.0833227760876256	1.3729948979548079E-5	
0.08334014771103848	0.3333206801635186	7.384581394899421E-6	0.08333128746618772	3.2826956853229943E-6	
5.5090232663707026E-8	0.41666914801257143	3.1727597086158184E-7	0.08333353866801213	1.4307350037307926E-6	
0.3333648598365391	6.594739894131021E-6	0.08335444109317777	0.08330534927712922	8.34117852641638E-6	
0.2499847119217395	0.08334485057892337	0.08334231885390456	0.08333025201874528	1.8061024551130711E-6	
0.16665433029064022	0.16673317790509123	0.08335984400223209	0.08330505839485926	5.893115394136861E-6	
0.08331778879331468	0.2500028740898276	0.08334423500135776	0.08333056459430947	5.695526348911075E-6	
1.226688797341051E-7	0.3333202664621988	0.08334414138727675	0.08333052266989718	8.077624645368937E-6	
0.2500617550862399	2.9725332637659856E-5	0.1666188695167721	0.08337859634311014	8.39986882755152E-6	
0.1666504697474102	0.08330644140147725	0.16666957730184362	0.08336848300462535	5.813642363748069E-6	
0.0833403564043699	0.16662439088212594	0.16668703537919213	0.08332981000251119	2.0608835935414334E-5	
8.286859447294241E-7	0.24996854830224835	0.16669193315535033	0.08333178306997843	1.3365276443228472E-5	
0.16666825858723405	1.3852051305301869E-5	0.24998125191752454	0.08332573453850319	1.1560657996428981E-5	
0.08334254657369454	0.08334066456709695	0.24997988168693697	0.0833323376670722	4.9570866773691965E-6	
5.10905673104141E-5	0.16667937268889385	0.24996883045851132	0.08329453929271545	1.097764377964193E-5	
0.0833635556052386	6.860387102634351E-6	0.3332955444302005	0.08332693688661455	8.892268840594486E-6	
5.065969867078545E-5	0.0833273987827266	0.33332587894462584	0.08329290811578904	4.3476398300825946E-6	
8.042722890172489E-7	7.037864587046471E-10	0.41675417335388576	0.08334436660481467	2.1589290714724245E-6	
0.3333330358848125	1.3943215101660811E-5	1.3927506747455305E-7	0.16665214747417378	2.142179116288349E-6	
0.24998743214595678	0.08335222532670797	1.238339503732747E-5	0.16663833598080835	9.863843977711049E-6	
0.16666658044372742	0.16667527496986304	2.0670880014703124E-5	0.16663199825698513	6.586864236536197E-6	
0.08336654266722832	0.24999539100813584	2.4584995831679058E-6	0.16663359569435218	5.71450590688642E-6	
1.5376042886447347E-5	0.3333716993326067	5.3069270273116605E-6	0.1666473193735267	6.9836727840862094E-6	
0.25002333366148505	5.867849193212955E-6	0.08332069029899869	0.1666539067252995	2.32187924342885E-6	
0.16669133619402973	0.08332051041043449	0.08331494138924549	0.1666683468287336	6.250788515979569E-6	
0.08335148393799405	0.1666425739476021	0.08334160115927146	0.16666337525650324	2.6722524608169164E-6	
3.994013577725865E-5	0.25001963774811886	0.08327504802211223	0.16666542216972255	2.603515972862299E-7	
0.16660759782632759	1.0308754655596274E-5	0.16664247988412623	0.16673462393460803	1.3673670501050785E-5	
0.08329931073083496	0.08339443493972551	0.1666317288689094	0.1666688189517233	6.072170840805445E-6	
1.2599265947017252E-5	0.16667087090105046	0.16665503130615483	0.16666574705687812	1.0541880563528126E-6	
0.08334889200218787	4.861343418444664E-6	0.250038309678473	0.16664792503820305	1.1581796145663326E-5	
1.3303335720820707E-5	0.08333319037418319	0.25001653277083213	0.16663341138897833	4.514709456660254E-6	
3.6944120009982885E-5	3.358145917671057E-5	0.3333017690372989	0.16662281919850544	5.254335052799244E-6	
0.25000496189192956	6.966559643521605E-8	9.402480441207711E-6	0.24997744694159765	1.0242365445982269E-5	
0.16665021457455012	0.08335726787266516	9.402665641776318E-6	0.24997803915928937	6.2910457888004394E-6	
0.08329327994236387	0.16665605279298934	1.3509858265617335E-7	0.25004457204125763	6.3697477643052734E-6	
2.2283634690829684E-7	0.24999063620505751	4.551054874504769E-8	0.25001352946609573	5.7185092587883944E-6	
0.1666448899722261	1.1209609119077651E-6	0.08336833255108254	0.24997592074405153	1.0903656094972541E-5	
0.08337791912485154	0.08337053106535383	0.08326142304504174	0.24998844968840434	2.6983036290937195E-6	
6.418303594600923E-7	0.1666168957545176	0.08335456577948232	0.250020891910951	8.458421363768605E-6	
0.08341569942358554	1.1648679964065736E-4	0.16656755590127661	0.24990548976806803	1.3305941674644776E-5	
1.6490127239366682E-6	0.0832676197543354	0.1666235428566002	0.25009535249574116	1.3545911382945818E-5	
8.603230837908668E-5	8.32929551822456E-5	0.24994459155842036	0.24988722949821227	2.773890140109442E-6	
0.1666136352286694	2.5304068079547507E-6	2.228687880220937E-6	0.33338078051738995	1.0126277172799155E-5	
0.08333621450813627	0.08334018136620373	6.511664239438893E-6	0.3333176090954468	2.6622940722791965E-6	
5.273332384064458E-7	0.166679720616785	6.803570837469099E-6	0.3333132861882695	3.142132523739468E-7	
0.08333708706651484	2.054819154849644E-5	0.08332764071457682	0.3333096799540442	6.000717679356057E-6	
2.2105299555939423E-5	0.083338093883054	0.08332946382143178	0.3333084508810291	2.7486475966323445E-6	
1.7777720173136847E-5	1.81628150290112E-5	0.16665598393624267	0.3333124820330205	2.686706397778425E-6	
0.08335430410367207	9.480546678440003E-5	1.130744283959542E-4	0.4164324523955092	1.0479359281311061E-5	
1.2951015597865637E-7	0.08327830032725578	3.308841822733185E-6	0.4167177054433167	1.0424446699452514E-5	
2.2468198635463156E-4	2.3004927355136124E-4	0.08323518675884485	0.41630685113561133	8.376063045491627E-6	
4.3067701239015254E-7	5.201165454091528E-7	1.5153005459981584E-8	0.5000018486983101	8.014699296815748E-9	
0.41663975346179644	1.1467721726951447E-5	1.9465466286680067E-6	1.0671616974592799E-5	0.08334013688972422	
0.3332789114468743	0.08337691543707082	1.7415515900012206E-7	4.911322620571204E-6	0.08333922692570128	
0.24998743589045969	0.1666826589938844	1.9466348044294954E-6	1.783530568855669E-9	0.08333180764550355	
0.16662159609165855	0.2500507067802511	1.3729333784175296E-5	2.4568935800099675E-5	0.0833425899653141	
0.0833506700434912	0.33331915454930433	1.047290826519433E-6	4.4360326876737863E-7	0.08333114873748933	
1.842073773540136E-5	0.4166684973560585	6.796736822986188E-7	3.4103185778372333E-6	0.08333860391537472	
0.33332734976872314	1.894208046452289E-7	0.08334221839010904	4.4357703103399486E-7	0.0833310582774003	
0.24998456296724664	0.08334266165915832	0.08334200782405135	1.1228688966096433E-7	0.08333094896615992	
0.16666739152313972	0.1666613993865557	0.08334239931332285	6.903116466814677E-8	0.0833310278852283	
0.08332436494730212	0.24999801119533113	0.08334462905608629	2.0699081876111796E-6	0.08333447059122788	
1.3524935455391887E-7	0.3333202878470021	0.08334371239286004	3.701845198826786E-6	0.08333410733956192	
0.24998234552645585	1.7830264966990555E-6	0.16668603912198277	2.826575884363132E-7	0.0833310311755036	
0.16667417405910823	0.08331088267749344	0.16668664774940375	5.299832459917348E-7	0.08333159644646652	
0.083317886151061	0.1666545635889114	0.16668936929216138	7.541889279146668E-6	0.08333454669503972	
7.524796406065591E-7	0.24997492800965643	0.16669024720784534	4.119604394555647E-7	0.08333378468020272	
0.16667371994182742	7.810818298806087E-6	0.24998454036480705	4.593957703755536E-6	0.08333105307715521	
0.08334249328573716	0.08334061048249856	0.24998274083724092	3.862121129340862E-6	0.0833308621449217	
7.799080211033227E-6	0.16667383589649085	0.24998051317728068	4.1209895277839026E-6	0.08333397882040575	
0.08335622602239671	2.281363589165019E-5	0.33333109770611435	4.601960317650488E-6	0.08333990085410557	
5.6275208177705596E-5	0.08333952393577908	0.3332752801748569	3.86221152162243E-6	0.08332598795801767	
1.538174571642956E-7	1.130810090622294E-9	0.4166679004979999	4.440939422992488E-7	0.08333289265042007	
0.33333280620823763	1.899345787785047E-7	2.428749979672633E-7	0.08333621250518901	0.08333234612960118	
0.24998832669290277	0.08334394516972471	1.4618773944283745E-6	0.08333657122530526	0.08333111154562582	
0.16666028226347834	0.16667044534402853	1.908396778691016E-6	0.08333625135079936	0.0833324965611411	
0.08332174346490598	0.24998978464062918	8.41418453539327E-7	0.08335468390067652	0.08333378875073086	
1.6125973686509087E-7	0.3333090621409484	2.368933612721298E-8	0.0833540145097187	0.0833387238104961	
0.24997624669068577	1.625108900942775E-7	0.08335662585422186	0.08333639654714425	0.08333237740608947	
0.16667405542246716	0.08331624826216863	0.08333676149287997	0.08333450501715434	0.08333976044612744	
0.0833240301350376	0.16666554646659454	0.08333806536250868	0.08333393466171228	0.08333928262699353	
7.01911789192909E-6	0.2500075402694203	0.08334618323727498	0.08331082523437126	0.08333501181740083	
0.16668972882209948	1.1011413353087412E-5	0.16663642459019573	0.0833374703841607	0.08333335429618109	
0.08337606561729904	0.08332237817582824	0.16663518185832452	0.08333618224272388	0.08333057847880236	
8.17161886022319E-6	0.16667359038336543	0.16665276166160234	0.08333522830263711	0.08333118064920844	
0.08332427229725668	1.539859378375872E-5	0.24999783628381025	0.08333716891170778	0.08333355396665822	
4.2056564222542225E-6	0.08333401976917991	0.2499933645961007	0.0833363559540102	0.083332241915323	
7.087328929930712E-8	2.6628716532898715E-9	0.33333281550085336	0.08333602300722383	0.08333297554309277	
0.24997656930528667	8.695924222728007E-5	2.7872047638629254E-5	0.16657844318218967	0.08333090780127929	
0.1666699627789443	0.08331515206181545	9.738531852192501E-6	0.1666658955761143	0.08333968418422548	
0.08334481026040351	0.16666123968210322	1.5059709723763393E-6	0.1666744008758715	0.08332916096456686	
1.968135431034846E-6	0.25001274471175156	2.7287843021206675E-6	0.16664594670972435	0.08333964140013762	
0.16666691573497064	9.350628094445934E-7	0.08332220801745842	0.16667396430991072	0.08334132656287667	
0.08334625373277606	0.08333887703255576	0.08331443053390979	0.16666924329476396	0.08333174276104459	
2.756769446716448E-6	0.16665722478157238	0.08336043721230472	0.16664864291686773	0.08333177961737345	
0.08334879070063284	1.1975119065724127E-4	0.16654971965705942	0.16665854719914935	0.08332644306474284	
9.878886272144327E-5	0.08336158544763984	0.166561705595987	0.16665359469395508	0.08332630489679624	
4.3808608638863474E-10	7.431983512236485E-9	0.24999835674801407	0.166669228880733	0.08333256916879603	
0.16667306022237965	3.1238967849518758E-6	9.732351385268638E-6	0.24998616830009848	0.08333236608623472	
0.08333395906678684	0.08332689510502408	6.514237951480629E-6	0.25000376001170754	0.08332968380512717	
1.4487894982587159E-7	0.166680066156094	9.704419453404958E-6	0.24997900342279736	0.08333174932904013	
0.08334426779808518	1.2894438968070019E-5	0.08331054898695009	0.2500043170655559	0.08332939238135496	
1.8501661710124064E-5	0.08333977311804906	0.08330828253610653	0.2500045624972335	0.08332924186598746	
1.437852931132661E-8	2.1577330862516185E-8	0.1666656960050961	0.2500047366798546	0.08333328148948428	
0.08337114177400591	9.472708601122598E-5	1.1296051884524798E-4	0.33313506776218715	0.08328690351498085	
1.0205375326969728E-4	0.08335924556930427	1.1483562864334348E-4	0.3331299673383805	0.08329440160168643	
8.992631592482191E-5	9.834043050014509E-5	0.08337994244656792	0.3331173776103323	0.08332347820230981	
5.190009370177037E-6	6.3579649539252905E-6	5.803908989068566E-6	0.41665398723319874	0.08332978617752376	
0.33334044517613015	7.871759379352426E-6	3.20152011282222E-5	4.132449775580521E-7	0.1666238960312388	
0.24999713143628707	0.08334858614332244	1.0812161009404825E-5	2.128769924679114E-5	0.16662254456278433	
0.16667100504567298	0.16666298260814197	7.493654774162848E-6	1.7227942184942522E-6	0.16665798982001967	
0.08332584627095718	0.2500026521349345	1.3631491873607303E-5	1.882287945541635E-6	0.16665859940305663	
9.022680151143286E-7	0.33331687741507626	7.578005314991441E-6	2.2388755352248868E-5	0.1666549977103897	
0.2500390665149829	1.651094901608009E-6	0.08336563602736106	2.7982337992575392E-5	0.16664990122597623	
0.166662092252173	0.0833516718491174	0.08336335911176058	4.502638853132593E-6	0.1666190682088159	
0.08332331609972092	0.1666673188023206	0.08335514322749817	4.164197244103881E-6	0.16665568332582664	
1.1029012018028276E-5	0.24997937809139328	0.08335555998897987	1.2963475293232518E-7	0.16665571769897633	
0.16669617388527963	4.571823519517519E-5	0.16659074911902633	3.6347477928309353E-7	0.16666842306197238	
0.08334125451157243	0.08334551017098574	0.16664572547757817	3.0274453854283315E-7	0.16666821844130986	
1.5280034723807965E-5	0.16666687449432485	0.16664067331316462	2.6170868423436123E-7	0.1666781016724003	
0.08337334411684036	1.743085547694955E-5	0.2499382851506213	7.2271264804258045E-6	0.16666462454864026	
5.578666633936458E-5	0.08334462798123668	0.2499671771222378	6.703729794244487E-7	0.16668417615415584	
3.894133390474269E-5	3.766371965575248E-5	0.33328749981230266	1.393989551901338E-5	0.1666315307911021	
0.24999226948509945	1.5231516739620198E-6	1.0430389482516185E-7	0.08330895965550526	0.16669743213091318	
0.16666248786645887	0.08341482787117104	3.4388438839027517E-6	0.08333805969611276	0.16675262015266953	
0.08332187477167043	0.1666829190454943	1.2879230082269843E-5	0.08332862716389679	0.16665432840423822	
5.923274793231799E-6	0.2500016549142783	1.1555949034204662E-5	0.08332897847449011	0.1666536460746889	
0.1666572406630328	1.3143392520158503E-6	0.08333482074410604	0.08331045693806563	0.1666975756357595	
0.08335457872613646	0.08330207908954411	0.08333516941749795	0.08331993648409639	0.16668923567560465	
5.1477095448048115E-6	0.16670789449858697	0.0833601936665518	0.08334709165030814	0.16669199647479854	
0.08336794279183181	1.1685813436710494E-4	0.16660000393373073	0.08332590851710357	0.1665904004555929	
9.890289759879207E-5	0.08337560694262837	0.1665876396360626	0.08331870108511169	0.16662000287885037	
3.6347805148385405E-5	1.1154126408110715E-8	0.2500441256047953	0.08332468754668806	0.16664920756151816	
0.16665897537936822	3.1581428775901324E-6	2.2375804655227533E-6	0.16664460831418218	0.1666996315815541	
0.08333319974694334	0.08332567576879157	6.429937319798175E-6	0.16664575433298104	0.16669060117599885	
3.9114859142413986E-6	0.16676150541993628	5.5844843652796267E-5	0.16660874119508087	0.16657790496396602	
0.08334186039641897	6.761000936959445E-5	0.08337047340849284	0.1666342613801206	0.16658679471593027	
2.7520980869517943E-5	0.08331169220238108	0.08338698989194904	0.1665885961053387	0.1666907837460272	
4.106397490875857E-5	5.7694112034235903E-8	0.1667419541620779	0.1666477243989823	0.16666151661608652	
0.08330440102444739	1.6632009467132715E-5	1.1589172555100988E-6	0.24998854242086144	0.16669080336981348	
1.6354572383636288E-4	0.08339242040362899	3.743675301046676E-6	0.24986757223499004	0.1665857950974849	
2.863623106250847E-5	2.881138852164587E-5	0.08336094648017091	0.24996155684872148	0.1666211430399344	
2.3508663910995664E-5	2.342865655446491E-5	3.413507231317566E-5	0.3333372364679883	0.1665823478639077	
0.25004070953404794	2.1468105672822047E-5	5.678794432593177E-6	6.889658450533651E-6	0.2500094482390804	
0.16666443101859627	0.08335385513589401	1.2706205074838697E-5	2.1096713615182552E-7	0.24997031672449477	
0.08334598982811753	0.16665715574239642	1.0090910701419587E-5	8.8026448707337E-6	0.24997900621363978	
1.0685294137159533E-5	0.2500280049342505	1.2137740136863272E-5	8.163396494798614E-8	0.2500085083610377	
0.16662987130932463	4.7877178393624514E-5	0.08334530411486962	6.527573628044809E-7	0.24997858452575256	
0.08333256171642824	0.08332692372218271	0.08333494222777935	1.1995622314619165E-7	0.25000697339181205	
3.094829110423613E-6	0.16665807200705346	0.0833508798198877	1.1285431726729004E-5	0.24998058248111293	
0.08333922753964924	5.458620759296467E-6	0.166669230977027	1.0862709107754032E-5	0.24997700013708385	
2.3202843141331495E-5	0.08332953482858961	0.16669044684766857	4.364137180903223E-6	0.25000505981260057	
4.927663559138567E-6	4.148426324024348E-6	0.2500075959752036	5.110126717902523E-6	0.2499810627371988	
0.16666813699420804	1.0648152755042194E-5	3.917351047467374E-6	0.08334721570296727	0.24999593956446214	
0.08334401899454778	0.08333836397974166	3.899705903704673E-6	0.0833490069797273	0.24999285838406407	
1.5718546875934336E-5	0.16667004922841855	7.425792133317942E-6	0.0833289165974755	0.24997964253663615	
0.08334372554035295	5.32526223794951E-6	0.08332841422170396	0.08334459654574845	0.24997970680740114	
2.946893575399013E-5	0.08332112567828397	0.08332678767096124	0.08334455517318899	0.24997958619750232	
3.386908670183475E-7	8.926754552500957E-6	0.1666676993434806	0.08334434591333542	0.2499801122368643	
0.08340954300662601	6.22855636789388E-5	2.0110118794014833E-4	0.1666071020384775	0.2497215331333296	
5.99342167705658E-6	0.08328049073859431	2.3856388690306375E-7	0.16673489763283883	0.24997897940315555	
1.6584522984507976E-4	1.507697364387101E-4	0.08334689389075985	0.16661574054329023	0.24972218278985478	
7.575319439701076E-6	7.570795342143363E-6	6.291252113162872E-6	0.2500021678316621	0.24997793577381477	
0.1667073545294818	1.5972446516133206E-4	1.7678216715994943E-4	1.0133016765295128E-4	0.3329951840140265	
0.08340631394731532	0.08341612294203761	1.7495454349437101E-4	1.0312753474429731E-4	0.3329003377082942	
8.339705801888213E-5	0.16665141614257772	4.522111435581397E-5	1.4105694684721294E-4	0.33308029737536116	
0.08333504040214695	2.7403064998002453E-4	0.0832313333874902	9.642033375881063E-5	0.3330638211642829	
1.688362317975038E-5	0.08332592973210573	0.08340508458556571	2.677442785230168E-5	0.33327701838519597	
3.771777283314554E-5	3.949142171240951E-5	0.1666740735077895	2.7196196370534717E-5	0.33327720892018387	
0.08340056668485801	2.4551330741968573E-4	2.767820961660359E-4	0.08317588727558684	0.33290249405205063	
3.165049495274251E-4	0.08341502562932857	2.801298972110632E-4	0.08326389529265645	0.3328229935714315	
4.5353195144167275E-5	5.019337397778732E-5	0.08342584900101783	0.08341622688789753	0.33306284174113066	
3.5528317981419674E-5	3.42475810692624E-5	2.986939178307736E-5	0.16667575687583117	0.33327847678943173	
0.0833736480748693	1.4038023241894624E-5	2.007773910842995E-5	9.721125330518567E-6	0.41658375186444624	
7.08930639985859E-5	0.08336601471392859	2.3846680427402283E-5	1.1623550893409809E-4	0.4164246957398852	
4.540780795803958E-5	4.908169501786812E-5	0.08338036114411822	1.0200045932847974E-4	0.4164240043509712	
5.982522954701077E-5	6.403258876085027E-5	6.0647373476916E-5	0.08339205484167575	0.4164244888323781	
3.774255942040698E-6	4.167320894815903E-6	4.712676562221158E-7	3.912065036730777E-6	0.5000679228412701	
