0.49999100138288655	3.196013437500969E-5	4.336532882411402E-6	8.148384135967529E-6	1.7916902151303915E-6	
0.41666314188740744	0.0833292957880611	1.302117692039376E-6	4.543356391768855E-6	2.3908031190731045E-6	
0.3333723652021983	0.16663556255472264	1.185814816918331E-6	2.008659692437496E-7	1.7658420978064419E-6	
0.2500065766039736	0.24999528998448609	1.2176459993362557E-6	4.11123802996873E-7	9.251102853222959E-8	
0.16669326386493885	0.33329966436408837	2.701443128715474E-6	7.242757189157257E-6	9.538291761538388E-8	
0.08332818180080473	0.4166737642827383	1.0458213317219908E-6	2.7847670092751805E-7	8.203401387568405E-8	
5.488642567271535E-6	0.5000020971740301	2.6980993647866605E-6	1.0458300879843925E-6	2.2132649272170782E-7	
0.4166940593459431	7.250084608462251E-6	0.08328877358437344	1.072165174752907E-6	1.4142283123903241E-5	
0.3333478058676311	0.08329693432454134	0.08334870067689425	4.745241025538643E-6	7.810751182019026E-6	
0.2499881613996314	0.16663133880736533	0.08334359685387789	1.1129131479378E-6	4.459324315491164E-5	
0.16668391989413778	0.24998742186930512	0.08332558199974913	3.3821727023477175E-6	3.614794290613773E-6	
0.08333338664202058	0.3333319132155281	0.08333677171136546	1.8822990911504865E-7	1.092381932054466E-6	
9.897849020937897E-7	0.4166642933164545	0.08333753601303798	5.491987081361458E-7	7.227706557848952E-8	
0.33324326454661274	1.4212580984085163E-7	0.16674132085486432	8.177044770895793E-6	1.029356938275156E-5	
0.25002161181585686	0.08333639943733148	0.1666384667167283	2.3780436845948323E-6	2.2796654163380164E-6	
0.1666585142339108	0.16665402613683464	0.16670036598150095	8.054430101007615E-7	3.6106265516698553E-6	
0.08334615209022468	0.2499567668197769	0.16669547926225517	5.981625361634504E-7	3.614810373788753E-6	
1.115205553342895E-6	0.33342700984279705	0.16657003046901395	1.2849491239554709E-5	1.675850908253556E-7	
0.2500047396516749	2.708369399886067E-6	0.24998851961128282	6.164253750825895E-6	1.290144250403421E-7	
0.16668723308264136	0.08332177791750724	0.2499899851112864	5.958362728792696E-6	2.396925280938471E-6	
0.08334615300825954	0.16666065997206636	0.24999334677355578	1.6888696505468911E-6	2.1050739260629045E-6	
4.156590507355065E-5	0.24997482480836483	0.24999154341163032	2.0379778852245852E-6	1.2147761136066256E-6	
0.1666699629184062	9.572544225802119E-5	0.3332340154930137	1.2617158300552315E-5	1.3407980424841794E-5	
0.08334845565747889	0.08334280223847867	0.33330645293003736	8.04226392040232E-7	5.427207997835868E-6	
2.400017758024107E-5	0.16667128558852667	0.333303737355229	1.508534962605459E-6	2.0312646436482234E-6	
0.08350740142245587	4.989245110116098E-5	0.4164310703783711	7.880740873668703E-6	1.3407549341563699E-5	
6.614392343841155E-5	0.08332931378902274	0.4165888140316158	1.312804855026209E-5	1.3450801928989512E-5	
3.2917117779933404E-7	1.7685038525515958E-8	0.4999934688085394	1.4855480265131832E-5	1.193652224876626E-6	
0.4166527876408128	3.6623125612072053E-7	1.2043656302458711E-6	0.0833531835404604	6.439086799163984E-7	
0.3333373939904871	0.08330899383634235	1.1725153830369552E-6	0.08335147631647377	2.3787321404675146E-6	
0.24991759187892482	0.16673200788748088	1.0046925615555616E-7	0.08335152458738226	1.014004424386206E-7	
0.16667972816663765	0.24997746851195904	7.993575149719361E-7	0.08334276545248152	5.417439509172967E-7	
0.08330581221791601	0.3333538075370126	8.072601909148506E-7	0.08334245777631441	6.561253165995991E-8	
1.209050515114185E-6	0.4166625006028127	2.656514742399885E-6	0.08334382889492689	5.092789764339876E-6	
0.3333175178952359	4.898809147740795E-6	0.08332594811123706	0.0833517819164849	2.3419451586480476E-6	
0.250001422321795	0.08332828934554305	0.08332290268719295	0.08335200303908949	5.289563035567591E-7	
0.16668270474620808	0.16667537232960503	0.08333244906065769	0.0833215300032259	4.85112708991032E-6	
0.08330552518445235	0.2500195641022973	0.0833242010604795	0.08335257080097144	5.280570038510392E-6	
2.2385529508629612E-6	0.33333432016738074	0.08332563437711442	0.08334244585675582	1.999602524672011E-6	
0.24997814954013353	8.042188138240105E-6	0.16666368737080436	0.08334987829395434	2.3537108834043996E-6	
0.16666117873838204	0.08334049051009486	0.16667411728753845	0.08333428814384515	2.3402760917487513E-6	
0.08334356952976259	0.1666535067999098	0.166684705185649	0.08332051624484638	5.377911397198623E-6	
4.5103319687421485E-5	0.25000240722347017	0.16660154878642586	0.08334001738441926	1.4270433090078188E-5	
0.16664402046020427	2.2845374787357743E-5	0.24998374789274	0.08335687647103439	2.3369687581925215E-6	
0.08332872513261834	0.08334647390340923	0.24999624686676503	0.08333329884059269	2.305235970608027E-6	
4.523824835428352E-5	0.16662149127080375	0.24998354343252643	0.08335636009821057	3.6143138181782583E-6	
0.08333837314589551	4.6016169182031335E-5	0.3332862236063079	0.08333291160932149	3.5645180188212076E-6	
1.2004507111562053E-5	0.08337566637819539	0.33329933793498684	0.08333577430459885	3.5796385462585224E-6	
6.843290265881959E-10	2.8760231512210586E-8	0.4166664898047944	0.08333339062750206	3.114063840843346E-6	
0.3333234144832196	2.1687285641473745E-5	8.030257844295724E-6	0.16664561546233655	2.096680980848148E-6	
0.25001441325748164	0.08333263611813692	2.8713905160863856E-6	0.1666504820216246	1.8912015503900617E-6	
0.16668349614951627	0.16667783657723212	4.26093366339508E-5	0.16659526619003168	5.351963545560168E-6	
0.08332247729321457	0.2500246548339722	7.695337149501844E-6	0.16665277007534637	2.1407487260367482E-7	
5.9835482507411906E-5	0.33333374702227797	7.598351162735646E-6	0.16659431487290283	8.349221151822216E-6	
0.2500239304454808	3.520394942811254E-5	0.08328690052651964	0.16664825844316247	7.796212187155268E-6	
0.16664298458897212	0.08337013511800559	0.08333651133348598	0.16665021815456507	2.3157614076565867E-6	
0.08334850334219097	0.1666649201721807	0.08333369032911511	0.16665834543886657	1.442293135595981E-6	
3.6405436105082606E-6	0.24990650164901201	0.08329926514130652	0.16677993507806368	1.4473421567532404E-5	
0.1667152414233692	7.988333522479253E-6	0.16662747097308442	0.16665079658356854	7.472598868239138E-6	
0.08334021308880471	0.08333737651558645	0.16667255978298423	0.16665048759054701	2.3226623437517605E-6	
4.161748183227631E-6	0.1666726404731714	0.16666538095028047	0.16666233458715785	4.7867442861492914E-6	
0.083338131980387	2.741397338227401E-5	0.24997309171993204	0.1666612455018141	9.94727986764812E-6	
1.7464323218162555E-7	0.08332161369558093	0.2500243443271376	0.16666499087694067	3.533552423877437E-6	
3.3379452601487776E-6	3.6499787728057366E-6	0.3333343517906954	0.16666248185444335	1.2215909844023154E-6	
0.24998864038374524	3.1990193206780147E-6	1.7628220000010774E-5	0.24999335689011343	1.4661386100210531E-6	
0.16669877641056588	0.08329960984749463	9.312336229452397E-6	0.2499918393955762	9.466293674831192E-6	
0.08336405472085527	0.16664713598630512	7.08673935380908E-5	0.24991757708597773	5.4226496513817715E-6	
6.020484783796278E-6	0.250008442068219	1.6637696661545384E-5	0.2499732602041379	4.817145100788146E-6	
0.1666758150137066	1.0338908853020133E-7	0.08333417370651977	0.2499939813361202	1.5942320922207904E-6	
0.08333356194349469	0.08332844871591023	0.08336880374281239	0.24997306934640418	2.330790484063173E-6	
4.0615446919456695E-6	0.166677248888426	0.08333814243167581	0.24999939775004942	2.366101140857292E-6	
0.08334462696084081	2.3459622262899523E-5	0.1666614728100866	0.24997077663601847	3.557983059396744E-6	
1.5194667041210404E-5	0.08335800762811138	0.166673826959316	0.24998817355301434	2.050601941011652E-6	
5.841886141949545E-5	5.9978510248583844E-5	0.24995982582988996	0.2499222998334634	5.2070905526326795E-6	
0.16666326929942166	2.3780081383803183E-7	9.027772540431788E-8	0.3333364159450652	9.56418496060342E-6	
0.08333252790727673	0.08333077566533313	1.411610420290186E-7	0.33333408879248316	9.788138428430895E-6	
1.3200080230748774E-7	0.16666263128993283	1.1790443155330012E-7	0.33333674277771047	9.569926453582617E-6	
0.08333736981359745	1.8134680880418103E-5	0.08334461969790807	0.333332924569542	1.8645294410527232E-6	
1.4956501552052007E-5	0.08333941022881522	0.08334424240410569	0.33332570509946474	1.1258020004804394E-5	
1.255248077174291E-5	1.2575077334961098E-5	0.16667770823267358	0.33333457609915473	2.3040109441192917E-6	
0.08339226897297973	1.3686918471616052E-4	1.1656113215937346E-4	0.41635383322232566	9.564934792611257E-6	
2.3046274620782863E-5	0.08339590257290624	2.4197656228740932E-5	0.41656628664753304	7.168341025450876E-6	
4.334703075674259E-5	4.305206906643471E-5	0.08335553476038052	0.41655333277386364	9.56459130794511E-6	
1.4224970448937727E-6	1.5506319280901912E-6	1.7156566644154829E-6	0.5000019647286371	2.08274295421992E-6	
0.4166636725980839	9.959782860295627E-9	1.7201525142121115E-7	2.9053339468213927E-7	0.08334334557027709	
0.33335890159710596	0.08329966228691978	2.685555691942098E-6	7.6265360822314255E-6	0.08333700371937532	
0.25000213673800276	0.16666665133643646	1.455110312620199E-7	1.4898498406098738E-7	0.08333652788395761	
0.16663479576797988	0.25003037152423097	8.779677258228287E-7	7.791119852827411E-7	0.08333663234889879	
0.08335095946752498	0.33330713407774104	2.319325390372581E-6	5.060412971590877E-6	0.08333745373597642	
4.659380179254062E-6	0.41666310468860684	2.2435960107159513E-6	4.1728236265029306E-7	0.08333795148714226	
0.33333653111292766	2.424669894194318E-7	0.0833294815747254	2.9904485596533544E-7	0.08333616233247865	
0.2500047289798941	0.08333013543550473	0.08332538608696606	3.2646670396139755E-6	0.08333883131866607	
0.16666515506446708	0.16667865600509005	0.08332747052360903	1.2344038286235303E-6	0.0833359211207652	
0.0833453600135356	0.24999660401496832	0.0833269553185382	1.2477199400250784E-6	0.08333840918166244	
6.977607712810746E-7	0.33334013720519395	0.08332353285488708	1.0121117577638077E-6	0.08333719204637528	
0.2500092031427132	1.9000590420896477E-5	0.16663870406965867	3.5252296183006334E-6	0.08333559759918305	
0.1666808282406725	0.08335058649190837	0.1666391114062783	1.4102996241647407E-6	0.08334047372259322	
0.0833172635423944	0.16667519601938924	0.1666774944993826	1.620768777202385E-6	0.08333563290499876	
1.238280099188201E-6	0.24998955437803974	0.1666786516782957	8.085721889372313E-7	0.0833353246609826	
0.1666684153524206	5.130799093666371E-6	0.24999417626148276	8.054914868868968E-7	0.08333519964351965	
0.08332850069951078	0.08334426293122296	0.24999301713802122	8.045704957459159E-7	0.08333486989721395	
2.7902844699445142E-6	0.16667070274759915	0.24999447115749737	8.489357272343792E-7	0.08333525784875305	
0.08333722694179518	4.422433029606771E-5	0.33327296814684393	1.060508416782727E-5	0.08333708319660063	
2.1437974832600023E-5	0.08336674580748776	0.33328942889721713	6.567315551558621E-6	0.08334012531467577	
3.295384325552251E-7	1.188440024328484E-8	0.4166650140948944	2.8512870560679484E-7	0.08333637283876799	
0.3333294475270264	2.3097783502950637E-7	1.1510443242168531E-7	0.08333467383498731	0.08333693166055077	
0.2500008705666688	0.08332883936683176	1.1591994089707547E-7	0.08333467781870417	0.0833369388977845	
0.16665687768537027	0.166670022245345	1.6524569577520203E-6	0.08333614369088065	0.08333741948028553	
0.08332436559673798	0.25000571761208457	6.0778698213803E-7	0.08333665634340857	0.08333472866277929	
8.437043120653179E-7	0.333328536385156	3.878086903394845E-9	0.08333619404067816	0.08333750357075882	
0.2500007758516643	1.7455844075537678E-7	0.08333024586225689	0.08333609544534336	0.08333753368455023	
0.16664238569563267	0.08336447250778622	0.08333215784362916	0.0833263484736973	0.08333715616455963	
0.08331931416885549	0.16667936195407204	0.08333146317426332	0.08333651333686014	0.08333459114418496	
7.1991751641948E-7	0.2499982573910848	0.08333086596523477	0.08333630564553303	0.08333762282266086	
0.16666801087433208	7.233367530424892E-7	0.1666601168982908	0.0833355092993093	0.08333694159866119	
0.08333585431993049	0.08333275061937798	0.16666105311543766	0.08333622476947763	0.0833372150361001	
2.3900749887577613E-6	0.1666660117773151	0.16666067293502634	0.08333607903128148	0.08333671142765685	
0.08333823610366929	2.0991402271411432E-5	0.2499708757810813	0.0833349831395787	0.08334111021562086	
1.1956505330922373E-5	0.08334993766757262	0.24997887236521554	0.08332705661767267	0.08333763709685821	
8.757966083072957E-7	8.914546149662291E-7	0.3333349310107676	0.08333495271313159	0.08333747350351683	
0.24999905017035284	4.404274855712185E-6	3.6794751468876646E-6	0.16665528832720508	0.08333852148073495	
0.16663995338525547	0.08336368759275539	6.228281848079644E-6	0.16665705947428913	0.08333609545768221	
0.0833661462367579	0.166647528589579	5.552697799715368E-6	0.1666494575195106	0.08333990650165017	
1.0384238717546126E-5	0.24999921122650062	1.6335692939925392E-6	0.16665539857795347	0.08333718185818442	
0.16666371396711402	7.884893756491072E-6	0.08333322828454864	0.1666594454587991	0.08333692998780767	
0.0833361867910582	0.08333315907116612	0.08333506417617613	0.16665917015347767	0.08333711296019097	
4.681462932622088E-6	0.16666938530049713	0.08333739519564763	0.16665411587635223	0.08333750859839002	
0.08333540711218661	3.888814863341832E-5	0.16667159204956583	0.1666279310282185	0.08334078733686472	
4.959086976615036E-5	0.08337705486159627	0.1666086319186337	0.1666531995597885	0.08334203718522619	
3.024972375562268E-5	3.031019844242161E-5	0.25002015709802516	0.16658845875283212	0.08333791080906575	
0.16665244081828334	3.6262492614153936E-5	2.1969131569721486E-5	0.2499565466951974	0.08333953362215339	
0.08334726677635056	0.0833427402835349	2.228888416380617E-5	0.24996221397952864	0.08334096088367958	
6.951614909923039E-6	0.16670005272131225	1.0398510911497738E-6	0.24996067060164281	0.08334169052383297	
0.08334828835970072	4.632748422747946E-6	0.08331314783493791	0.2500204982210004	0.0833433686031367	
3.367881807705918E-5	0.08333965575786632	0.08333857615337835	0.2499601579105775	0.08333716122404061	
2.035606505902603E-5	2.3915580143415394E-5	0.16666650618844772	0.24995670245505167	0.08333757903221597	
0.08341113987858034	5.2910794193611984E-5	7.547693506902612E-5	0.3331843271446312	0.0833133507186298	
1.519385465897793E-4	0.08343387684994445	1.310929374952888E-5	0.3330973806422056	0.08330696135385432	
9.297633707974541E-6	2.208782341854436E-5	0.08332066410358645	0.3333193128177702	0.08333846867122445	
3.1702513347160354E-8	7.402856394259971E-8	2.7998690455581814E-11	0.41666667948299024	0.08333764684170042	
0.33333247098040736	9.428743353343922E-6	2.5693119409758724E-6	2.541790901440578E-6	0.16665852241046544	
0.2500018918087469	0.0833283413842616	1.2592176802312325E-5	1.0473706609712073E-5	0.1666518286708729	
0.1666579873203558	0.16667083024871976	1.7044596634943367E-7	1.0203827560925061E-5	0.16666655524384832	
0.08332463896488841	0.2500077901719379	8.607265191566043E-6	1.0901431407203356E-5	0.16665104959048319	
7.964465566975017E-6	0.3333232127659907	1.1576992726925377E-5	1.0269022847173888E-5	0.1666512944455161	
0.25000210696376646	7.071411951378443E-6	0.0833327649943741	8.675726876503153E-6	0.1666508244889934	
0.16664830122059404	0.08336791113252157	0.0833352904518308	5.97056631205711E-6	0.1666530594175604	
0.08332203354804242	0.16669031692839975	0.0833348434880777	6.722056880501697E-6	0.16665275809701313	
7.813426780448676E-6	0.2500079124596926	0.08333624144935484	8.72889440192872E-6	0.16664572671456832	
0.16666972369017866	9.9115550576358E-6	0.16666480671722964	9.388651138517107E-6	0.16665269037299069	
0.0833425402391981	0.0833372267017772	0.16666498448211237	6.730053884941864E-6	0.16665152967790836	
1.4012732908521122E-5	0.16666579346039387	0.1666633047767244	9.486771036674974E-6	0.16665192302469825	
0.08333962371893386	7.724446876302198E-7	0.250009228586692	6.569675900625007E-6	0.16665384728320543	
1.4019320137657386E-6	0.08333356690350739	0.24999505896438523	1.015478334858404E-5	0.16666727457936575	
7.834766337626291E-6	4.2152499357211854E-7	0.33333356020378196	1.0058709194378483E-5	0.16665124188352476	
0.24999820759872876	1.0775274691761863E-6	7.680132889775779E-8	0.08333735789759196	0.16666537040562523	
0.16665539933135814	0.08335628913634963	8.750768619592563E-6	0.08333158613491766	0.16665029402156611	
0.08328248902883502	0.16673059578298446	8.517094998826402E-6	0.08333208945822924	0.16665194019434906	
5.313455778996766E-6	0.25000744767394983	9.030629554993162E-6	0.08333083509051528	0.1666517247417325	
0.16667600859033244	1.224890621123871E-5	0.08333961735904187	0.08332681400148495	0.16665175996982423	
0.08336452903779944	0.08331942759637635	0.08333753079987656	0.08333073569686901	0.16665138308698077	
5.733381132118698E-6	0.16663326861941624	0.08338111144598737	0.08333101800387366	0.16665085104091726	
0.0833289846548901	4.2477710376619216E-8	0.16669622268789813	0.08332609197056949	0.1666510330280288	
5.719204615965837E-5	0.08335648373268557	0.16661838457775024	0.08333255259425774	0.1666406057455107	
7.84713757638303E-6	1.1369674720011303E-5	0.25000431116409755	0.08332873325436235	0.16665439111840413	
0.16666670985384632	2.1552752827684306E-5	1.2492339965205313E-5	0.16665834969533017	0.16665386541412638	
0.08334713313501176	0.08333853919098104	1.2890130152516896E-5	0.1666569453919294	0.1666529312834078	
2.455039499683229E-5	0.1666615492832197	1.1196495070249838E-5	0.16665568775297046	0.16665009360050956	
0.08334877846963579	9.324574048468072E-7	0.0833428236532743	0.16665163641615535	0.16666931429445805	
9.45401036432514E-6	0.08336125361263451	0.08333576247877772	0.16666475017465412	0.16665917913153797	
8.644618905070932E-7	2.306276361220314E-5	0.16660585956708046	0.1667229264309525	0.16665444595118403	
0.0833560301554566	7.415194872854149E-5	4.6444662153140774E-5	0.24993181855912594	0.16662092615471716	
5.131669360601369E-5	0.08332390414782183	1.2232422161851027E-5	0.24997515052014957	0.16664722314366584	
6.008956085743439E-7	1.456837899141406E-5	0.0833499620705587	0.249989545799424	0.1666508300252486	
1.5418758601112365E-5	1.7374687942725074E-5	1.6390051918681774E-5	0.33331023305331875	0.1666452748358971	
0.25000240839763954	3.2606012148713417E-6	1.093745382795812E-5	8.79399411030142E-6	0.24998018903923688	
0.1666514037362903	0.08335428672330339	1.2519408943362983E-6	9.903177488310827E-6	0.24998915891794635	
0.08341201366010234	0.16660385772154104	4.91627284323895E-6	3.2938302640752036E-6	0.24997892669717509	
2.6739882773157816E-8	0.25000038722774914	5.862482424860356E-6	9.060383048728578E-6	0.2499938441273309	
0.16667538526718595	1.895090368773385E-5	0.08331563891980044	6.241729786995854E-6	0.24998831492274182	
0.08335468628723942	0.08332750623570896	0.08332426531544292	6.719825880274937E-6	0.24999168523110368	
5.22963204447454E-6	0.16667704923696414	0.08332430847975413	6.850195805427005E-6	0.24999194508905956	
0.08330253130057279	1.3049161930644996E-6	0.16669994194969653	1.1225036802947732E-5	0.2499876980270852	
4.349091174805691E-8	0.08330573830918124	0.16670223526491432	7.090265882068861E-6	0.24998775601844603	
3.442082554150731E-8	7.3812422187763E-7	0.2500097495596622	6.04409731742999E-6	0.24998920961943846	
0.16666255832308643	1.1624336090311742E-5	3.92900556966155E-6	0.0833382892219691	0.2499939091329669	
0.08333578387556204	0.0833352001198856	4.039148195430109E-6	0.08333741801444244	0.24999121339466376	
5.221579810668005E-6	0.16666814765440935	1.3052992889152021E-6	0.0833372438423603	0.24999042596396417	
0.0833367077189569	6.234054116387072E-6	0.08333531520244987	0.0833385373748203	0.24998963632049678	
7.018644737513448E-6	0.0833357913034396	0.08333519114705912	0.0833384393560534	0.24999460550006394	
3.544927386452852E-5	3.628620296735021E-5	0.16661710683131453	0.08334016171513757	0.2499750532445266	
0.08334968097237255	5.340671550583625E-5	1.886510597262494E-5	0.16662141354592067	0.24998940001705608	
4.953271011018094E-5	0.08336417378005428	2.029315830413894E-6	0.1666129959721559	0.24997541784511648	
5.2078263354215854E-5	5.40429001938638E-5	0.0833099968720734	0.1666163766338959	0.24997854357138172	
1.7939375938147404E-7	6.6994319051287945E-6	7.40757712490064E-6	0.24998655735390152	0.2500064984502404	
0.16665357235105682	1.1054274357176427E-6	8.503618346131013E-7	3.7512944706052565E-5	0.3333126154359961	
0.08335524713224636	0.08334581479161111	2.65602729411893E-6	1.7538812392036652E-5	0.3332826757015211	
5.604208609972412E-6	0.16665096982467875	4.864587789440172E-5	1.7315577805055073E-5	0.33327913165254774	
0.08344932334147696	5.353607846963436E-7	0.08344179320554196	1.611240600313408E-6	0.3338203191270872	
1.4847720848559263E-7	0.08336664001926455	0.08333670231117384	1.768581289537116E-5	0.3332825071186381	
6.92921880306737E-7	8.833827375759074E-6	0.166698537892843	1.5607368088820168E-5	0.33328713716021524	
0.08333646778469952	1.0481749110230524E-5	2.5318462743300418E-5	0.08335351934003475	0.3332972048155499	
1.2250941435590605E-5	0.08334524288126076	2.4517159871752663E-5	0.08334438917533983	0.3332946965066851	
3.623356896265363E-5	3.619997125476875E-5	0.08330031977803405	0.08335400051449388	0.3332838133336854	
3.855710885745521E-5	3.945867187078981E-5	3.944782257633551E-5	0.1666545787444548	0.33325253792889914	
0.08339770236450904	4.1857878031975925E-5	2.4263604703981768E-5	2.0426077084865604E-5	0.41652721122427805	
5.740946109760895E-5	0.08342598038892282	7.158800842488793E-6	7.954833496397785E-5	0.4164411218244983	
5.1168322992044435E-5	5.651047129491189E-5	0.08334505494692385	5.0582609512803635E-6	0.41654747943636805	
2.1476829861774163E-5	1.9910491147481996E-5	1.7584455608719195E-5	0.08336435945168467	0.41660141856409066	
7.426147131705744E-8	7.079226694290796E-8	1.5367307390045164E-7	1.5091773051704225E-8	0.5000089755581049	
