0.5000502626647492	1.2775463946964656E-8	5.812647988824429E-7	1.855199333306363E-7	8.035022371079051E-6	
0.4166870739794481	0.08333880492272824	7.634117368063096E-7	1.62274330302872E-7	2.619814919963075E-8	
0.33346484752480765	0.16676679576858003	4.966369844976142E-7	3.4598229890246357E-6	8.376646829844352E-7	
0.2500909535547438	0.25013881063800275	2.6990819715312745E-7	3.352246791410442E-6	3.2756213091270894E-6	
0.16666026390631547	0.33335153484194996	4.5620779025347614E-8	2.183021676172121E-6	1.2598412485951134E-6	
0.08329811606288139	0.4167116543863706	5.7693311946953194E-6	2.3612051907638534E-6	9.58940517070959E-6	
2.429236114834021E-7	0.5002236449805669	9.844383048482064E-7	2.239306268397521E-6	1.2649614934693936E-6	
0.41686575951277616	4.653205418454675E-6	0.08336380598724388	1.0252908465933872E-6	1.0475709609313123E-6	
0.33350137093178267	0.08336635054828076	0.08336324209248823	1.5402308120768108E-7	9.228934467549248E-6	
0.2500057029825621	0.1666843132112395	0.08332775328008442	2.162112283259339E-6	1.0843635224298275E-6	
0.16675434131534028	0.250085908158547	0.08335599938302886	4.3197667140654255E-6	3.2182107550378536E-6	
0.08333620346367546	0.333358651878522	0.08332575297153832	3.66492894264445E-6	2.979885520251341E-6	
8.594070561951794E-6	0.4168831096917484	0.08336515552640486	6.530984396688857E-6	5.745998255234882E-7	
0.33349706513438154	4.39622571670854E-6	0.16670941402789657	4.3595018029635134E-6	9.06091546446812E-6	
0.2500324617262111	0.08333632876471356	0.16665549035418703	2.355439328015898E-6	8.183294315291717E-7	
0.1666942590351096	0.16667302101313985	0.16665656312848953	5.114820123985204E-7	8.216563487950727E-8	
0.08337690635070083	0.2501279227090768	0.16672526821542866	1.13941135313525E-6	1.3121445211235789E-6	
6.2997904679040845E-6	0.3333744579561698	0.16663628874575973	4.130099110230893E-6	1.1015077289659785E-5	
0.2500097623611244	3.0258590289656533E-6	0.2501993487067435	1.8942630238247636E-5	6.852487598144051E-6	
0.16673786029571921	0.08334534283459698	0.2499122766735286	1.724828365471242E-5	1.2071594808251905E-5	
0.08334470186810426	0.16675271852030052	0.25011087722475644	4.314956019853396E-6	1.2656936525654947E-6	
8.728950769255122E-7	0.24994892380828856	0.25006257477731575	7.830116317311148E-6	4.412425821373397E-6	
0.16669071578923725	2.1622626095541035E-7	0.33334026327703636	3.8454619392781204E-7	5.741874680191851E-6	
0.0833692850340851	0.08335891916341041	0.3334625557930753	1.0416247629039063E-5	1.052205450463789E-7	
5.465212460497901E-5	0.1667302911841445	0.33321367269582786	1.7438209779749285E-5	1.2149698270541715E-5	
0.08326336724202375	1.0362794220242804E-7	0.4167426384717012	2.0641290916318024E-5	1.3603521834636022E-5	
6.608229470900746E-5	0.08340147619695558	0.41654832720961416	1.7343297096517492E-5	8.42507714685248E-6	
1.537596287432446E-6	1.2532474057685185E-6	0.5002325471011804	1.396819789848039E-6	8.564662481486915E-7	
0.41683692962147084	1.8981715669500136E-6	4.332948709355484E-7	0.08336629135954313	6.896160644289417E-7	
0.33349638829567957	0.08336797570184439	1.273668232386379E-7	0.08337227705025539	1.0556932266870861E-6	
0.25000979423652825	0.16667293005098774	8.953495694583415E-8	0.0833359396743946	3.762136845448169E-6	
0.16684708151091512	0.25001233285757357	4.75103102240744E-8	0.0833712689730621	6.845339747468774E-6	
0.08333378464830739	0.33335564733175416	1.0840448809471996E-5	0.08333109652250258	2.7512490248535415E-6	
6.619796753757153E-8	0.41663455267475935	5.0420838647086904E-5	0.08333798935859954	5.13802543816586E-6	
0.333466346510188	2.865983195273323E-7	0.08336610553947307	0.08336610161550313	1.0380537914691394E-6	
0.2500956722583031	0.08335803469196552	0.08337961861471063	0.0833662190564261	5.601363362175343E-7	
0.1666659639640833	0.16669446770702404	0.08333884329183187	0.08334124453746772	8.039180134811029E-7	
0.0833730815967425	0.249980321192075	0.08335060871129954	0.08334174093966314	4.958753952988264E-6	
5.356855561224273E-8	0.33331271012038227	0.08336940626913725	0.08333736985390863	5.075349480895185E-6	
0.2501168119836668	9.045010552822846E-6	0.1667274526763947	0.08337956039965537	4.08347544828899E-6	
0.1666810009789005	0.08333702021801685	0.1666993710127693	0.0833049979402557	3.7722340058717283E-6	
0.08332331149266245	0.16670786740778754	0.1666506757900997	0.08333758271436394	5.02873500044179E-6	
5.832993654335336E-7	0.24999899434964112	0.16669189771253312	0.08333950179870227	2.4793208102848597E-6	
0.1666801963036314	3.5671539203636105E-5	0.24995271390464535	0.08334027940982973	1.319732643165912E-6	
0.08332355074524991	0.08331310440423839	0.2500352831421911	0.08333898766050032	3.983504156436794E-6	
1.0001508889489618E-6	0.16666597761042384	0.25002457066995715	0.08333924156418332	2.500388374091639E-6	
0.08333311970692216	5.83248728075422E-7	0.33333326162622595	0.08333801461784199	1.0787984284710854E-5	
2.5893002387918782E-5	0.08330994428161327	0.3333418348481242	0.08333674599513619	5.062786243013754E-6	
4.580914183681898E-6	8.316621733336261E-7	0.41685072756653396	0.08337216722864026	2.455462157614439E-7	
0.3333565228488463	1.4401767824628375E-5	2.318476701093981E-5	0.1666359067532183	9.256579600818531E-6	
0.2501145413857712	0.08339138223373943	1.6076482722967674E-5	0.16670002331825812	7.466907182813754E-6	
0.16672718150455756	0.16675571167525416	6.738354406868108E-6	0.16674702668195013	5.639935293446633E-7	
0.08334032581565191	0.25002117607702357	1.3488737873550953E-6	0.16668873809430124	1.7848103631507395E-6	
1.228845798793264E-7	0.3333509162032002	1.5342798182321274E-7	0.1666829087132078	1.2579610951833999E-6	
0.2501026054628847	5.422010016268199E-6	0.08337362082248116	0.1667300250917301	9.990330511620954E-7	
0.1666675070943586	0.08335112448323476	0.08334287989521778	0.1666705115047653	1.288431432529529E-6	
0.083368133465531	0.16665459353825351	0.08334379013244284	0.16668102418583264	4.989710264068045E-6	
2.814701827725412E-6	0.24999810522284038	0.08333682198135642	0.1666756178126675	5.082788207415771E-6	
0.16661992624391095	1.0147501138765942E-6	0.16674357147842853	0.1666501126027999	1.2622865361659026E-5	
0.08334456702977391	0.08333403723129407	0.1666679029654166	0.16667262581879944	1.0916099553865643E-6	
1.240035921266788E-6	0.16673000333207766	0.16674027423066573	0.16673381762012873	1.0978288846523078E-6	
0.08339657898904516	1.6641360935392763E-6	0.24996291474848736	0.166648434810198	4.2612464900298865E-6	
5.739613903752657E-5	0.08334250327147885	0.24996793452262303	0.16665087782724375	1.2299394327651995E-5	
1.0296219229873278E-5	1.7531870638556274E-5	0.33333832303185795	0.1666501092460281	3.7394905841919095E-7	
0.25008069687237194	4.569146933493896E-9	2.8304697207441966E-8	0.25013043399515056	8.955180389918075E-6	
0.1666821237563372	0.0833670772835162	7.007960427545047E-5	0.24991930168344384	1.002176420078964E-5	
0.08338389420338567	0.16670274703321275	8.598976242237604E-6	0.2499178031275641	1.251311130563633E-5	
9.440707372972034E-6	0.2500280237651037	7.158250219257571E-5	0.24993176050860216	1.5135171281846094E-5	
0.166638944877058	2.9954837256763496E-8	0.08335440855399898	0.2500428574774113	4.9179541154492365E-6	
0.08341483962122016	0.08337743494318821	0.08340023901802233	0.24999164279485928	1.2290283381866022E-5	
6.965895130830134E-5	0.16666344783770076	0.08337065367527575	0.24990299235080454	1.2509127618177031E-5	
0.08335589552888925	5.2067987636066234E-5	0.16669944271777923	0.24990663594470613	4.968193909566273E-6	
5.873363873002838E-5	0.08334953272510211	0.16669779426381182	0.2499033803820725	1.2183623612032187E-5	
5.078689342041449E-5	5.4922597667639446E-5	0.2500020671644379	0.24989468842799814	1.2405331775059985E-5	
0.16671613141251612	1.867773013319384E-4	5.552498941448293E-5	0.3332549800309322	2.5465866350136664E-5	
0.08335585577375605	0.0833460411942649	1.4205557716264254E-5	0.3333428035170505	3.2260386477004063E-6	
6.324168916684275E-6	0.16668641259767222	8.297090373128896E-6	0.3333153151246876	3.0674736384594605E-6	
0.0833408247376279	1.7228075283143932E-7	0.08333292757117765	0.3333513700230924	2.587079948341964E-6	
3.098285125597869E-6	0.08329611661035556	0.08329107256117578	0.33341894112847714	9.947080987548526E-6	
3.6538752309357776E-5	3.394198566056408E-5	0.16668635906191398	0.33325126856171583	1.2405471787843353E-5	
0.08341464484034541	1.0347549401588256E-4	9.012343903877832E-5	0.4166097728531994	2.035933468174262E-5	
1.9447534123840502E-4	0.0833905606992107	2.0943807169571436E-5	0.4166068643889554	2.4717641062196424E-5	
1.7955307615191068E-7	9.037559734048025E-8	0.0833681385713274	0.41683148560444283	9.887680432934471E-6	
9.465823683009724E-9	6.059627298553033E-6	6.0685054855593466E-6	0.500013310574939	2.4336778585550256E-6	
0.41686356653316486	2.4768795106360993E-8	2.4098847840510597E-9	1.284923372034062E-7	0.08337436755892294	
0.3334600868825044	0.0833650559403704	1.6571467533191763E-6	9.259939188896576E-7	0.08336725908722506	
0.25014809679107336	0.16669362117711056	8.536480395129461E-6	1.085832148922611E-5	0.08337461277266164	
0.16675816459065748	0.2500950068904127	1.6002036408796373E-8	4.0637295598335845E-6	0.08337934815853965	
0.08333342167469367	0.3333549845092782	2.1200663786915605E-6	8.484339625771239E-7	0.08333993458917181	
8.054172024524615E-7	0.41668186846823	1.0280870907080106E-6	9.309085893122699E-8	0.08334555389650254	
0.3334575142436021	7.833903274107948E-8	0.08336321307494109	8.199727056875217E-7	0.0833659337232778	
0.2500248108606453	0.0833319188677977	0.08333139467971715	2.8016309604487535E-6	0.0833394247842894	
0.1666540536770628	0.16668255808604174	0.0833489778292945	8.209568248996499E-7	0.08333899280468536	
0.08333975477585256	0.25001578361063587	0.08335281354099676	1.473068668043256E-7	0.08334387933752772	
2.036700538374598E-6	0.33333387483364674	0.08334790573278276	3.6376350528335387E-6	0.08333709301687685	
0.2500229765248444	9.387453379916047E-6	0.1666651203893331	1.6214925549923058E-7	0.08334087505751749	
0.16666659913539844	0.083329819201007	0.16668508430635026	2.838836931433519E-6	0.0833384768326192	
0.08331075943729115	0.16668673957694252	0.1666887635245605	9.275129762251728E-7	0.08334827450174574	
4.974100497523962E-7	0.2500006096912886	0.16669117413928	4.145278769597713E-8	0.08333816374947518	
0.16668540702712548	3.552430967004598E-5	0.24996018505897705	8.142133479357045E-7	0.08333773484179169	
0.08334383269575954	0.08335887394024898	0.24996594719662643	8.823533952651923E-6	0.08333684084580589	
1.0286051529355666E-6	0.166666575532635	0.25002440158874467	3.5786436314316504E-6	0.08334043936969379	
0.08333397266398344	5.53692362154376E-8	0.3333479422695151	4.5349645324936743E-7	0.08333786378011745	
1.488041476016531E-6	0.08336771675558283	0.333484456337203	1.8032414843821363E-7	0.0833721847851336	
3.359625673859855E-9	5.892658823432629E-8	0.4166948204411357	9.358598194980833E-7	0.08334048638537027	
0.33350898190651734	3.5208343853276047E-6	1.118911616170673E-8	0.08335455733114187	0.08337492990439052	
0.2500307669171958	0.08333573022710142	1.720618782863979E-7	0.08331855830371475	0.08333941962804031	
0.16672976886961277	0.16675828029769343	3.9789107637300566E-8	0.08337586382965961	0.08337414398893368	
0.08333781885232353	0.25001478282955897	2.0076115194036197E-8	0.08334118512746916	0.08334013444938687	
1.9443667637975427E-6	0.3333502401662728	6.943044896442069E-9	0.08334107755282132	0.08334072393158806	
0.2500256150644845	2.3325278920406657E-6	0.08334589820566565	0.08331890924062853	0.08334090450070726	
0.16673034732573877	0.08336207841924587	0.08336739176106821	0.08336758020308305	0.08336688647658133	
0.08331783138503285	0.16669121540573958	0.08333974556403288	0.08334021395300062	0.08333992359013793	
6.061552910958144E-8	0.25001096623540636	0.08334019527538426	0.08334082543459305	0.08333815790663664	
0.16669369708181475	8.00522867848587E-5	0.16659837126659632	0.08331871422120941	0.08333772315168633	
0.083339266256327	0.08333099717312377	0.1666793370609842	0.08334032733965863	0.0833394791887708	
4.104923806309773E-6	0.16667801004216137	0.16666904392399118	0.0833407145772042	0.08333782232763785	
0.08335369714774225	3.2861907906538974E-5	0.24996770981386815	0.08333538977726074	0.08333931678207863	
2.7485355761425543E-5	0.08337077565259286	0.24995546662808776	0.08333525476755532	0.08333919896870472	
1.0131429606873586E-7	3.8597917042624485E-10	0.3333508129814074	0.08333467220027059	0.08333843954711531	
0.2500197273458636	2.0600108559103447E-8	2.3325654365706583E-8	0.16667970381716807	0.08334158462416844	
0.16666953948800686	0.08334670238669553	1.7832911545887645E-7	0.1666788559002567	0.08334059401226931	
0.08334148585687187	0.16667538835037085	2.1283783740813026E-7	0.1666794227529383	0.08334017297826478	
7.731367933918605E-6	0.2500055976218428	1.694640011368249E-7	0.16667729586390487	0.08333956961608462	
0.1666532133058594	2.2973587686985767E-7	0.08336612302033093	0.1666797142709528	0.08334156227400975	
0.08334037587165094	0.08334748579326906	0.08331046591835577	0.166683328309146	0.08333771729449956	
7.593162378921433E-6	0.1666786303082424	0.08331378492809835	0.16668076339234558	0.08333587479215775	
0.08333006620645293	8.00296364296037E-8	0.1666757595441966	0.16667609630572514	0.08333779195621646	
1.4377128254815393E-5	0.08331771164049337	0.1666796449700715	0.16667998173945037	0.08333973466710681	
1.2079644684145153E-5	1.2161583426105758E-5	0.2500411242894481	0.16662287512244697	0.08333903893978985	
0.16674364959680427	4.145138118668226E-5	4.712711312572824E-5	0.250036639785811	0.08336356034298743	
0.08330745504398684	0.08329886793195806	5.405931483822133E-5	0.2500325262377064	0.08333850087685375	
1.1011967838276859E-6	0.16665656748779767	5.098945229431799E-7	0.250029696374045	0.08333705313844153	
0.08331861090423097	1.3897969980126352E-5	0.08332443521713648	0.25002784539788964	0.08333834761774858	
1.0916848086380561E-7	0.08333905337023516	0.08333108466267049	0.2500174564700822	0.08333903385587899	
2.5776926555234296E-5	2.5457787272251063E-5	0.16676318059757772	0.25006079113928553	0.08336259018848906	
0.08335727115176161	7.241294817214944E-5	2.2506506022218367E-5	0.33341782259731556	0.0833755856875086	
2.4546833567660817E-6	0.08340332003046762	3.139533354965493E-5	0.33338240942387415	0.08336346413298115	
1.287033036675175E-5	1.2738143315231968E-5	0.08346805319547485	0.3333796744987277	0.08336239317429503	
1.0915417838762051E-7	1.0653312632349884E-7	1.162672761318598E-7	0.41684060328947103	0.0833683774788356	
0.3334853573355064	4.489942089382957E-6	2.1303600905810406E-7	2.1063898386401747E-7	0.16674020715401108	
0.2501227557681446	0.08336425369061852	2.132537872827872E-7	2.0693238976475198E-7	0.16673878654217567	
0.16673647264703625	0.16675106993332942	1.7403451529973762E-6	2.6021086880806424E-7	0.16674027419104764	
0.08334193625659281	0.2500205209845668	2.2198515447984533E-5	2.1237106360777716E-5	0.1666435551171422	
2.783020259691763E-6	0.3333396555387457	1.379853291018625E-8	2.6817259139712478E-6	0.16668606955382176	
0.2500808388725636	3.256243942508451E-6	0.08336413571403008	5.04570766529437E-8	0.16674644045023226	
0.16669166550535683	0.08335864481231628	0.08330487053470859	4.814680402576905E-6	0.1666755008298205	
0.08331151382651346	0.16669419448865358	0.0833406277435383	3.851356031546748E-6	0.16667049789894728	
4.626120278882564E-6	0.2500295383800253	0.08330980249961295	7.164688593874937E-7	0.16668664982362863	
0.16667568772689945	5.712337370473101E-6	0.16667322699295392	1.5218366830493803E-6	0.16667229670414788	
0.08334563123046256	0.08333724704735303	0.16666836979055405	1.7803865374312034E-6	0.16667211754930514	
5.140782002176618E-6	0.166663555915153	0.16665918968806626	2.7394192496077606E-5	0.1666686996523064	
0.08335706412183963	4.1684118346342176E-5	0.24996381600704634	4.728264432349111E-7	0.1666735955927803	
2.8065862609514844E-5	0.08336864753477378	0.24995766897143357	5.270109877284077E-6	0.1666709089664138	
1.6459979898416452E-6	1.0179897650316588E-7	0.3333615884735909	1.967982806251012E-6	0.16667552210968228	
0.250012835739092	3.571527097454554E-8	1.5316458107085017E-7	0.08335244876677751	0.166677359551742	
0.16666413649811446	0.08334488452837585	3.97357436064229E-8	0.08335114576900811	0.16667560651968283	
0.08342778897690843	0.1666051878693711	1.2712247991245624E-6	0.08332018516745529	0.1666727311847102	
2.53453104293597E-7	0.2501152567822527	1.1863765107105168E-7	0.0833659556897762	0.16675780437064747	
0.16668649318514858	4.495944574815124E-6	0.08332005857354674	0.08335123524350067	0.16667664390004178	
0.08337961974382675	0.08335422507163999	0.08336570838206517	0.0833812460581201	0.16675772020217716	
1.469610938431802E-6	0.16666827850180327	0.08331021524140765	0.08334137687422268	0.16670004307182518	
0.08332781606351967	1.1886693258888308E-6	0.16666913262318891	0.08335619134126186	0.16667195460033082	
4.6124765579926644E-5	0.08338760062983656	0.1666714014634651	0.08338113077861298	0.1667380241873509	
2.7718664721008634E-6	2.5887001693618524E-6	0.24998958048724726	0.08336625050914358	0.166672701369073	
0.1667199612033356	4.062277450769843E-7	5.70672411205859E-8	0.16675944294075196	0.16675639431366582	
0.08332356257601947	0.08333016172760675	1.8066240366544728E-7	0.16669027206341525	0.16668854181698703	
1.4661633977665717E-6	0.16673064766329376	6.827131885018009E-8	0.16672958046342667	0.16673318582577396	
0.08334287981226966	2.444998277895463E-7	0.08333475315205544	0.16667389843764793	0.16667991339871618	
2.7722308569337187E-6	0.08333986153529922	0.08333404582406635	0.1666748632324663	0.16667833275834248	
4.8960306538268726E-5	5.331400871825904E-5	0.1667209401930312	0.16668376665456766	0.16669724285892717	
0.0833661885061759	7.214662282723183E-5	4.602305617484309E-6	0.2500589267224987	0.16673058862834536	
4.6025257516254076E-5	0.08333691556643008	2.3760874821059804E-5	0.24995033041255157	0.16667317996876319	
2.625165145276637E-5	3.0714523578590725E-5	0.08338646070845332	0.2500616160444939	0.1667306926264761	
1.8960646726981624E-8	2.209259659281068E-8	1.1130054776560714E-5	0.33347830620921765	0.16672162327710083	
0.25001833022781694	6.682081885886577E-6	1.385503925910537E-5	7.922677137144985E-8	0.25000107095471163	
0.1666715597245859	0.08334477180298515	9.189497882270494E-6	1.8105762808853737E-6	0.25002286406646557	
0.0833010400131961	0.16667305523018214	2.4871044053123318E-5	2.1680673106362432E-5	0.25001517371335596	
5.737636157643521E-5	0.2500901393646105	2.4875623158990323E-5	2.168001443709416E-5	0.2500438113601361	
0.16668225875067114	9.13025501774504E-12	0.08334687584908092	7.385523590872486E-6	0.24999861956379074	
0.0833351164049556	0.08334060486371803	0.08333657990920446	1.4942221425165765E-6	0.2500086041553011	
3.860485869134197E-5	0.1666748748447499	0.08335545842802695	2.379580079248268E-5	0.24994312168963315	
0.08337660684779903	4.03301125997929E-5	0.16663130568879675	4.454626622947651E-6	0.24997449580254832	
4.6128989151986444E-5	0.08340078126209398	0.1666977330827782	1.3594098147167354E-5	0.2500812162560842	
4.392670041432021E-6	4.299927611987923E-6	0.2500067416734083	1.2527040906001151E-6	0.25001409825241483	
0.16667648378177138	1.4448992895726417E-6	7.9635023515695E-6	0.08334204144438959	0.2500224977017547	
0.08333350497627168	0.0833385175706448	9.770871602088175E-7	0.08333559643483768	0.25000460881222974	
1.5700892727116365E-6	0.1666707527793014	3.989280368872295E-8	0.0833353261482292	0.25000417821718535	
0.08333950121739472	3.098698536548638E-8	0.08333545587139138	0.08333767277405263	0.25000821975493226	
8.873052364414574E-7	0.08333975945617869	0.08333657935139001	0.0833394758682561	0.25001318197646955	
2.123864041214101E-6	2.123251079609022E-6	0.16667197174274734	0.08333673678166677	0.25000851222124304	
0.08352322096577464	1.5656730853043537E-4	1.9636573218233936E-4	0.16663391047193102	0.24970905132712587	
9.185880723693259E-5	0.08336675574256455	1.628347397426522E-6	0.1666429725243213	0.25009281197950245	
1.2970982591668725E-5	1.2632439658381886E-5	0.08334150583432992	0.16666267207591356	0.24999078411138764	
1.8477622617777565E-5	1.051351114248541E-5	1.2877593945309062E-5	0.2500048754746742	0.24997391795822493	
0.16668788915444416	3.848616240783566E-9	8.77401005522666E-6	1.4204133050566748E-5	0.3333254517650904	
0.0833788723627737	0.08337084817713562	1.7833740429010144E-6	1.4521414036158452E-5	0.33343519874941235	
1.2363443336855955E-5	0.16667056512613204	8.641940353646419E-6	1.5918431409706057E-5	0.3333152464590857	
0.08337317205416517	7.734423450894893E-7	0.08336985262553476	4.308815631595413E-7	0.33347931361476346	
5.0182893862782615E-6	0.08334720538675462	0.08341099071910107	1.5300947816190167E-5	0.33346021817625066	
1.5817542040073095E-5	1.5339958125493495E-5	0.16666288388257217	1.1170473987797968E-5	0.33331387691805753	
0.08332155824403559	2.0374281458490993E-7	1.9886870884837428E-7	0.08333793194670168	0.33336571435044865	
4.396733408051564E-7	0.08332783325793934	1.2593858852904666E-6	0.08334756615261667	0.3333438523406378	
1.2029304880489435E-4	1.1430852304862984E-4	0.08341163014189715	0.08333221784827759	0.33323904094717405	
1.0045821267732086E-9	7.595407236156987E-8	6.612315845090348E-8	0.16667675297548962	0.33334343591102855	
0.08334953660844384	1.0179962913032948E-5	1.2469298842270901E-5	5.9190223949156334E-6	0.41665418036334134	
2.684559171688285E-5	0.0833223375044593	1.1458324622309944E-5	1.1892056340312542E-4	0.41654092229122985	
9.474742644402701E-6	6.183346320928992E-6	0.08338149708898723	7.265826695765613E-6	0.416835443634747	
5.581208579546964E-5	4.4505468684542255E-5	4.67448930106696E-5	0.0833695392029858	0.4167251863751247	
6.922731352105539E-8	7.539307223726788E-8	1.4412066939630158E-7	1.8268399785702896E-9	0.500201558076748	
