0.49997706723134056	4.5877495747576496E-6	2.6225007771172798E-5	7.899733044391128E-6	4.121146111757056E-6	
0.41678978263893524	0.08339748986281653	5.7134375851046235E-6	4.592811943214896E-6	2.085422980670504E-6	
0.33335496074799464	0.16664758679050018	1.6516361801522357E-6	5.6662888636379795E-6	4.7073757966286915E-6	
0.2499943003512199	0.2500116594788496	1.6665976688563326E-6	3.7529850237180267E-6	1.0928758175724134E-6	
0.16668083355785576	0.3333488054649532	2.645181453173975E-6	3.5156665231721286E-8	9.481061204404511E-7	
0.08329564003915807	0.41672804593635254	6.6413317648405284E-6	1.254032369896229E-5	7.613203660843355E-7	
1.5288850102284657E-6	0.5000254343341209	1.286657457058178E-6	1.3098478705219244E-5	1.568673828783643E-5	
0.41659329863943895	1.977731359440142E-6	0.08339351549494939	2.4632938597272706E-6	1.9869781494138712E-5	
0.33329887967176075	0.08329486870761414	0.08339377654029449	5.710783903772492E-6	1.883951658395212E-5	
0.2500352968860291	0.16663406965090735	0.0833320238851787	5.72435538678742E-6	4.6107355475175855E-6	
0.1666700974608717	0.2500064401088621	0.08333294839040775	1.5729603038867977E-6	8.586414253349417E-7	
0.08329636250955377	0.333373028789611	0.08333160312080787	5.719520001820405E-6	4.44765380798324E-6	
9.068832351233549E-7	0.4166755597885847	0.08333293421122638	6.111960948560687E-7	1.3644100318634458E-6	
0.33330003097505206	1.2209248150829063E-5	0.1666935670087228	1.263969738101415E-6	7.541577234255573E-6	
0.24999535332009118	0.08332072786081404	0.1666864439242933	1.2019098779624683E-6	7.543150968423847E-6	
0.16666767623936005	0.16665308967677797	0.1666877097985178	2.3908688554620686E-8	4.287448012995289E-6	
0.0833296151753437	0.25001733550834127	0.16666122058760435	1.2265436288857003E-6	1.7145451805848884E-6	
3.5990377788924703E-7	0.33334657343015345	0.16666101278971562	6.943952015447083E-7	2.4023468844463102E-6	
0.2500133328003212	9.664886816115255E-5	0.2498735366514538	2.1836079085274996E-5	7.225925494065961E-6	
0.16664555305901807	0.08337645721657577	0.24998060086766588	9.496225939109373E-7	7.540823483048731E-6	
0.08333852007990479	0.16668672425249237	0.24998419381737258	1.3906989804193097E-6	3.151064307511567E-7	
2.3524211442713918E-7	0.24995220944006352	0.25012463064775525	3.749813767581281E-7	2.152422383706264E-6	
0.16666352409671017	2.3292498855260927E-6	0.3333414197399497	3.4467063996620553E-6	1.6483522740689208E-6	
0.08332447772762948	0.08334232270909762	0.33334327131765684	1.653808820793908E-6	2.3086091276797088E-7	
1.5734865175318023E-7	0.1666682028334707	0.33334117919976	1.3479943145310756E-6	1.7870678639121673E-7	
0.08324215846195555	1.6578730394977643E-4	0.41658633649127713	7.8991391913045E-6	9.962051429073427E-6	
5.151346294951829E-5	0.0832450505673096	0.41669433755456337	1.1710829955539763E-5	9.96206001669098E-6	
1.5166353228777506E-5	1.555654869351663E-5	0.49997447014033003	1.3479825970724096E-6	4.6267515431318165E-6	
0.41667217749596214	1.9839790045459293E-6	3.3191088403540255E-6	0.08335163908293224	1.3287319964151157E-6	
0.33334211304501754	0.08331335075258003	3.3050886361729453E-6	0.08335188143650589	1.4052948756487318E-6	
0.2499981569276581	0.16667628138656299	2.222561463626839E-6	0.08333466382025508	3.6245455201704804E-7	
0.16666785636254183	0.2500033555454444	2.2163299555098132E-6	0.0833376193720863	8.641304992851243E-7	
0.08329334744431224	0.33337174901109884	2.2164243945654125E-6	0.08333674340982945	7.4012841435226705E-6	
1.3781852882231852E-7	0.41667431603499466	7.490209890953298E-8	0.08333656528893597	1.0175155405543891E-7	
0.3333607210883545	1.2211471314899718E-5	0.08330030221054359	0.0833369258728014	1.5406456347540644E-6	
0.24996682814957158	0.083366568891745	0.08334066585444101	0.08333571616732594	1.573783756827073E-6	
0.16666250100864777	0.16666657530573764	0.08333965670933256	0.08333665957622671	5.484263287612741E-6	
0.08333784209718183	0.2499984610359442	0.08333797935844717	0.08333703127922183	1.0620184872178888E-6	
1.0845906770688369E-7	0.33333638159361995	0.08333808471704258	0.08333613251528549	2.859859444926052E-7	
0.2499995658684691	1.2217166154857204E-6	0.16667677044504572	0.08335155991399124	1.3233808503229274E-6	
0.16667119773299213	0.083338115473675	0.16666374610053394	0.08333675186270025	1.5694605811601932E-6	
0.08332689457454555	0.16667234219824048	0.16667564364228532	0.08333622724968334	2.0380971357762172E-7	
1.825897030139588E-7	0.24999888283343755	0.16667548032483148	0.08333674358719835	2.0820415019976686E-7	
0.16667382015990212	6.068410690835968E-6	0.24999175882072644	0.0833363862777709	4.326287523413525E-6	
0.08334913114071084	0.08335110303177089	0.24997104493264566	0.08333545829099116	4.630248840093663E-6	
3.629569020846959E-6	0.1666977102640316	0.24996954407390073	0.0833359903876727	4.37700535467492E-6	
0.08334118476700682	1.1723776613092444E-5	0.33332048151616483	0.08333651207533632	1.3459049782025404E-6	
2.9784804634025227E-6	0.08333526342852	0.3333358422134715	0.08333665771810587	1.0473747320678428E-6	
1.0578951784516836E-6	1.1059339560220457E-6	0.4166606546204608	0.08334616957087691	2.7800719394095004E-6	
0.33333793534508244	9.210122923716698E-7	2.632389204740617E-6	0.16666861441335148	2.023205824476981E-7	
0.250000106580728	0.08333937556030163	1.1538577298517051E-6	0.16666824402315006	4.338614054025337E-6	
0.16664569888800296	0.16665706971339384	1.8180511097541467E-6	0.16670136978198574	5.465543226923947E-6	
0.08333852180040614	0.25000324351005937	2.9841668063230736E-7	0.16666834464229452	2.1962553236475325E-7	
7.412310557739691E-7	0.33330254612363475	9.309001036449743E-7	0.16670045746243986	7.269563708068455E-6	
0.2500122914361798	3.7009684537712917E-6	0.08333291582107254	0.16667236653286793	7.338109704955432E-7	
0.16667908738582063	0.08334840598319022	0.0833362449041425	0.16667918184802175	6.189052535247137E-7	
0.08333205794978789	0.16666703520655823	0.0833438714895172	0.16666894533684873	2.0970400740665678E-6	
1.1763136840619091E-5	0.2500104996459318	0.08331692555411775	0.16666705312223817	7.352689656099026E-6	
0.16666298225990883	6.425869085023498E-5	0.16664030036756208	0.1666375046275965	7.247317422977938E-6	
0.08334385692332516	0.0833458743332338	0.16665337696301077	0.16666827590798344	2.7608800564568957E-6	
9.292597335240895E-7	0.16661224376291964	0.166727877450638	0.16666798756084672	4.259264324470127E-6	
0.0833355598033965	1.8313057883671983E-6	0.24999145140139772	0.16667631685072046	7.064913311693697E-6	
1.401231436062073E-6	0.0833393173874686	0.25000143310316847	0.16666847319873337	2.2441888685686952E-7	
1.5666650878194545E-6	1.6329096612602771E-7	0.3333403505244589	0.1666684450357473	1.0653955257954304E-6	
0.24999065395151424	5.804608843211254E-5	3.353127296338082E-5	0.24992338603916797	5.482962101213755E-6	
0.16664014367348587	0.08341635804342848	2.549474125488384E-5	0.24992360016914852	5.506585431368559E-6	
0.08337043601324273	0.16668277501790016	2.6423651524449592E-5	0.24992267695684992	1.0538909552075578E-5	
1.1445754469195857E-5	0.2500056716045748	1.401344694751472E-6	0.24998508109620615	7.247048185940226E-6	
0.16667101510103452	3.869984868914742E-5	0.08337253017955173	0.24992339984675788	5.482962404132554E-6	
0.08337730487031826	0.08335646668528089	0.0833494359348962	0.24992519074055677	2.7920973006987284E-6	
5.178990236206073E-7	0.1666778220023502	0.08334252425523096	0.24998480333387227	5.546911951868325E-6	
0.0833779717226936	3.266477602763948E-5	0.16667044856883248	0.24992389073021776	7.980933560830298E-6	
2.514893461336192E-5	0.08334213215497191	0.16658381431687655	0.2500484305649829	1.3246633306928207E-5	
7.242240326303046E-5	7.245316733954056E-5	0.24992866625536053	0.24991465168398103	2.6249668708943225E-5	
0.1666498144125645	8.19102446439726E-5	1.331602644976327E-6	0.3332937245071103	1.375468779181001E-6	
0.0833667573562218	0.08329986103861832	2.0666659481412112E-5	0.333318355170942	7.346754672449228E-6	
3.4530304453376446E-5	0.1666747743266116	5.5395115104499866E-5	0.3332411309951413	7.3282434355390125E-6	
0.08334659822044009	1.9278956535677228E-5	0.08332224230550936	0.33332060810249947	5.484115187593673E-6	
9.147540977040889E-5	0.08332511971549304	0.08335106110566717	0.33323480006160583	9.32664075925756E-6	
6.756685333533497E-9	1.2507564532686412E-6	0.1666227557064853	0.33337898471033167	1.1095735035108444E-5	
0.08346535905348718	3.616516066675895E-5	2.791768325044329E-4	0.41619671919004475	5.151442005630566E-5	
1.7458914350236023E-5	0.08347545944246873	2.851832921579828E-4	0.4161829078642738	5.155420179534771E-5	
3.1560518957801926E-5	3.465384113012809E-5	0.08335798230312987	0.41658083001943447	7.867327740472024E-6	
2.3293187726060764E-11	2.75992661985452E-11	7.135312856254194E-8	0.5000116379975983	5.566701833507802E-7	
0.41668577920919914	6.066549546346014E-8	1.9643899460862868E-6	1.3851286338547492E-7	0.08333909557516384	
0.33330456591364227	0.08336345101591167	4.271829994690814E-6	2.0962977568137637E-6	0.08333623249468776	
0.2499848180613659	0.16668687196064963	1.4119189079548637E-6	2.422910728858713E-6	0.0833364649243641	
0.16662731937212905	0.25003667109399724	9.460778067228094E-6	4.561581068939957E-6	0.08333952924804258	
0.08328673071649671	0.33336757227803715	9.285941855044816E-6	4.7623920645651806E-6	0.08334246658677688	
3.0761595489456273E-6	0.416670514495975	7.845037234244853E-7	7.251395325780804E-7	0.083339065955523	
0.33332886491759117	2.377581411932765E-6	0.08334165990900033	2.0996839559513107E-6	0.08333649376821554	
0.25000493183329175	0.08332647718373144	0.08334169638738781	2.0933399872334404E-6	0.08333639772654083	
0.16666411794569827	0.1666674509261164	0.0833417363335248	7.668786843057717E-8	0.08333840591374479	
0.08333731257866563	0.24999875859297327	0.08333798034447487	2.851399838814499E-7	0.08333879734476703	
2.490399209738651E-7	0.33333493685050897	0.0833377003105777	3.055361947529518E-7	0.08333836857879102	
0.25000143563213284	8.028906266864411E-7	0.16667093120002013	1.0244819153998596E-7	0.08333872127628632	
0.1666845649144394	0.08331858193085384	0.16667220399356358	9.440603483679231E-8	0.08333692938771585	
0.08333331565587078	0.16666661228707327	0.1666704717408857	5.578127076778678E-6	0.08333655395622859	
2.518463616787333E-7	0.25000161096080453	0.1666714881440902	1.8340243054362868E-8	0.08333813260713405	
0.16667193353924162	2.8842360933660075E-5	0.24997162494363567	1.1270058966943938E-6	0.08333838817894498	
0.08335427340108266	0.08334685850938096	0.24997220023910252	1.3076260985036066E-6	0.08333656100375045	
1.2704159323213126E-6	0.1666980813695861	0.24996850154128972	5.343509611448227E-6	0.0833383941721778	
0.08339576661351687	4.889282889129956E-5	0.3332243577522593	1.0142531582685001E-5	0.08333292117496265	
6.484101611047309E-7	0.08334927150126714	0.33329682528478977	3.2790076580907966E-5	0.08333222585962456	
9.05148458058435E-6	6.451154315940912E-6	0.41665374220375123	9.790170349224343E-6	0.08333320010649835	
0.333331308674985	9.125525892241634E-7	2.07114496828102E-6	0.08333747610907222	0.0833382021586542	
0.25001034085575236	0.08332549540241871	1.1700892922254886E-6	0.08333815207065277	0.08333661494101603	
0.1666672101393372	0.16666994011650088	1.2882315489614238E-6	0.08333393236930318	0.08333837761311287	
0.0833375707609018	0.25000100294543853	1.8778447041484637E-7	0.0833343671552932	0.08333835270532118	
3.3645470974081624E-7	0.33333794802857425	2.058306370188493E-7	0.0833343002554559	0.0833382704711066	
0.2500132451646689	1.61131095364453E-6	0.08333203277824344	0.08334352073103454	0.0833351521264604	
0.16666454120721003	0.08334113035423103	0.08332897475150654	0.0833403055218206	0.0833362151542098	
0.08332691724349636	0.16666937242819918	0.08334296470405954	0.08333505476386555	0.08333634097929948	
1.1119149951060143E-7	0.249995883978378	0.0833428665239839	0.08333494563534073	0.0833384917952279	
0.16667321826212245	1.4199346349237356E-6	0.16666564009583124	0.08333508101446885	0.08333652323131802	
0.08334527954562639	0.08333779965720318	0.1666557019998184	0.08334061527153822	0.08333277165649466	
7.682472049905004E-6	0.16667776789088773	0.16665451809059212	0.08333467009875001	0.08333871847102989	
0.08333501963426923	1.4569819359395806E-7	0.25000819534400354	0.0833353108529725	0.0833328002722475	
1.923387040027447E-9	0.0833334573428322	0.25000791421270696	0.08333482933530782	0.08333652511763003	
4.556086917374592E-6	5.031207513747494E-6	0.3333342472664867	0.08333513832977836	0.08333289036701333	
0.24996020160124546	4.946977071587808E-5	6.185370462600599E-6	0.16665943192568775	0.08333865299793212	
0.16669327605581408	0.0833146059791739	6.169383022026144E-6	0.16665824078418048	0.08333838046624746	
0.08334657794648571	0.1666959862122852	3.1601149153472184E-5	0.16659847820797996	0.08333845627860144	
4.820118349358368E-5	0.24993614924896393	2.0521764666778477E-5	0.16666985768681514	0.08333861974555128	
0.1666264660871328	2.281150838995086E-5	0.0833412542746722	0.1666836110430925	0.08333853472764957	
0.08334567799076902	0.08333774438146925	0.08332600094859777	0.1666683361014764	0.08333273760431324	
1.188705421532214E-6	0.16670645840934573	0.08330952367631743	0.16665761289106076	0.08333863772956987	
0.08332798595881453	3.303264101913291E-6	0.16666468002513904	0.16668029277319393	0.08333693865747852	
9.073625952359947E-6	0.08331515861513743	0.16665161041381335	0.16669879277908015	0.08333880035494254	
1.984634450035925E-6	1.3392107212251603E-6	0.25000685826530533	0.16666574546486848	0.0833368743033676	
0.16666751903285099	1.5486466662592277E-5	1.4264472998925215E-5	0.24997562236694976	0.08333836263433517	
0.08333070603306025	0.08336180561726747	3.614141045639949E-5	0.24995168813127897	0.08333119928970711	
3.2169714139417994E-5	0.1666458795830252	4.8658742967130866E-5	0.24994768332313147	0.08333855205356401	
0.08335866887798314	4.727252373134016E-5	0.08332376350531778	0.2499505587612099	0.08333104756139964	
3.211208176438883E-5	0.08336571593647993	0.08333209930290351	0.24995088908812507	0.08333110423622003	
1.5302239347713895E-6	4.8688618193826494E-8	0.16664165270173512	0.2500366221733499	0.08333133322918607	
0.08335280613435718	7.969986549951316E-5	8.809360424015964E-5	0.3331551940544503	0.08333669247029481	
8.358912362134242E-6	0.08333390915254275	3.340889337615433E-5	0.33330593920805746	0.08333131964612714	
3.2079638862746006E-5	3.4109068575367574E-5	0.08332568790163467	0.33328903491194406	0.08333117002599043	
2.3501113082749076E-6	2.4964523267024806E-6	2.732239457375492E-6	0.4166670302518046	0.08333653389850743	
0.3333590136182252	3.22238610991108E-7	1.2833245373400763E-6	7.322788321702688E-7	0.16668073801592087	
0.2500140210596949	0.08332671494812956	2.556078130428341E-5	1.0062500372802853E-5	0.16663443212697004	
0.16666384017105035	0.16667643699680634	1.2790276727791788E-6	7.488196367247855E-7	0.16667104829253782	
0.08332549770837303	0.25001172241195535	1.6841686518426093E-7	3.7240410353494847E-6	0.1666709996421977	
9.341925576222255E-7	0.33334073485733556	8.313344274270613E-7	2.44809026339172E-7	0.1666687951459595	
0.24999622728224027	2.2365697154661186E-5	0.0833337513532618	2.5992164233242773E-5	0.1666332039878112	
0.16666738964593694	0.08334292705765053	0.08333021712568509	1.422182737866624E-6	0.16667090481648067	
0.08332622719207708	0.1666783885098225	0.08333691454342139	3.816430771034801E-8	0.16667118474166187	
4.0770120050027607E-7	0.25000374242752516	0.08333700229155451	3.9891857503897886E-7	0.16666993916871245	
0.16666947145901537	4.6011499911434885E-8	0.1666734906180652	5.31246037107722E-7	0.1666694576531351	
0.08335435407093833	0.0833468977537396	0.16666742205454554	8.595192659867584E-6	0.1666346520999441	
3.945624585627684E-5	0.16664763553476875	0.16665493451386681	1.772925852258135E-7	0.16667182846919545	
0.08335456724848707	3.408636028719179E-5	0.2499812228600477	8.361277294960294E-6	0.1666335793110825	
1.1271356797948436E-6	0.08335586231698004	0.24999252780841014	2.9046553427980397E-5	0.16663352361793474	
5.6189199043937976E-8	2.4100695029538242E-5	0.3333391972130112	1.5402619291878737E-5	0.16663378803497259	
0.2500197543729465	2.6435809462250004E-6	1.91865834764626E-5	0.08329714655839765	0.1666731241447558	
0.16665975084237605	0.08333867879567117	6.218329823755671E-7	0.08334432542036464	0.16666843128362127	
0.08332851299149155	0.16668571309122576	9.042498823953832E-7	0.08332455009785926	0.16667145892937552	
7.516682828994069E-7	0.2499984301471344	7.862052669896734E-7	0.08334105414854613	0.1666711070642538	
0.16666498715857586	1.7619567003263451E-6	0.08333023021255861	0.08334542266355657	0.16667099535259836	
0.083344814476053	0.08335823621868278	0.0833362621864398	0.08330285718399681	0.1666704996132007	
1.668202939533263E-5	0.16670206918152872	0.08331344963998466	0.08331220988474657	0.16666899184068235	
0.08334281528227849	3.2308785296690495E-6	0.1666941321785397	0.0833044338923619	0.16666667285004813	
8.696576258075777E-6	0.08332492680389746	0.16666972229347302	0.08334249222778263	0.16666728576873946	
1.9556139147636888E-5	2.0471822108050257E-5	0.2500135024587079	0.08326369187724793	0.16669529366643177	
0.1666950599494477	1.4263117552826765E-5	4.510459102493911E-5	0.1666490962800498	0.16664592354461094	
0.08335210185583161	0.08333345985697627	3.753762883858738E-5	0.16661775108449134	0.16667126584842362	
4.1328736228933357E-7	0.16664632946969182	3.612776790771419E-5	0.16665930005433058	0.1666695847225063	
0.08335605366526835	3.2193117120019624E-5	0.08335356806141175	0.1666365252388496	0.1666330977766766	
1.5250540638265772E-5	0.08337870631468694	0.08332802880294278	0.16661417228448186	0.16667665074074178	
3.902761393285854E-5	2.2887581017099947E-5	0.16668081592602838	0.1666357354758234	0.16663338029506577	
0.0832893032271902	1.8191247346036596E-5	1.1992799727811746E-5	0.2500003016232837	0.1666930193257786	
3.943431577059069E-6	0.08332709629497798	7.294656954587099E-6	0.2500600084264407	0.166613417678455	
1.6473537219396188E-6	1.229453548662279E-8	0.08330646852266786	0.25002857792864985	0.16667494119528675	
1.8544393521812346E-7	1.8244073585768608E-7	1.1426748210776082E-7	0.3333344730344325	0.16667632775701596	
0.24998002258655894	1.2182182030835053E-5	2.211425382055498E-5	2.3716350203688614E-5	0.24997880082355647	
0.16663641162725576	0.08338090607063058	2.594272644856986E-5	2.9557646183628753E-5	0.24994385389808715	
0.08333586010063179	0.16669761987341344	2.377177377393002E-5	1.5897562025713855E-5	0.24994073766692362	
2.4276303515852286E-6	0.25000946175101135	2.1320811300336156E-5	2.460594388744694E-5	0.249953871236563	
0.16667008657532226	7.877926125344175E-6	0.08333556237913162	2.3676996994528796E-5	0.2499770797679815	
0.08333444958839065	0.08334220092260526	0.08333536027266021	2.365130592819982E-5	0.24997558224689986	
1.9441950247828858E-5	0.16667233964026107	0.08334163067218342	2.4302104830764267E-5	0.24995377262729893	
0.08333345478009148	1.8540372417821088E-5	0.16668852795904573	3.063194688605763E-5	0.249945808560424	
1.1087256248970137E-6	0.08334506514395773	0.1666938244942532	3.068263916169615E-5	0.24994214508617102	
2.2604097552054524E-5	1.2144774833788527E-5	0.25000155495239856	3.08051429373611E-5	0.24994710471259982	
0.16665920212139035	3.463966507062765E-5	2.8831125909640894E-5	0.08333906693242164	0.2499490270068846	
0.08334814102229542	0.08335602011963729	2.8865158058032166E-5	0.08332435583077993	0.24995373535651563	
4.705013672096086E-5	0.16665277027222714	3.3707024190128885E-5	0.08332428010810976	0.24995303071673203	
0.08330884260441934	3.224415939400764E-5	0.08335258624448288	0.08332457160778793	0.24999326838842115	
1.7677547061263335E-5	0.0833367869600987	0.08336622682647102	0.08333747395392821	0.24995340024612708	
1.3093870975194033E-5	1.3707755088115238E-5	0.1667016533344617	0.08334063490325033	0.2499437301060215	
0.08340112880764151	4.676442036862413E-5	5.189602564493038E-5	0.1665886649778163	0.24995869405105128	
5.655933598994678E-5	0.08335253140789774	5.0467618947400104E-5	0.1666309527799495	0.2499601275060007	
2.9062140027853594E-5	3.972554579944354E-5	0.08338058191311011	0.1666130169477322	0.24995041209125762	
1.2849294040548366E-5	6.592102517781239E-6	5.781164642386741E-6	0.2500437770736809	0.24996434120249816	
0.16665992595740062	5.532490326667462E-5	1.867389354498198E-5	1.6376947971846756E-5	0.333265411426614	
0.0833340831115182	0.08334183486966897	3.367756340077577E-5	1.617349735966684E-5	0.3332865778508495	
3.1308491806675116E-5	0.16668089816265239	4.859316039808757E-5	1.604869214277596E-5	0.33327395270956683	
0.08335758018368315	3.7593447826854325E-5	0.0833117251718524	1.6042998113336058E-5	0.3332881877159653	
1.9712178513992776E-5	0.08335266315972138	0.08336209722994026	1.5668605593562347E-5	0.3332614331845914	
5.795160611117785E-5	5.7966181747567124E-5	0.16662946498517756	2.0902590461203187E-5	0.3332448766748628	
0.08335661227295271	5.0231905345009384E-5	1.3444896780632406E-5	0.08333026865792072	0.3332623391480751	
3.929282661831286E-5	0.08333780550833936	2.4365874343113828E-5	0.08334885606212952	0.3332625684993315	
2.666912196370174E-5	3.087768128835933E-5	0.08333223766952984	0.08333567826205665	0.3332863374221907	
1.838338250024725E-5	1.7152100323452987E-5	3.51770674928598E-5	0.16665454562001933	0.33328821844570944	
0.08332741634282848	2.7529654984486902E-5	2.2449567041111397E-5	5.38525456025498E-6	0.4166295939374049	
1.5366428421260644E-5	0.08335464027727083	5.0636898992474685E-6	8.167008114524389E-6	0.41663187530204765	
6.882564326920563E-6	6.512283840407433E-6	0.08335578985408063	8.01442360691076E-6	0.41663899661134096	
1.3104173109104497E-7	1.2967815487054103E-5	1.5980858664697074E-5	0.08335399257971114	0.4166310503244572	
4.845334706224572E-7	1.4941377215699966E-7	3.2825472755855204E-7	2.1221355391334554E-6	0.5000116790100128	
