0.4999978201506602	3.5742008797048796E-6	1.1907391348565502E-5	7.371263682601062E-6	1.1756818165646522E-5	
0.4166402851391452	0.08336292274341786	7.802441848764136E-6	8.349557521356829E-6	4.200392242968186E-6	
0.3332247802710811	0.16675651348812628	1.378191958728587E-5	2.1035175691703235E-5	8.056600173369389E-6	
0.24993226321548215	0.25005511376428535	1.766837984993003E-5	8.527306341811495E-6	1.083610966371533E-5	
0.16666540450095996	0.333355235223938	4.008904480299308E-7	2.642181439806559E-6	5.38281690341266E-7	
0.0833345588399306	0.4166820601531627	3.042690328074959E-7	2.6373495932732418E-6	4.166964939570424E-6	
2.445682831038391E-6	0.5000207501020867	3.950133695110176E-6	6.509831834262121E-7	1.6795565445173395E-6	
0.4166862405436978	5.911015928475119E-6	0.08332612211540104	1.121132556469007E-6	3.1202206581203778E-6	
0.3333290135280441	0.08334871783177661	0.08333603112307267	5.465558218894852E-6	4.371794706558736E-6	
0.2499886496515334	0.16669234976892167	0.0833366847399489	1.937580769027711E-6	6.8290937272226055E-6	
0.16666968987222083	0.24994594844524284	0.08339173894757919	4.612623458250477E-6	1.1020271720547434E-5	
0.0833516311523587	0.3333630002090128	0.08330373511196142	3.7535709112148135E-6	4.1225106404957146E-6	
1.0132842861440904E-5	0.4167042776677309	0.08330361188244641	1.2536932255173523E-6	4.20782930340966E-6	
0.33336782512614094	7.067893152370833E-6	0.16663530123017448	5.211062181097784E-6	4.042799694706267E-6	
0.24996998392397668	0.08336724870696789	0.1666717319293472	6.702015561519233E-6	4.307967321736101E-6	
0.16669248928902256	0.16665183301906752	0.16667527683418526	7.848958878260746E-7	2.0832460477120113E-6	
0.08332683407718129	0.2500170962130937	0.16667587726631397	1.6118168729584224E-6	3.562195040792762E-6	
3.347699290232056E-6	0.33336055001753	0.1666610183232635	1.2903268082849114E-6	2.737849465051577E-6	
0.24994752999918052	2.244400217748843E-6	0.2500619403761251	5.3476622970381025E-6	7.969713686719954E-6	
0.16666801524493233	0.08338630725699828	0.24993156725819832	2.8385711371325097E-5	1.9966739877285965E-5	
0.08335219851148999	0.1666697527329568	0.24999165586229208	8.654417210684466E-6	1.557899461908537E-6	
2.5288465897052275E-6	0.25001360655055	0.25000948047494514	4.260325282159175E-6	1.3049166793515312E-6	
0.16667083943253452	4.765360072032206E-6	0.33334759147264287	6.742228697466611E-7	3.418618723646973E-7	
0.08334777432201403	0.0833269017888237	0.33334566961271067	1.8172749056638962E-6	1.480445459789262E-6	
1.721590512582572E-6	0.16667136953537318	0.333346476964593	3.111534269701154E-6	1.6248239063188832E-7	
0.08333296077448825	5.532830753318153E-8	0.416680103277104	4.94418210078801E-6	8.274680297608744E-6	
6.828208980078601E-7	0.08333059400185582	0.41669297860776666	1.3501402878598153E-7	1.2186745312098732E-7	
5.844969514970049E-8	1.1399283417316119E-6	0.5000234473600964	4.8993266142072E-6	1.5651890033746057E-6	
0.4166817636623243	1.3141047568047117E-6	2.959567355437689E-6	0.08333802034418825	5.199965147027262E-7	
0.33334320201914264	0.08333333015748053	4.024034767943666E-6	0.08333686413997687	7.4122892869127445E-6	
0.24998614354573798	0.16668932463798722	3.77654278244809E-6	0.08333740736837024	7.66512971164946E-6	
0.16668056520762034	0.2499954365595064	2.3138626182761684E-6	0.08334127677639404	4.165957803841509E-6	
0.08334186864151218	0.33332761067398853	3.0202432433809304E-6	0.0833505891166322	2.772864999588862E-6	
2.3862032620826872E-6	0.41666640615996553	8.933792094350387E-7	0.08335050042338693	4.075814778347923E-6	
0.333313438812859	1.843999936764211E-7	0.08336708415971408	0.08333481237186714	4.196331759913187E-6	
0.24999956218693134	0.08331080072429828	0.08336603135074602	0.08334002226140126	3.2125646225697213E-6	
0.1667110782037478	0.1666332124941426	0.083335006206705	0.08334083822957841	2.779823224512894E-6	
0.08332524143821667	0.2500040449341433	0.08333412357425171	0.08335587163650408	4.166362780254009E-6	
2.4144879894804016E-5	0.3333461780969539	0.08335694610454007	0.08329177801417652	4.059253313353215E-6	
0.2500099840504546	1.4627860651923774E-7	0.1666791796882506	0.0833371609183263	5.570579830192578E-7	
0.16669077116995992	0.08333566002616562	0.16666279603495923	0.08333731735133833	1.5973378820716735E-6	
0.08333698106384808	0.16660307628529558	0.16675336714314778	0.0833442587729692	4.164977743565622E-6	
5.809812782787128E-6	0.25001965382507757	0.16665889543742496	0.08334206880764113	1.5561364864218245E-6	
0.16667520499919722	4.905685755450233E-6	0.25000670167939576	0.08333589630986311	1.4737428350501844E-6	
0.08334861736378642	0.08332777795036976	0.2500011253807113	0.0833439367267102	1.4150955914538292E-6	
5.274539691447168E-7	0.16667960108931923	0.25000644341428413	0.08334251025599439	4.1900687743921463E-7	
0.08331597086142666	1.0506232331880219E-6	0.3333644867662482	0.0833414653198537	3.429738155212422E-6	
2.0345747084092907E-7	0.08331851233583037	0.3333635923416587	0.08334165766434785	8.204800567872448E-8	
1.7093313560953716E-7	9.433030879105149E-7	0.41667827772359356	0.08334416789184818	1.811119969478182E-6	
0.33334205074102313	1.101758305838204E-5	9.118787726792085E-6	0.1666568916491299	4.195431013250986E-6	
0.25002659012606426	0.08332110301489987	1.2220947579769248E-5	0.16665655938744475	7.412773300951476E-6	
0.1666875995409398	0.16668126014040074	1.2210312953582355E-5	0.16663858126589742	3.16690245668481E-6	
0.08330369728274836	0.2500504959072438	1.4252311115084628E-5	0.16665960322270995	2.725663443499136E-6	
1.880661196118556E-6	0.33335419214492135	4.0279184747014296E-6	0.16667242309907	6.573266097348771E-7	
0.250021260723821	8.947940782423346E-6	0.08333355227318522	0.16665823854349776	1.2385742822880572E-6	
0.1666842731598788	0.08333256108690526	0.08332934999156554	0.16667698077129048	1.920649243449673E-6	
0.08313145085066329	0.1668116864521674	0.08335143983743093	0.16672173777777594	7.598997876589289E-6	
4.389824817904997E-7	0.25000153859105334	0.08333223881992685	0.16670178187228138	4.059973737614288E-6	
0.16661628136930856	1.0267237625883972E-7	0.16668216578935455	0.16671358935734687	7.962246041860343E-6	
0.08333799123498217	0.08333386387477287	0.16666986989318625	0.16667583418796253	7.3640764571939155E-6	
1.090258981050761E-5	0.16663622339897724	0.1666937961831462	0.1666746731010172	7.068150142594064E-6	
0.08336949550824671	8.485256185329873E-5	0.24995090928688693	0.16661202322717125	7.4123004233336654E-6	
8.51774294848773E-6	0.08335834582335476	0.24997761331400287	0.1666768155641907	3.5043545174027154E-6	
1.2423569077213546E-5	9.99858112853179E-6	0.33331501754771264	0.16667483107150788	1.2389284039729758E-5	
0.25002603501110954	4.852534763746661E-6	2.5745036814225288E-5	0.24996904122992825	1.17125271050936E-6	
0.16664308703189615	0.08338455322525472	2.3428776691282327E-5	0.24997444321175766	1.8948153320490317E-6	
0.08334134400367668	0.16667558013871164	3.5622731671807945E-6	0.2500074012753253	1.9714566736930453E-6	
4.418269566779684E-6	0.2500147699216153	6.526009268972725E-7	0.2500087452174216	7.376297195681761E-7	
0.16666287637372187	1.897937653650145E-5	0.0833658796412525	0.2499694298414256	7.4388374002061254E-6	
0.08334303181638181	0.083339083778565	0.08336600960249467	0.24996983265577624	7.440000602343633E-6	
1.4253518694003207E-8	0.16668360950132363	0.08333274044893989	0.2500062179746017	1.8956395220570872E-6	
0.08333111980612118	1.6987034372138157E-5	0.1666762890218289	0.24999660211466906	1.8694546458736615E-6	
4.747440936966943E-5	0.08335708568118591	0.16664669935265702	0.24996624821709768	7.394068057917569E-6	
9.208936847826381E-6	2.9257347675645944E-7	0.25001309800164007	0.24999404662484018	7.614460992472732E-6	
0.16656490442969502	3.182913055191426E-4	2.6935014143452144E-4	0.3327852515885195	9.721854803189646E-5	
0.0833354276352403	0.08334980020230794	7.132104316439029E-6	0.33332753765673884	1.985798846182292E-6	
2.819725582257884E-5	0.16665713860895046	1.4497785313569037E-5	0.3333218541045622	3.5288339905964144E-6	
0.08336099774360689	7.966927767706972E-6	0.08333244005846145	0.3333194134874351	3.155760287561371E-6	
4.760833174863133E-5	0.08334325153961644	0.0833433188055242	0.3332838683424047	7.495351946331981E-6	
1.5556418417810594E-5	1.5478446964796724E-5	0.16666252169168405	0.3333285636505571	1.81291292830805E-6	
0.08338453673833825	4.511180681174871E-5	2.2968219040047254E-5	0.41655657681905633	1.5231041209971334E-5	
4.243922526937945E-5	0.08338455078946426	2.5055264263305062E-5	0.41655337249988955	1.5241962808654173E-5	
4.689392698121045E-7	3.181756380008403E-5	0.08342087093944751	0.41655928026732153	1.1515867282829367E-5	
2.0850313366193542E-7	1.9866464669429377E-7	4.5664153600981203E-7	0.5000218470908429	2.0058036356367533E-6	
0.4166840915519784	6.879744569151686E-7	9.240742942733698E-7	2.996485506198788E-8	0.08333738678769176	
0.33328878467841505	0.08338953291578527	8.960890403048888E-7	3.6591097030627406E-6	0.0833374926248085	
0.24998519446444914	0.16668869051554216	5.157101809766134E-6	3.614266905378098E-6	0.08333754087105687	
0.16658047151858268	0.2500698403329741	1.1495502004548336E-5	1.8847132037453136E-5	0.08334317231790928	
0.0833451590771889	0.33333713114440644	2.275158290072755E-6	3.137918304162393E-6	0.08333894596975838	
2.039209754750421E-6	0.4166856413882828	2.1799554513886756E-6	2.1095258120098556E-6	0.08333179712197275	
0.3333495777888084	8.730723075618511E-10	0.08333711216674312	8.938947967283792E-8	0.08333736614049804	
0.24999446821544313	0.08335461956992439	0.08333657442726583	5.7620107399762063E-8	0.08333738062507252	
0.16667390600098952	0.166670155311887	0.08333512330153106	5.904688172165929E-8	0.08334176410339404	
0.08333930143750044	0.250009487113728	0.08333899759788177	1.1157152803746631E-6	0.08333552789182742	
1.2870630208345738E-6	0.3333503484910469	0.08333984766801635	1.1728912802806618E-6	0.08333139570925813	
0.25000305734401657	1.518777848821773E-7	0.1666733176777409	5.641013323617461E-6	0.08333733319488486	
0.16671002183974712	0.08329081940850838	0.1666717688693418	5.640718608572294E-6	0.08334180224872002	
0.08333014832332812	0.16667864081434702	0.16667656454218052	6.525805330794264E-6	0.08333152989591375	
8.044086190210181E-7	0.25001013349867224	0.1666780125854139	9.991716542593577E-7	0.08333037594501402	
0.16668091152962455	2.4062331984294767E-7	0.2500015524151742	3.5425577416023125E-6	0.08333786356802567	
0.0833492677595993	0.08332844475760451	0.25000366677146296	9.577088320431839E-7	0.08334243554598442	
6.708338210162366E-7	0.16667796013790137	0.2500035302941928	1.0001697428228257E-6	0.08334190037896555	
0.08335699354573375	2.133767872609943E-5	0.33330811072537836	4.359426281119171E-6	0.08333038774345078	
2.371757401674959E-5	0.08335611832519295	0.33330988427195246	3.529945258083543E-6	0.08333146814950271	
1.5213309984232918E-5	1.1956056572818836E-5	0.4166552449656386	7.695665269440143E-6	0.08333762905709938	
0.33334810103429674	1.0485232291924295E-6	7.054766947307982E-7	0.08333299857247269	0.0833368327582449	
0.2500149187874852	0.08333508880650473	6.740550113474463E-7	0.08333331224170053	0.08333715134783609	
0.16667950463494316	0.16667518841796677	3.9944936142238915E-6	0.08333036555256489	0.08333447365470051	
0.08334064795008685	0.2500132037914363	2.4424914069947943E-6	0.08333008791068999	0.08333856392838787	
3.363872115942701E-6	0.33334564094879837	3.943259653135687E-6	0.08333141406234484	0.08333815768122656	
0.25001417248747604	5.611230649183092E-6	0.08333037281385065	0.0833330852571212	0.08333700080130682	
0.16669662520346623	0.08333986309363234	0.08331466057833492	0.08333177889374037	0.08333793958751318	
0.08333822022371198	0.16669519161655172	0.08332717018209491	0.08333116530107347	0.08333145782041876	
1.4389060414836015E-5	0.2500228668439749	0.08331610356854324	0.08333161821709954	0.08333828397789268	
0.1666747740662671	2.0596021257534122E-6	0.16667484814249062	0.0833319120906379	0.08333783536750454	
0.08333673352738116	0.08334021747209067	0.16667498567650818	0.08333199069854261	0.08333774213086749	
6.36661519375207E-7	0.16667492906059383	0.1666755627089153	0.08332870751604575	0.08334118220037044	
0.08336324432220445	5.0086102497508095E-5	0.2499546489592992	0.08333536283281659	0.08331825752517723	
8.221697461550589E-6	0.08336089109600396	0.24998645272496894	0.08333054013866993	0.08333833122505792	
1.528364642936582E-6	1.2622278094251901E-6	0.3333530694549058	0.08333152396227562	0.08333808906406102	
0.25002052310011047	7.335670060671681E-9	5.080406971637309E-7	0.16666379867220413	0.08333697625440196	
0.16665958157319727	0.08331381862472823	2.2030112153306393E-7	0.16670973995911947	0.08334162820590482	
0.08337469267043945	0.16664197476366843	2.1669810743597957E-7	0.166662771090864	0.08334672480552663	
2.4659676066703167E-6	0.25001210947260255	5.360207869490256E-6	0.16666642040231855	0.08333890954628419	
0.16670079992728404	3.9202137543561867E-7	0.08331694285257894	0.16666230574043914	0.0833410398976164	
0.08333784086277525	0.08333572844459831	0.08334862171403948	0.1666644991509526	0.0833423660593217	
7.096185404830708E-6	0.16667740077117757	0.08333313455279924	0.16666243688438293	0.08334362660810711	
0.08334243189175006	5.4725939374442824E-5	0.1666353948725218	0.16666628914685916	0.08332250811577832	
3.380179550664516E-5	0.08336041634658266	0.16662960942317712	0.16666068783096405	0.08333888509131722	
8.068343836339132E-6	8.284495059363177E-6	0.2500150269231059	0.1666706546220649	0.08332315013142873	
0.16667298632992575	5.004758487775237E-9	2.851440905036782E-7	0.2500138597407697	0.08333659668711768	
0.0833356934755712	0.08334091267351852	5.433200831811161E-8	0.2500204432578565	0.08332233202764161	
3.885382041231826E-6	0.16667637131094623	1.3250069995492126E-5	0.24999507747439598	0.08333911995418408	
0.08332468765821326	1.0833602571564408E-7	0.08334613123621648	0.25001045494167	0.08334137336057713	
3.6050077191916733E-6	0.08333095549403229	0.08335606801930377	0.24999512089667375	0.08333825109673577	
6.690689128396082E-7	4.215532105301418E-9	0.16667786632936857	0.25000765624078175	0.08333809828152974	
0.08338684871309712	1.1030676881161257E-4	1.1350517912235125E-4	0.33312181751074527	0.08329968179358106	
2.5240601784980794E-6	0.08331351176960619	2.8876267710806894E-8	0.333361086635327	0.08335805761374983	
2.2888915829659657E-6	3.224950706139296E-8	0.08331003969079899	0.33336408121385935	0.08334309523626612	
1.6296235052888802E-6	8.406294910011158E-8	1.6237921147038297E-6	0.41667744723903605	0.08334333856119164	
0.33333864978126515	2.2401658207608702E-7	2.1010948241015753E-6	3.5814969780411635E-6	0.1666774858536257	
0.2500000170136335	0.08335652712704482	9.502403052785332E-7	5.5528995562192175E-6	0.16665939703915186	
0.1666339534632333	0.16670943806278318	1.1495552283031613E-5	1.513492179763953E-5	0.16665813128240817	
0.08333225362975027	0.2500224745675842	1.0026675626903342E-5	9.89815445022903E-6	0.1666623749539806	
4.732028900497231E-6	0.3333526907486224	8.53197868958351E-6	1.0524100373719411E-5	0.16665739390427664	
0.25001401087102787	3.4911995537219034E-6	0.08332984154252221	8.894274570752177E-7	0.16667673089240434	
0.1666639599248981	0.08333102874083358	0.08334930173244237	7.174676556398096E-8	0.16667836020008814	
0.08333508394413645	0.16667061609227396	0.08335446854469546	3.260017022556721E-6	0.16666121797869546	
3.1074994139657654E-7	0.25003700743668617	0.08332108186339969	9.95216026175016E-6	0.16665897939091553	
0.16667563367286517	3.7971831140596288E-6	0.166685966238117	7.026430522238522E-6	0.16665534134827123	
0.08332017968316195	0.08336087605412668	0.16667666936201117	4.505548353001537E-6	0.1666590767467738	
2.3210472298033022E-5	0.16669910928472498	0.16662973548691706	1.0035901048771979E-5	0.16666056046622013	
0.08336572808377801	4.431377045711552E-5	0.24995597297125055	4.547806086661384E-6	0.16665350880469418	
6.708153497724638E-5	0.08335032872341452	0.24990167250158737	5.321791228497251E-5	0.1666530510787011	
8.17611166101306E-7	8.355869111524603E-7	0.33334915510533747	8.344107738450786E-7	0.1666734378512137	
0.2500144499202308	1.89262324344377E-6	1.699618489236102E-6	0.08332810427872392	0.16667830514784426	
0.16668444508726427	0.083341270450638	9.093356016637524E-6	0.08333297207808978	0.16665371523485034	
0.08334216966898277	0.16668480319468656	1.7490162196791076E-6	0.08333771395754484	0.1666626814190831	
6.297817022033674E-6	0.25001608784720847	3.2851815738990487E-6	0.08333672898560048	0.1666590086319528	
0.1666623506704057	1.3216188217035125E-6	0.08335419069028138	0.08332817465802454	0.1666782122264946	
0.08333379870383753	0.08333666513583693	0.08335757317922451	0.08333707027668893	0.16665711097692285	
1.0950061245198613E-6	0.16666786120902358	0.08335681476695656	0.08333631238969498	0.16666051199226903	
0.08337899573221702	2.2114727909424907E-5	0.16663405952334176	0.08333362378990763	0.1666526607865306	
3.155980098766885E-5	0.08334489432386814	0.16665593880549226	0.08333478808859276	0.16665223026537246	
1.0701055025631672E-6	8.488420754595506E-7	0.2500148449692127	0.08333022015394694	0.16667561870375885	
0.16667994829111568	8.369437257786232E-6	1.480602513612776E-5	0.166646241512106	0.16667723715247498	
0.08333246780932717	0.08334715861838074	1.7742351062236512E-5	0.16666459418354224	0.16665888405007065	
1.1015779584409252E-5	0.1666695950174757	1.714688997080825E-5	0.16666466693579918	0.16665911598331315	
0.08334308483317894	1.0250597019004942E-5	0.08335235341384382	0.16667304859171747	0.16664134472470868	
2.2672233381009985E-7	0.0833560146456435	0.08334236390906113	0.1666658368194459	0.16666029284232395	
7.43659105191513E-6	1.0476518377662658E-6	0.16669163120486627	0.16666734669330455	0.16665199066377312	
0.08335738662125172	7.021408806986183E-5	5.646938094738539E-5	0.24989344374595096	0.1666419372259632	
1.564484464039852E-5	0.08341430391404366	5.674243813601697E-5	0.24990236329872775	0.16664754223942796	
4.876464779611527E-5	4.8771756115256646E-5	0.08340375169429314	0.2498843419432576	0.16663472310535027	
1.5003208886461968E-5	7.018443065300314E-6	1.1574648876861676E-5	0.3333475929298278	0.16664411622680633	
0.24999718051889067	6.520448789288601E-7	9.795307857667963E-7	2.2211071310676004E-6	0.25002179499342564	
0.16667143003961105	0.08332701925070664	1.647660074541639E-7	2.0226781205432085E-6	0.2500237580611601	
0.0833471648738364	0.16669546699046814	2.9242436080620406E-6	3.1289335940598174E-6	0.24997564388581056	
2.7300647054633137E-7	0.24999648164985275	2.340836202881358E-6	3.06436149956977E-6	0.25002533204619726	
0.16667486045177834	4.936845097491588E-5	0.08332141017141743	4.953006006259831E-5	0.24992732939218637	
0.08332480256624916	0.08332914048745399	0.08334990853422339	2.1555337752828965E-7	0.25001622674575563	
6.992903864837212E-6	0.16667940334084597	0.08332009544449266	3.0245771762903117E-6	0.25001233687149726	
0.08337187244507177	8.26136018005592E-5	0.16660223433394966	3.7085251186603935E-5	0.24992690128390663	
3.3277609759904535E-5	0.08337286341714524	0.16665198905027798	4.072412383045494E-5	0.24992594254115716	
3.2039863490931125E-5	2.7128680256269434E-5	0.24999497527749817	4.1536618375285144E-5	0.24992907040575257	
0.16668212929671872	5.1141129513583625E-5	1.0726957016106885E-5	0.0833046166440434	0.24998063201793824	
0.08333687115592173	0.08333491518527936	1.4267148312870661E-5	0.08332593485773118	0.2500130249175032	
1.2327232836065247E-5	0.16661884227467447	5.3223151806818074E-5	0.08332770684886026	0.2500131601797637	
0.08328850652348613	5.958043636781796E-5	0.08333320389576328	0.0833267819161787	0.25001727872381796	
5.504805984004705E-6	0.08332481624884608	0.08331543467140555	0.08336425120553996	0.25001097542332223	
3.508451347975408E-5	3.49932126794786E-5	0.1666703527105757	0.08335327323648638	0.2499268094522436	
0.0832675364423092	3.324442627888859E-6	1.185294154461793E-6	0.16672629563288435	0.25002377604659093	
6.757331709366313E-5	0.08338646694601771	1.1126269378574104E-4	0.1665936597900032	0.2498702911465407	
4.1825844768909264E-5	4.27838062557378E-5	0.08339522013984374	0.16662731595678706	0.24992472097578233	
5.044275627281617E-5	4.423223366460564E-5	4.688309598835206E-5	0.24996686242194535	0.249926005841811	
0.16663682802362212	8.915005804892698E-5	7.801920384862088E-5	8.125651876131272E-5	0.3331405334084397	
0.08337186477671792	0.083369899879694	7.803940083870992E-5	6.39662854136781E-5	0.3331375142003527	
1.306527666547695E-5	0.16663809491937934	1.107139638019085E-4	6.583904019500672E-5	0.3332012734062735	
0.0834000221915096	5.930441427076691E-5	0.08336384015354761	6.332426556290148E-5	0.333142811660676	
8.482752159243251E-5	0.08337371779250026	0.08336416418746334	6.381082914951619E-5	0.3331428701616454	
9.183302922118217E-5	7.629262656549307E-5	0.1666351534631022	8.187651755746225E-5	0.3331400845842228	
0.0833320298140374	1.793561523901546E-7	6.618945277842335E-7	0.08330460609703036	0.33338501198946	
7.12399895538233E-5	0.08336113514831685	8.225259383609828E-5	0.08336948964055023	0.3331376948380032	
5.485251172065514E-6	1.926942316348878E-7	0.08333669280998086	0.08332557642722506	0.33335604428966586	
2.7730287126452975E-5	2.934410644447424E-5	2.8482493449589044E-5	0.16659138093865575	0.3333504981004769	
0.08339864490693517	2.381317834872419E-4	1.890763667096233E-4	2.7205698749309946E-4	0.41592827853023917	
1.522363615792836E-5	0.08337035357105164	1.9422134268795597E-5	1.747667616632663E-5	0.416602526680445	
6.073059542240788E-6	5.019134164662821E-6	0.08334906390886544	1.4674075682516403E-5	0.41665336732172453	
1.6052492022799344E-4	1.6053378080719419E-4	1.6712468990958074E-4	0.0834642563782884	0.4160875046716773	
4.988569951416993E-10	5.965835959152489E-7	8.529634017924288E-10	7.075239174154302E-7	0.5000220607125081	
