0.5000406284044032	2.223192643317341E-6	1.4693166893191912E-7	1.5929148979158342E-6	3.565816884421633E-7	
0.416621241821703	0.08338633043435939	1.249030268443423E-5	9.186187033618458E-6	7.290008064347795E-6	
0.3333347723801915	0.16669693873894062	2.98621268656066E-6	2.4740502263066393E-6	1.4852670366690523E-6	
0.25002438820677314	0.2500094232057855	3.3869501058975056E-6	2.3724459413977193E-6	7.718647737289016E-7	
0.16659368244915823	0.333438007695993	3.468610446082723E-6	1.299503455381343E-6	6.648685183643282E-6	
0.08337342151592696	0.41665828021983253	3.3791489701346366E-7	2.0785348854319397E-6	2.314332038548644E-6	
4.243777223293211E-6	0.5000081462452698	1.6930594240864136E-5	1.162651816830373E-6	6.121784664858117E-7	
0.41668561310018415	2.481196562268685E-6	0.08334249708001712	1.4999071209411248E-6	7.570491025231262E-7	
0.33333560116717226	0.08335461258803596	0.08334290018130598	6.149890991513866E-7	2.437215313168032E-6	
0.25005644309215264	0.16661901486184277	0.08334015003628346	7.345192362269089E-6	7.982210539275236E-6	
0.16665009201632539	0.25004199997688914	0.08334028776285941	2.239830136157298E-6	6.224262982230739E-7	
0.08332724978537828	0.33336620770359715	0.08334056095142058	2.072265677519851E-6	2.297305895730927E-6	
3.4383409703301022E-6	0.4166971345546913	0.08334197669845775	6.828811672997039E-7	6.121940751138647E-7	
0.33335439601026645	2.0888883365269753E-6	0.16668009074082007	1.498056976990147E-6	7.361441856543826E-7	
0.2500587031354824	0.08335974491709724	0.1666096680848432	2.452567772337344E-6	7.115822318434147E-7	
0.1667036109991244	0.16669360954474216	0.1666162391636994	6.9092075136357875E-6	7.969347501354806E-6	
0.08334398480039516	0.2500545956213333	0.1666149348943116	6.978850509631125E-6	8.091962780732903E-6	
1.4520292419898487E-6	0.33334737778278545	0.16667950960187383	2.4393351500595944E-7	9.919326752768652E-7	
0.25005281472526536	6.17928284994744E-7	0.2500552838613986	4.6209089015300674E-7	9.787948191146242E-6	
0.16666893723826665	0.08336090587444318	0.2500004799011938	1.1283279670561195E-6	5.65967030375696E-6	
0.08333879190406274	0.1666733529089818	0.25001416524925296	6.624976857572928E-8	3.1326365963324745E-6	
2.5330887317007135E-5	0.24998464560502132	0.2500101349408867	7.5167793539781474E-6	5.4311633689416235E-6	
0.1666924075537859	7.603447979264104E-6	0.33332046975381185	7.334134985743951E-6	8.474742646708646E-6	
0.08334868487465413	0.08334984621005076	0.33331874835630637	7.231664228134299E-6	5.615501036900042E-6	
1.7745007354990562E-5	0.1666820467665902	0.3333186410782927	7.238966370856502E-6	5.431269585039183E-6	
0.08338531954029212	2.8274624093437188E-5	0.4166721353187619	7.351205370832116E-6	8.472246831590834E-6	
1.0904219893895123E-5	0.08339750060638078	0.41660938856914503	1.312006391721144E-5	8.703493403653846E-6	
3.5115949478427966E-7	7.249352177776862E-7	0.5004103264785967	1.2241874051160908E-6	7.95550456703269E-6	
0.4166804274331527	7.00901554109479E-7	2.6168560740591038E-8	0.08334911070143182	2.7684583056217676E-6	
0.3333455705483575	0.08334329260518841	1.2950397749964665E-7	0.08334353596131712	1.4777452841834993E-6	
0.25011034520743997	0.1666549017400963	3.2276902430466024E-6	0.08333811848852642	1.9423396867645927E-6	
0.16659337514974637	0.25006730630932517	7.5464167719864675E-6	0.0833521694199039	1.067135039717533E-5	
0.08332300678524199	0.333350689659948	2.3386336008925336E-7	0.08335163821215898	9.624500890691494E-7	
5.768024629478156E-7	0.4166842708853746	2.2028559423155697E-7	0.08334912418320195	1.6844709018159821E-6	
0.3333509670919565	2.0816663986779078E-6	0.08332814876314658	0.08334911810424128	2.2252821790126094E-8	
0.25000948709186765	0.08334344305746857	0.08332833564523309	0.08334913414459344	2.7686603930154127E-6	
0.16669991089679015	0.16670913253679373	0.08335214604625796	0.08336420612462701	1.4696808747561012E-6	
0.08333174823300737	0.25001291136437953	0.0833360402107365	0.08334807123591337	9.836628837982611E-7	
1.5166934212414742E-7	0.33334506691914967	0.08333280293045485	0.08334743623798352	2.773911712350084E-7	
0.2500005325372538	2.0690658148980723E-6	0.16668505972054665	0.08334336915160202	1.4817919645029994E-7	
0.16668287386761008	0.08332034300804077	0.16668321597894448	0.0833424801491636	2.929825815198047E-7	
0.08333496454917012	0.16666509999806134	0.16668109536458794	0.08334874926160232	1.4826060207902318E-6	
1.7566216180951963E-7	0.2501075203376041	0.16673658736646588	0.0833808071281838	8.206505753950491E-7	
0.16665638611707306	1.6620333041642732E-6	0.24997872371331387	0.0833890848670005	6.644007098343668E-6	
0.08333730289617203	0.08333878056253202	0.25000666622267054	0.08334989284454192	3.199790975721028E-6	
1.4792759776017411E-5	0.16673364505328592	0.2499528963136672	0.0834458688786458	8.099443259470329E-6	
0.08335283357125564	3.3592246184595644E-5	0.33331158232980795	0.08333881311869883	1.763522972439084E-6	
3.633968694721193E-5	0.08334662911066074	0.3332977654145949	0.0833449358135449	3.3102916869427388E-6	
8.230504335915582E-6	9.115195550901662E-6	0.4166627443908703	0.08334943231616541	1.6396901580012545E-6	
0.333400121064017	5.228372879745491E-6	1.3547696623051705E-5	0.1666628080191049	1.0437235761173203E-5	
0.24992617873664977	0.08343627651559828	1.1312774759291896E-6	0.1666342206626246	1.3966009264987074E-5	
0.16671236488598073	0.16665144324322007	1.7644684666892408E-5	0.16664848993483486	2.1185956323716177E-6	
0.08334442350884189	0.2500516351692247	2.6638246005367657E-6	0.16663613938749536	6.52431683238316E-6	
1.0000856096204552E-6	0.3333553103574081	2.31346132712062E-6	0.16666934271847839	9.275783417958827E-7	
0.25004091034021364	5.259297142116047E-6	0.08332473239908225	0.16663968824405948	7.191675916216584E-7	
0.16668844652934348	0.08333490677232115	0.08335819309031124	0.16664794961944698	2.7488776470478395E-6	
0.08334231921098147	0.16668005989302837	0.08336040222831624	0.16665177779347481	4.893458776145538E-6	
3.5597966409101103E-7	0.24999924222779382	0.0833492470765724	0.16666445379198078	1.609002893593694E-6	
0.16667429087329783	2.987612396218449E-5	0.16666015258977254	0.1666420465239858	3.109044397467308E-6	
0.08334999495623634	0.08333024195384968	0.16668184005213182	0.1666489937866363	4.518684312483091E-6	
1.7988798625422664E-5	0.16669117068619196	0.16666584009260368	0.16665598224425787	6.614111550517089E-7	
0.08332526420230334	2.6720246970054886E-5	0.2500050832599782	0.16664751214815426	5.5302535647857085E-6	
8.743004258808058E-6	0.08334481942010455	0.25001143499982004	0.1666426165906143	3.274888536959924E-6	
7.577846444851175E-6	1.5761381837107238E-5	0.33336187064577916	0.16664483220288323	8.83055998724474E-6	
0.2500289457645097	2.0729055502865227E-5	9.428267040711506E-6	0.2499803250952772	2.759010697297081E-6	
0.16668690564211164	0.08332856747659573	2.595443257156415E-5	0.24996451492120045	4.6111224074281305E-6	
0.08332756482496599	0.16667154645441737	9.387856824883817E-6	0.25000145446252786	3.3372089626773304E-6	
1.5780025629726983E-4	0.2499559037070375	8.586018367959106E-5	0.2497826890467855	3.436225401773506E-5	
0.1666759598453279	1.3649911971793722E-5	0.0833502976732125	0.24996229890043334	4.500654155093284E-6	
0.08334352722769667	0.08332384999427675	0.08333730235276811	0.25000017759379084	3.2084869888711976E-6	
6.525360063981427E-6	0.16666498620584805	0.08333791735874986	0.25000261763505444	5.917909164359652E-7	
0.0833082354178198	6.7605947252993655E-6	0.16671592046186623	0.25003793910113387	3.22753966483499E-6	
5.5517415052309617E-5	0.08336759708139806	0.16659508395536815	0.250009830865323	9.491938871734155E-6	
9.192159078233484E-7	9.405212971571794E-6	0.2500119820838758	0.25001132982985835	4.688145058724231E-6	
0.1666896217076888	2.1630062905690268E-5	4.213119654009608E-5	0.3332892404246611	5.141680723753927E-6	
0.08334973620294939	0.08332978954551248	6.278684798006181E-6	0.33332324397895685	4.610381479331778E-6	
4.514871743455172E-5	0.16674457679655302	2.3123352884664454E-5	0.3332852543155261	1.7994921346821156E-6	
0.08334211585999174	3.6316797940699934E-5	0.08330655276889373	0.3333184119405142	7.277154459439042E-6	
1.48846178797642E-5	0.08334544075265471	0.0833208998487468	0.3333247993892536	1.5882558041464625E-6	
2.218034791603482E-8	5.161388746870984E-7	0.16664162800748247	0.33336820048890164	4.7488133639715346E-6	
0.08342189003884015	4.68863494619307E-5	9.911212621660025E-5	0.4164373047601919	9.466278505149399E-6	
1.2502981642838684E-4	0.0833513650517393	1.7261946083622668E-4	0.4163748439183716	1.9270438156571186E-6	
1.8339733265752551E-4	1.1871351482996376E-4	0.0833602928244493	0.4163344647274075	4.3613097388247475E-5	
1.4899903321001022E-5	1.0455660184346766E-5	2.4052783190588967E-5	0.4999828267426401	4.688729777273612E-6	
0.4167049430232432	9.967857873706435E-7	1.6018583046125247E-7	1.1489923198375315E-6	0.08333131535320688	
0.33335681491228125	0.08334620607022224	2.383594272548396E-7	1.7188741256826192E-6	0.08333078948505554	
0.2500616437827062	0.16662248019362041	6.937432599852841E-6	9.845027615580219E-6	0.08333127693684651	
0.16667163200436372	0.2500164128344666	3.3255183156985123E-6	6.833552268647427E-6	0.08333020173384513	
0.083319703052817	0.3333394729968193	2.7788706487261842E-6	9.214035895226806E-7	0.08334498550526868	
2.685967266721868E-7	0.4166791929183123	5.736525152259182E-6	7.326650258576295E-7	0.08334962149196912	
0.33335635840033573	9.347726455239824E-6	0.0833311410512006	1.6989660508469396E-6	0.08332684559182708	
0.2500232076360263	0.08334801273265526	0.08332889594029556	4.337352062044671E-6	0.08332795799787314	
0.1666939975305399	0.16667111921940295	0.08332732860307929	5.997722922177795E-6	0.0833310223711157	
0.08333500716266187	0.2500194191603477	0.08334509286725562	3.6034336013609164E-6	0.08333074336494675	
3.357814392944059E-7	0.3333560015419067	0.08333868137900158	1.2984207519560204E-6	0.08333025153737211	
0.250030447259112	9.683644259750067E-6	0.1667082618362106	4.845961756320042E-7	0.08334027354061213	
0.1666797408461432	0.08332992970064755	0.16668778049082522	3.851691414501671E-6	0.08333082560256472	
0.08333845317428432	0.16667183009834727	0.1666876703745744	5.908298506863785E-6	0.08333067546943719	
3.91593271088786E-8	0.25000835299803226	0.16668505655656043	3.6362095031570694E-6	0.08333021039920138	
0.16668007487360006	7.424794124340523E-7	0.250011994824342	4.758997433152907E-6	0.08332690023686504	
0.08333848944946151	0.0833396301637915	0.25001727680458063	7.805143445266464E-6	0.08332599335729261	
2.007243052467419E-6	0.1666818974228869	0.2500137718552019	2.9274556142366263E-6	0.08333093828515797	
0.08339283438690044	6.100696877115543E-5	0.33324846628557714	1.3398144196601738E-6	0.08332665070790964	
7.731102469811374E-5	0.08330913762761205	0.33330809005790846	8.64459729792468E-6	0.08332602693541903	
9.390581814367744E-7	9.371678822447285E-7	0.4166984888630919	8.647451451988747E-6	0.08333014750757435	
0.33335588203168487	3.995646792870246E-7	1.4936063582559341E-7	0.0833569114817706	0.08335054458934166	
0.2500173516324889	0.08334601420427776	1.871421475423887E-6	0.08333531187649881	0.08332992208938082	
0.1666695793724507	0.16667920407029094	4.7460513213865576E-7	0.0833317254265746	0.0833448084725742	
0.08331121227355517	0.2500365240358601	4.228593372702202E-6	0.08332512356472212	0.08334909486203898	
1.4174103021152332E-7	0.33335373577634675	4.468394246793189E-6	0.0833219036222523	0.08334806775343892	
0.25000430810281793	2.150160085892885E-6	0.08335449801896858	0.0833258967501909	0.08334537534532575	
0.16668743502179836	0.08333419423130642	0.08333680729953544	0.08333341635096266	0.08334660756121008	
0.08332947936133973	0.1666827181092232	0.08335672241419706	0.08333710089165097	0.08333202780565183	
9.713886398049529E-6	0.25000236473084125	0.08335668278723644	0.08333706127401824	0.08333198819043078	
0.16667982900654238	6.055208548573865E-6	0.16668743725478008	0.08332849261723467	0.08333084347319475	
0.08334642312964381	0.0833383985931236	0.16667852570359318	0.08333463262168515	0.08332954362604969	
1.2321938025457493E-5	0.1666711820010333	0.16667715020525192	0.0833281476009535	0.083338813484794	
0.0833496405699575	3.0280126388385228E-6	0.2500262032977846	0.08332990518799571	0.08332873235710009	
9.132937164378071E-6	0.08334274487111462	0.2500214411224368	0.0833286645735178	0.08332877659423477	
7.0311645674661955E-6	7.035346436563071E-6	0.3333631399182965	0.08332955286012754	0.08333238828508727	
0.2500223883504906	8.630735591448946E-7	3.467650445449425E-7	0.16667363408149988	0.08332958227678833	
0.16672774057348133	0.08332107394567773	3.452453320986065E-7	0.16668978280744176	0.08333799964715202	
0.08333853142461049	0.1666969112595988	5.6598885938825024E-8	0.1666620224682158	0.08334058115218802	
1.1746799556810685E-7	0.25001495506496213	5.049948711880751E-6	0.16666682540063746	0.08333867689354979	
0.1666774908389901	1.2503590176932251E-6	0.08334615700347477	0.16667064775585372	0.083326171705443	
0.08333243312763587	0.08331813049358315	0.08333050010862443	0.16670339742391707	0.0833531316073213	
1.1647720636015141E-5	0.16669680092542324	0.08335947155132176	0.16666320320055183	0.08336246210923313	
0.08330174184276247	7.112925771135663E-8	0.16667761066496517	0.16670319178059792	0.08332758041623838	
1.3534558656623668E-4	0.08336507063291539	0.16648124823253438	0.16670409371411418	0.08332552139466629	
4.999958503633047E-7	5.058047991318304E-7	0.24997663559497052	0.16670200844487876	0.08332700991833455	
0.16668467862661474	9.286977820763705E-5	7.347061078493912E-5	0.24983348752757473	0.0833236821940618	
0.08334881465543222	0.0833342202040973	1.1791218643696845E-6	0.2500051597055797	0.08333880241767586	
4.482560756084978E-5	0.16666160463389007	3.7533243891640237E-6	0.24997907585538615	0.08333873759929786	
0.08335867616661209	2.570871535405256E-5	0.0833449030929006	0.2499504167019315	0.08332789176161343	
1.4884953622560253E-5	0.08334553536289979	0.08330966132909795	0.2500004390804316	0.08333528054501159	
2.1135209126100076E-4	2.0512472834750242E-4	0.16656617539217752	0.2497607693910209	0.08326440829432372	
0.08336475409949748	1.918561162926618E-6	4.764114431896232E-5	0.3332647301526467	0.08332801161236884	
2.3506635449784343E-5	0.08337280996561582	2.36547787561245E-5	0.3332874382825516	0.083327734551166	
7.440717713170672E-5	7.727967814140668E-5	0.08336471987354087	0.33318629173441716	0.08332673052126263	
1.9025609997191031E-6	1.6131939580830556E-6	1.0796774006330843E-6	0.416688031650984	0.08333955597198937	
0.33334711076231693	1.4835698609730183E-6	3.3936969688126445E-6	2.0212135594265623E-8	0.16667507745271648	
0.2500057017369939	0.08334866194670408	1.4126988939029967E-7	1.054980244946759E-6	0.16667859028029092	
0.1666694424602202	0.166679435319799	7.814981064530146E-8	1.6342547485775282E-6	0.1666756725895992	
0.08332787423245713	0.25000892102919475	4.279644353301866E-7	2.2347273005674888E-7	0.16666950037703063	
1.5483789088664785E-5	0.3333347971999581	3.3769028190996407E-6	8.982963730454199E-6	0.1666810501328308	
0.2500155530342974	6.490181772998811E-6	0.08335745239265178	5.090944567352274E-6	0.16665018433732168	
0.16666867556761503	0.08332476416906086	0.08338190699084608	8.934252698209857E-6	0.1666481484340449	
0.08333571030045028	0.16669553528545042	0.08331951561616847	2.4849954838743203E-6	0.16667688632225958	
2.718148919436574E-5	0.24998630133600055	0.08333317149303764	5.428470509689405E-6	0.16667553068023577	
0.16666974849951585	7.417679878621788E-7	0.16668278783120863	2.0212213815071024E-8	0.16667572248395218	
0.08333968044702565	0.08333421804242606	0.1666690978433196	7.601143924693079E-6	0.16667425019202656	
9.575829778158976E-7	0.16667931808532552	0.16667580602500354	3.067030715448183E-6	0.16668037949827302	
0.08328856009785267	5.876706542853778E-5	0.24999874004847597	3.7362511417119073E-6	0.1666776719508675	
3.5510138994041415E-6	0.08334398690097777	0.24999936325499128	3.7571332948570752E-6	0.1666781461169303	
1.6288919095985673E-7	1.1977180475371336E-6	0.3333500932120469	7.907333691401577E-8	0.16667842908516542	
0.25001975844198604	1.1913827276374137E-5	4.187099285120089E-6	0.08332139788593775	0.16667357633288693	
0.1666904186736141	0.08333036497584768	9.182668060021526E-7	0.08331673190036813	0.16667221318477793	
0.08334744296640323	0.16667699381514034	3.318264011902854E-6	0.08332293789102874	0.166676025327195	
1.1517018635750268E-5	0.2500144707752442	2.5328116134303425E-6	0.08332308713193591	0.16667529568152994	
0.16668110421041682	1.182163780747373E-6	0.08334810361601352	0.0833236169994492	0.16667746559327948	
0.08334356349951315	0.08333799551761652	0.08334768884241578	0.08332317308234993	0.16667915780687612	
3.090798721436748E-7	0.1666665035369649	0.08336135907043599	0.0833230227596816	0.166676325393141	
0.08332752894382311	3.660762164666097E-7	0.16670090446154967	0.08332048241175562	0.1666763363257568	
1.3731165067141726E-6	0.0833265922948223	0.16670084374809904	0.08332306076364318	0.16667903508024076	
2.2904931318279542E-8	9.81751302895126E-7	0.25001220635981514	0.08331636604136813	0.16668329841806828	
0.16668449407283237	3.544747628132745E-8	9.69894752155968E-7	0.16667020160917875	0.16668819134110277	
0.08333850653071717	0.08333306921977127	1.185964193342434E-6	0.16666730133320004	0.1666706442002285	
6.9793316667007365E-6	0.16667345566104105	2.6944853269578573E-7	0.1666778336912487	0.16667989012266657	
0.08336135740517579	1.4496138642504485E-5	0.08330915007778314	0.16667004934056345	0.16668024869436646	
1.9620636527955992E-7	0.0833354435663171	0.08334377265085813	0.16667629483449947	0.16667822822318512	
1.336563108287651E-9	1.4984886021654358E-6	0.16667748920618616	0.16667583864065938	0.16667779284445502	
0.08334743060797468	1.1190724867137392E-7	1.5743568523433776E-5	0.24999420900961086	0.1666798817184213	
8.53083997597594E-6	0.08334439427970997	8.653097690877008E-6	0.24998908737078207	0.1666764356219172	
7.440984081225694E-6	7.650183918077888E-6	0.08334488057321238	0.24998426978481086	0.16667274182994346	
1.0526839854602215E-6	6.244685339394E-7	1.8371977455312696E-6	0.33335007498336794	0.16667944957646375	
0.24988555279845157	3.5697919812257706E-5	1.1705369924726106E-4	4.737556697995236E-5	0.24994582785753325	
0.16655203856160947	0.08340109591251527	1.1713489955114151E-4	1.8535355226534603E-6	0.24995418355167778	
0.08331877553474291	0.1666619735563332	5.000932461802348E-5	1.825151183528444E-5	0.24998399080235273	
4.767098083508681E-6	0.2500945150494443	1.3614656087713798E-6	1.3164384228304855E-7	0.2501065676481331	
0.1666846900802498	4.302374583666554E-6	0.08331479915758785	2.1250249325204587E-7	0.2500248286749744	
0.08334931611265974	0.0833299429311757	0.08334654255048815	4.5881317325203084E-8	0.25000875493511804	
2.702886032262984E-6	0.16666720191306797	0.08335333963282912	4.3274508416917485E-6	0.2500083681785116	
0.0833374922833662	3.5938636894193076E-7	0.16667785823364514	6.214240552635907E-6	0.2500231980779371	
3.3014635628835935E-5	0.08335728592503819	0.16665577632352715	3.7715880029478095E-6	0.24997914377307406	
1.9676272776879142E-7	1.210483816577835E-7	0.25001855960121067	5.7216999673884825E-6	0.2500067808867118	
0.1666810663117722	4.302159829018861E-6	1.3518194909609298E-5	0.08331438330207852	0.24999510939217148	
0.08334077928309501	0.08334443200205925	2.5490623193311197E-6	0.08333112906789222	0.24998926878728095	
3.3377585934336445E-6	0.1666810890073637	8.888406859416595E-6	0.08333356283371478	0.25001289088915635	
0.08330440928625825	4.9807409423399236E-5	0.08331312547601906	0.08334533341813705	0.24999451095005876	
3.7737414848894364E-6	0.08333952619571318	0.08334751342676648	0.08333429717580894	0.25000263504352405	
2.79751388863371E-5	2.7104003637073888E-5	0.1666356167017523	0.08333415855880344	0.25000237989298363	
0.08342502666398395	1.187427009161004E-5	2.3404203570951686E-5	0.16661587002827424	0.24995205465869053	
2.2005494497501246E-5	0.08333363229413192	2.338203698044654E-5	0.16665126563243465	0.24999987343649277	
1.4598172577467619E-5	1.3358603342356949E-5	0.08334243260973584	0.1666449349872616	0.2499956381651157	
8.600822053156457E-5	6.874684900430177E-5	1.8253056278064357E-4	0.24994132896185633	0.24979005604344792	
0.16667383336687058	7.009104157963267E-5	2.704989022168609E-5	6.301012869939387E-5	0.3332110538116781	
0.08333429493913068	0.08332886937210247	8.616396384847499E-7	1.0488572271759394E-5	0.333335059167941	
1.8456703107816764E-5	0.16668138050112383	3.519829929364715E-6	1.5742773452892048E-5	0.33331520698548134	
0.08337509427163144	7.072343171113293E-6	0.08333444330186901	2.3960156245309142E-5	0.33330255656569896	
3.1177968687559253E-6	0.0833002450975453	0.08340331881485306	2.6252662533454618E-5	0.33328641720396346	
2.422116711713565E-5	1.5757465268649978E-5	0.16666692436475772	2.5906212887937184E-5	0.3332875591266747	
0.08333710438839612	7.768139441611792E-6	1.2926320075941475E-6	0.08333841473954681	0.33335639040602283	
6.562674471870443E-5	0.08334597136421622	2.029210808463538E-5	0.0834200052316511	0.3331833967708317	
1.1266919948868441E-5	8.724498973084711E-6	0.08333871137965597	0.08334646334972526	0.3333503172378934	
8.879385768584528E-5	7.131242870731163E-5	9.037925432318188E-5	0.16665132227435495	0.3331206142577494	
0.08337775282349619	6.122352452060317E-5	4.0915354457664413E-4	2.5340101608739904E-4	0.415914659051092	
3.3793059988502575E-6	0.08336276493128454	2.2276148319382755E-6	6.767349235989359E-6	0.4167704551601046	
1.8880786753195905E-5	1.8685992310371624E-5	0.08333219186055034	2.7788621522405586E-5	0.4166297369138275	
4.599539291877053E-5	4.6456330146597605E-5	6.890240276667238E-5	0.08335387924466287	0.41652399264753887	
9.523813016945883E-6	9.512352282444652E-6	1.8741865523884716E-5	3.592226214874359E-7	0.500004781987694	
