0.5003697468607208	6.788035941517151E-6	3.891015464053374E-6	2.209426198725063E-6	1.1701890456580208E-5	
0.41677685943921905	0.0833082667104762	3.6203140567894496E-6	8.340167177188092E-7	1.3320672151295922E-5	
0.33336540081654914	0.16669863735142026	5.2810436168409E-6	5.978921578826616E-6	1.7548879934984688E-5	
0.2501255934438947	0.2502484049952002	6.224093479855362E-6	9.80061764054647E-6	1.8293784759249804E-5	
0.16672558835568604	0.3333460738783241	2.697452282371965E-6	4.275729294312056E-6	2.9377497469249766E-6	
0.08336280788848195	0.41672212650175994	2.790086222567014E-6	9.588482696229012E-7	2.8214287290776773E-6	
1.3737601788108537E-6	0.5000922671015147	5.305565405619475E-6	1.859863573270138E-7	5.060742024940629E-6	
0.4167103738138035	5.357368017954416E-6	0.08332936768814442	2.3674585609758127E-6	3.513500098413188E-6	
0.33336295518004794	0.08333862260329138	0.08335026675749993	2.693448181872819E-7	1.0059009574574621E-5	
0.2500601948524858	0.16662190609446856	0.08337997237143242	5.985244482028108E-6	7.547533492521812E-6	
0.16671851345365546	0.2499742943880478	0.08335070653417309	4.323582885484923E-6	7.590433691794606E-6	
0.08334282795765136	0.3333763787289417	0.08335991478265904	2.991099515064788E-6	8.051578731345011E-7	
1.839623904165582E-6	0.4166954539653279	0.08339360982917934	8.35871006135175E-7	2.7012920708106856E-6	
0.3333880877507954	4.348757914379472E-6	0.16668052207774992	2.332633430158222E-7	2.2910816582095874E-6	
0.2500454062719714	0.08335019749718972	0.16668347004427064	1.0221504233067572E-7	1.0328950376705044E-5	
0.1666857616208291	0.16673306400931504	0.16667536455815798	5.557047541322944E-7	5.867712213232375E-6	
0.08339661064951073	0.2500541070604734	0.16664761793429494	5.1522546882034E-6	4.964229821316827E-6	
4.105632421929747E-5	0.33341513837920445	0.1666494331262082	2.8291450138680617E-6	2.8660179561861805E-6	
0.2500428680545497	1.8136659084936437E-6	0.25003846219127535	6.456123778461408E-7	1.2596000318448993E-6	
0.1667106665725867	0.08333780452224887	0.2500313656664139	7.551338124855517E-7	1.8524605471721567E-6	
0.08333114314094812	0.16669654467971465	0.25001845575752224	4.640237821716243E-6	4.1412370324317987E-7	
2.264892749544079E-6	0.25000306299343383	0.2500627957894068	2.409560534832156E-6	7.67524871876959E-6	
0.16663187241998265	8.489053532273384E-5	0.33332790521496264	2.8679645148817614E-6	2.2067359728639444E-6	
0.0833711369431668	0.08336539190970547	0.33336742448773327	2.800729300177869E-6	2.856766768147684E-6	
5.262372529635001E-5	0.1668883867609985	0.33315193352293226	4.973166788291135E-7	2.8566907215749437E-6	
0.08336191534750313	1.8306367718755924E-5	0.41671702322388476	3.2767391503689835E-6	4.557403030348014E-7	
2.6541075643298664E-6	0.08336944523514936	0.4166749031649061	2.703521748162307E-6	2.71740857830287E-6	
7.079435044838335E-7	2.056409538747264E-5	0.500074039057775	6.577545453565897E-7	4.258031796237554E-7	
0.4167407946841947	7.395461159208291E-6	3.673465411312064E-6	0.08333567181775506	5.841642579639597E-7	
0.3334001469450334	0.08335048641303465	3.663882520856611E-6	0.08333034638603305	6.69168467243718E-8	
0.250032466073785	0.1667261270100026	7.782950699505474E-8	0.083331721922336	7.493992079570244E-6	
0.16673112855597125	0.2500547242676317	9.339395607964065E-7	0.08330383064942841	9.682634475657154E-6	
0.08330896810524578	0.3333898984323519	8.39371496617218E-7	0.08337977876448488	5.69121125128793E-7	
2.6881970805423674E-6	0.41670295994619055	3.81981506076298E-6	0.08338172497931698	2.5663887872999596E-6	
0.3334188707989359	5.88283429145183E-6	0.08331914560232088	0.08332822295300901	1.8234046647791765E-5	
0.2500579672710495	0.08335449878414203	0.08331558552362493	0.08333044284921347	9.467940858260016E-6	
0.16670432173073518	0.16666638063525313	0.08336366641489487	0.08332637462875842	7.624875658215697E-6	
0.08336404147298684	0.250017100858454	0.08336374072201108	0.08333921285070976	8.034186017328326E-6	
9.643463237452521E-6	0.3334186777633978	0.08332157317610585	0.08332688090407166	5.155574022558222E-6	
0.25003357479347127	3.6604020634215595E-6	0.16669292582260914	0.083331393609449	2.8849675781409296E-6	
0.1667135879247053	0.08332303702662976	0.1666917939368851	0.083316435595327	3.149407708197704E-5	
0.08333308389687823	0.16670380354994377	0.16669797800607947	0.08333355654689967	8.114440656615123E-7	
9.231105263468295E-6	0.2500332736727019	0.16670151591927576	0.08333887318602061	6.069321558338869E-7	
0.1667145587328008	6.080665740124046E-7	0.25001253391485206	0.08335271756163418	2.917148966529176E-6	
0.08335727509795304	0.08333674028887705	0.25002778016708815	0.08333462672454034	3.309058218169165E-6	
2.935006285794563E-7	0.16669532735764597	0.25003013755351494	0.08334402755679181	2.7314376858313605E-9	
0.08337629018007336	1.8318921358485396E-5	0.33334773947070845	0.08334641728038865	1.5997123242415483E-6	
3.5625214401988177E-6	0.08339212002917629	0.3333563159566774	0.08331733621899931	2.2303192853039273E-6	
1.0634574922317987E-7	1.1796484780289107E-7	0.4167630381677178	0.08332138097186112	8.099273537386498E-7	
0.33337156290306585	4.216213557757492E-6	3.025885898647273E-5	0.16663774569367698	1.3349425368078296E-5	
0.25002283507457784	0.08333098279009894	1.7832539285613084E-7	0.16673110950007028	4.660355834367678E-6	
0.16670623968376505	0.16674792022367688	5.555213048524699E-5	0.1666011052165423	6.643052474845769E-7	
0.08345493977605027	0.2502378886004315	1.8230541603710706E-6	0.16682239777337518	3.0394413776187945E-6	
1.0992437445686708E-5	0.3333936392865905	1.090107312149438E-6	0.16667434855493804	7.944249293396068E-6	
0.24994257387068888	9.327354175524067E-5	0.08334201652087755	0.16666731788252345	2.7737796236760592E-5	
0.16669962878089514	0.08335060459909369	0.08334681165548401	0.1666769071900193	7.921830370206092E-7	
0.08333848662317224	0.16671515687972388	0.08334121526884132	0.1666725262008181	8.106263012827826E-7	
7.12326624623618E-7	0.250059407670534	0.08334359023182575	0.1666769552265965	1.1418772825694687E-6	
0.16664887206796283	3.7567412401222073E-5	0.16671179895273103	0.16667420996326826	1.337432241664473E-7	
0.08334978225054006	0.08332885910856598	0.16668125567833506	0.1667096045633421	1.6103865820569798E-6	
8.967924784315904E-6	0.1666819190109481	0.1666994982608422	0.1666702891974383	3.150486789771727E-6	
0.08334865525881839	1.9388905514245947E-5	0.2500335520286915	0.16667588859236374	1.3374457113708814E-7	
2.8009769425903127E-5	0.0833937315497247	0.24998770437418774	0.16667227649482513	1.810918579335292E-6	
3.0768762289160544E-8	2.9419852053190866E-11	0.33341141599552626	0.16667693714576465	2.526813254975897E-7	
0.25001184792875897	1.2971203031143843E-6	2.599344662270712E-5	0.25001508125009514	9.505743105839728E-6	
0.1665958944152633	0.08344622928463774	2.0884272811506115E-7	0.2500169742976777	1.7290900644083145E-8	
0.08329793681407786	0.16672563211713892	8.792969993214028E-6	0.2500269750130837	7.960941616441496E-6	
9.233627836563732E-6	0.2500732645199643	4.3464934622125545E-6	0.2499721467131911	3.257543670760091E-6	
0.1666694812766019	2.6954354065526657E-5	0.08334961129983201	0.25001788349452075	1.6886682499966337E-6	
0.08334249676815991	0.08333704788764312	0.08334786320192361	0.2500217149663511	3.243975263503343E-6	
1.7492188863774064E-6	0.16668923695703827	0.08335859476770918	0.2500440857316616	1.8082777147555887E-6	
0.0834367669313735	8.872120580066322E-5	0.1666279151210789	0.24992958785981886	8.016358634558426E-7	
1.0972077293810139E-5	0.08334036549962444	0.16680453097400844	0.24998891299274098	3.2779072984927144E-6	
1.2571346659796923E-8	1.256557940733176E-8	0.2500512092949841	0.2500255719379628	1.2222470281465655E-6	
0.1668287767060471	2.3819325280912584E-5	6.4079321188332576E-6	0.3335441728696376	4.860181493763883E-7	
0.08334912565896196	0.08337317146786911	3.0056539723496942E-5	0.3333312017139853	5.8369052116058856E-6	
5.75085910191245E-6	0.1666846493140851	5.507020772557476E-5	0.33332190058041894	5.131473302190922E-6	
0.08337472644851567	5.316004252704344E-5	0.08330274072618471	0.33330605852114986	7.641129532177494E-6	
1.0064432410250934E-5	0.08333757194787253	0.08336489596181686	0.3333286038697056	3.125494006364888E-6	
2.6861440335158896E-6	1.9800788894165508E-6	0.16668916948082727	0.3333745670050418	8.082974230406314E-7	
0.08338213010431743	5.846383546309601E-5	4.086187451613326E-5	0.4166129721017018	3.093841026869006E-6	
4.015153748751533E-5	0.08335620119470204	1.9561495256028965E-5	0.4166509766938406	7.910036230637299E-6	
1.2653845277146724E-5	1.6118138409632304E-5	0.08338427005570277	0.4166340233394535	4.604536569868545E-6	
7.426061941319921E-9	1.1543381976649854E-5	5.721198356096154E-6	0.5000459609588349	8.061567803217502E-6	
0.416707877842934	7.447133775944333E-6	3.6520057098539958E-6	4.920129721163212E-6	0.08334892499975528	
0.33335135743998817	0.08333706480501399	1.4514194660707187E-5	4.001665192100461E-6	0.08334552951352828	
0.25001576778479895	0.1666779735321616	3.0858036995237282E-6	3.409326281472557E-6	0.0833388449352778	
0.16668702467779742	0.25003870863451433	2.0960488367051313E-6	1.3998160375094022E-6	0.0833499486334775	
0.08334723047495096	0.3333895472586492	7.912977420690015E-7	1.9150443258219147E-7	0.08335224201292793	
1.1952729175263862E-6	0.416765694753927	1.1834872381357636E-6	2.9167450947644964E-7	0.0833567580854163	
0.3333893514132807	4.282180123209039E-6	0.08331252579411301	1.8397863086080432E-7	0.08334496716860655	
0.25003767411028244	0.08334734517829134	0.08335917512730893	1.9178357347431678E-7	0.08335257391497007	
0.1666788678884849	0.16665912886630424	0.08340997117721709	9.551460608592716E-6	0.08335563706962991	
0.08334158683421565	0.25004055058081726	0.08336164255598784	1.5050257751990252E-6	0.08335215104181928	
9.096644694378931E-7	0.3333666042112519	0.08335866489432553	4.3606165027533516E-7	0.0833483815145915	
0.2500398956244441	4.954041896988923E-6	0.16669800975035004	1.4641714265385918E-6	0.08335255728871434	
0.16671138816041403	0.0833217663903534	0.1666894906264337	1.4902870016113508E-6	0.0833485194850541	
0.08333658598058759	0.16670822510255864	0.16669724032662442	5.521257323253721E-7	0.08335255288457387	
4.089689480355601E-6	0.2500454944147415	0.16670106924400066	7.012383518483974E-7	0.0833532962043032	
0.16669956940589198	1.3385829324554478E-5	0.2500160873134145	1.8274241475667088E-6	0.08335116806980282	
0.08335802398155259	0.08335268345819363	0.2500334701547614	2.39813843020207E-6	0.08333888869548536	
1.3939509967127317E-6	0.16669524907463357	0.25001236825071593	4.161343460508997E-6	0.08334531536278371	
0.0834094547623836	2.7823350627172527E-5	0.3335221506640844	5.330080078953607E-7	0.08338169815892227	
1.4539203422384834E-5	0.08337027099876178	0.33337484299357834	1.0032366191272793E-6	0.08334176456756623	
3.278809453545261E-10	1.3248217796121427E-8	0.4167470363498384	2.3483276147136062E-6	0.08334615182887219	
0.3333848325154534	4.282412888793381E-6	2.96368539982284E-6	0.08332333230681445	0.08334723280276331	
0.25000975316415974	0.08333843487404045	1.404947686092227E-7	0.08335889288748526	0.08334514065240133	
0.16670571687936975	0.16668711912236728	1.9084248527680316E-7	0.08334369801261378	0.0833509167960767	
0.08335152760322465	0.2500055140700791	6.769084036471815E-7	0.08334690235794362	0.0833522034938187	
4.3177689348995443E-7	0.3333881981536411	1.4495027423668667E-6	0.0833538034404286	0.08335363798759181	
0.25006967932298	2.3129523924592206E-5	0.08329406078494166	0.08332303217117272	0.0833537630092475	
0.16670541795726976	0.08335292063439095	0.08334353733409824	0.08333921170033005	0.08335191337334587	
0.08331896506578455	0.1666755595964498	0.0833866904608504	0.08334070430180252	0.08334805085219615	
7.32647736879283E-6	0.25002841548557564	0.08333685343164192	0.0833485224676851	0.08334822693070303	
0.1666927603365389	2.1373707326006478E-6	0.1666896899323229	0.08333571922791305	0.08334775878662774	
0.08335279629441975	0.08334339634014945	0.1666919628326194	0.08333603743516385	0.08333439463691203	
2.857208288139957E-7	0.16670960823473782	0.1666827731213001	0.08333696365233555	0.08335013559558752	
0.08335940957549502	5.586648972527238E-6	0.25004015619859543	0.08333995030944148	0.08334601960854601	
1.4387932938014107E-5	0.08334895138759581	0.25002899026770214	0.08335348016374487	0.08333847627959558	
4.823671025039953E-11	1.2007177254151883E-8	0.3333938041162697	0.08335526600654854	0.08334657917616121	
0.2500079841349243	1.3046231600412553E-6	1.9838438493596084E-5	0.1667010024034049	0.08334968253966996	
0.16668034725674322	0.08333966095460395	1.2009083982103614E-7	0.1666971643756886	0.0833472672507275	
0.08329153617461084	0.16672191694573998	4.203376698162685E-6	0.1666940732167983	0.08334629620844203	
1.1304392867954093E-6	0.2500192561948656	6.31349149585577E-7	0.16669632314760222	0.08334741714135155	
0.16670187479707915	9.673198182208175E-6	0.0833073201514076	0.16669269516547144	0.0833462317651169	
0.08333961878790364	0.08334227461835994	0.0833423469978931	0.16669612456036154	0.0833479025611587	
3.255703099612635E-7	0.16667384042041944	0.08334013011052713	0.1666924740764039	0.08334505954121194	
0.08337295032399794	3.5785599767497945E-5	0.166675352366388	0.16667032683697072	0.08335479810120346	
1.6687126119855873E-8	0.08325508842209538	0.16676269251900572	0.1666972571550497	0.08336433490789963	
1.075802123736507E-9	2.827653756377324E-8	0.25003337769818146	0.1667047651579538	0.08334441214838924	
0.16668571272743463	6.52174460814974E-7	1.3302731377398608E-5	0.25001618605995596	0.0833470350567566	
0.0833488123303374	0.08334254895439798	5.820556045075756E-6	0.2500124792203376	0.08334579664171186	
1.9318090487017687E-5	0.16670484714552147	3.4266093311962744E-5	0.24999657112384419	0.08335499176985404	
0.08334240869836931	7.720408741277718E-7	0.08336103105560282	0.25001220327041956	0.08334721921386909	
1.1787745197128946E-7	0.08334079693141352	0.08335876034138624	0.2500053782167995	0.08334500134932048	
2.217348085795267E-10	2.0509960372058104E-8	0.1666556562748236	0.25004550461903313	0.08334585355353294	
0.08334981719835861	9.938858408523576E-6	1.9477878464210225E-5	0.3333543347446698	0.08333971654913963	
6.399844980970807E-6	0.08334606104366678	2.654656326095862E-5	0.33335342925305295	0.08333798121266861	
1.3797680457318084E-5	1.435670108967499E-5	0.08334608813831369	0.3333317904208627	0.08334651194713959	
2.114985202339127E-7	1.8088390240494378E-7	8.963034873078626E-9	0.4167117629341008	0.08333558911470283	
0.3333702774954544	3.5645491449695104E-6	3.634972001999552E-5	4.419450158233026E-6	0.1666603532369353	
0.25028216953964355	0.08342892197025732	1.4243493121282222E-5	8.881204218850633E-6	0.16682147148888338	
0.16665036374547437	0.16672822899497455	9.50735401424645E-6	8.915207421238676E-6	0.1666515157359707	
0.08340894746870885	0.24997790156615135	9.582103284387306E-6	9.158842453702174E-6	0.16665655149994074	
2.021044160268606E-5	0.3333896702370792	2.7025982380139866E-6	9.07153762789895E-6	0.16668126584748943	
0.24999167667124145	3.3416305148080926E-6	0.08336836921710274	8.075852279413659E-6	0.1666720638875479	
0.1666697764217341	0.08335010646747601	0.08338566497521956	1.4103965132035626E-5	0.1666636936650775	
0.08332677071655842	0.1667010683391666	0.0833868964481075	1.308841304304143E-5	0.16666857681501046	
3.3628260684387854E-6	0.2500158257296282	0.08339802188518736	1.2762831050214296E-5	0.16666874598701098	
0.16667162595024104	1.9660057889402813E-6	0.16672708302068134	6.696507453496013E-6	0.1666583275515136	
0.08335497443265764	0.08334998580913207	0.16669742517966335	1.0362208838246617E-6	0.16665757485191865	
4.100786207165864E-7	0.16668472170237042	0.16674282239394267	1.4103405143847143E-5	0.1666915075662431	
0.08339558977799968	3.45067940542403E-5	0.24999002431075099	3.198056022657846E-6	0.16666747429605833	
1.3620409714070584E-4	0.08329150195191634	0.2500625858335463	8.030401264355903E-7	0.16657688186831077	
3.311307691669345E-8	1.7097249475583125E-5	0.33341808720649807	1.0118496175812033E-5	0.16669321130297396	
0.25005627342343334	5.256465800862023E-6	1.081036118773997E-5	0.08333804886893438	0.16665984007141765	
0.16670258995847714	0.08336663645727606	8.820234765868641E-6	0.08333995991860134	0.16666364323739552	
0.08332854132529849	0.16670237818497527	4.192062830735436E-6	0.08335810242033931	0.16666804843626318	
5.967912028260587E-7	0.25002720762997205	4.268158847335102E-6	0.0833570859772837	0.16666635321267487	
0.1666860113141968	3.552211986330745E-5	0.08331307275645229	0.0833615526152929	0.16665411993660867	
0.08334726305946545	0.08334191166866002	0.08334427838612876	0.08335755973281064	0.16666714515788036	
2.8181973889133317E-6	0.16668250786947889	0.08334570529168898	0.08335675084967958	0.16666570049416374	
0.08337687254453509	3.455290188539718E-5	0.16663542004202347	0.08336541525200564	0.16666209806346466	
9.107150934462605E-6	0.08340089150782361	0.16663256967278253	0.08336398925136704	0.16665924723788486	
8.637131136232869E-9	1.4604547517763368E-10	0.25004273750947825	0.08335452859071117	0.1666689829237415	
0.16669761123580693	3.5049123678424193E-6	2.794481578548745E-5	0.1666982393945898	0.16666827726952863	
0.08336081812646974	0.08336238568856626	3.3145846127867256E-6	0.16667166813468612	0.16667038522726738	
1.9280396362160126E-5	0.16670119084142385	5.3481406869280085E-6	0.16667094247911232	0.16665532076294223	
0.08336301122864628	1.1221198927718319E-6	0.08336452882821765	0.16667476129939646	0.16665881791828527	
3.117682350473578E-6	0.0834207809525211	0.08342271600338252	0.16681654093530499	0.1667912712125971	
2.9234623265029442E-5	2.90529360322034E-5	0.1666699765764168	0.16667243576994276	0.16665728570976357	
0.08335562062247028	8.569767736385403E-5	2.913948558625262E-6	0.24996967971590883	0.16666550067336414	
9.619126216885976E-5	0.08332374695135866	3.163504532734166E-5	0.24999184331713004	0.16663567529551163	
7.631047394065286E-5	6.981515715009095E-5	0.08335567457171728	0.24994524005000068	0.1666366714441434	
1.6527679421810438E-5	1.668146187469692E-5	1.3696752915352361E-6	0.333357394931633	0.16665543180832584	
0.2500347531622974	2.6463858892533896E-6	2.6656629201182152E-6	4.783589667520276E-6	0.2500439134700924	
0.16667587912466203	0.08335318921591293	2.2373273547142136E-6	4.755890947942217E-6	0.25003301454986643	
0.08335235603836298	0.16669744436662323	9.964156688200314E-8	2.236411519502561E-6	0.2500512196898343	
5.626794566035977E-5	0.2500204793422729	4.2220067309825884E-5	2.6663320932775352E-5	0.24995963371009838	
0.16670487766671377	3.394874755728303E-8	0.08335547621221026	1.4257569124375177E-7	0.2500596310610602	
0.08335105784261787	0.08333996932364732	0.0833485057852912	8.24472801652605E-8	0.2500386892288343	
1.3834700699960264E-6	0.16668394527441577	0.08334565639872224	6.810240438378808E-8	0.2500301271098805	
0.08340237160848123	2.956460796973902E-7	0.16661672171192954	2.5742703358527243E-6	0.2500314679918152	
7.898708657995843E-5	0.08335340321160911	0.16667420888536227	1.3426141646770334E-4	0.24982662513191697	
3.681784563060631E-5	3.347884256555436E-5	0.24997560252077392	2.032696294929143E-6	0.25004243790024044	
0.16669197408403963	1.2454128084095311E-5	1.8460096038616566E-5	0.0833528774941482	0.25003625266596846	
0.08334814760305323	0.0833759451908129	2.5278271230064268E-5	0.08329387911930226	0.2500429699937986	
3.188248590136798E-6	0.16668661093739723	2.7272843608538204E-6	0.08334031835059054	0.25002755845450936	
0.08330029276179665	1.432372168394502E-5	0.08339405311172149	0.08334593557998134	0.250049339735673	
9.914028613908789E-7	0.08330986827404792	0.08339128933677648	0.0833465391304028	0.25004349300919976	
5.318118378884075E-6	8.560068630816909E-6	0.1666934887062721	0.08334738228317828	0.25001437979977215	
0.08329365727943787	8.178304783720432E-5	1.2580892638849928E-5	0.1667096072717211	0.24998832216202602	
6.385417997646809E-6	0.08328514597666166	1.732915531976772E-7	0.16671565934810811	0.2500892535531211	
8.440199536242613E-6	8.422621977066645E-6	0.08335759512734331	0.16667586430097284	0.2500099552208298	
7.363575355149816E-7	1.1467264164173106E-5	1.0791760553395706E-5	0.25002279858447407	0.25001358510617594	
0.16666937010588523	2.255082509910567E-6	6.807711026758615E-5	2.8820429993611232E-5	0.3333182918634366	
0.08335252144015576	0.08334861213132816	3.4114581999696245E-5	2.87890565538473E-5	0.33330831959966195	
4.199099811189242E-6	0.1667435907680718	4.969749415414709E-6	2.2412742221374776E-5	0.333328416770554	
0.08336060566917537	9.32264026212306E-7	0.08337304453741928	2.775885154740924E-5	0.33334605312826937	
4.1393065117758585E-5	0.08336337867816598	0.08336102103834649	5.141561596015601E-6	0.3333229437391038	
1.9291616301549198E-5	2.310462165644609E-5	0.1666845849373112	2.9062141707271254E-5	0.3333224346766826	
0.08333771739433629	7.363558897604172E-6	8.116441765596154E-5	0.08332858589386252	0.3333205005585603	
6.39546962650168E-5	0.08332524961053084	5.610632270655424E-5	0.08331673452827673	0.33330217828172076	
3.133770807537686E-5	3.212126919820824E-5	0.08336690534693468	0.0833327640926144	0.33330520588574936	
1.4339324948264238E-4	2.339563560486698E-5	9.88885043730151E-5	0.16661805192518409	0.33320129877059473	
0.08335090524137137	4.399330147837594E-5	1.7128007789020825E-5	1.388717718097888E-5	0.41668279944388953	
1.548744521363103E-5	0.08348400333010482	5.647603243307311E-5	1.1257629084836446E-5	0.41692756318745805	
1.1667510480724236E-5	1.1810503434055804E-5	0.0833776825407471	1.4376374418822567E-5	0.41663081305006294	
3.7346256568616915E-8	1.2879419106489893E-4	1.1672708494777713E-4	0.08344808703456591	0.41636892781641216	
2.2813093145038103E-6	2.3220188723152096E-6	9.520141007475863E-6	1.4713478042981585E-5	0.5000324059871754	
