0.5000575117201573	5.31860917436197E-6	1.1912718604469248E-6	4.006168825769008E-6	7.021246464235962E-7	
0.41673058138285163	0.08331879764948132	3.852041047382252E-6	2.183300735690359E-6	5.411162313859969E-6	
0.33337791484904133	0.16670526251052187	3.834192351882873E-6	1.1437394383110693E-6	2.342518159505584E-6	
0.2500221745277979	0.2500266772762452	3.7528035824508227E-6	5.476693294480535E-6	2.0706763014169997E-6	
0.16667982288385208	0.3333689185454886	5.893715163822216E-6	1.9254393943934694E-6	5.417658683764496E-6	
0.0832733832039068	0.4167749796252648	5.8753328246169804E-6	1.9673393039632304E-6	5.2488566135575636E-6	
1.0075431682632095E-6	0.5000856531468022	2.104624135162136E-6	1.1235493259592475E-6	5.405530544267993E-6	
0.41669393031373847	1.5248928468988787E-6	0.08336155583688387	1.1664668727463125E-6	3.9043549954758705E-6	
0.33336217063143636	0.08333384036421003	0.08336167449424277	3.8417204173515134E-6	3.8071776377287395E-6	
0.2499976812916697	0.166704825968326	0.08335661967870944	7.540570537517757E-8	5.388870810384118E-6	
0.16668163818794715	0.25001388423230947	0.08336156457623609	1.0741111301480903E-6	2.195430855415707E-6	
0.08336733511517917	0.33332559007892604	0.08336172754064726	2.342788838651979E-6	2.0925622996750944E-6	
4.748373105596048E-7	0.41663079830193755	0.08342013749297253	2.2737270948200865E-6	5.645284904329942E-6	
0.3333709912265431	3.592378352356781E-6	0.16668556510548002	6.126033417744375E-7	1.5948835995005229E-6	
0.250041758431609	0.08333070714268123	0.16668449999882565	6.912556148987411E-6	5.216561506170175E-7	
0.16668904128524537	0.16668908745672345	0.16668736208262983	2.092914359469847E-6	3.1541311366984772E-6	
0.08335755177587506	0.2500425221901779	0.1666867302948003	2.8112418606840734E-7	2.2796166704859715E-6	
3.865127708736018E-6	0.33337336380973515	0.16667118434001113	8.858672246383892E-6	2.1886310688738785E-6	
0.2500371556172025	6.272751740993568E-6	0.2500338182801031	9.73704648125349E-6	1.5800535620823253E-6	
0.16667576457881178	0.08335415347008963	0.25002030847931234	9.554289251239951E-6	1.5921085652492443E-6	
0.08338305429558314	0.1667573446982575	0.2498711504800306	2.3913739232976573E-5	2.5486713157408425E-5	
1.1386414116893637E-4	0.2501894111167615	0.24996496539055327	1.762125458473517E-5	3.836291431580332E-6	
0.1666540335998138	9.06211703858523E-6	0.3333925424889953	3.394939302565246E-6	3.7162462216281816E-6	
0.08334025310302537	0.08333742022353596	0.33337789112744093	3.590977501494288E-6	7.764066551480967E-7	
1.3703944798342383E-6	0.16665993016627653	0.33337859536360587	1.0284657892339116E-5	1.188712227692058E-5	
0.08349525561763184	1.236948750919358E-4	0.4163817254829234	3.935789762069996E-6	6.575325950864039E-5	
6.364999362890297E-5	0.08335825643904247	0.4166143079347896	1.455105151572987E-5	1.189223599891541E-5	
2.1177439955164365E-7	1.4415759422679595E-7	0.5000563005979988	3.792191777435512E-6	3.3100241129371E-6	
0.4166908197062953	3.0449402499725982E-5	4.683573971273205E-6	0.08333767169298939	1.2998717335564495E-6	
0.3333815414079571	0.08333864992837837	1.6558826051796157E-6	0.0833357010200896	5.058407991971247E-6	
0.25001050877311176	0.16670736295085847	2.863804722681286E-6	0.08333847034314723	9.04963713433315E-7	
0.16665071797746098	0.2500627219785322	9.591058268248496E-6	0.0833316681613745	5.522212551383605E-6	
0.0833514661541871	0.3333808754639601	4.996164870574612E-6	0.08334016701382317	8.854880889511909E-7	
2.468636942126366E-5	0.416717674361724	4.295283573827937E-6	0.08330199541086589	1.1295244931489102E-5	
0.3333847762866337	2.4313559592069137E-5	0.08334934184413303	0.08329784559914087	4.826439909872126E-6	
0.2500281201155423	0.08338035173565295	0.08334789875820352	0.08329743352938783	5.060738497053852E-6	
0.16668912481826093	0.16668910373597007	0.08334167498062686	0.08333920576607673	1.1281412997374996E-6	
0.08335282840748638	0.25002966102370877	0.08334279600360756	0.0833377321301145	1.0676573671572796E-6	
2.676327032509382E-6	0.3333959729648903	0.08334546559832426	0.08334051560090897	1.0604773871770933E-6	
0.2500523400357128	1.9003665388735996E-5	0.16665043169706115	0.08333688207585625	3.888859426851122E-6	
0.16668993397790036	0.0833702466924328	0.16666176198082572	0.08333686483763111	2.3060164442271263E-6	
0.0833544482447176	0.16670022735235607	0.1666582535175408	0.08334436317875953	3.158898500488274E-6	
2.3251535506578647E-5	0.2500508758373839	0.16667110428180013	0.0833037257472913	1.1562813435112103E-5	
0.1667076935035895	4.0620086524995475E-5	0.2500103535204308	0.08329688411248988	3.812157709305897E-6	
0.08333864319320325	0.08339362492089458	0.24998266451550855	0.08334399298173342	4.306524942817904E-6	
9.407348175695442E-6	0.16669612174574955	0.25005242506302905	0.08329677145385911	5.1133392482262E-6	
0.08335449742651026	2.031990432415416E-5	0.33331436752954996	0.08336564139463085	5.471705831431393E-6	
2.6264194891243292E-5	0.08334995762590608	0.3333200449519274	0.08338729648442834	3.43973112732373E-6	
2.9803447374077734E-8	2.000022235272863E-6	0.4166895049968269	0.08336695761092225	4.512518002091958E-6	
0.33336004301101674	2.5512705637473734E-5	2.8026673361071047E-5	0.16665108769961579	2.142364116198495E-6	
0.24994734954735265	0.08343008858021228	1.4443108834566138E-5	0.16666981256296054	2.1512963834519753E-6	
0.16667885995248582	0.16668346006117152	5.553350432156832E-7	0.16670087280897541	1.1355476659390821E-6	
0.08336081321484143	0.25002002194855866	8.939388348141805E-6	0.16666703808830607	3.1821467730450615E-6	
1.9033342317461272E-5	0.33336561369203155	6.606034201200327E-6	0.16666777718703352	1.1409523879992187E-6	
0.2500390095599644	1.9120220001021954E-5	0.08335352446941312	0.16665012395143236	2.142025989617024E-6	
0.16668668430493078	0.08336730548351097	0.0833530771093443	0.16664815522911444	5.340230628518226E-6	
0.08333127569258518	0.16671891490757	0.08333932496376205	0.1666698311844746	4.320866965821973E-6	
1.4792892574256305E-5	0.2500446667963955	0.08334205172865096	0.16667275158918643	4.930834899514171E-6	
0.1666815164680807	2.0918133668626535E-6	0.1666773601561193	0.16670353308815383	1.740083454971512E-6	
0.08334165810639611	0.08334178614506552	0.16667660247518662	0.1666993175832277	2.786039302277258E-6	
1.6120204139330743E-5	0.16669932629516698	0.1666783413018625	0.16667186546184154	5.86717277179219E-8	
0.08338441785582983	2.0924756199744456E-5	0.24999106880629446	0.16666158350668742	2.7765399599297087E-6	
3.7821228783401155E-5	0.08336747758546517	0.24999035743610493	0.166661131994122	4.32942493881381E-6	
1.3127214024748467E-6	5.12558904244303E-9	0.33337154711236394	0.16668652529504355	1.433176559540506E-6	
0.25000831843688814	1.8781286520560765E-5	2.5994673231869055E-5	0.25000153260639313	7.039378967015601E-6	
0.16665204583190016	0.08334403111572712	7.20225582906273E-5	0.24999528913318325	3.281490315980366E-6	
0.08334121269592683	0.16668937047210577	2.512016783163097E-5	0.25000366686879705	1.1850196617444595E-7	
1.5521497096555622E-5	0.25002997424333334	2.448931804664455E-5	0.24999722434602303	4.965191533490615E-6	
0.16666883960754864	1.9630566692548753E-6	0.08338492419415162	0.2500042271567011	6.025193736974595E-6	
0.08335622438242389	0.08335771756516448	0.08334012190129642	0.25000257481948324	3.2817044732311823E-6	
1.0348818850962209E-5	0.16670524078049145	0.08333926597920797	0.25000254880634937	3.3202160034335866E-6	
0.08336134259864361	2.0215872315742885E-5	0.16670530486082213	0.2499739465352839	8.463815745822502E-7	
1.4185899601190694E-7	0.08335570151787548	0.1666538578486038	0.2500461883865055	5.562321916267028E-6	
6.035651610763256E-10	4.1947050602809134E-7	0.24997998776976868	0.25007005297145357	1.238163914674989E-5	
0.16668726565139833	4.929111926203027E-6	1.5898035921837793E-5	0.33335734633373815	8.422894549739048E-7	
0.08335050525561519	0.08335123187069345	2.986916944442406E-6	0.3333477818920367	9.286323353502434E-6	
1.6526798735116022E-5	0.1667191325116125	2.7854093713859275E-6	0.33337636352922373	8.361267554482594E-6	
0.08335039355679623	1.0567355194146963E-5	0.08334457363069032	0.3333508116097345	3.288751621925338E-6	
3.559791903410648E-8	0.08336039345068912	0.08334334306512374	0.3333468744824666	9.226068627555495E-6	
1.2318178958699188E-5	1.230680436522348E-5	0.16668243880790756	0.3333517428045444	8.728574256510311E-7	
0.08320818741526345	3.434671619074719E-5	2.1292892761373214E-4	0.41655731377607114	5.545169621894648E-5	
9.401235484248381E-5	0.08332837912045042	2.0459894175798294E-5	0.416617466093926	1.294354741512843E-6	
5.048600672479737E-5	4.978068131929825E-5	0.08335022748835554	0.416553810209313	5.7458925996854524E-5	
1.8182635248447493E-8	1.929395832488115E-6	8.253519202741798E-7	0.5000523036749825	3.9930543708509905E-6	
0.41671673089376554	2.551444754689141E-6	5.81261575601664E-7	6.633527942115288E-7	0.08334289873128137	
0.3333671188024874	0.08334953792394317	4.611748868239684E-6	1.5270605537877482E-6	0.08334336514925562	
0.2500628317825199	0.16662302188135256	1.12365665473986E-5	1.0804807286095672E-5	0.08333912552329435	
0.1666754946017251	0.2500285379059907	1.5757295659561136E-6	1.6578468023662765E-6	0.08333774076944885	
0.08334784382360916	0.3333672111385481	1.7248058801894776E-6	1.36562256632227E-6	0.08334080285368209	
3.149970595332188E-6	0.41671301594856264	1.6020161371307995E-6	2.3305528739700977E-6	0.08334028162367464	
0.33337158240925907	3.5444606909184167E-6	0.08333955035532858	3.3785918414071426E-6	0.08332976886691526	
0.25001185321014957	0.08336887131979685	0.08334094751249704	5.024322503501603E-6	0.0833324563747817	
0.16663065282265588	0.16673321800557916	0.08333814365880088	7.579248632981669E-6	0.08333990193047452	
0.08336000875031328	0.25001765210541343	0.08334026706022592	1.7048196294631262E-7	0.08334160895425798	
2.6222578024145637E-6	0.33337600562189623	0.08334050972795784	5.630253826093469E-7	0.08334017314489653	
0.2500329576988152	3.10197074567896E-5	0.16664600918248546	3.2420513412207044E-6	0.0833455395759283	
0.16668594031356876	0.08336787823947502	0.16665753464667188	5.880414734979436E-6	0.08334211549357748	
0.08335496391735908	0.16670120984209516	0.16665925000213816	8.309908360472556E-7	0.08334333585650783	
2.2244944640345136E-5	0.2500363468503951	0.16665805638568584	8.309621372358532E-7	0.08334207439772938	
0.16668485739768074	9.929755365793028E-7	0.2500227230415994	5.907583383536945E-6	0.08334565873250625	
0.0833172354456525	0.08337152206350215	0.2500271395586307	7.761887958488046E-7	0.08334624439033352	
2.7005261767815974E-6	0.16668771212828964	0.2500297284445181	2.2787547534296733E-9	0.08334032167895566	
0.08338529377725633	6.792478444689685E-5	0.333264845339748	1.0755864045008412E-5	0.08333112043210911	
3.778992037771063E-5	0.08338039480692129	0.3332839421107204	1.1086671213667685E-5	0.08334566074987923	
5.640315238289374E-7	3.763297664094604E-7	0.41670982384333227	3.177156335957383E-6	0.08334561104684661	
0.333367622173405	5.554637194334053E-6	3.2270102129005383E-6	0.0833433820857095	0.08334353555826104	
0.2499993337895741	0.08336403673487267	3.2273638320383497E-6	0.08334104560136073	0.08333941529709454	
0.1666834406232587	0.16668334166555673	8.070278623700099E-8	0.08334110726817215	0.08333947621959376	
0.08335920317288349	0.2500151892252795	3.3543603304928684E-7	0.08334375834630824	0.08334259433489677	
1.3804869859950232E-6	0.33337415419633865	8.914158254461675E-7	0.08334366256006841	0.08334099334792265	
0.25002800293452254	4.2867912679151E-6	0.08334510592943775	0.08334363010076608	0.08334215503273984	
0.1666696424468781	0.08336095560950209	0.0833441717030247	0.08334298506004274	0.083341562058584	
0.08327517756561058	0.16673802587933317	0.08335119395722729	0.08333987269706136	0.08334121623657664	
1.5562367567272098E-8	0.25001030555259585	0.08336468075222568	0.08334252159307244	0.08334233356356488	
0.16668986501753008	3.0240740238715447E-6	0.1666866423610584	0.0833442277123075	0.08334260137636444	
0.08331962452349767	0.08336611955530912	0.16668538355586401	0.08334195976278687	0.08334552454148907	
6.1964397265290745E-9	0.16668560342104444	0.16668538917256923	0.0833455601829275	0.08334359978086425	
0.08334915045199807	1.0340412180845537E-5	0.250026240022315	0.0833434204120558	0.08333135409228119	
4.847629583568092E-5	0.08335414602361367	0.24998381399432174	0.0833436739393201	0.08333279570641694	
6.763266612762489E-7	1.115595401419098E-8	0.33337206769315497	0.08334022195902939	0.08334561407370748	
0.25003277751060066	1.883145955991761E-5	9.00723567710334E-6	0.16665838881983927	0.08334388110769042	
0.1666900547464948	0.08335993693952022	9.064843057573417E-6	0.1666566366776836	0.08334296340676574	
0.08333558602339233	0.1666772083387413	2.394484766202396E-6	0.16670138169511242	0.08334346049137649	
4.5173229095436096E-8	0.25001848776149493	1.9416793100567084E-7	0.16670672764516728	0.08333452113652551	
0.16667806472076507	1.6955641628152628E-6	0.08339092586690625	0.16666437153310132	0.0833334025700406	
0.08334501808104858	0.08334497233630347	0.08332846647614911	0.1666985583542113	0.08334507202823029	
2.9114893071185147E-8	0.1666457718075127	0.08336876152743641	0.16670261075747983	0.08334380343499123	
0.08332105987846788	5.3550338983097134E-5	0.16669138861952834	0.16666140145723585	0.08333492393827079	
2.1404098044359406E-6	0.08335521454569272	0.16666223678166261	0.16669930051788953	0.08334105007640472	
1.5245648392859703E-5	1.601091656711445E-5	0.2500258050533612	0.16666064368042463	0.08334354048600903	
0.16669799660796333	1.952524548258884E-6	3.889423794797658E-6	0.2500261440575864	0.08333592770313365	
0.08334749873209273	0.08334896891348738	1.5604314527038327E-5	0.25001381998021727	0.08333461472948347	
1.4554119577715023E-6	0.16668859157609434	1.6463302679289398E-6	0.25003403071694497	0.08333524704487523	
0.08334835399384201	9.984596212823684E-7	0.08334984438941229	0.2500455562200467	0.08334885178113134	
3.153731067726253E-7	0.08334337871871356	0.08334419308388206	0.250028591940116	0.08334319699370223	
1.9668847325483136E-5	1.152723862882297E-4	0.16668988149313382	0.24990566574460457	0.08333221054453813	
0.08335186313564646	4.1762706205967786E-5	9.354352105927396E-6	0.333322456839056	0.08333442700799885	
7.027345624290414E-6	0.08338661714753723	9.354310558356831E-6	0.3333225305510995	0.08333443502539743	
2.8749537918995848E-5	2.835733439193133E-5	0.08334623814704026	0.33332387592639556	0.08333260336313777	
1.318391572817577E-7	9.401851107644188E-7	3.11364047820631E-9	0.41671651548805627	0.08333004956431683	
0.33337571265530036	1.033789118135837E-6	4.54149340156629E-7	5.753831910214809E-7	0.16668386816159958	
0.24999898062574372	0.0833639084400437	3.205866426568733E-6	4.227750791372274E-6	0.1666761760516795	
0.1666907320799972	0.16669025380640398	1.5675783376593664E-6	1.994767520545808E-6	0.16667898284285246	
0.0833603647781783	0.2500154254918748	3.6017827521770736E-6	2.7989352526874824E-6	0.16667772034170605	
2.521798240714782E-6	0.3333736513319678	1.8303603023840933E-6	2.467666183946364E-7	0.16668217387678935	
0.25002855694828374	5.991817475499033E-7	0.08334432007657525	4.347763657480225E-6	0.16668384907480688	
0.16666499396832615	0.08335793439073066	0.08335487972531579	3.8981153611222075E-6	0.1666776500766047	
0.08333739077325217	0.16668080857968084	0.08335334856376492	9.322261436934367E-7	0.16668704344046512	
1.0835290924619808E-6	0.24999781228540383	0.08337224906644385	1.0582741361104548E-5	0.16667758304909522	
0.16668303746661364	2.6660637005389304E-6	0.16668112889811512	1.074485590599407E-6	0.16667796887110634	
0.08331568255552456	0.08336232694663077	0.16668172919738683	8.791543294043062E-6	0.1666788052713388	
1.4882871341436145E-5	0.16669063000019282	0.16666546305356536	1.064471082161005E-5	0.16667770027936976	
0.08328695241939452	1.131562418031884E-4	0.24997832663333508	8.432342793261804E-6	0.16668115691271126	
2.9813707784268075E-5	0.08336726523840278	0.2499729994091888	3.303540882372319E-6	0.1666734364653738	
1.6174678942646182E-10	1.578059350151208E-10	0.33336890177792566	3.033119209034235E-6	0.16668889408348728	
0.2500226233695408	1.7417118027215184E-5	4.603863106318327E-6	0.08334194877374673	0.1666799615537476	
0.16666614446534436	0.08336392681176799	3.2767009115981737E-6	0.08333592987215442	0.16667793540663683	
0.08334155851212652	0.16668762126727588	3.0384823707572348E-6	0.08335001409235072	0.1666778059857758	
1.0992165644314648E-6	0.2500384155396702	2.6237934995810345E-6	0.08333993808747235	0.16667789717120177	
0.1666585286192123	5.178697910418043E-7	0.08337370191771634	0.08333667172650004	0.16667757326244398	
0.08334332045689836	0.08334372276934476	0.08333749172605903	0.08334818434459079	0.16667307048458468	
8.78316829972581E-6	0.16669580366204959	0.08337165270691753	0.08328724117382119	0.16668156516300947	
0.08330250267108182	6.262533286287345E-5	0.16667304868111715	0.08334135891033563	0.1666798965662835	
7.721325044895042E-6	0.08335782253285386	0.166674000830523	0.08333892061297407	0.16667936189243754	
2.9958061116115094E-8	1.7226631708413678E-6	0.2500259787688124	0.08333498718222768	0.16668413401953425	
0.16669190113397203	1.933818537695948E-5	1.969150093570533E-5	0.16664595294029425	0.1666883310159334	
0.08332607484470493	0.0833258656971415	5.576397246662025E-5	0.16667282307974307	0.16667937498897112	
1.4673740134847599E-5	0.16667903254930774	1.9662749054269822E-5	0.16666938381043414	0.16667823367232432	
0.08335193946362962	4.641999289874576E-6	0.083356434840967	0.1666703392058452	0.16667816421709222	
1.9955026871726678E-8	0.08334013991997619	0.08334064805859054	0.16670217925850406	0.16669128510625836	
2.401266703341903E-6	2.4012443735563832E-6	0.16667439010050158	0.16670058347988592	0.1666811970668357	
0.08340059439371018	1.0812945770518706E-4	4.415437502269722E-5	0.2499298364312396	0.1665760260819725	
9.717789097024396E-5	0.08341277974024291	4.4359027797027436E-5	0.24993413918208549	0.1665873420435399	
5.0097147567364624E-5	5.1717574991464516E-5	0.08341203645248392	0.24994164110002046	0.16661264730358297	
5.267095051586083E-7	5.282579629107042E-7	3.3926225463267855E-10	0.3333628049480157	0.16668362900822048	
0.2500278585467601	2.1497618658710684E-5	4.96350370432579E-7	2.0294209386852294E-5	0.24998975513092156	
0.16666196515517828	0.08335889223075521	1.3625260802126498E-5	5.212846851198722E-5	0.2499616763429621	
0.08334703790556844	0.1666920120367564	8.94790937546144E-6	5.180111815563034E-5	0.24996115393411267	
2.035916306652349E-5	0.2500100036619114	2.9533162831485857E-5	3.86794790771093E-5	0.2499651806337346	
0.16670188955925558	4.911236780253014E-5	0.08330578435456487	2.9288097297685467E-5	0.249961153595988	
0.08334881982641865	0.08334983081511507	0.08334358730517742	2.484350634245393E-6	0.2500024681546895	
3.188275143019122E-5	0.1667225488807907	0.0833083082198769	3.0833226859625934E-5	0.24996884682801904	
0.08334205265898245	1.2065449884591966E-5	0.16669434591533858	2.6737522203867715E-5	0.24998678593416127	
2.2407720771833708E-5	0.08336084750005629	0.16667777765892178	2.4436843595519023E-5	0.24996151977334824	
8.398186806649806E-7	9.010495460287999E-7	0.25002823974815075	6.4463939108966385E-6	0.25002837346900525	
0.1666874650068743	1.28894004039563E-5	1.8414120354549355E-5	0.08332810987891619	0.2500003957971138	
0.08335632650493209	0.08334834152297614	2.3475292889759207E-5	0.08333279521607607	0.24998697508508483	
2.992041544480371E-5	0.16667145503700584	5.367789955026031E-5	0.08333148510754068	0.2499610099090786	
0.08335244066504466	6.427961006949676E-6	0.08335871090170369	0.08332751539077497	0.25000203538397486	
2.2378748477526494E-5	0.08334957855683617	0.08337266825585847	0.08334105435654239	0.24996178361934168	
1.1731903750581766E-5	8.705049991312819E-6	0.16669754228726788	0.08332773567398205	0.2500040259202366	
0.08338925320691377	3.375494834770481E-5	4.4803472610709145E-5	0.1666261106311992	0.24995387746115502	
2.4743047959746932E-5	0.08339961856222176	4.47701513089331E-5	0.16662874600315916	0.2499734704342993	
3.234981309545869E-5	2.2781052306810153E-5	0.0833494470701786	0.16668194039654866	0.24996111726280573	
1.0191910648855368E-6	8.613228935291533E-7	1.9527213319785466E-6	0.2500406519115045	0.25000556736911483	
0.16667170392261496	4.3274082172417124E-5	2.019899146101799E-5	3.485950593044009E-5	0.33328799768030304	
0.08333876738922467	0.08333852772963372	1.7843610319717215E-6	1.4033604398772444E-6	0.3333820339381349	
1.3383315577727252E-5	0.16668614244949678	4.6225233861105034E-5	1.6307989031366443E-5	0.33328593047532507	
0.08334232980164766	2.1730174033777448E-5	0.08337526511473402	2.7269938417720033E-5	0.333281173544708	
5.204247606002346E-6	0.08332542735660065	0.0833418320844252	3.0941130040799303E-7	0.3333737905668124	
2.7585000311954612E-5	3.164624285891283E-5	0.16667802618087485	2.8250540737606654E-5	0.33329188042663344	
0.08336421450264343	2.052205122351767E-5	4.7289320183372295E-5	0.08334450179792474	0.33330109076032866	
2.6434442406205252E-5	0.08336060850592777	4.386442964325734E-5	0.08334480080935633	0.3332851031988598	
3.57055646023533E-5	3.606861681705798E-5	0.08334764550202653	0.08334595085639192	0.33328328578846195	
1.1545075366067093E-6	3.1766484027593357E-10	1.4003360507118053E-6	0.1666723112014495	0.33337396963503296	
0.08343893431081092	7.923545259474531E-5	8.183170337122153E-5	1.076213401360142E-4	0.4163628586099677	
2.9454339980747507E-5	0.0833685928986047	1.163782078558483E-4	6.817222283240033E-5	0.41647939641477033	
7.287705193036223E-5	5.214764828362952E-7	0.08330374956452352	5.403642523773241E-9	0.4166712468354297	
1.2403363879858658E-5	4.1877264853668734E-7	1.4183637139422574E-5	0.08335004495525294	0.41666897575077344	
1.1463414101486846E-6	1.1394810814554728E-6	1.1555251063298888E-6	1.963218112740288E-6	0.5000423426584194	
