0.5000261442974668	1.419300759361936E-7	1.470579046639242E-7	1.5273779718880566E-7	3.7450310019608976E-7	
0.41670087704858766	0.08331722843904293	3.69515884390349E-6	2.3536808925776554E-6	4.870291874197982E-6	
0.33336482349895213	0.1666559203940896	4.900188593258368E-6	5.308711990543846E-7	2.810591530775667E-6	
0.2497508148911342	0.2502159695488031	1.1289490360191613E-6	5.0229736428303216E-5	9.085319563723065E-6	
0.1666761491892031	0.33333535795237873	1.357472147160872E-6	9.100348374974199E-6	1.7171130858017137E-6	
0.0834729971761959	0.41652431450691785	3.119074187316171E-6	3.125633905207222E-5	9.298983421413308E-6	
3.040031313072526E-6	0.5000205931556547	5.173180643728006E-7	6.606428703499769E-8	6.517639198073693E-9	
0.4166771675517511	2.1105079395438486E-6	0.08333429085227448	5.231778814299868E-6	9.097839417740644E-6	
0.33330802529441267	0.08334661919042753	0.0833642458084611	2.4344489891245724E-7	6.975403759379285E-6	
0.25005363678468406	0.1667000061773512	0.08325924761554031	2.6014538966744916E-7	9.07862295434701E-6	
0.16672024180748232	0.2499617924688322	0.08332642420001739	9.093383059345802E-6	9.172976553061751E-6	
0.08334708473794154	0.33335150656047835	0.08332975761184702	7.034791093841358E-8	3.492126276903565E-7	
2.583977901673228E-6	0.41669164203997316	0.08332732153804112	3.2407114843454432E-6	3.46307021390442E-7	
0.33327454053396527	1.2128254744652451E-4	0.16662950558047396	1.1433443879567454E-7	2.2296027764744805E-6	
0.24993728559872938	0.08335482181581219	0.16671359536091115	1.2333687365103263E-5	9.515530180351252E-6	
0.16665842222869157	0.16663695394933445	0.1667157313520903	6.955982286160448E-6	9.495364866576522E-6	
0.08334301124571043	0.2500159854193328	0.16669035223523665	1.545869967929705E-5	1.1704228096136521E-7	
4.1676952299054744E-7	0.3333450591139272	0.16668285402084684	5.583063705169218E-7	1.5653434609501027E-8	
0.24998757925359485	5.759756776077378E-7	0.25002559139036495	9.42369498949056E-6	2.8486055914940453E-6	
0.16668036084757068	0.08331129729686446	0.2500291009575616	2.884120073908683E-6	2.878825376538038E-6	
0.08333838255615332	0.1666520414182813	0.2500278666027117	3.3247321844897286E-6	4.53621206209548E-6	
2.919238344093484E-5	0.2500265573747443	0.24998667959622048	1.5436925425064099E-6	6.705138522174274E-6	
0.16668777448240796	7.455997504061207E-6	0.33333142715814823	5.859011074658636E-7	2.5200527344699225E-6	
0.08334753307657454	0.08333526374285265	0.3333397226381784	3.0897861102826696E-6	2.961754917721605E-6	
1.5906120705719457E-5	0.1666748635468554	0.33335554610325985	1.3223824435326052E-6	2.5059991213789235E-6	
0.08340944557729335	8.935356133198871E-5	0.4165442674490446	6.36781847541731E-7	6.341500552689739E-6	
1.1593413640830356E-4	0.08337734188800305	0.41652209504221516	3.20437456222519E-6	6.842066687482447E-6	
2.4739659040431126E-6	2.3375105417229207E-6	0.500022402435086	4.00634068416687E-6	7.310860258439107E-7	
0.4166893389554098	3.4639479341567003E-6	6.131250452673785E-6	0.08332721124080034	2.0571529003646327E-6	
0.3333429713323818	0.08334541477976157	3.122897565734029E-6	0.0833320559308717	2.053158083925878E-6	
0.2500037181801642	0.16668652909002313	8.382150279937617E-7	0.08333254585716592	1.045162058616459E-6	
0.1667130966275931	0.2499510797847574	3.987302211915905E-6	0.08335553400971504	2.7338951934671882E-6	
0.0833405849608228	0.33332551006037414	7.701416411600745E-7	0.08335764419672499	1.2054426355484143E-6	
1.708887150236311E-7	0.41669072612730607	4.1985537826865303E-7	0.08333117321121739	1.833566034155598E-6	
0.33335544631789954	2.776586086729377E-6	0.08333838812063679	0.0833267466803729	1.2380464840275107E-6	
0.2500358329782717	0.08332397171655143	0.08333879462256376	0.08332714427892081	2.235156695568047E-6	
0.16668824974965338	0.16666486271393247	0.08333745375198529	0.08333243960649467	5.932433471656058E-7	
0.08334541963495418	0.25002312767073254	0.08332419096071526	0.08333287292836256	1.8029941100168716E-6	
6.581287963716697E-6	0.3333475054279918	0.0833387691941924	0.08333283527620527	1.8383713913863386E-6	
0.24998525515999592	2.645246678564406E-6	0.1666922274323935	0.08334214591801575	4.687099929893042E-6	
0.16668253583785655	0.08331218021423681	0.16669695671261994	0.08333164467163036	4.720911433186103E-6	
0.08334907310703821	0.16668152648888399	0.16666060233674618	0.0833325667066605	1.8006331482346137E-6	
6.143094299518097E-8	0.24999142725233767	0.1666988808476295	0.0833319003472108	1.7994415719237667E-6	
0.16668811510772646	1.7685940578327728E-6	0.250005755454537	0.08333160164100255	1.8388818740650074E-6	
0.08333994407042071	0.0833292186536818	0.25001168635219817	0.08334237520424571	2.074029922395614E-6	
6.699533253260174E-6	0.16668156576969254	0.25000397766906834	0.08333280646823713	1.8020745381676666E-6	
0.08329284334341537	8.849165165217401E-7	0.3333902720910017	0.08334255226616134	2.992121516201021E-6	
1.293912566172691E-5	0.083344060159161	0.3333351996700077	0.08333140751881242	2.001189680337781E-6	
1.4103337546238818E-6	1.0586259119401803E-6	0.416680368791127	0.08334102086314026	5.905018646979516E-7	
0.33332808466613506	2.136854561383578E-6	2.94107192557087E-6	0.16669116682606988	1.2271598059717368E-6	
0.2499933563821221	0.08335654409692339	6.679250807112487E-6	0.16668190758132986	5.4046123165396546E-8	
0.16669240440118255	0.16665357648007434	2.89352458105039E-7	0.16667839726170075	9.876379797462156E-7	
0.083341296315718	0.24998652147117653	2.995723625194485E-7	0.1666901897662437	5.240082282860218E-6	
6.653161149141044E-7	0.3333380726340327	5.428350905388997E-7	0.16669238807879644	1.1057344228062926E-6	
0.24998895025838444	2.3583590272594417E-7	0.08334505431723704	0.16669164352949845	1.741091838582278E-7	
0.16672488617608414	0.08327122799321586	0.08334830647921376	0.16667630530832508	7.562002691508294E-6	
0.08333486936917518	0.1666531009585025	0.08334301866546491	0.16669181048306173	2.8362401010105093E-6	
4.392938645429932E-6	0.24998097186408794	0.08334426014957808	0.16669128814538894	7.18459074226478E-6	
0.1666938539961899	1.5088220685997684E-6	0.16664836108338935	0.16667798974218778	7.10205883285224E-6	
0.08333675955815664	0.08331888568602633	0.1667203020283442	0.16664820605216402	2.0821262760914846E-6	
4.029381614902506E-6	0.16667372848127723	0.16669161674641836	0.16664872989030655	7.4879926861503366E-6	
0.08335842021814885	2.6158441142215787E-5	0.25003170415068815	0.16660349722304507	6.332264233535997E-6	
4.96655094364208E-6	0.08336887169986633	0.2499994999619476	0.1666514486294312	1.4994173359035719E-6	
1.9304973918934882E-5	1.7628611086918638E-5	0.33333904551998583	0.16664822672922916	8.577451244343864E-7	
0.24997613214533496	5.381406822594332E-7	1.9339109947636986E-6	0.25005634641541613	3.5678893822879188E-6	
0.16672011694303854	0.08330518816847829	8.841824933800767E-6	0.2499785321194529	1.2563859854125337E-5	
0.08335772141484418	0.16666823583637888	3.2466127725744854E-6	0.24999505195264407	9.880230011730355E-7	
1.4641061582875749E-5	0.25001074966564857	3.3294464473186024E-6	0.24999562259329813	1.5348539580957996E-6	
0.16667206177597693	4.472116935694145E-6	0.08335230465520202	0.24998926477370143	7.721054332591736E-6	
0.08334172981062242	0.08333106803499583	0.08333197450817684	0.2500192165464777	1.443043300510323E-6	
1.7224287867977505E-6	0.16667209142868206	0.08333217988895644	0.2500168943398563	1.8397236957820497E-6	
0.08335078699995442	8.081092084664022E-6	0.1666878175164188	0.25001375472064613	1.42241444602503E-6	
8.765787002774709E-5	0.08333671862932489	0.1666265526269851	0.2500057366909221	1.0301078443761393E-6	
8.454520142626096E-6	1.4845268977188674E-8	0.25002399272311615	0.24998939810634307	3.033020085149814E-6	
0.16667012633973205	3.2674549355794225E-5	9.87612067954996E-5	0.3332121888904966	1.1733322771944566E-5	
0.08335591747443	0.08329556557613135	1.7239908894107712E-7	0.33335967071618305	1.3318937014019668E-5	
3.8559185637428575E-6	0.16668656542684399	1.9475210219019136E-5	0.3333111965175554	7.389295459168605E-6	
0.08331791735795385	7.048231878386157E-6	0.08333504034110792	0.3333645025936352	4.341799154705277E-6	
3.568993082297624E-8	0.08332188544741795	0.08333199552052228	0.33336411460351134	7.800906844273993E-6	
5.457488818062193E-5	5.9806347144853854E-5	0.16670224654368412	0.33324227318404986	5.780991532939729E-6	
0.08336471026467665	3.3744972968813047E-6	9.358415417015326E-7	0.41661384343906055	4.295516099940526E-5	
8.560997812313868E-7	0.0832952226758514	2.3269365785987473E-8	0.4167324470765028	7.263777189842438E-6	
1.2390194863000245E-4	1.139494831054291E-4	0.08339735463959724	0.4163755491890212	1.4760616213337926E-5	
5.968083202022986E-7	6.040359448119793E-7	7.189592635171193E-10	0.5000201758585671	3.926395339212542E-6	
0.41668073232972225	2.9412391753626455E-6	3.1434707002469275E-6	2.716669663629457E-6	0.0833382597091941	
0.3333367891649396	0.08335278554593925	1.1849419439398255E-6	2.5274564697752813E-7	0.08333765338421116	
0.2500132578145586	0.16667384752383163	5.589398890076017E-7	2.203483707724043E-8	0.08333696001279722	
0.16671442315075624	0.24995521595542045	7.060054669247654E-6	1.0292169712357565E-5	0.08333924174075688	
0.08334395727249892	0.3333387642243817	2.584123960841974E-6	1.26308384564764E-8	0.08333818489224006	
2.0453594046357943E-8	0.4166707356349695	2.920896788499312E-6	2.6463861274829724E-7	0.08335096020818712	
0.33334700900807596	2.370546033503339E-6	0.08333695433574181	1.8773716959192572E-7	0.08333894343708091	
0.24998680523694713	0.08336981414777385	0.08333334703792938	2.3387351390923235E-6	0.08333317295498562	
0.1666852086965148	0.16666390804807032	0.08333685721211691	3.8784123617410756E-7	0.08333892733906847	
0.08334438428019367	0.2500203172795198	0.08332211688841182	7.174925706711384E-7	0.08333891652014802	
6.558157858247858E-8	0.33335011282810045	0.08333756146755056	3.855291646908415E-7	0.08333572889773773	
0.25001318827443525	1.4839984367920131E-5	0.16665683921302052	1.4808759759433345E-6	0.08333823937334832	
0.1666681602836632	0.08332295705244329	0.16669449131333375	2.5776782998361287E-6	0.08333859094239447	
0.08334909086334345	0.1666797187127358	0.16666348200778572	3.926297677361774E-6	0.08332970924228335	
7.336943939571707E-8	0.2499865757291422	0.16669592366067035	4.178854574009582E-6	0.08333854909179353	
0.16667669410071714	1.7621250563199094E-6	0.2500176655216457	2.5733051209404314E-6	0.08334068972938453	
0.08334842926793817	0.08333769820147982	0.2500026806063317	5.355108180761906E-7	0.08333834284053872	
3.613864398942531E-6	0.16666967701936	0.2500083171274511	3.900169566169881E-6	0.0833385466677369	
0.08336663460061698	4.560612773088379E-5	0.333276580951137	9.723674581322264E-6	0.08333009341195913	
1.2415606424518654E-5	0.08334231448265719	0.3333293143483829	2.586157340248095E-6	0.08333769708577624	
1.789974429132257E-7	1.566697659836236E-7	0.4166842926404241	2.893507058467014E-6	0.08333761888634067	
0.33334529535465834	2.720773499203741E-6	2.6514702818384966E-6	0.08333687021700016	0.08333763486743194	
0.24991959470406727	0.08342849004794724	5.777189887610009E-6	0.08333820138914377	0.08333291303313098	
0.16667191034927625	0.166678047996003	3.077310203164509E-6	0.08333773691803865	0.08333910305813641	
0.0833304343804277	0.25002213488294506	3.0917808296014657E-7	0.08333729669678656	0.0833394461581068	
2.72338481889832E-7	0.33334860777644226	2.02342547443248E-6	0.08333676661201092	0.08333858953534813	
0.25000073433566616	2.3375960509960347E-7	0.08334915012570338	0.0833372727997264	0.08333746582787838	
0.1667196524153694	0.08326861397430657	0.08334325987869533	0.08335279422431506	0.0833422324238902	
0.08334447806357483	0.16667049844229226	0.08333555102552032	0.08333676667508857	0.08333895481834439	
5.341432988742762E-7	0.25002452441167833	0.08333890753243883	0.08334010391305968	0.08334223335258718	
0.16667274343557115	3.210084404285885E-6	0.1666591485700581	0.08335369611905352	0.08334035382809718	
0.0833535186197344	0.08334286774864157	0.1666416196419746	0.08335021996096051	0.0833381029857035	
7.1328826148588065E-6	0.16666412143439172	0.1666812120205635	0.08333701921135601	0.083339104643332	
0.08335331112754675	2.1187462650756812E-5	0.24998854513008176	0.08333395332032832	0.08332955347677708	
2.768383112281993E-5	0.08335368070567165	0.24997366136886628	0.08333195223273436	0.08333885344358945	
1.327919698147523E-7	1.7651832229589296E-6	0.33335330469968105	0.08333199104361667	0.08333783347400571	
0.25000688822986866	1.1551652107806347E-5	8.702667720224673E-6	0.16666088303822776	0.08333769884195064	
0.16664514584747447	0.08338151857839365	3.5831771332978077E-6	0.16666295298940567	0.08333321344312955	
0.0833292035547258	0.1666989318530711	8.677859201936093E-6	0.16665021362732285	0.08333884036499063	
2.51346070343374E-6	0.2500278189655626	8.591662906450645E-6	0.16665175929521772	0.08333965165697756	
0.16669585013843588	7.195131149976713E-6	0.08336002788802549	0.16662466852772717	0.08333775319313651	
0.08333821758963958	0.08332776261047287	0.08334252816107725	0.16667070293446065	0.08334646860033713	
2.1310839313577936E-5	0.1666731554838326	0.08334277934654513	0.1666497517780964	0.0833477576245435	
0.08336121816489081	3.3811032448152764E-6	0.16670134758257993	0.16662142876906158	0.08333791912589868	
8.04451881535177E-5	0.08334725324118748	0.1666379250684747	0.16662628753518063	0.08333875946017108	
3.735142737611867E-5	3.3147798894096574E-5	0.24999550289929828	0.16662145491529148	0.0833383170406757	
0.16661521373718183	5.200462513281189E-5	1.664258976514158E-4	0.24985485421419712	0.08333721403489205	
0.08334129274689697	0.08332357027536028	2.99367562933684E-7	0.25002297194390916	0.08333777788646242	
2.9710202371817468E-8	0.1666182948290345	1.0475811020729163E-7	0.250055758832224	0.08335128105079366	
0.08331566464788848	8.450356214420129E-5	0.08326272962417328	0.25002579785211976	0.08333784193608493	
1.4869037333517856E-8	0.08331472521562341	0.08332698564421209	0.2500373727438227	0.08334617012616219	
1.8429388210703025E-7	6.0331797809732854E-9	0.16666239075228972	0.2500242888451823	0.08333808162340499	
0.08335713017065731	7.206218960500986E-5	1.4200105676434894E-4	0.3331159302835272	0.0833381565325974	
4.5799222823276763E-5	0.08335981626525193	2.2722469148705236E-5	0.33325869141968456	0.08333745843353763	
2.9106637293930012E-5	3.304291112209678E-5	0.08336621347169913	0.33325877179265	0.08333876423738379	
2.0662377345356774E-11	1.5792981996370166E-9	1.533544876413282E-7	0.41668773406486115	0.0833371092023167	
0.33334989305834684	4.248035134425769E-6	5.787129681959757E-7	1.1191642441679875E-6	0.16667316031743276	
0.24998311078947227	0.08336858863240909	7.985671167908605E-7	1.8712196090475322E-6	0.1666724201590504	
0.16665937238911868	0.1666804646380625	1.3491960634914457E-5	4.0194164417764805E-7	0.16667198738499558	
0.08340075355239704	0.24995695031675955	1.3851427638375003E-5	1.9806364811388776E-6	0.16665524903961804	
1.2600371425613436E-6	0.33334837427614683	6.102803134700432E-6	3.0802733098162086E-7	0.16667534480071092	
0.2500119907737093	2.903864802648832E-6	0.08333556640243307	2.1232321328278116E-6	0.1666721462495297	
0.1666798469631316	0.08333607978735956	0.08333591236296803	2.1214169849523686E-6	0.16667285827131298	
0.08334466937295434	0.16667025375228087	0.08333540861871276	2.0981176419495597E-6	0.16667210027619778	
4.2685310649673266E-7	0.25001573544960987	0.08333599989555528	1.9599927247784616E-7	0.1666764992654528	
0.1666670722731392	3.1536662516634454E-6	0.16668034516491342	2.1072557058139015E-6	0.16667222257072947	
0.08334823966838908	0.0833269948547245	0.1666854835030528	5.336148725268714E-6	0.16668039439378857	
8.694172003286094E-7	0.16670009644011774	0.1666508663789199	1.0107491643893471E-6	0.16667719131213551	
0.0833578676436826	3.815414585449071E-5	0.25001075474381734	8.532764612753996E-6	0.16661092641501268	
3.419356531421522E-5	0.08334973765355196	0.24997631365062212	8.474800509736754E-6	0.16665735423374914	
8.899125804364351E-7	8.851406277029742E-7	0.3333502820873952	2.0117755306789036E-6	0.166671220328742	
0.2500073599709286	1.2614303209040143E-6	1.684047131326477E-6	0.08337466364939825	0.16668775158103302	
0.16669080095511069	0.08329466464467088	2.28015205841468E-6	0.08336735433547555	0.1666728051569331	
0.08335837293369101	0.1666695565960315	2.4351571909981322E-5	0.08330280123490022	0.16667284037072477	
5.012251298158348E-7	0.2500087162629836	1.9251058359495257E-7	0.08334542576727424	0.16667296613729723	
0.16668095425823284	6.968118025186324E-6	0.0833204619926706	0.083345937035816	0.1666726414261123	
0.08334496467888432	0.08333473728028191	0.08332900500539156	0.08334507486762459	0.1666722989702686	
2.295894818113783E-7	0.1666645689923813	0.0833441812138978	0.08334340060158048	0.16667644694947936	
0.08339903405519024	5.642108047280274E-5	0.16660858256420877	0.08332509118127907	0.16663591062704933	
9.422713377464509E-5	0.08329903905549704	0.16667301785630131	0.08332555463555848	0.16665892225272474	
1.688417629796965E-9	1.3064466124221203E-6	0.2499980334788795	0.08336875647222837	0.16665695708881906	
0.16668566516282562	7.361209135238922E-6	1.5606859182102576E-6	0.1666741241488497	0.16667372459512145	
0.08333827841275869	0.08335502898973453	6.784172071519718E-6	0.1666706952660391	0.16666963442324337	
7.805266826625765E-6	0.16668772095538686	1.4897302562739507E-6	0.16666762135717697	0.16666655994846347	
0.08333022653056894	3.189987095145604E-6	0.08336739640140463	0.1666788577121673	0.16668049668740242	
1.7749968829388936E-5	0.08331856242609237	0.08336985693763481	0.16667677195273972	0.16667531128542643	
8.182344610417746E-6	9.978275688412525E-6	0.1666740182475501	0.16667022157184574	0.16666536546525837	
0.0833389109720974	3.717174884714195E-5	2.8764962013118483E-6	0.24998349678782378	0.16666547495888331	
4.860769096938209E-5	0.08333276445699221	2.869830413794271E-6	0.2499996784451589	0.16664267216171064	
2.2047584643999707E-5	2.0546112076600272E-5	0.08334131567969275	0.24999930115966526	0.16664213817305312	
2.332903439375249E-6	2.3885003323000907E-6	2.061524537046939E-6	0.3333505037244898	0.16666812279068408	
0.2499934790686019	2.9087527336843615E-6	1.6345566216178907E-5	4.476619028685738E-5	0.25000242234260917	
0.16668907497659546	0.08334129994385452	5.793068675626364E-7	8.58514308601583E-6	0.24998961999585131	
0.0833501617464342	0.1666852186898248	8.765338650347194E-6	3.345983097002273E-6	0.25001134314703044	
4.812352549547129E-6	0.2500253248053961	8.600558150454611E-5	8.502167679523267E-5	0.2498613049307831	
0.16667289671489696	8.238004441668752E-7	0.08334163030281755	5.213362492023512E-6	0.25000745489511994	
0.08334568127491529	0.08333496870308837	0.08334682887850818	5.348946211086683E-6	0.24999469738789276	
7.463646980515739E-7	0.1666755669627197	0.08334374967476119	4.0962206953002676E-7	0.2500083557540583	
0.08339612391624977	5.259689745380691E-5	0.1666237330006506	6.735734631832388E-6	0.24994778877561055	
6.263837750821569E-6	0.08333437414394347	0.1666789345889889	1.7302140050370103E-7	0.2500059324815837	
1.284698263603445E-6	2.6434555728924085E-6	0.25001171977540504	3.7616433503738766E-6	0.2500063118040811	
0.16668768909360995	3.0472594729853468E-5	1.1425713725135152E-5	0.08331849936305208	0.25001181401846073	
0.08334802376571475	0.083350809311465	1.0054121625025354E-5	0.08332373221659185	0.24999607898150675	
7.863113131255563E-6	0.16668073498738284	2.247055687970811E-5	0.08332293038586934	0.24999361543326454	
0.08334946674838493	3.128825061841231E-6	0.08335743554889574	0.08332271403572407	0.24999219801053066	
1.1334650804067462E-5	0.0833461787684177	0.08336235842794497	0.08331484790480165	0.24999403617287294	
1.1720388742532102E-5	1.1908037617115937E-5	0.1666798892049079	0.0833191222324777	0.2500099964585217	
0.08337744780637656	1.9998288793459117E-4	8.50189683182816E-5	0.16656204580216266	0.2498034665829962	
2.0215471893679737E-4	0.08330720282539966	1.8770058984109137E-4	0.16656231995381005	0.24976829187131397	
1.7406379722078883E-4	1.7392510629394797E-4	0.0833755148775589	0.16650019658202084	0.24980383633178538	
1.1566453097225907E-6	1.1685376132504514E-6	9.94257206080087E-7	0.2500138705256414	0.2500083601991467	
0.16668436420951718	4.785451648573028E-5	5.8910793892811906E-5	1.3556867628833241E-6	0.3332754213570025	
0.08335167992844163	0.08336240397739021	7.258264019811984E-5	2.2435770290843823E-6	0.33326070931598745	
3.70566560721299E-5	0.16665820314607155	3.096557982790124E-5	5.711705752987311E-5	0.3332542651308453	
0.08334356639000975	2.457251136994388E-5	0.08337290918004125	3.937204034744886E-5	0.333246515038778	
3.671136477441726E-5	0.08333024685662627	0.08337172879503607	4.1852189724349856E-5	0.33324675516255964	
6.466709811550827E-10	3.603400399986226E-7	0.16667605695046547	2.0674647345977344E-7	0.33335247787604555	
0.0833645301267808	6.261845946838355E-5	6.92289903223726E-5	0.08335300474861995	0.3331909447695387	
1.1331280402211386E-5	0.08333063370515117	5.084300620004743E-6	0.08326344614108164	0.3334186034836702	
6.692456450954147E-7	6.646534314249056E-7	0.08334662563238816	0.08332821418426743	0.33335046169210275	
8.268195181092595E-5	9.125203642274004E-5	8.165475172283775E-5	0.16664796919241884	0.3331552516522046	
0.08345333028347249	5.3921677937547585E-5	1.0004242127129988E-4	4.672524128310306E-5	0.41637643419230436	
3.670582654272653E-5	0.08340428992003722	9.996299975947986E-5	1.0594960676038805E-4	0.41638233673289754	
1.0412668388154745E-4	8.826650149751845E-5	0.08340844098052226	5.179204966101976E-5	0.41637471633195267	
1.0791960312523161E-4	1.0783867485942162E-4	1.0128423535763188E-4	0.08333699371872041	0.4163708412133743	
1.3526098488268917E-6	1.8413465932508133E-10	1.3225031734403945E-6	1.337295923547471E-6	0.5000232272526763	
