0.5000243191833207	2.209331187533163E-6	1.187799790756363E-5	9.855544324450091E-6	3.7278995109865025E-6	
0.4166325857246727	0.08338101566312922	1.0488358584564257E-5	2.8114958443960127E-6	8.090061890096825E-6	
0.3333848216184478	0.16664910259390167	7.563423875645239E-6	8.874460374907184E-6	5.950250007884479E-6	
0.25003550708009364	0.2500171374000047	1.1654727342112914E-6	2.971036614630244E-6	1.969097959833205E-7	
0.16669509853912126	0.333351743181029	2.0883011437081496E-6	3.1316016591529123E-6	1.456739988285848E-6	
0.0833244258928854	0.4167231515386629	1.968192346517621E-6	3.7103886447867458E-6	2.099354239664791E-6	
2.1238681341883233E-6	0.5000547046180995	6.236635304248633E-6	2.1809213224658208E-7	2.2512407396617525E-7	
0.41670919285599023	1.1373881881589875E-7	0.08332569569261555	2.3082474466040532E-6	5.283683395169573E-7	
0.33333307401638507	0.08337229153248032	0.08333776684609129	8.88405448571548E-6	1.8382292882789153E-7	
0.24998314333241572	0.16673865326483345	0.08331962794508706	4.431842161989223E-6	5.326688659286744E-6	
0.16668989618864177	0.2500302866324247	0.08331929980793304	3.804966123475737E-6	4.578631548164503E-6	
0.08336519878563191	0.33335716080468003	0.08331973579081682	4.327140338228964E-6	4.66089762769614E-6	
2.3207591036589673E-6	0.41672042966000084	0.08331981393337623	4.3260525891017005E-6	4.6590203694897946E-6	
0.33334484572284334	5.524391816134576E-6	0.16669796704800524	3.7776633827660462E-6	2.7305594055549016E-7	
0.2500278694221015	0.08335582845411584	0.1667145333509795	8.081483249811735E-7	1.2103246639588744E-6	
0.16666662911535182	0.1666602053077896	0.16668614490667585	1.1333789285707626E-5	1.0408031385090611E-5	
0.08334293530320463	0.2500036126060492	0.1666960287863371	2.7139488871404456E-6	2.0852235505269426E-6	
1.8580426579225585E-6	0.333368296888697	0.16667587194880024	3.187330860216585E-7	4.737626263807333E-6	
0.250021504280694	2.3892890620587537E-6	0.25001594286512335	8.31195025625151E-7	1.1220953308276884E-6	
0.16652233648418868	0.08338938918316632	0.25012307587079696	4.3453047354946965E-6	2.8764659897438754E-6	
0.08335188075276527	0.16670994088742544	0.24995268011843289	1.1353842817719198E-5	1.0324701045971626E-5	
8.045645951102857E-6	0.2499135896195911	0.2501002034105536	6.755302050521913E-6	1.0980235715070772E-5	
0.16669380334253203	3.664434957274756E-5	0.33330577370689973	3.5935361459535394E-6	7.672133837641547E-6	
0.08332331865142761	0.08337347852183515	0.33334480836775154	3.49509983737003E-6	6.677611500587259E-7	
5.9286889324270836E-5	0.16669513411251732	0.33325947909897435	3.841318693213999E-6	7.677095605807294E-6	
0.08327351539193059	1.4435199068861966E-6	0.41675289895823364	1.1338966221483278E-5	7.642544881062413E-6	
2.0533533344568127E-5	0.08336281606203423	0.416654518757202	6.36643459982809E-6	6.188049043731213E-7	
6.137448005958068E-6	3.944614176612754E-6	0.5000248122991597	4.2764010395580853E-7	7.843442306461963E-6	
0.41668354805206653	4.6973417675959575E-6	2.7299117503545502E-5	0.08333006583601524	8.078102244285256E-6	
0.33345144153492834	0.08324191963475015	9.723809789905543E-6	0.08334189882832266	8.247293502278207E-7	
0.24992907868878128	0.1667437671582891	2.7191810780200086E-5	0.08333092044946631	6.7275952416241885E-6	
0.1666737702868506	0.250026620716394	1.853422948305998E-6	0.08333132077372306	6.697172142635057E-6	
0.08337671867296392	0.3334038218691305	1.424253214554813E-6	0.08334763305548462	5.7037823482650055E-6	
8.950303639787335E-7	0.4167197708646094	1.6412551973559383E-6	0.08332841230347326	2.099987576841361E-6	
0.3333547767399444	3.0393595632750435E-6	0.08334518422298672	0.08334181846023042	3.7201779915212307E-7	
0.2500224395999439	0.0833363986895207	0.08334544916666649	0.08333052058909865	3.732155194200921E-7	
0.16668294698729844	0.1666814102935049	0.08334678315847431	0.08333351164434984	2.39643508115173E-7	
0.08330015081078233	0.2500587713443916	0.0833454242842354	0.08333215298648783	1.9053892531072999E-6	
3.58792095644229E-5	0.333397717386769	0.08328070746808393	0.08332997674569231	6.192351940204727E-6	
0.25002720718855953	2.7435604422322116E-5	0.16664634667538175	0.08332873650374212	5.620993781887184E-6	
0.16668420419332475	0.08337511006073688	0.1666494606435064	0.08333034795813239	5.4527653605285065E-6	
0.08331758769524794	0.16669284666127765	0.16670037605803678	0.08333335155607534	4.423889541771384E-6	
1.4994763208850974E-6	0.2500434222717284	0.16668343098589722	0.08333696712026081	2.1830066936308123E-6	
0.1666934465905535	2.130790506768792E-5	0.25000564574466333	0.08333376565369309	4.2490781253710165E-7	
0.08333753140070484	0.08334067120962146	0.25004168908002117	0.08333256961649022	1.7575087773124695E-6	
9.479268792573507E-7	0.1666810982616645	0.2500474569470527	0.08332908983856806	3.5276674439663535E-6	
0.08334796453204017	1.5904980137082226E-5	0.3333461218732688	0.08332790268927634	2.0278264401604023E-6	
5.064944041587888E-7	0.08334179247064796	0.33336495652697934	0.08332730939818588	1.9144001710025633E-6	
3.52496917388692E-6	7.65204152684745E-8	0.4167022808555455	0.08332979743713026	1.6409904739002661E-6	
0.3333456487998274	1.746635406443204E-5	7.426518087807003E-6	0.16665927301370745	5.68175232412185E-6	
0.25004580837407947	0.08330564223788103	7.99990936905079E-6	0.16667845653047902	8.66079332697548E-6	
0.16669710984425887	0.16669451092792384	2.19639113651581E-5	0.16663983486505876	5.961038729473816E-6	
0.08335695161705035	0.2500458474114761	2.1111363438641807E-5	0.16662891798013063	3.273095383841049E-7	
2.4854466895578385E-5	0.3333680262029881	3.057728363920593E-5	0.1666266870730636	4.96574980040579E-6	
0.25003312527240273	3.9984818960602015E-6	0.08332907662719549	0.16669781677463405	2.0069536510072766E-6	
0.16666497445225348	0.0833644140658798	0.08332682995311923	0.1666768200677553	4.871308919708882E-6	
0.08333626717102716	0.1666531321623891	0.08334262707526166	0.16671504968619175	5.969945979072293E-6	
2.2399317507370693E-5	0.25004255567418304	0.08333243258313347	0.16665278937000702	3.383601878062112E-6	
0.16672331567121962	1.0555846796674454E-5	0.16670970594750886	0.16666742194348425	2.2155661632056844E-6	
0.08335471612227582	0.08334860007777051	0.16669350784121087	0.16664885047873285	4.893507375476021E-6	
1.3823221647782423E-5	0.16670233946410076	0.16663094144056326	0.16671475903051938	6.172121824085522E-6	
0.08334428697830623	7.588984060219903E-7	0.250051492618549	0.16664806329357512	5.474518619863403E-6	
2.444493827453795E-7	0.0833066271259857	0.2500338473144647	0.16671139943711516	1.919943043780851E-6	
1.7985422223635013E-5	9.06319102131452E-6	0.33336487762941636	0.1666439843552518	7.4651102677029204E-6	
0.2500347216378914	1.7162509846831233E-5	5.438143900547394E-5	0.24995947950595898	9.460018857679684E-6	
0.166665782937298	0.08336631895947899	9.921536171077848E-6	0.24999761160171458	6.614005446101491E-6	
0.08335299109071578	0.1666865761138571	5.12214372942516E-6	0.2500004114259465	1.509758429182469E-6	
5.537134206724259E-7	0.25004477049119905	2.9334603039982686E-6	0.2500008668328146	1.7579738311672638E-6	
0.1666607033426376	4.669812599916196E-5	0.08333789473753	0.24999407265676632	6.236016539726883E-6	
0.08336896596758123	0.08335832669636911	0.08331866138728612	0.24999649402483543	4.654296685787789E-6	
3.080441855151723E-6	0.16672582463859414	0.08331947270262254	0.24999670203326313	1.023161696523014E-5	
0.08337250435841537	1.042783061534117E-5	0.1666704043281645	0.2500088942003692	5.212246537916453E-6	
5.092483035540968E-7	0.0833530480780115	0.16669583913256483	0.24999825322159963	1.8671701402499257E-6	
9.569014149172483E-8	4.8568689023701094E-6	0.2500298004482488	0.25000902814966836	4.636731053738662E-7	
0.1666789549530919	1.7007821671448334E-5	1.1274021396921738E-6	0.33333594314218035	2.5148469273417915E-6	
0.08334085653320114	0.08334965838886238	6.51309513508827E-6	0.33333581884448754	2.820799893712253E-6	
1.7126461038403572E-6	0.16668206650298265	1.1449012863751884E-6	0.33336900749869497	3.4889607013914906E-6	
0.08335849160700057	9.301475864867018E-6	0.08333000531640541	0.3333369161215229	4.950240992497101E-6	
4.6874961672827485E-7	0.08333297312411228	0.08334694752051713	0.33335920358193394	3.5061671407956293E-6	
1.6644667449778662E-5	1.151174546271933E-5	0.16667246517922438	0.33334130104339565	1.0674995193109068E-6	
0.08327980074707259	1.4070006746911296E-4	1.7165457426406458E-4	0.41645109121977747	1.9586330135479157E-5	
1.7817203538910104E-5	0.08330138176553599	2.665193690335667E-4	0.4164465903743868	1.866206576947986E-5	
1.5586294435520181E-6	1.556182666173452E-6	0.08324245408986346	0.4167766686110585	2.5749409137605628E-5	
1.1640218099615264E-5	1.2644240748618879E-5	2.4116025164192505E-5	0.499995647794299	2.543383328504567E-6	
0.41665930617737756	1.740800570164058E-5	9.906356942607846E-6	8.142513583918236E-6	0.08334147709514285	
0.33333658939933314	0.0833682371368012	1.414305648794194E-6	7.419853567585781E-6	0.08332972966777402	
0.2500466282472726	0.16664390947231886	3.844032528773807E-6	1.4319049484058897E-6	0.0833436165777864	
0.16667775116273953	0.25003239840666264	6.694001385255252E-7	2.49164214433357E-6	0.08334385164990576	
0.08336019775764913	0.3333482002070845	2.0650703161210624E-6	3.1238852743721494E-6	0.08334390483094667	
7.299830552993664E-7	0.41671265116861866	2.397157617714263E-6	5.474859048191612E-7	0.08333939111482247	
0.33336360157648676	4.673461034509584E-6	0.08332550431514166	2.935330474981622E-6	0.08334261136625681	
0.2500367410902163	0.08336015369396312	0.08327488615613199	9.581789220723108E-7	0.08336291037101523	
0.1666810527514448	0.16667927780962788	0.08333127551827017	3.608052320749205E-6	0.08334349665358039	
0.08334999139409943	0.25001838992104813	0.08334941581005043	9.511003878666274E-7	0.08333978543353375	
1.0357299472707805E-6	0.3333499269192377	0.08334402362858982	3.1848848740767816E-6	0.08333598556874992	
0.25003093954583855	1.670472475198497E-5	0.1666420801680871	3.900595172789139E-6	0.08334203232632523	
0.16667677856478108	0.08337252937742973	0.16664318469226705	3.2982851346487547E-6	0.0833408715812894	
0.08334733137174802	0.1667065521380209	0.1666427565889563	3.4329135057561823E-6	0.08334000158163458	
3.096443890975448E-5	0.25001992106313853	0.1666407589702833	3.6332399751491062E-6	0.08334335873338047	
0.16668142667700223	2.0082746899225456E-5	0.2499864605174121	3.2223299521187645E-6	0.08334028190271246	
0.08333725996618113	0.0833414485818775	0.2500370746413365	3.821134022748071E-6	0.08331733883289393	
1.192013462089435E-6	0.16667001326188444	0.2500257440602102	3.0969156926287747E-6	0.08334001562136993	
0.0833693181412024	5.843021827058973E-7	0.3333248073408497	3.221672632491012E-6	0.08333992597720924	
2.1780853555585456E-5	0.08336168193725788	0.3332981010164298	9.756510464258014E-6	0.0833406630474044	
3.687960637376165E-7	2.9809363390711515E-7	0.4167124918410596	2.7462720565046465E-7	0.08334471135392682	
0.3333536808934686	8.11967506548019E-7	1.98259058953734E-6	0.08334181428622167	0.08333483963101745	
0.25001736063393776	0.08333473688530572	3.1028125375450926E-6	0.08334128654837793	0.08333424279793206	
0.1666809128966557	0.16667978810125694	2.878731043302272E-6	0.08333479611710917	0.0833427073027733	
0.08334667614702568	0.25000595708976214	3.374507677870218E-6	0.08334522578389215	0.08333637279174459	
2.4690500066280884E-7	0.3333662471781763	7.649510493527917E-7	0.08334803868065307	0.08334419803753418	
0.2500063760575211	2.940446578678559E-8	0.08334851041638998	0.08334122175537395	0.08334148812760024	
0.1666511277416868	0.08335569723852146	0.0833486502759321	0.08334565925023936	0.083335412536701	
0.08332946639887835	0.16669236036367294	0.08335443988493672	0.08333710184634346	0.08333830156959636	
1.6993154707607454E-5	0.2500311833192217	0.08331574877451668	0.08334706623389024	0.08334514185812855	
0.16667547289151713	6.628087419143304E-6	0.16667302061361572	0.0833415578536867	0.08333496315145893	
0.0833090469119771	0.08330603771162987	0.16673219336113024	0.08334351111544865	0.08336065725951984	
4.3225379591166585E-5	0.16667715273794328	0.1666278059435032	0.08335023955648584	0.08334185796188188	
0.08333309014463783	7.585553342751304E-7	0.25001946949010545	0.08334054565768682	0.08333911404616233	
7.921080980354863E-8	0.08333336240306978	0.2500182481442721	0.08334013853887963	0.0833406314345824	
1.5846314285975935E-8	4.4008237104807365E-7	0.3333535279404853	0.08334156649688233	0.08334080958428645	
0.25001615803070965	3.2225196950858676E-6	1.777258783634425E-6	0.16668001093790819	0.08332794915232836	
0.16668869469510278	0.08333364413051865	1.2950174262641485E-6	0.16668051876295759	0.08334327558949906	
0.08332861967081363	0.166696001672975	1.9592526703234565E-6	0.16667866267826445	0.08334355222149804	
2.6688960760307194E-5	0.25001033775158754	1.2490133262510352E-6	0.16668620646745566	0.08333195609291481	
0.16669922520756514	1.6214470613736048E-5	0.08331082232584948	0.16668503412153665	0.0833294239873166	
0.0833603879876622	0.08335368654826121	0.08331013443659611	0.16668071649475366	0.08333534579292007	
3.533445705295016E-5	0.16671366148847974	0.08327767109527193	0.16668293394601458	0.08334489104788753	
0.08337044708928797	8.767101939593503E-6	0.16664991810389132	0.1666869377251152	0.08333042100590596	
2.098300677971348E-5	0.08335694317556701	0.16664734352039798	0.16667916669020308	0.08332868633721086	
4.954731853650368E-6	3.5108937091549597E-7	0.2500225075883531	0.16668331532005168	0.0833449003636467	
0.16667593954481336	4.150762983185899E-7	8.475646555551459E-7	0.25002523487153605	0.08334272188674764	
0.08335148885955977	0.083324998619539	8.472943025994189E-7	0.25002543376186553	0.08334371444912805	
1.1922227573273084E-5	0.16665029246088167	2.337548568334022E-7	0.2500387816059486	0.08334075063002797	
0.0833502753901694	1.568571562540167E-5	0.08331147440808523	0.2500255844201981	0.08334359403194233	
5.848888398903903E-6	0.08336094195503381	0.08332388508640863	0.25001909798119487	0.08334382701346271	
3.3441993696704005E-8	4.6473581621490627E-7	0.16667732343697825	0.25002610849596824	0.0833430209390472	
0.08337541084786378	2.3891094138911973E-5	6.861402347922731E-5	0.3332447137485048	0.08332944387755736	
1.7409954536721382E-5	0.08337197896098865	4.206871927878821E-5	0.3333015588194819	0.08333459908443748	
2.6392244583770162E-5	2.867138883162703E-5	0.08337077322851588	0.3332791043110239	0.08332788226359131	
3.034852278519935E-6	1.6238052925452738E-7	3.1498352164332173E-6	0.4166984728011012	0.08334298960880672	
0.3333660406638202	7.795381781874753E-6	7.940434472332076E-6	8.834061927675621E-6	0.1666681476974719	
0.25003609691982615	0.08332564628874345	4.915741760801912E-6	3.0072121870708895E-6	0.16666566631580343	
0.16667867585069762	0.16667948157083462	3.344288228946078E-6	1.2631903387031378E-5	0.16667294206007807	
0.0833480050099108	0.2500099465937742	3.360790878538332E-6	2.4799168006895574E-6	0.16667107212797136	
6.636213781483275E-6	0.33336541953397847	2.1190900119795466E-6	2.0883282339351703E-6	0.16667809872866887	
0.25001917131412826	3.810963663573554E-6	0.08335467028400063	3.862384210477313E-6	0.16667174573643923	
0.16665261777659302	0.08335644249690168	0.08334942714044902	1.2722368323654987E-5	0.16666635732169358	
0.0833283853524038	0.16666653830906156	0.08336012294017829	3.2671968585129323E-6	0.16667339071304732	
3.319851592487006E-8	0.2500012738607934	0.08336200391960977	2.441472214170479E-6	0.1666767741443119	
0.1666700371039633	1.0842804594612385E-5	0.16667213096680975	1.27870439965976E-5	0.16667729000568587	
0.08342284588443204	0.08318764211591874	0.16673543267657878	1.2435763301903262E-5	0.1666735161933232	
1.1916248939230045E-5	0.16669703509832257	0.16665197160433706	2.4517044306614645E-6	0.1666755420521376	
0.08336121585421531	2.8119871835460013E-5	0.24996984779585527	1.7091531071284501E-7	0.16667340035130918	
7.18304274515357E-6	0.08332710585264182	0.2500213314943923	2.780023817852036E-6	0.16667292325943597	
4.550466133692261E-6	2.5545244094415072E-6	0.3333483272609889	1.825085161152472E-7	0.16667211487458478	
0.25002530015736996	2.9955424906941402E-6	5.090458201106022E-6	0.08335286725976622	0.16667441799557642	
0.16669763522865028	0.0833385698105948	4.230146812044867E-6	0.08334204028831516	0.1666773424290583	
0.0833533085567298	0.16667045765210303	3.2138554040868635E-6	0.08333751707945333	0.16667143608265972	
3.009810858824351E-7	0.25002649279100236	3.5178343788545296E-6	0.08335013978669946	0.16667913531870918	
0.16667442593529633	1.2696608692942621E-5	0.08334021040686114	0.08335081776257919	0.16667030721739393	
0.08335094677433875	0.0833372679533368	0.08333775716404698	0.08334308427883608	0.16666558413633098	
8.348717849811298E-8	0.1666610334989266	0.0833704147375546	0.08333912478537692	0.16667393541267408	
0.08335051532791764	1.0057938005607547E-5	0.16667105578312688	0.08334146906015964	0.16668076152358832	
1.0206661904406704E-5	0.08334916424064741	0.16667126469285973	0.08334087708485907	0.16667136923654682	
3.1136688678613675E-6	2.1559386406789795E-6	0.2500142248706518	0.08333816522323886	0.16667257181211556	
0.16669061277117164	2.1074435923748252E-5	2.9985640714087073E-5	0.16663921357608638	0.1666712210668708	
0.08333562688177545	0.08335809907729136	2.9609763059691603E-6	0.1666637729940312	0.16667413285558808	
1.1885999662279075E-5	0.1666937011684353	7.518255946618713E-6	0.16666789335866758	0.16668061637199996	
0.08333890604865726	1.981855312073301E-5	0.08335349230232296	0.16668123697668777	0.16666565267774772	
1.7351595572745493E-5	0.08337024209681017	0.08333235562404159	0.16667464281481684	0.16666365116299067	
1.4218674926885527E-5	1.5390519508160835E-5	0.1666841814832699	0.16666670979779727	0.1666566388650785	
0.08335203262812906	1.9673496476052662E-5	1.2803045051432316E-5	0.2500004659254031	0.16668848431087632	
1.500899129109231E-5	0.08334626482170342	2.5269539266314944E-5	0.2500074142230582	0.16666166969364987	
1.2683465590772432E-5	2.435925952786613E-5	0.08336235843030082	0.24996953633409885	0.16666529927936832	
3.630054961510367E-7	6.965743718227553E-9	3.7094901011722034E-7	0.33335266073149866	0.16668712852577663	
0.25002231515672835	3.3570857013509826E-6	6.5285922319319064E-6	9.257465086118675E-6	0.2500096226303602	
0.16668969859346194	0.08333541853743899	1.9693540475218822E-5	1.532618394830615E-5	0.24999296338434754	
0.08334229251096215	0.16669148573455916	8.712065786434636E-6	1.1690165952834121E-5	0.24999056245796292	
5.229032997400623E-6	0.25002787000056087	2.1421843720554533E-5	9.877849392343016E-6	0.24998166958294038	
0.16669553222142727	4.3770718738304905E-5	0.08329556287615658	2.2750949332424634E-6	0.2500059133570729	
0.08335601958685816	0.08334213465133485	0.08334272703694225	1.1687420575746332E-5	0.2499880144517094	
1.1931796797765061E-5	0.16669193160192958	0.08334556609781886	9.430652463570305E-6	0.24999576316326363	
0.08334881047697744	2.787343719105525E-5	0.16665538693626036	1.7171177525460593E-7	0.2500009428612718	
2.1608783167855675E-5	0.0833396062616392	0.16667233439663504	2.5890114233695166E-6	0.25000557691029834	
1.5196524379583182E-6	1.0477088840553316E-6	0.2500204163104513	9.727024330898916E-6	0.2500032360493871	
0.1667164372886226	4.463570880557702E-5	2.4990906617074935E-5	0.08326521737420353	0.24998774381837213	
0.08338240711220139	0.08338249667690013	2.4801232495439098E-5	0.08326852085753901	0.24998297160850758	
8.218227690845232E-5	0.1666810944598072	2.4751781829915E-5	0.08326634175993554	0.2499907951347505	
0.08338345107547539	3.8148333657824576E-5	0.08336597973852536	0.0832674258477788	0.24998987485661955	
5.804516939432126E-5	0.08332745608576114	0.08332986225129067	0.08334341900834998	0.24999304611738987	
7.866050522383871E-5	5.278484393200842E-5	0.16665492489593334	0.08327069236051525	0.24999117187915743	
0.08336810127047457	3.6854302930451594E-5	3.7381843447456565E-5	0.16664274701258303	0.2499914229447338	
8.405988535490368E-6	0.08333882651073042	3.7804973164084262E-6	0.16670739655443392	0.2499959933572953	
8.643205345525924E-6	1.5451241164935286E-5	0.08333030067563192	0.1667173689010307	0.2499712023717578	
1.8146819691416385E-5	1.8344304195903966E-5	1.829907589365174E-5	0.25000536246394744	0.24999779342286726	
0.1666917240983605	4.708140948157773E-5	2.455394789924989E-5	3.12313095372454E-6	0.33327436113308906	
0.0833674232880736	0.08336762578198001	2.5349013355089676E-5	5.250975265576437E-6	0.33328007686641653	
1.1488008600140179E-4	0.16663440983253683	1.1194621805286505E-5	7.920307900170873E-6	0.3332780430806372	
0.08338953908784934	2.878773797796244E-5	0.08334352624676912	5.871335249034235E-6	0.33327613808543644	
5.388953987246929E-5	0.08335254658050871	0.08335182446956624	5.415188217806263E-6	0.3332876413798244	
4.093049243396184E-5	3.9146600301054126E-5	0.16667849685236433	9.960050842017478E-6	0.33327868274204475	
0.08336418260875063	3.6663695913562316E-5	1.3146730943726711E-5	0.08335146139681696	0.3332720156878705	
2.1870790957463672E-5	0.0833781255450291	4.412286719338129E-5	0.08332543993966403	0.33328788858191105	
2.0314671168084575E-5	2.025568241543384E-5	0.08332578921576303	0.08339246968004636	0.33327152338194876	
3.089282571530012E-5	2.925961850726485E-5	3.0046877395494448E-5	0.16667496438113133	0.3332776967420883	
0.08335944196993944	1.7871608180353054E-4	2.5986632253781934E-5	1.1648070051755314E-4	0.4163606001293328	
5.7911827997017746E-5	0.08339699166154564	1.2570567477284522E-5	3.0889072801566417E-6	0.4165656083928095	
5.632857740721817E-7	2.198818699129419E-8	0.0832603012167519	1.0405993479639014E-6	0.41678148914601204	
2.4003779970010179E-4	2.623665267429686E-4	2.5080100654642094E-4	0.08339282642464736	0.41589514722250004	
4.2085067101140035E-11	5.090946070033459E-9	9.947440027519481E-8	1.0207748824981652E-7	0.5000439368423584	
