0.500034556045063	5.680665146084795E-6	9.490687691437421E-8	1.621961388581362E-6	3.3909326492319762E-6	
0.41673521947194136	0.08326914739426196	6.459010716522516E-6	1.5358857378358015E-5	1.3009948356837708E-5	
0.33336116458282117	0.1666850545742088	4.058434290001682E-6	1.501181843396347E-6	3.3161495940490233E-6	
0.24993245121287577	0.25008845717273004	3.1978319760427905E-6	7.249912539754709E-6	6.31088089980604E-6	
0.16672379494401735	0.33327858018509193	5.613305676357343E-6	1.2183896932938091E-5	2.147272217568657E-5	
0.0833343999077869	0.41670341433617974	2.59497109190633E-6	2.466107074943543E-6	1.238802841659983E-6	
2.3091628995094404E-6	0.5000273948379554	3.158986785072364E-6	2.434313214479881E-6	3.434782197524279E-6	
0.41668344159435683	2.3266872699942883E-7	0.08334995463627637	2.7221509945663324E-6	7.807310725661919E-7	
0.33334760344911185	0.08334716931196906	0.08333469101032455	2.1993892302761596E-6	5.922978587495442E-6	
0.24999934200682208	0.1666460827269173	0.08338317373970125	2.7151945615092793E-6	5.847967411179983E-6	
0.16668305204015188	0.25000213588069514	0.08334938030275137	2.6714592864848655E-6	7.487802458994603E-7	
0.08335399654683961	0.3332823594860774	0.08338225268225001	1.2032353641520121E-5	7.5093226596351955E-6	
5.787968394861155E-7	0.41667461155607294	0.08334560755707933	1.1975562811606914E-5	5.286395164964541E-6	
0.33339103658403746	5.950898937518801E-5	0.16657537863060787	4.512866813430976E-6	5.821837708346839E-6	
0.25009667377400707	0.08329525254338144	0.16662342818244186	1.1497942633831058E-5	1.1642112546145393E-5	
0.16667709061370353	0.16676793794513942	0.1665726226033557	1.1097077134508638E-5	1.5247827500981701E-5	
0.08331869855983215	0.24996914502864914	0.16673578223731758	6.181252617473128E-6	7.70714162518764E-6	
3.968420002339825E-5	0.333300444773695	0.16668348802962984	6.789899048998237E-6	7.482501750165359E-6	
0.2500083305966536	4.6998107140927605E-7	0.2500214796004645	1.224145446760656E-6	4.9812457738649805E-6	
0.16670498236627643	0.0833004491897146	0.25001935814162324	7.011004024952096E-6	5.734101137835834E-6	
0.08333676645854965	0.16666946628038395	0.2500202134579577	4.4466843679542934E-6	8.427268854449307E-6	
3.26576027736869E-5	0.2500421054495511	0.2499537063746131	4.33771020432604E-6	7.403813649200222E-6	
0.1666780119865714	1.869308440764962E-5	0.3333291908603583	6.012604696048731E-6	5.103022451355005E-6	
0.08332977999862932	0.08336691213734877	0.3333370380673686	2.8204721282957916E-6	4.993347457987974E-6	
4.0207191864798676E-5	0.1667312737676477	0.3332588390303261	4.223604999148495E-6	8.583888124909853E-6	
0.08341332663573876	1.2194903033543034E-4	0.4164695516498643	2.632203688489439E-5	7.829295529999809E-6	
7.43049650588759E-5	0.08338516816994361	0.4165440017206256	2.643993333322985E-5	7.861197377770513E-6	
6.03636500352266E-10	1.8292314914390496E-6	0.5000363590542639	4.641706676743547E-7	6.950293493945688E-7	
0.41669374052513786	4.646414942554043E-6	4.849922705048523E-6	0.08332988108636878	4.537077631280375E-6	
0.3333535911472872	0.08335039393524457	4.864561924484866E-6	0.08332594254007379	1.745300685129942E-6	
0.2500273629520992	0.16666416059944011	2.1795670073504206E-6	0.08334255321920647	1.519560389745194E-6	
0.16668344228398738	0.250010511960151	1.3825692625098586E-6	0.08334302105221204	8.976821772759789E-7	
0.08336550857136915	0.33332480486875393	2.983945479840212E-6	0.08334254076954851	3.5554480725452328E-6	
2.0134323828347078E-6	0.4166752243715971	1.6166543175532975E-5	0.08334256216285532	3.5536444714207376E-6	
0.3333706750972773	1.7859003999272927E-6	0.08333278474233305	0.08333030019255339	3.2983495383088216E-6	
0.2500163268148008	0.08335584595684557	0.08333271209816008	0.08333023723645665	3.1995792506043027E-6	
0.16668443823057422	0.1666741299595752	0.08333591793001545	0.08333752004004888	6.30461576016351E-6	
0.08333955990087531	0.25003524616964046	0.0833366107403573	0.08332658796504636	7.730769648360786E-7	
4.955589701369387E-6	0.3333693988876106	0.08331602768681155	0.08334272222886867	5.487493316659198E-6	
0.2500440446099169	4.39777907097641E-5	0.16660086344808428	0.08333623478614745	1.2125932571949819E-5	
0.16671821087451014	0.08337312460103267	0.1666030705175467	0.08333767662215277	5.729523866484056E-6	
0.08338315776235161	0.16669644540629033	0.16662619934780462	0.08333111671929139	4.481440171781614E-6	
6.872402230074244E-5	0.2500218695709395	0.1666027065253256	0.0833289073267833	1.535386258147634E-5	
0.16666891502194886	2.654161504099078E-7	0.2500316619235194	0.08333932589696409	8.294201802400916E-7	
0.08332849296912696	0.08332593947317908	0.25004351322483415	0.08333923571757065	2.6780925635317593E-6	
8.018111813867767E-5	0.1667006753230168	0.24992350620758985	0.08332590340242049	7.626373498827156E-6	
0.08336149646789932	3.0070830070690767E-5	0.33331422795485843	0.08332596209503192	6.782860320106437E-6	
2.661871663866311E-5	0.08336555005616648	0.33331663216990814	0.08332666827339287	2.3147712104774206E-6	
3.0122854932341946E-6	3.3989960618097283E-6	0.41670301117504777	0.08332680291107508	2.271093229980353E-6	
0.33334878707573234	2.2868151813395634E-5	3.608584702475395E-5	0.16662974175187487	6.558626705715713E-6	
0.25004571188652575	0.08331411304420966	2.633022207572556E-5	0.1666452378737964	5.8181920766662085E-6	
0.166705772846536	0.1666952944637957	1.1965403769530272E-5	0.16663250560087964	6.762950690927649E-7	
0.08336993600312764	0.250010276036627	1.013939563236193E-6	0.16666272815098077	5.6557174422690815E-6	
2.6652057236158475E-5	0.3333596326304832	1.9443846325823018E-5	0.16662784598885144	5.410003554774353E-6	
0.25009379809458554	9.888096184567039E-5	0.08319722433615687	0.16663020360097158	2.3709110518612673E-5	
0.16669826546679775	0.08335135909160891	0.08332476321617016	0.16665918397903182	3.5920320402044905E-6	
0.08335971946710542	0.16668187345964136	0.08334655019094689	0.16664451311488251	4.300271236544795E-6	
3.247524694550321E-5	0.25002226357902124	0.08335018955832761	0.16662835703443138	5.705370538208472E-6	
0.16670166062937822	1.049169781748411E-4	0.16658313977874714	0.16664507166635475	1.4717334468103297E-5	
0.08335743354637745	0.08335366433910321	0.16667858679560815	0.1666434094130124	6.582913444899255E-6	
5.272902056275286E-5	0.16676080629205517	0.16658825642759398	0.16662876535715707	7.632668469566893E-6	
0.08337025975146038	3.660659794558367E-5	0.2499834161758428	0.16664379091165601	5.046213991719514E-6	
3.877818598236983E-5	0.08336765505494384	0.2499829868995985	0.166642702821236	6.459734477235834E-6	
1.1765426677312977E-7	1.1700392850270394E-7	0.33334538269547764	0.16669023331110763	1.6495264384532291E-6	
0.25004440310816634	3.4660109215218774E-6	1.440499256321879E-5	0.24998884865228213	7.454480587825558E-7	
0.16668337852093623	0.08334640544104088	2.5368879598990363E-5	0.24997830889808348	5.823571566765096E-6	
0.08335832842545136	0.16667960988483954	1.5302072911632414E-5	0.2499799992067916	5.819407109213118E-6	
5.465432622645366E-7	0.2499960774031108	2.229599794198166E-6	0.250037085223287	5.411050336081087E-6	
0.16668322416019332	2.3657709602663796E-6	0.08331967571811845	0.25004704106960574	6.672373659847285E-7	
0.08337284060572786	0.08336554952972197	0.08330124120977289	0.249992689726267	5.744177507514504E-6	
5.0699255185954016E-5	0.16669786402906014	0.083306937475363	0.24997881990113208	5.662451635320122E-6	
0.0834045767081762	8.173067806087267E-6	0.1666268061654138	0.24998936463023894	1.093223448679475E-5	
8.254707549285745E-6	0.08340452499261354	0.16662686594249398	0.24998837395723517	1.4753171255199243E-5	
7.4003796319838786E-6	6.893844966675908E-6	0.2500264587868054	0.2499949152948553	4.495191379490285E-6	
0.16667646634682656	6.583026466531378E-7	9.711499225534922E-6	0.33335695174130875	7.636761176965968E-7	
0.08333699955234393	0.08332970794060231	1.7298498558020222E-5	0.33335453924992764	3.1482773067637523E-7	
2.531052680870217E-5	0.16667647635959024	1.0537529214807363E-6	0.33333218934437026	5.6618996832715805E-6	
0.08335014307165799	4.0821085425731315E-7	0.08333429943555497	0.3333538010336999	1.9837113606403945E-6	
5.149226318828221E-5	0.08334565500233919	0.08331014680749706	0.3333256338806857	5.439528902979861E-6	
3.0635119165111467E-6	3.066969578667509E-6	0.16667798181809634	0.33335447252835354	2.0866144466433725E-6	
0.08333821199965302	6.18305070441585E-5	7.662970514227533E-6	0.4166212665207342	1.4212908860473889E-5	
2.7355782666124703E-6	0.08332973773478147	7.570460253430426E-5	0.4166259263663323	5.7308973294408014E-6	
6.344399272971699E-5	5.4443607598256485E-5	0.08336053554086678	0.4165491856416144	1.1274616713274992E-5	
1.5496932917800363E-5	1.7038800243494193E-5	3.2905553769194106E-5	0.499990661973427	1.3061597935323389E-6	
0.4166994554040998	2.886922390649447E-6	1.403897954084302E-7	9.002188796882415E-7	0.0833390246972624	
0.3333366602448447	0.0833578971490885	2.6496901141135686E-6	2.3161305989456017E-6	0.0833393793228563	
0.24998167771965987	0.16671468210505222	3.4491486627086602E-6	2.3043917914430494E-6	0.08333878805330816	
0.16668635535462378	0.25000747906234594	3.562045955407365E-6	1.0680456126627044E-6	0.08333888323471571	
0.08338778407961844	0.33330252821640893	2.511490344935219E-6	6.919304713784348E-6	0.08333833839918618	
2.3652990608400718E-7	0.41669511904363804	1.3580813970989385E-6	2.1962295296922365E-6	0.08333951348437126	
0.3333597834150119	3.3417622764718455E-6	0.08333375334892953	2.223597268777841E-6	0.0833389560487715	
0.25004717596945825	0.08331583813194912	0.08333382924820924	2.3485047349657705E-6	0.08333926581398715	
0.1666819493927104	0.16668031343852527	0.08333213908875393	2.5402770223058305E-6	0.08333980270704097	
0.08336610115160835	0.24999810277503945	0.08333244548303213	2.353113817226469E-6	0.08333814279003898	
1.4413309198755842E-5	0.33337461796890133	0.08330556320865191	2.5341396895697524E-6	0.08334095414498366	
0.25005855180003256	7.290715632928858E-6	0.16661587151201485	1.0408961980998545E-5	0.08334565377698686	
0.16683510990455813	0.08323484040079025	0.1666189557246274	1.0558151630874658E-5	0.08333946495990376	
0.08333210299791301	0.16668453515446482	0.16668069700314442	8.017059476189039E-7	0.08333956393648026	
1.2656875407847246E-5	0.2500540743731902	0.16661693964470242	1.5630072289561853E-5	0.08333989999817394	
0.16666731362607484	1.1269632804427978E-7	0.25002858212735524	3.3700656597738817E-6	0.08333953933299273	
0.08332881946958696	0.08332714322118835	0.2500349030284545	2.3535003626602464E-7	0.08334550969426587	
1.335319998304773E-7	0.1666573315438428	0.25003716762902906	3.5074093697640805E-6	0.08334041134458374	
0.08335291257046884	4.552305708533442E-6	0.3333427438931695	5.838446513182598E-7	0.08333803014771834	
2.802868288668142E-5	0.083340368714204	0.33332716834662574	2.2786547052533313E-6	0.08333935320879497	
7.475095507101376E-7	8.352311414644828E-7	0.41669836644115227	2.258954726937749E-7	0.08333982601623145	
0.33333545475754417	8.586372205024769E-8	4.505337233065156E-8	0.08336298608046222	0.08333844169906751	
0.24999788636306994	0.08335282819588848	1.7173618764449346E-6	0.08334614486601698	0.08333846272931345	
0.16664375557577144	0.16670666564149467	2.8928119547319233E-6	0.08334642761796131	0.08334001899901558	
0.08333378501882983	0.250015443901014	7.074244320207831E-8	0.08334834402479388	0.08333939789489866	
1.5724650828406904E-7	0.33334912014852913	2.1062290847076544E-6	0.08334916187407479	0.08333859588056347	
0.2500315470216514	7.888467557856366E-7	0.08332046075097178	0.08334555815725887	0.0833384377937303	
0.16668668249725482	0.08334484611530896	0.08332025045294383	0.0833453037463278	0.08333983264823114	
0.08334587453862585	0.16668643530771338	0.08331921207175846	0.08334531834535776	0.08333979805470172	
1.0758828613404294E-5	0.25002342752027	0.08331538044807828	0.08334873561709755	0.08333944499731516	
0.16667769088762158	4.633550642998664E-6	0.166670655814462	0.0833459736695425	0.08333896588924394	
0.08333267918612756	0.08333425938850364	0.16668581422865883	0.08334545448949086	0.08333842709509787	
2.5930619117349514E-5	0.16668599554285166	0.16664099100903945	0.08334751189815556	0.08333859250614031	
0.08335774624422351	3.8035082733871204E-5	0.24996250141699666	0.0833473125743452	0.08333215433763526	
3.982482590661558E-5	0.08335577517188802	0.24996266259963743	0.0833468379801344	0.08333185096070717	
1.0573140677632486E-6	5.3319829520921106E-8	0.33335186094009633	0.08334602259687855	0.08333959530429869	
0.2500102551687641	2.0100604852922445E-5	2.913234874610415E-5	0.16663922720681656	0.08333823458088527	
0.16669869701816728	0.08333224121402309	2.017814752986186E-6	0.16666870768490755	0.08333900418314022	
0.08337466773780505	0.1666749071974684	2.2353191651491163E-5	0.16664157374284813	0.08334107728280213	
1.057611666624784E-5	0.25000425094442763	4.056547752322328E-5	0.16664460341468446	0.08333939427528843	
0.16670061349803034	1.9771446490029537E-5	0.08334014938295611	0.1666399374995627	0.08333895087957105	
0.08336000252083302	0.08335871659743628	0.08333935801963087	0.16664085048894234	0.08333985940030317	
2.1849161119140161E-7	0.1666565737244762	0.0833534336403364	0.1666968308813291	0.08333275509643204	
0.0833452257983073	9.659162188088472E-6	0.1667067230575116	0.16664555615466264	0.08333271257443473	
1.4589038787070092E-7	0.0833363102236792	0.16667013600108266	0.16669277092712434	0.08334000206934071	
1.695624649085632E-6	1.6961488259538331E-6	0.24999987807099336	0.16669561314816608	0.08333981975530534	
0.16667743173638758	1.4031567582891577E-5	1.4587360508609394E-5	0.24999268762519095	0.08333857170751062	
0.08334413347537381	0.08333683997210772	1.504193078869246E-5	0.25000466165082924	0.08333855153885006	
2.6519181121340726E-5	0.16667653160577064	1.370041924733478E-6	0.2499942792671404	0.08333962608294004	
0.08336742305725092	7.038155483999593E-6	0.08333299027950847	0.24999478830897723	0.08333911445777435	
2.3069988856453646E-5	0.08333954739779217	0.08334606976355183	0.2499978348450728	0.08333311000303213	
1.9400940236487278E-5	1.9267149219078178E-5	0.16666956152060447	0.24999787589868555	0.08333302209632149	
0.08337998522724759	4.3548997657363755E-5	4.634505063765723E-5	0.3332441920848523	0.08332712354602448	
1.3266419577709863E-5	0.08334257415553568	4.4653257638205984E-5	0.3333062821023515	0.08333323810364597	
2.9770762634157927E-5	2.5520898814076362E-5	0.0834124673251769	0.3332378467491248	0.08333263771683257	
2.7680382815700886E-11	3.360815039505216E-10	7.159686398351422E-8	0.4166995951076819	0.08333873614292553	
0.33335516555580297	4.468797900507861E-8	5.781592155524005E-7	2.5402036630408213E-7	0.16668144690845288	
0.2500127472317773	0.0833513000706338	4.020539658681367E-6	1.392741661042806E-6	0.16667384541492292	
0.166686686436344	0.1666763489716695	3.4217846000565175E-6	1.922248508939566E-6	0.16667019266891686	
0.08336563335273392	0.24999695265850364	2.5392983267900167E-6	2.093072299382918E-6	0.16667045111099463	
5.1783277012105136E-6	0.33335593564329585	3.1040617395976536E-6	3.052138839880463E-6	0.16667170607092363	
0.2500348847483968	3.225025913731024E-5	0.08332112841900106	1.3714067707962717E-5	0.16663649360153254	
0.1666907566298869	0.08335672716600098	0.0833145805284323	4.861597324312712E-6	0.16667506408516045	
0.08335417499677435	0.16668081924860742	0.08331039981706007	1.435996974628265E-6	0.16669061699999244	
6.206971417275086E-6	0.25004207844389764	0.0833149239421657	1.6354535563766558E-6	0.1666745829870561	
0.16664318633554948	7.817730792943284E-5	0.16666954048548985	1.3715428374334546E-5	0.16663433346923898	
0.08334446509467645	0.08333940904277799	0.1666734846912571	2.864639485262321E-6	0.16668006401990434	
8.224990912907162E-7	0.16672818674720197	0.16668097184452013	6.612101506924384E-7	0.1666354092856245	
0.08336640288926286	2.9435453001147426E-5	0.24996247707931932	4.6578107447541133E-7	0.16667868996093638	
5.091303742248316E-7	0.08339292013790418	0.2499665816783246	4.662344271229449E-7	0.1666795095692808	
2.498777567808273E-6	2.768772685198831E-6	0.3333538326811828	2.6295027992732184E-7	0.16667977471858267	
0.25003500754872293	2.5409476714700134E-6	1.020921811096232E-6	0.08332823471169726	0.16667092980864878	
0.16668212084779507	0.08335121623495721	1.9052748140763413E-6	0.08333105788882933	0.16667073404932334	
0.08337260220913072	0.16666276405735286	3.4488589809824345E-6	0.0833310699839305	0.16667126022414522	
6.1598086719337535E-6	0.2500422226010156	5.711228409572152E-6	0.08330051086329553	0.1666938257023214	
0.16668043500464952	1.6346965540700837E-7	0.08333259870105157	0.08333713825461485	0.1666873649092347	
0.08334705602941962	0.08334366064172345	0.08333684166200897	0.08334284764569448	0.16667188282987494	
4.792484240864572E-5	0.16668637217910348	0.08325117886554224	0.08336329172894792	0.16669088075431793	
0.08331376654521051	2.7441794377890444E-6	0.16669634922614968	0.0833412606962283	0.16668392002860544	
9.496264318014192E-6	0.08330581738796254	0.166695880702371	0.08334070547325824	0.16668826685589141	
5.9741370127260065E-6	5.459553396760447E-6	0.2500170723352869	0.08334225100228239	0.16666761800059826	
0.16667061113382936	5.639164634330978E-5	1.5966109399668302E-5	0.16662483182966706	0.16667163784690678	
0.08336575323748681	0.08336239827691717	1.6901461227683477E-5	0.16662544882152727	0.16666619332920082	
5.3865877730429544E-5	0.16667771581497517	1.608120039532757E-5	0.16662809072101392	0.1666722983009099	
0.0833594272231733	3.1021661909330065E-6	0.08333480156887102	0.16666887612900266	0.16667071613333198	
2.6794831742092546E-5	0.08333613229219297	0.08333507841346088	0.16667204548732578	0.1666666948919877	
1.3627215313510633E-5	1.317266695085199E-5	0.16667683927796553	0.16666784662257061	0.1666681201758011	
0.08336898939218969	8.244422446010862E-5	7.133505338145012E-5	0.24988301744024527	0.16663779191482306	
1.0868438606582875E-4	0.08335782855164098	7.127325953627796E-5	0.24992443220071864	0.16657737452928617	
2.8342050049522622E-5	2.702500118027989E-5	0.08336092489782604	0.24998114288674145	0.1666424582441533	
9.97447202051143E-6	1.0188654397585443E-5	9.713357507750309E-6	0.33337161621252565	0.1666459966805571	
0.24991480797220483	1.704458322013658E-5	9.956255792546381E-5	2.1300107027024994E-7	0.2500105034873422	
0.16661243755328012	0.08347045795223874	2.964562091614742E-5	3.655159229513354E-5	0.24988871335061155	
0.08342273296179316	0.16666368399726156	2.3859451319682178E-5	3.548841398559235E-5	0.2498935513686968	
7.120042570283146E-5	0.24992986800420533	1.1134894226692122E-4	3.795100952724053E-5	0.24989333872281103	
0.16666730908832228	1.1908535211182851E-5	0.08333582621348078	1.658345436336011E-5	0.2500105026643687	
0.08334301074612206	0.08334459936638691	0.08333943783804695	2.351023879959713E-6	0.25000865542115436	
4.747610627419807E-5	0.16665205098615132	0.08334695080782083	9.393336237729062E-7	0.24999852689072358	
0.08333887962691422	3.9469532947748925E-5	0.16664864482656516	2.3672915723720335E-6	0.25000948335488854	
1.8416525324492486E-4	0.08333529991189714	0.16661369562320824	1.618385415810341E-5	0.24989719338088212	
2.8212036619425696E-6	2.586995255977789E-6	0.2500378187700886	2.1598086020791373E-5	0.24997660952651624	
0.16665558691727875	4.271408445220556E-5	5.4895115160623485E-5	0.08337245843634893	0.24991432256899435	
0.08340690272173258	0.08335419159662523	2.3256587150367377E-5	0.08326483880411253	0.24999806590429013	
6.0340388087881874E-5	0.16665415784021106	5.409643533854159E-5	0.08339398746799719	0.24988072326070407	
0.08336447934731504	2.148812644092694E-5	0.08335933875198893	0.08337148256362086	0.24992275214373977	
3.5318527738871195E-5	0.08332728186182894	0.08334282204205808	0.0833439806987144	0.2499992518461519	
4.162025252898686E-8	7.778366045809975E-6	0.16668077288681346	0.08333555109428363	0.25001333617084204	
0.0833710319005367	1.1650304920792118E-4	4.185311445107254E-5	0.16661932886987418	0.2498905205602505	
3.322178382206434E-5	0.08334900723566199	4.242985314343645E-5	0.16666235053607176	0.24996667934096897	
6.728071560665612E-8	3.4203756207468577E-6	0.08336226045031787	0.1666646183300284	0.2500182031853305	
2.617216524608717E-5	2.2512410281119043E-5	6.166211085183632E-6	0.2499931378541726	0.24999765281476333	
0.16666178460896267	5.056610192094891E-5	6.867876565781753E-7	2.3657632413040993E-5	0.33330236925415124	
0.08332004257328045	0.08335720244037804	2.9082664176116745E-6	1.4428964059741058E-5	0.3333446832488101	
4.0649573322284514E-5	0.16669371781442105	2.923819292679304E-6	1.1751239067541167E-5	0.33329986902987696	
0.0833567927683859	4.118592760068375E-5	0.0833359046460774	1.1762650210262116E-5	0.3333035398540549	
5.7126943969737475E-5	0.08336294113868534	0.08331493992656598	1.1773531267850217E-5	0.333305915915732	
6.556789326702527E-5	6.542326636687494E-5	0.16661394494984888	1.1794800549384347E-6	0.3332950446620694	
0.0832884438716325	1.1761283877786624E-4	4.1796291301978224E-5	0.0832896824287075	0.33330404952692444	
7.124736020890678E-7	0.0833260751898384	1.9621901354585705E-7	0.0834109004233116	0.3333047466116972	
7.280736585839883E-5	7.279457548602457E-5	0.0833511068050559	0.08325152866310404	0.3332926254982642	
1.698511459561255E-4	9.093271165781254E-5	1.1458744088533019E-4	0.16659459914843613	0.33307128692063137	
0.08333730469594136	3.420185154434447E-4	9.742873719950695E-5	7.645949122150742E-5	0.41618854194974	
1.307163063803965E-4	0.08339539766533924	2.2489004767341057E-4	1.871086004099323E-6	0.41628731556681536	
1.5698693490836922E-4	1.2098893897635988E-4	0.08339998546991875	7.616467662706068E-5	0.4162855561750546	
8.940550991081424E-5	9.693617159584055E-5	9.304120565217047E-5	0.08332679385133077	0.41643256038546334	
2.4916937198614437E-5	4.135312555905799E-5	3.264013016247238E-5	1.2509948988568133E-5	0.49992669233126874	
