0.5003056619775403	9.79087641616709E-6	8.54688788776406E-8	2.7682439473546106E-6	6.417728270523207E-6	
0.41700122271506024	0.08328280228788076	7.91072558820928E-6	1.4893589519672203E-5	8.119197707115224E-6	
0.33354062404639767	0.1667827032141977	2.6244529154094663E-6	2.4474705503015746E-6	4.855191589601815E-6	
0.25019958553242067	0.2500819391744184	1.5908480241476876E-5	6.149295901858765E-6	1.2622351467212829E-5	
0.16676665115510975	0.3335229232050109	1.0823788696138556E-5	1.5134795754076202E-5	2.2368228174981833E-6	
0.08346212991675038	0.41680953808780014	2.3113474745814764E-5	1.8565905071503077E-5	5.245243911056197E-6	
1.7442866451072476E-6	0.5003075175598194	1.553318114495798E-6	7.378336598958946E-6	2.7398254028845896E-6	
0.41695653398555277	6.835402925772567E-6	0.08333849134205737	1.4827067184167798E-5	2.5794672950886997E-7	
0.33355751741896184	0.0834078455963247	0.08333888980835602	6.180272108312088E-6	7.819565584585707E-6	
0.2501790866833922	0.16678650962842462	0.08333531976908591	7.569051825478606E-6	7.617837071242858E-6	
0.16677048157995267	0.25013392248979593	0.08339583665982798	1.32283473600231E-5	4.864028183733412E-6	
0.0833778809385901	0.33353638057843416	0.08339737162774978	1.6098488333346822E-6	2.187176642806913E-6	
6.855080716413985E-6	0.41687095503590915	0.08342779502544415	7.257940592790408E-6	5.6085762930803125E-6	
0.3335643989532508	3.8919796939226766E-5	0.1666875255430422	1.2898339257930736E-5	1.2188850040583532E-5	
0.2501869748928325	0.0834423612627242	0.16666590318876354	1.4541458277337403E-5	5.07260243935798E-6	
0.1667505920757173	0.16675317150264632	0.166807380206342	6.022152009896548E-6	9.177231595478345E-6	
0.08342727723151329	0.2501548688871729	0.16672543050825978	5.041544106838483E-6	6.3906013229748635E-6	
1.154649315806006E-6	0.3334987702850322	0.16680792622941096	7.467643026335831E-6	5.597805432308389E-6	
0.250166057640433	1.385979093785989E-6	0.2501449446196848	4.417002842211064E-6	2.550536523637953E-6	
0.16679124964490322	0.08337502039919177	0.25014276298332827	4.388247199018043E-6	4.662036090715707E-6	
0.08339233377163922	0.1667903567587852	0.2501243107405031	6.913985979747978E-6	4.467793461030005E-6	
1.268159018280947E-6	0.2501558210044034	0.250154041786243	6.873116883808621E-6	4.4057392821585925E-6	
0.1668062429795776	3.627347124225249E-7	0.33350019985423185	5.8410698365130234E-6	4.979235066606927E-6	
0.0833827077284414	0.08338421871517245	0.33354851411407066	2.2014311268803323E-8	4.388913212987449E-6	
4.663960304079782E-6	0.16676153493738854	0.3335475364197711	1.3508201398999926E-7	4.584013317698047E-6	
0.08326303002446787	2.0878647453755842E-4	0.4168380279913864	4.471168547558572E-6	2.5348253993859148E-6	
1.8681364328103914E-4	0.0833537777212934	0.41676338315529987	8.9627802172383E-6	4.583977534733612E-6	
4.770528720366441E-7	4.1487137109694626E-7	0.5003173406207865	9.035619791518688E-8	2.7608103535830967E-7	
0.4169252300591276	1.1549353443325816E-6	8.555626270571245E-6	0.08338268849006994	2.4041324714911187E-6	
0.3335250928048534	0.08338357579429909	1.427875957565127E-8	0.08340655679259505	5.061576429277194E-7	
0.2501293760782934	0.16679253312171807	9.947996305118189E-6	0.08338214924137681	4.840706504973561E-6	
0.1667558145093007	0.25015433675103255	2.111601015630217E-6	0.0834019480545637	5.065242265782331E-6	
0.08338138197728653	0.3335503882027408	6.39238161243494E-6	0.0833782517855608	2.0437278653774906E-6	
2.535805811130986E-7	0.41692599276002645	6.590510412741981E-6	0.08338290233505806	2.714979314892993E-6	
0.3335465965112596	4.120034980218944E-7	0.08338840871845118	0.08338281316168554	4.882251349031488E-7	
0.25013654944751085	0.08341109825756328	0.0833885697273697	0.08338297319333922	2.607375345127429E-7	
0.16677445031918753	0.16677231771495465	0.08338760348249316	0.08338266094531037	4.480900799384271E-7	
0.08341294128097045	0.25011382862707865	0.08338283675914271	0.08340393186912413	1.8880871268960995E-6	
1.4554983932711352E-5	0.333563070791518	0.08335291340718164	0.08338269027142063	2.190829305887518E-6	
0.2501672697944438	1.0770834732141627E-5	0.16675530434002936	0.0833823919179936	1.740708169617458E-6	
0.16677680319746427	0.08340113318665428	0.16675523652960136	0.08338312309299269	2.102193537082471E-6	
0.08339227416476022	0.16678986643391966	0.16675055935119182	0.0833823096137336	1.911714282186056E-6	
1.0827573854341607E-5	0.2501703524016886	0.16674960363752614	0.08338272970740768	4.8555755693818504E-6	
0.16677431927293004	2.1997933555742996E-6	0.25016168254076354	0.08337915841290182	6.292655427760343E-8	
0.08338782504565026	0.08338774513839287	0.25016052824641183	0.08337799230376666	1.8050401171885358E-6	
3.2349426227860703E-6	0.1667730739820117	0.2501591697510595	0.08338348327091544	7.964666806881374E-8	
0.08340920446293834	3.581160026863129E-5	0.33348989473173746	0.08337779250407634	4.9300175614062555E-6	
4.437156883385528E-5	0.0834005112035298	0.3334919453329474	0.08337813202576418	4.930039543979892E-6	
8.285640297640853E-7	1.4519952281658593E-8	0.41692975913213143	0.0833825063996291	4.498346854008961E-6	
0.33354462464187223	1.2779200363144786E-7	6.6659540704852215E-9	0.16677278628440154	4.886225872591162E-7	
0.2501363842999537	0.08341107403208337	5.006484173549318E-8	0.166771520155395	2.3117913335494097E-7	
0.16676864279480047	0.16676135649077084	1.305319216118775E-5	0.16677177994287568	4.697690162386959E-6	
0.08342101107086608	0.2501207810956027	2.420266533306912E-7	0.16677138672016767	5.762796572833751E-6	
1.2651756515534296E-6	0.3335367346536675	1.2575687674462173E-6	0.16678013131591085	5.7125543085073634E-6	
0.250157084355304	1.3125593576095382E-5	0.08338206668436622	0.1667636353373344	3.015334894353935E-8	
0.16676930212291444	0.0833986614953093	0.08338131841769242	0.16676213814873705	4.701691978022869E-6	
0.0834724240785213	0.16672296563846672	0.08338465709436178	0.16673324967299097	5.900154601881654E-6	
1.877651880437411E-5	0.2501869448893698	0.08338810042130614	0.1667320758005703	1.828681726658096E-6	
0.1667863955497936	8.74600020740723E-6	0.16675929822578353	0.16676285888590534	2.0804753583702504E-6	
0.08339719416479509	0.0833971263788069	0.16675590650224675	0.16676099918011905	4.929993236612515E-6	
2.8640062366685184E-6	0.16679353780302933	0.16676055772430468	0.1667639787409391	3.132894630529458E-7	
0.08342776600291008	7.688412641194651E-6	0.2501563075739805	0.1667178866412946	8.207398448566877E-6	
5.338565544908285E-5	0.08339707112840926	0.25014933685276314	0.1667111065433382	8.004715642339979E-6	
1.1192117245846684E-5	1.2062691200969979E-5	0.333567617780465	0.16672528943410145	4.933816148732012E-6	
0.25013611046069273	2.995024045433188E-5	6.744759333302046E-5	0.2500863944466991	1.3804618699414399E-5	
0.1667702339904572	0.08339866752693882	1.0244888367913375E-5	0.2501346240362517	6.028799028504257E-6	
0.08341969148718052	0.16674898250616466	1.0691252269017636E-5	0.2501344148888531	5.731349691992058E-6	
1.7222860437427497E-5	0.2501474252168787	1.3924663359837356E-5	0.2501340296717042	5.601884131984213E-6	
0.16671930286324005	4.205211984173131E-7	0.08346259263211712	0.2501372201578794	6.174132056703806E-7	
0.08338702878668258	0.0833959321658228	0.08339665929393736	0.2501346732414021	4.598366144954385E-6	
3.0500379241531597E-5	0.1667537588674876	0.08339730848136288	0.2501366266661356	7.091890908395181E-7	
0.08339842308557757	2.139991248685294E-5	0.16677133441195294	0.2501279718773099	2.147701285675537E-6	
6.742137156467958E-5	0.08340759612144427	0.16673304882664755	0.25010870062018037	6.153211689746785E-7	
1.684754101621498E-5	1.6504926591860683E-5	0.25015593302028233	0.2501323767518262	1.321336535923111E-7	
0.16676153373059027	3.128089074640099E-5	5.703779685050722E-5	0.3334662218284736	1.0914307972250427E-5	
0.08338264066680547	0.08338345643048085	1.8576714429157293E-7	0.333544578395135	7.704340600263435E-6	
4.990902990536832E-5	0.16673365879590507	2.302407963678631E-5	0.33350863231011696	1.294554571249726E-5	
0.08334401684338243	6.0686795800775586E-5	0.08342266330851128	0.33349460519589447	3.595990862629036E-6	
9.165854203821398E-5	0.08344671961664783	0.08331418460941749	0.33344637916202485	1.9596554083576696E-5	
3.370278735644133E-5	3.325536896673822E-5	0.1667919570120528	0.33345907427768834	7.719152161212395E-6	
0.08341217959736955	4.5141414074399836E-5	5.315533760507582E-5	0.4168125642790867	3.4084045591767317E-6	
9.108348311615673E-5	0.08337957697637977	2.924496695335883E-5	0.41681206467490367	1.0658195436446173E-5	
5.097199652891085E-5	5.171904239879879E-5	0.0833963883342065	0.41680786135562803	1.8723845389991792E-5	
1.0603158046696348E-10	7.298619535311574E-8	5.966394681984161E-8	0.5003176140230572	6.156653536400521E-7	
0.4169097809273949	2.93336545420525E-6	8.562210963444285E-6	1.1917675045260927E-5	0.08338698094586608	
0.33352289877005803	0.08339049892330148	1.1161397535972576E-5	5.070852161250479E-6	0.08338632853841044	
0.2501796243125125	0.16673495063017546	6.592567524589769E-6	7.113828460497668E-6	0.08338665432527453	
0.16679252030472452	0.25013296137269425	2.035139409974786E-6	5.0878739416191254E-6	0.08338324913929811	
0.0833689498767137	0.33355782103992115	3.756954779420546E-6	1.5907360831307982E-6	0.08338725666934968	
2.4275836407411066E-6	0.41693072782671103	1.9610274306588143E-6	9.9235385248083E-7	0.08338355282651845	
0.3335326174618381	1.064437098933693E-7	0.08338531791436064	1.0352209432606935E-5	0.08338656921476668	
0.2501281159435244	0.08340806221339678	0.08338633781430684	1.0354342678047208E-5	0.08338529981460438	
0.16677196973660807	0.1667699327117665	0.08338791408214874	1.5889651362141442E-7	0.08338668875117572	
0.08335941899126979	0.25015231890521894	0.08340903323450999	1.1050878612119106E-5	0.08338685345302965	
4.4020541404178505E-6	0.33355441864007596	0.0833689858444726	3.1056528824008983E-6	0.0833873907058016	
0.25015805873949276	1.2465171124681526E-5	0.16674895629268166	1.2418409805509177E-5	0.08338581342686091	
0.1667946819298287	0.083376662991944	0.1667487706735098	1.2338074455138816E-5	0.08338587603663483	
0.08339160032901562	0.16678850072509446	0.16674915858317052	2.3776253535049E-6	0.08338682612067454	
1.6914316707758988E-5	0.2501625044424484	0.16674840566638202	3.221806200015236E-6	0.08338756765264875	
0.16677182792995826	2.022598565026621E-6	0.25015774138444674	1.4610806086221885E-6	0.08338544049440436	
0.08338192245236228	0.08338076030691588	0.2501687833527768	1.4599072416078093E-6	0.08338619371138853	
3.3233832111806277E-6	0.16675725266664104	0.25016562297585526	6.189831446216862E-6	0.08338608627946435	
0.08339435349300534	5.447304568528654E-6	0.3335309905284239	1.9002112295238484E-6	0.08338542738366723	
4.176053780351349E-5	0.08341128659738271	0.33347372765414535	6.703831087310584E-6	0.0833855891410373	
3.7184052372007077E-7	3.723675077628607E-7	0.41692914013579235	1.1934956441436942E-6	0.0833851507224461	
0.3335485440799812	2.7096890475177974E-6	1.2122636656977965E-5	0.0833773722608878	0.08337734946939168	
0.2501149257904043	0.08342774486135648	1.2089626522752714E-5	0.08337523611886383	0.08338699615505993	
0.1667756882739017	0.1667735187872889	5.968486169322202E-6	0.08337534017623204	0.0833869537164334	
0.08342436450670544	0.25012807145856214	6.130144589364571E-6	0.08337640670072502	0.08338352234264669	
2.056870974253614E-6	0.3335460980350214	4.238036020277159E-6	0.0833808844698894	0.08338655408564744	
0.2501728619799291	3.1342116342683486E-6	0.08338076324998843	0.08337571828706401	0.08338555581652773	
0.16678354721958963	0.08339200861081973	0.08338008647657258	0.08337545659096357	0.08338663972218033	
0.0834733871639342	0.1667031793470869	0.0833802611913464	0.08337605502360124	0.08338333094678874	
1.1843846522544945E-6	0.25016151494614103	0.08338947516023837	0.08338086257778987	0.0833864991356524	
0.16678080780986254	2.2693544197180885E-6	0.1667728344593964	0.08337643650691504	0.08338590699361609	
0.0833964864204589	0.08339849763379571	0.16675925057586968	0.08337601110992776	0.0833860795922315	
3.1719329069934847E-6	0.16679039081945876	0.16676251935977407	0.08337649628068813	0.08338653019263907	
0.08338886544794617	1.1173240464526807E-6	0.2501634861383855	0.08337581949027181	0.08338716601144715	
4.295243990589679E-5	0.08338257330007799	0.2501310302188422	0.08337661478040233	0.08338481123352437	
3.206053999502721E-6	3.46584704999454E-6	0.33354756788338585	0.08337601218063878	0.0833874075091175	
0.2501579078892705	1.0003687694856543E-6	1.2783901808863764E-6	0.16677200736848397	0.08338666331596584	
0.16675932249062753	0.08340097173488414	2.8513637661950635E-7	0.1667721106191408	0.08338547258966034	
0.0833851200034522	0.16677485091820388	2.376210048897289E-6	0.16677206382993962	0.08338690606511892	
1.1380923491721733E-6	0.25015452368701485	2.9103030583624774E-8	0.16677472800159834	0.08338497386317034	
0.1667758833438978	6.613252104028422E-6	0.08336820280837484	0.16678294672316143	0.08338457382338513	
0.08338389787597485	0.08338588131838236	0.08339010942807064	0.16677038932141564	0.08338607000243965	
1.6790177253094316E-7	0.16677179525419317	0.08339053659132378	0.16677010217450675	0.083386378888014	
0.08339056987684469	5.4526487855875626E-6	0.16676524598877157	0.16677135163475384	0.08338544861190694	
5.208063537208341E-5	0.08342479536821183	0.16673810188937285	0.16672472156583704	0.08338610059267672	
1.0259671651045762E-6	1.0758811311784652E-6	0.25015751888837845	0.16677012290916224	0.08338718074089702	
0.16677342897401895	9.581385292505869E-6	1.004447922886569E-5	0.25014273086743255	0.08338168797990073	
0.08338654519151414	0.08338791787487088	4.2768623168738246E-7	0.2501580517603474	0.08338675897725047	
1.514035481016905E-6	0.16677470937915112	5.026701904745085E-8	0.25016101893729814	0.0833819630124931	
0.08338639011101497	2.0419796108842344E-5	0.08338735275343868	0.2501376581939151	0.08338639447059046	
8.961316217324376E-5	0.08345850457492372	0.08329632106445843	0.2500921443960635	0.0833818992166888	
1.1359534198817359E-5	1.1269643378951235E-5	0.1667727664115246	0.25013831795482466	0.08338489140947059	
0.08337726340805465	7.233777007237767E-5	5.753831668573948E-6	0.33348125338249873	0.08338181330205091	
2.031434790641911E-5	0.08338703351288157	4.84608385385189E-5	0.33348306629136953	0.08338226884940249	
5.0512877945596065E-5	5.1281020969580374E-5	0.08339073998685426	0.3334415521883303	0.08338470721286881	
2.2256936980640913E-10	4.0723188999554645E-10	5.189008322128768E-7	0.41692921507976893	0.08338485873501604	
0.333548348521194	6.070744144848947E-7	1.008045211772003E-6	4.057943798585882E-6	0.1667649567592529	
0.2501319096985761	0.08340482347052601	9.450433871930004E-8	3.8198624034538077E-7	0.16678004999926277	
0.16676766041245308	0.16677854719622312	1.5905668243150643E-6	4.095025502056632E-7	0.16677000991355986	
0.08341569195649455	0.25012887365590675	3.285844841464137E-6	1.275187689245414E-6	0.16677047544839194	
3.1449287056536236E-6	0.3335400265452423	3.980404049152001E-6	1.2976691368235307E-7	0.1667698902068495	
0.2501670510436806	4.013551657717009E-6	0.08338059304965507	4.35930721959955E-6	0.16676686738647523	
0.16676289868199917	0.08340529891061597	0.08337964657710377	4.3191306822348085E-6	0.1667648549806918	
0.08347640996192605	0.166721317666103	0.08334830355202996	4.607712469125222E-6	0.1667672315241714	
4.015899057105327E-6	0.2501537222600433	0.08338928457113852	4.2726804760843066E-6	0.1667676499796501	
0.16677520737505108	1.9844251081552937E-5	0.16675526894632545	3.8431922201110164E-6	0.16676189778998335	
0.08335874783476609	0.08336159722242384	0.16682129054281158	1.1513994005485216E-5	0.16676517217999962	
6.050024805640602E-7	0.16671850439864488	0.16682288755992178	9.65001748588439E-6	0.16676775546764744	
0.0834077917867735	5.5703326902346486E-5	0.25008805674182616	2.5519892136038587E-6	0.1667618566666833	
2.0313696324324335E-5	0.08341591183737956	0.2501164249151923	1.5142904657675826E-6	0.1667618880059464	
7.161270090267949E-7	3.894590272594527E-7	0.33354519689268924	3.892896354440415E-6	0.16676766743619215	
0.25014298451799577	1.5121302112237525E-5	1.9655516336659203E-7	0.08339693635738843	0.1667623390202354	
0.16676414459785177	0.08340933647028491	1.9789287152210115E-5	0.08336168863966337	0.16676708388896344	
0.08339423856146977	0.16677054583560552	4.3338706567460127E-7	0.08338424998978813	0.16676628322328602	
2.3963880342796657E-7	0.25015135361223934	1.3309170227165045E-6	0.08339608011803264	0.16677029527620327	
0.1667692439844905	5.999977475557998E-6	0.08339200590779998	0.0833849135155387	0.1667620516427807	
0.08338130552525577	0.08339388128958083	0.08339197733273307	0.08338488494290207	0.16676199450017173	
1.9253118515367123E-7	0.166765371452799	0.08338738937832847	0.08339504553002003	0.1667659315015255	
0.0834022836686173	2.8854447493381504E-5	0.16676646979082108	0.08335800376152085	0.16676259840397267	
1.2591570609197452E-5	0.08341826775603288	0.16676592132765483	0.08335772860929903	0.1667620418051838	
7.786336133726286E-6	9.55780234960942E-6	0.25017750551706136	0.08335629624511813	0.166765798660822	
0.1667679553259589	1.9604711973366867E-5	1.01221041200109E-5	0.16675518862491426	0.16676125636551706	
0.08339111254787071	0.08339248640631033	1.116608879817193E-5	0.16675777392310184	0.16676749871658514	
3.749506507407669E-6	0.166834800507761	1.3892128702262184E-5	0.1666933531162595	0.16677466076701802	
0.08332208255542375	5.059980213587128E-6	0.08346949043292486	0.16677332053558633	0.1667493436984848	
4.526409048488578E-5	0.08335875083849008	0.08340884036949416	0.16677558036515888	0.16673020964855265	
3.2770707976302156E-5	3.2943272969156264E-5	0.16672550170632983	0.16678071155515767	0.16675154460434188	
0.08345159302293127	1.0827605634384775E-4	1.2530048586974286E-4	0.24990473451337744	0.16672420634132998	
1.4290863202226568E-4	0.08345074989219904	9.284633110749645E-5	0.24990872202204414	0.16672740510238154	
5.503894420064725E-5	5.571415322653005E-5	0.0832352724650829	0.2502416703968772	0.16673064255394032	
1.2738626008214452E-5	1.2867807181621548E-5	1.4283324879800166E-5	0.3335363217303001	0.16674288907813398	
0.25017670429071753	2.8594456475055476E-6	2.9281523312174474E-5	4.382665969222342E-6	0.250103458157755	
0.1667352551689939	0.08339211284854205	2.9124445568916708E-5	6.099127099366499E-5	0.25009889650803946	
0.08336437477343933	0.16679139647307695	3.011039442892732E-5	3.23565386894011E-5	0.2500982857000053	
4.3773603269754636E-5	0.25010344228067477	6.149487097406213E-6	6.579934790438069E-5	0.250100700174115	
0.16674931263153267	1.5628676432899436E-5	0.08338685555976737	7.207519590543509E-6	0.25016185163371757	
0.08338396742432488	0.08338698674671162	0.0833848523844257	1.4179562040336567E-7	0.25015879556269366	
2.7914719898806712E-5	0.1667433582854896	0.08338500759986885	4.607549822249969E-5	0.25011296105183967	
0.08341631544187918	4.7731061829433135E-5	0.16676933235383495	1.1462886979111808E-5	0.25008230208425947	
2.531943777272215E-5	0.08343870840775612	0.16676929507296595	1.1462884416611965E-5	0.25008224617898345	
3.36253340952399E-5	3.55500234746044E-5	0.25013134368813855	2.530571727595704E-6	0.2501161610876771	
0.16675602060366443	4.722031703067038E-5	1.9285737748304832E-5	0.08344577484747008	0.25004866224115774	
0.08340177535617842	0.08340711577981784	2.0009569365182013E-5	0.083320359243905	0.25016458356462185	
2.579970513274821E-7	0.1667688138190828	7.2649859193470795E-6	0.08337745081946729	0.25016156534959344	
0.08341164014181675	2.9299639142398856E-5	0.08342182634240711	0.08333825425195286	0.2501141325502594	
2.6481478012337563E-6	0.08339819352930007	0.0833684903580619	0.08344726273074547	0.2500974506621983	
5.46798438295054E-6	5.822636001534637E-5	0.1668000455852687	0.08333874136553522	0.25011268549022286	
0.08338771251643755	3.4195521623271134E-5	1.016127036998787E-5	0.1667687414345088	0.2501142914103192	
3.6056053447209456E-5	0.08339513310190953	2.4691323468644327E-6	0.16677242504053788	0.2501150354539901	
1.5888032908012772E-5	1.633569661133875E-5	0.08340214714193563	0.16677015652697377	0.25011681028105875	
2.5782777839419256E-5	2.5632650556648673E-5	4.5857762242820984E-5	0.25010536702124825	0.25011565070893277	
0.16676787072806637	3.119522595396001E-5	2.198580599262867E-5	3.0116517910984374E-5	0.33347179422774825	
0.0833886966835627	0.08337692691299266	1.8949147199170236E-5	3.0410667535156232E-5	0.3334990734017992	
5.869152538011631E-6	0.1667623110159146	1.9005084618335022E-5	2.9841209866646445E-5	0.3335035235799273	
0.08338768635418316	2.7562614232163458E-5	0.08338145983089837	3.065789696745761E-6	0.33351539468309216	
1.4211489186132362E-5	0.0834018125420708	0.0833722743046778	3.069788765629233E-5	0.3335080441046496	
3.0952506990749226E-5	3.1207069969673204E-5	0.1667580677343442	3.0088050270923546E-5	0.3334700946508577	
0.08343341806021909	4.853377232815167E-5	1.1005947438210821E-5	0.08335816291964343	0.3334716988138919	
1.5178520981774412E-5	0.08336988117030272	7.0328166259347E-6	0.08340711153398164	0.33351524641387076	
9.445529677223765E-5	9.463725147347033E-5	0.08336732687287274	0.08330883919518409	0.3334529059935557	
1.6062003976183616E-5	1.5815843294538173E-5	3.189412969407625E-5	0.16675438657171635	0.33350486688913944	
0.08331455967711529	5.1482224226411045E-5	3.683403991588207E-5	4.503047466649557E-5	0.41687233323660516	
5.8623056239945675E-5	0.08342419407075188	3.688563530442017E-5	4.554491236841881E-5	0.41676891194881827	
7.480782143724347E-5	7.48891880710138E-5	0.08336729920876226	2.0240617695532384E-5	0.41679050493788733	
7.332616922900797E-6	7.3521513679249345E-6	8.101142093010254E-10	0.08339969383945411	0.41690415808207343	
8.883988749560645E-7	9.15002226276167E-7	1.9920785621475564E-6	1.6025374868537236E-6	0.5003123553803549	
