0.5000166777768484	6.595152438627244E-6	2.778660570602164E-7	1.0512102572636977E-6	7.401026327490875E-7	
0.41661524645786807	0.08338008718688071	1.391722387658291E-5	8.963659069258918E-6	2.7107107362963503E-6	
0.33333950484849945	0.16667696307257576	1.4835605467129983E-6	1.7301210811393398E-6	4.812144904966376E-7	
0.2500066461748253	0.25000795249816127	4.288736140485151E-7	4.197897338528232E-6	2.4878517555878073E-6	
0.16662458826746934	0.3333717099588841	4.6454000206378184E-6	9.81467328191955E-6	9.26343314909893E-6	
0.08330152874023405	0.4166789433209975	9.359418970782152E-6	8.473152867886028E-6	2.2077162647622156E-5	
6.810180477828632E-6	0.5000019066870597	4.700833593666058E-6	1.8949489974082024E-6	6.315113273715413E-6	
0.4166563527151332	9.811485855571698E-7	0.0833580200816826	5.048062085068817E-6	2.4111392186609765E-6	
0.3333200154442539	0.08334202429787788	0.08335302620451983	3.511119380388823E-6	2.842984501374441E-6	
0.24998735002285116	0.16667306262437848	0.08335271085894916	3.511120880130177E-6	2.707874674703667E-6	
0.16675350814182657	0.2498946556037608	0.08335114584057671	1.1659317820629521E-5	8.759905356991522E-6	
0.08332943344195232	0.3333107394097075	0.08337226557550734	8.78752777216212E-7	6.890771900808496E-6	
1.3989023628151195E-6	0.4166840141247526	0.08332882540788973	1.4955466653132625E-6	2.7877159718047626E-6	
0.33327399314264217	7.481526013284776E-7	0.16673056050496368	5.518274122083106E-6	9.77464035993538E-6	
0.25003025055063255	0.08336193882288101	0.1666092641932557	1.1922552986023578E-5	6.24918806801512E-6	
0.16669941729033527	0.16669818012247395	0.16661160958099624	9.779445921281973E-6	3.8731123235143854E-7	
0.08347930732431098	0.24992205543500134	0.16660539024095522	1.2217728346988134E-5	1.3995919269129048E-6	
8.32381373553675E-5	0.3333901804765897	0.16652893241009126	8.019295494006943E-6	1.0720851856797933E-5	
0.25000765920374785	1.3125316708827223E-5	0.24999302541246002	1.6538164579072231E-6	6.00817704012314E-6	
0.16672442367939097	0.08328864884150564	0.24999123926652528	6.201344562861094E-6	9.82036658905616E-6	
0.08331468631701752	0.16669620671524385	0.2499888062990732	1.2328333438047926E-5	9.787995439014256E-6	
1.1785066994659757E-5	0.2500060522784128	0.24999035304727898	3.610613192761971E-6	7.3468595472516135E-6	
0.16668300507324602	2.3619116209662196E-5	0.33330713302630544	3.388165974419311E-6	5.737767462116653E-6	
0.08332407285549344	0.08334674950740169	0.3333423869222386	2.4528507931835702E-6	4.984943585903622E-6	
2.9588270519981465E-5	0.16667261959960922	0.3332982123097462	7.260073739429833E-6	1.4845274405712189E-5	
0.08341463848847057	1.1333498470832398E-4	0.4164713360177146	3.48237882500082E-6	1.7809058888927312E-5	
2.4101852425008027E-5	0.0833640605009204	0.41660524614865396	1.812152688693467E-5	1.0750975310862302E-5	
6.807185515834572E-7	6.28844577927401E-7	0.5000173638535256	1.6724351452184932E-6	6.788618856279438E-8	
0.41666945399740407	1.5540735998284045E-6	1.1524342634762348E-5	0.0833322801922859	2.6124731884252153E-6	
0.33333701833248675	0.08334627362367829	1.000820373980014E-6	0.0833326542284109	2.848158602892003E-6	
0.24999978163388237	0.16668160318198288	2.039383919891871E-6	0.08333243935951967	6.341239147413178E-7	
0.16669091006323866	0.24999065245535834	2.9874760199475695E-6	0.083333886942839	8.671787606376619E-7	
0.08336786196823479	0.33331797261678253	3.885355896786237E-6	0.08332398159458387	5.1630577673688985E-6	
5.220341501254782E-6	0.4166840590290243	3.627758795264802E-6	0.08332461892546925	3.6569863089885575E-6	
0.3333420227167355	8.256685948628809E-6	0.08333317948162396	0.08333248985518675	2.6213189738458894E-6	
0.24999934049594202	0.08335124280753962	0.0833332535226987	0.08333256258815012	2.4692268078940525E-6	
0.16667612705072526	0.1666712982367518	0.0833323042584476	0.08333878657866899	3.1929072258705315E-7	
0.08333020223281834	0.24999516276859007	0.08336630402101326	0.08332467685617956	2.484578947587612E-6	
1.6433061711675317E-5	0.33335854975179774	0.08334007936564641	0.08329522955062393	9.27189422991957E-6	
0.2500078797745992	9.309739452211024E-7	0.16667617356794362	0.08333288778678728	2.5995186778740738E-6	
0.1666721368081987	0.08333168359174321	0.16667284734946064	0.08333833879228632	4.4841275230935395E-6	
0.08325859397063944	0.16672396345579735	0.1666854333670563	0.08333733126531748	1.3852423768999992E-5	
7.114549623700983E-5	0.2499196527629941	0.16668962985695568	0.08332149594188487	1.8872751580538492E-5	
0.1666867017979845	2.3314877741144975E-5	0.24998514280467546	0.08332314594788134	2.2976714771092937E-6	
0.08335207816175559	0.08335038943291691	0.24997407694907692	0.0833389358777838	4.982832846616237E-6	
5.06070243099513E-5	0.1666650648464064	0.24995866825306623	0.08333860542467439	9.254480602476336E-6	
0.08329735912696176	3.077670648666902E-5	0.3333441200824611	0.08333785462312923	9.417103974965319E-6	
4.004697574588854E-6	0.08332769327495355	0.333349731738763	0.0833399070818201	8.089371285281352E-8	
7.396460187862357E-7	6.399232795376944E-7	0.41668143801573343	0.08334008300743986	2.866555611453302E-7	
0.33335098570250443	1.2276292213526265E-6	1.233339741072278E-6	0.1666769616430848	2.7653744105585827E-7	
0.2500312452095752	0.08330927200464487	7.428827880668108E-6	0.16667359760403058	3.285514684915748E-6	
0.16667171235220649	0.16667719584295929	1.0560325043961456E-8	0.16667230465819555	4.387042796445062E-7	
0.08332857779300062	0.2500170593022585	2.6717253602895432E-6	0.16667105765563628	3.22917944643795E-6	
4.1762698323924846E-6	0.33334853019665395	1.3949787222697955E-6	0.16666737190330427	7.392785137420367E-7	
0.25002474187099555	5.3247893288514075E-6	0.08334241484636835	0.16665394593163826	2.97760109458088E-6	
0.16669265947342815	0.08335016286768966	0.08330424758428634	0.16667031005108374	2.360454935008405E-6	
0.08333756280066194	0.16667465164042405	0.08333591970540102	0.166670864481746	1.1507827954731107E-6	
4.440278647495541E-6	0.2500079673542941	0.08333620732899344	0.16667136957211415	9.569698432512637E-8	
0.16668695559889754	1.0640903543566689E-5	0.1666557203257011	0.16667136247305156	2.0066068844395883E-8	
0.08334337680281195	0.08334057550529086	0.16666746773528776	0.1666662571879716	2.3562121641967328E-6	
7.827751392948848E-6	0.1666769253151043	0.16666544368559896	0.1666614135919824	6.337424703636906E-6	
0.08334019172345368	1.2220256180884057E-5	0.24999811616873582	0.1666639104470484	6.186257784220241E-6	
8.785079614421162E-6	0.0833459193922954	0.2500044633144763	0.16666254323544213	5.002043189430034E-7	
8.704315330217893E-7	9.477402251921421E-7	0.3333454856326004	0.16666849638335282	4.722102689004729E-6	
0.24999592243558527	5.1600389045391904E-5	7.682770500437824E-6	0.2499987396687173	3.133143441169997E-6	
0.1666648302559135	0.08333596863711094	3.0253481680339146E-5	0.24998524687691634	5.076595604501081E-6	
0.08334271274137528	0.16667642736032878	6.5295104633681775E-6	0.24999801401533636	1.0897781341681405E-6	
2.5164038757421163E-5	0.2500026291056893	2.7161927991383284E-5	0.24996508857438204	1.3756165649907272E-6	
0.16666959945377052	3.50661093888937E-5	0.08334680020668268	0.2499622065794835	7.1873012590586666E-6	
0.08333324301702934	0.0833288257354065	0.08332550589985478	0.2500236537404399	8.38368194493255E-6	
1.6827063883841954E-7	0.16666577545093572	0.0833272053796359	0.2500289697565377	2.449982280985626E-6	
0.08335665956393563	2.7717886916835878E-5	0.1666691058281713	0.24996393865810188	6.159800947783323E-6	
5.996056665754881E-6	0.08337902368117829	0.16667069567777454	0.2499661661579381	6.102647295081533E-6	
2.2791054842481538E-5	2.2797721984624147E-5	0.25002050207507653	0.24996838833395957	4.647671313241558E-6	
0.16668072537648526	7.815917611069439E-6	1.977598683398158E-5	0.33331225772434	3.4199521696402315E-7	
0.08334493836477133	0.08334571096721777	1.4958828857490953E-5	0.3333069429797872	7.2851139162532485E-6	
1.6747628979390623E-5	0.16667443901840365	1.8415128792161407E-5	0.33331484879674667	1.4886505583584602E-6	
0.08334248240573364	2.5433993535035966E-5	0.08333796839098166	0.3333074969746969	6.3468558341962125E-6	
8.386908770805453E-6	0.08335527823088738	0.08334259628478773	0.333308170188296	5.203526639166163E-6	
3.8993142230118116E-6	4.006013372698406E-6	0.16669879670654425	0.333309049931902	6.285241039372972E-6	
0.08335184577899192	6.508302141073426E-5	4.8461384786945656E-5	0.4165572605440063	9.039739320045215E-6	
8.476676785576703E-6	0.08344018321966547	1.5596916831738348E-5	0.41655164821840235	7.815169495862687E-6	
7.031075793276337E-7	6.607959161255608E-5	0.08339750040152938	0.4165517794131945	7.815171957285038E-6	
3.2112673261211633E-6	5.551946239996745E-8	3.396333704247192E-6	0.5000139415081413	8.376188578628564E-6	
0.4166812029424452	1.1187470082459877E-6	1.2603042265819204E-6	2.726572586569971E-6	0.08333395755611361	
0.33333115786407913	0.08335134663728883	8.756608856634013E-7	2.7217871863445444E-6	0.08333343129349423	
0.2500007908069327	0.16668203025039682	2.844825688648441E-6	1.6023823974001675E-6	0.08333613501061263	
0.16668097915023017	0.24999868395565034	2.844315537171528E-6	1.6111720751987668E-6	0.0833355172844086	
0.08333773896616799	0.3333452119589411	9.50818532879239E-7	6.43263621651478E-7	0.08333562882010062	
1.4756667216701193E-6	0.4166845610392795	9.61358178572805E-7	6.489987473134914E-7	0.0833362439053878	
0.33335207915834175	2.9272927021131E-6	0.08333235112579655	1.6287816257243054E-6	0.08333390306411338	
0.2500255907759605	0.08331746380917487	0.08333147868621177	2.802577033158588E-6	0.08334165651445768	
0.16667155868291833	0.16667843075536468	0.08333306813495808	1.1984593446550074E-6	0.08333451421898946	
0.08333486336441519	0.2500091515293185	0.08333650314802458	5.846040496024437E-7	0.08333494684561679	
9.021031074168431E-8	0.3333442156537928	0.0833365764170459	2.3872086753958654E-7	0.0833349386020297	
0.25000694158209585	2.5560450290971244E-7	0.16667621541714484	1.7991881596493086E-7	0.08333546312250234	
0.16667151797653232	0.08333599565132459	0.16667530942566283	1.7326343201795832E-6	0.0833347912326258	
0.08333172961288678	0.16665711351860893	0.16668947718894608	8.50856601434603E-6	0.08333526236788082	
6.618750249409583E-6	0.2500172742087071	0.16665773483208127	3.3788233579278353E-6	0.08333473079047031	
0.1666756628560663	2.3528452073732713E-5	0.2499843959870164	2.8732895116711803E-6	0.08333337087229743	
0.0833502621017149	0.0833493108096938	0.24998497547439985	2.867675841849859E-6	0.0833324599914197	
2.3612779592542963E-5	0.16667733573280127	0.24998697703263356	2.865952589611553E-6	0.08333313377250359	
0.08332466883351902	1.146456595436669E-6	0.333353365426465	2.8247853977734757E-6	0.08333744091414466	
4.99399400351989E-8	0.08332584123991207	0.3333536690396583	2.6120131002428395E-6	0.08333748086289586	
7.237506354669471E-7	6.615838123862906E-7	0.4166832799795725	7.037197259179505E-7	0.08333497074678023	
0.33335458703221615	6.310810389663887E-6	1.022142885796931E-5	0.0833184015126067	0.08333460766463525	
0.2499976843658093	0.08336320139753386	6.0510192206401875E-6	0.083317356196233	0.08333356212499869	
0.1666772126595774	0.16667154138581508	4.883912733192866E-6	0.08333189648468262	0.08333585541201238	
0.08333672866720107	0.25001474730280315	2.834325295104442E-6	0.0833296202771285	0.08333555784041119	
1.1173073386643023E-6	0.3333465835331901	3.133816989277223E-6	0.08333172478964879	0.08333418199684203	
0.25001339969363195	4.710983414100982E-6	0.08333721598120916	0.08333232834394058	0.08333423452079837	
0.1666769739579097	0.0833390973742344	0.0833365326623004	0.08333164732740037	0.08333559797618253	
0.08334128025411495	0.16667616573056004	0.08333685508234251	0.08333208775765422	0.08333517458523038	
3.7074721114020376E-6	0.2500110559422002	0.0833370034564579	0.0833319450099052	0.08333352116920131	
0.16667614209889342	9.417866709958575E-6	0.16666907163272723	0.08333221051078629	0.08333508439975836	
0.08333934926774185	0.08333844456278468	0.1666762319699808	0.08333261955353098	0.08333522443807231	
2.3220780021134954E-6	0.1666750011912089	0.16667523344072152	0.08333232715757487	0.08333486329679633	
0.08335719912690831	8.919327146332709E-6	0.24999035557365237	0.083330396716949	0.08333236936063078	
2.5203335119237782E-5	0.0833595625700104	0.24996830996759647	0.0833322284980692	0.08333474991863374	
4.3670445169477146E-7	4.5338437916621947E-7	0.3333462888963779	0.08333693409993566	0.08333496827499197	
0.25001187571540096	9.334166988457622E-6	1.5773640276027123E-5	0.1666576625565596	0.08333454513373291	
0.1666653325478389	0.08333397575383762	3.4659948426514565E-6	0.1666824522065518	0.08333356543329155	
0.08332952030775692	0.16667521488568085	1.0177691628668969E-6	0.1666828969084255	0.08333649028892767	
6.687912593941506E-7	0.2500012867548705	9.997929676941235E-7	0.16668103162394976	0.08333553174808896	
0.16667023998759165	3.8807316553337246E-7	0.08332973159530918	0.1666796851324819	0.08334026489960522	
0.08333554627649674	0.08333639747352999	0.08333043750957411	0.16668062940282802	0.08333976887378403	
3.052417224984207E-7	0.16667191996420425	0.08333057781602579	0.16668088923571148	0.08333543662139446	
0.08337405692842027	6.603453037620988E-6	0.1666544572384626	0.16665679736763564	0.08333641549054065	
1.3492251591169273E-7	0.08331554555672284	0.1666913355203384	0.1666836987383886	0.08333616728717351	
1.1974606207676065E-7	1.4769343460660485E-7	0.2500186062014123	0.1666667088290637	0.08333513904328817	
0.1666747336350868	4.373948436269172E-7	3.2518122289864276E-7	0.2500051473821582	0.0833398539097167	
0.08333981126365579	0.08333541288365588	2.376468389823229E-6	0.2500085507597977	0.08333399610311958	
6.462051308580937E-7	0.16667169043748628	9.627117922911793E-7	0.2500073853936635	0.0833401821763377	
0.08334661870651898	4.407187446891339E-7	0.08332621328266125	0.25000729972063046	0.08334039702242026	
9.932474037942672E-7	0.08333797083702064	0.08333772766970197	0.2500071867847708	0.0833335414433151	
2.2403956266741318E-5	2.297386171725993E-5	0.16663234028713939	0.25000862052692246	0.08333302803657848	
0.08335030025482563	4.589087297226095E-5	2.5339081641806233E-5	0.33326257872763976	0.08334123597930843	
8.392709626321499E-6	0.08338637748026376	2.4659988672519618E-5	0.33327086917745447	0.08333118987229086	
6.576290565667789E-5	6.754985330350944E-5	0.08328618889259494	0.3332707828637072	0.0833312200838169	
1.492158804944983E-8	1.5862541882306278E-10	1.688529047789733E-8	0.4166840031720474	0.08334207024990035	
0.33335439425343283	7.720508668658564E-7	9.063788024988256E-6	8.133257690932481E-6	0.16665121744725475	
0.24999633642198613	0.08336306996852345	3.533676008631104E-6	8.067674231878843E-6	0.16664813530555356	
0.1666726119952987	0.16667634262952832	4.590680858171532E-5	1.91052558691011E-5	0.16660660600995517	
0.08335143935910579	0.24999009421441287	2.198794820809351E-5	7.785366423007568E-6	0.16664902121855935	
3.756856938899483E-8	0.3332947745512974	2.1521190876738376E-6	7.486760703057447E-7	0.1667221585722309	
0.2500257032230649	2.5438629749977926E-6	0.0833405960066447	3.928946242228553E-6	0.16665138792763384	
0.16667433101663784	0.0833332635487556	0.0833508627000111	1.7410609063686253E-5	0.16665249513147562	
0.08324457112354826	0.16671129769727994	0.0834130180849337	3.401575374171023E-5	0.16662561950934535	
3.6686415701549542E-6	0.2500090409840038	0.08333555911896491	1.9284794165334474E-5	0.16664934058104341	
0.16666681647966575	2.3410848255760214E-5	0.16666675678902135	1.585102453564633E-5	0.16665154443332486	
0.08334596784531197	0.08334680581084312	0.16666930280764064	1.9980062968129695E-5	0.16663851978153785	
1.6879851681246926E-5	0.16667260510608098	0.16668581969426324	1.9937726734349534E-5	0.16662547166212274	
0.0833542247534655	1.0974324612712576E-4	0.24991980986096615	9.284049133105109E-6	0.1666273928934927	
4.3953529442707895E-6	0.08327321327954189	0.25008259467512134	2.3670293984585508E-5	0.16663860258678512	
1.534836704756192E-5	1.837382586082131E-5	0.333340304842235	1.907224791571722E-5	0.16662740400134454	
0.2500111027562074	1.5419708906027365E-5	1.5909423351762707E-5	0.08333082020592766	0.1666492730400315	
0.16668342193374366	0.08334271847419614	8.178235099512222E-6	0.08333744847247973	0.16665080947032618	
0.08334138135296501	0.16666677575763197	3.532111736945754E-6	0.08335716438368958	0.16664849738200066	
2.5185631610289163E-5	0.25000886262377237	3.86112943261878E-5	0.08332796144544712	0.16662352061200178	
0.1666639806713178	2.797312884729207E-5	0.08334398653733864	0.0833344918976282	0.1666502132615137	
0.0833363283724159	0.08333937072285258	0.08333581467956348	0.08335811650795882	0.16664979007803976	
2.823616538352587E-5	0.16666917485692423	0.08337523669709432	0.08332716304621393	0.16662328815587069	
0.0833292473059315	3.674666435703316E-6	0.16669923663869307	0.08333889895651365	0.16664910257713528	
3.532256346975502E-5	0.08335725975244174	0.16661199468845198	0.0833843671924289	0.1666411629933264	
2.1241981053405608E-6	1.7233472435929885E-7	0.24999672993719485	0.08338251591514839	0.16663718833224858	
0.16665743657547538	3.5523037839925504E-6	1.7350936044799716E-6	0.16671269054588522	0.16665055789120695	
0.08334438648572785	0.08334510963068355	2.0252728553120826E-5	0.16666383194747514	0.16665176366928963	
1.6775585710504597E-5	0.16667162209763936	2.0303796757582703E-5	0.1666628242509994	0.16665073853754406	
0.08334300090090599	1.394900269305723E-5	0.08335616220538794	0.16666034668642954	0.16665174406420494	
1.0342751714453227E-5	0.08334726918760922	0.08335585370702642	0.1666607068614956	0.16665221106716793	
3.51193702494228E-5	4.1412761769292105E-5	0.16665047490578963	0.16666144030650526	0.16663202474473263	
0.08334545539136816	3.7435905240135296E-5	4.8443594508471705E-5	0.24996375562682022	0.16662583143969603	
1.3388454138660267E-4	0.08340873991108863	1.486816036972472E-4	0.2497326545146121	0.16659941412974613	
3.927261002052364E-5	2.9885383255636082E-5	0.08335100325213524	0.24995419488949264	0.16664394663532872	
4.607852746158618E-8	8.206920072482801E-9	5.233961420705762E-10	0.33329855730077623	0.16672377271703903	
0.2499880175674543	8.292313186445812E-6	3.324094785000048E-5	2.0464533319400543E-5	0.24997093007735072	
0.1666756260634333	0.08333853966634268	1.2554877797425927E-5	1.3388223910116718E-5	0.2499804184322719	
0.08331337022109553	0.16668785151338036	4.2367347276223535E-5	4.041962072676735E-6	0.24996815357227828	
1.8457835416581519E-6	0.25000877076958494	2.858709926337212E-5	1.4070760374896521E-5	0.24997054621750345	
0.16665386250460748	2.7973157037135995E-5	0.0833388731646008	2.2842874711111762E-5	0.24998149917819232	
0.08334079650955337	0.08334380108831238	0.08333973901216894	1.7483663373706673E-5	0.24998235428401408	
4.90976231536326E-6	0.1666643501820669	0.08336351580299607	9.348956387727503E-6	0.2499790178114836	
0.08334434353972756	6.184021699629155E-5	0.16664317897865802	1.7938233359376663E-5	0.24995329313949968	
1.0721344088310855E-4	0.08337824877021384	0.16666537399405976	2.1998232225696946E-5	0.24986062219408287	
1.1064820885023856E-7	3.325088427786151E-5	0.25001000645082644	2.1938483689856064E-5	0.2499512995470719	
0.16666749516471174	4.50460319771398E-5	3.2567947807111147E-6	0.08333801116501939	0.24997144427405774	
0.08332211218378383	0.08333988354207744	3.977843599833409E-5	0.08334812377949385	0.2499704814361654	
5.601546300591877E-7	0.1667134043560313	1.9671114928888717E-6	0.08333760041898593	0.24996973499067215	
0.08335156543828595	2.2387940669719904E-5	0.08334460020656365	0.08333938405635112	0.2499604060517159	
4.466540043469449E-6	0.08334246545388013	0.08334604163738403	0.08331867909047519	0.25001463536565743	
2.3955188424491288E-5	1.093101305572484E-5	0.16665990356153387	0.08334400195448265	0.24997790978845924	
0.08338613277153291	1.9822372711175004E-4	7.598861023095873E-6	0.1665620272071859	0.24986726935958722	
3.536187702582432E-5	0.08327849994853415	5.305475049045582E-8	0.16674430631979248	0.24997417508728312	
6.073762544482025E-5	6.509687843503686E-5	0.08346629022565875	0.16656241281696518	0.249867794215669	
2.2434582213245787E-8	3.854868066276263E-12	2.2965751407600343E-8	0.25000769791924304	0.2500116737937715	
0.16666447344427557	3.3076214266885144E-6	2.118364741037522E-5	1.3744793300794795E-5	0.3333178047579182	
0.0833268250767989	0.08335296908196232	1.388773759414167E-5	8.372015806262402E-6	0.33331762516305224	
3.076896383769732E-5	0.16666204660460165	3.0507372298311867E-5	4.979888690673918E-5	0.33325046798006286	
0.08334946562703831	1.0882854252163861E-5	0.08333011649233733	1.1900646446451188E-5	0.33331711716597684	
9.359139614558075E-5	0.08336408217301822	0.08332334005248591	1.703627677066489E-5	0.33322488677920353	
2.2447142796493447E-8	3.613403186612563E-5	0.1667120216619114	4.975740736175074E-5	0.33322561315537164	
0.08335513887245746	3.72064386538809E-5	4.3352417513297895E-5	0.08326814344528091	0.33331749515035736	
3.5237266129225795E-5	0.08335003223094102	4.257560866394969E-5	0.08326022282431234	0.33333495829230453	
4.593656072090402E-5	4.5951697619881426E-5	0.08335969856972686	0.08328397029441088	0.3332873500875614	
6.686495761753934E-5	6.478154252372857E-5	7.114548472570074E-5	0.16660524282388078	0.33321568844683447	
0.0834166948146343	1.849851226716738E-4	1.8779823044838914E-4	1.719729732300147E-4	0.4160664072230757	
3.5379494568379544E-5	0.08345618545866594	4.1176962513388675E-4	3.5999271751269857E-4	0.41575555806628206	
4.7124989416611526E-5	5.8617058332276975E-5	0.08332992120828403	3.155477027635536E-5	0.4165632675211105	
2.0159088005349175E-4	1.9187902815173176E-4	1.9609038818611582E-4	0.08339628394376983	0.4160481115521501	
3.8412217155872796E-5	2.6428754595288033E-6	3.622671359941243E-5	4.740290391691718E-5	0.4999035466066193	
