0.5001218916169177	1.9900266608473766E-6	4.3676406562969E-6	2.2054297010365305E-7	1.075779348226476E-6	
0.4167761618724061	0.08332840782219356	2.17461318748654E-6	1.3740589836184487E-6	2.6212078949768683E-6	
0.33337603782748865	0.1666937009539768	2.5877503617088915E-5	4.6060117643942645E-6	1.1518367119242082E-5	
0.250043630269822	0.25004645374460144	3.1820231313714785E-6	1.0457905422284192E-6	1.6223071358616895E-5	
0.16672628272011347	0.33340097887501113	1.8673328013457988E-6	4.745450357786338E-8	2.890006195542721E-6	
0.08345424453218381	0.4166126101981212	2.2923201499290822E-5	1.5871184649392786E-5	2.6702227253106845E-5	
3.725729680170715E-7	0.5001004686264099	1.9173100935132993E-7	1.9523446018243166E-6	1.0882479658302987E-5	
0.41677071344442107	1.8332979129150244E-6	0.08335166252049175	4.3522929307588875E-6	7.126643278050057E-7	
0.3333881438063223	0.08337958482299064	0.0833504920890758	1.1315201233698066E-5	3.217484558244636E-6	
0.25007708681153423	0.16669866811540976	0.08335230518315744	6.885395372129084E-7	7.640248130031444E-7	
0.16660006133529204	0.2501660949244065	0.0833495724581994	1.705988265312259E-5	2.5387586342271054E-6	
0.08334518263280166	0.33338738273397867	0.0833887508200282	1.0478771733228478E-5	3.471173309320266E-6	
1.4160832845377026E-5	0.4167817488811451	0.08329410469711507	1.565239495403913E-5	7.702884198148345E-6	
0.33340010970276485	1.6660624008578373E-6	0.16672632009724256	6.44525750034956E-7	7.118667129316712E-7	
0.24999447026617064	0.08341754504003665	0.16669937304276564	6.7065915844563545E-6	1.1422015980030662E-5	
0.16663745170593786	0.16666857031112003	0.16679978077964477	1.1527044858835445E-5	1.561536985580834E-5	
0.08336248771966506	0.25003271975493907	0.16669476694362248	4.484110547730566E-6	1.628742674281294E-5	
5.082403414935259E-5	0.3334133042970271	0.16661137879292576	2.0939440312506457E-5	1.4845276261674755E-5	
0.25005882560082	5.312007671941902E-6	0.2500585502820029	5.40090459473212E-6	1.516112472015989E-6	
0.166710060534733	0.08334623517199137	0.25004694009701944	1.043659031228439E-5	4.571546405073209E-6	
0.08335591480042315	0.16673376291478098	0.2500839144047466	6.215213325959173E-6	6.107726337253346E-6	
7.749459756487292E-8	0.2500528774795171	0.25005837259140684	1.6265420090434854E-6	1.4337409958722096E-6	
0.16671545498758739	4.8309990719258606E-5	0.3333295010717732	7.839377781624138E-6	1.3257828336972936E-5	
0.08331438975814892	0.08337239251205227	0.333406194894883	6.600955305140581E-6	1.3121750779353971E-5	
3.854691606371748E-5	0.1667183945835837	0.3333317980359979	7.71240520939516E-6	1.232558515431796E-5	
0.08342847094115034	9.233262805111331E-5	0.41655432869226144	1.6026212522029928E-5	4.913485101662729E-5	
5.1038554738335666E-5	0.08337086502645961	0.41667133567957226	9.17611821545276E-6	1.2478988900679141E-5	
6.412878611180044E-9	5.792980066412225E-9	0.5001035180016138	4.906091717353306E-6	8.080422054627067E-7	
0.41679385139415	1.6604286074668036E-6	3.980527972731342E-6	0.0833549772802155	3.3907656755405687E-6	
0.3334247876480145	0.0833515776260485	2.5588841823796705E-7	0.08335654114642393	8.809257400803699E-7	
0.25007457456731974	0.16667756625294142	2.898549917936269E-6	0.08334936433656011	5.201190463496908E-6	
0.16680381488920096	0.24993977449613497	1.5859490537221029E-6	0.08335324005161557	1.646202571133946E-5	
0.0833577390134012	0.3334397059648687	7.1167028532226325E-6	0.08332539898096453	2.4573381660301602E-6	
2.408439880580449E-6	0.41673384964538546	4.5026404919237394E-5	0.08335027250452197	8.508235412668795E-8	
0.3334387011519975	1.364788762371958E-6	0.08333497332957993	0.08335148490613006	2.5038843879957284E-6	
0.2500661778668362	0.08337417384714435	0.083335047559105	0.08335172367861994	2.503961231441901E-6	
0.1666910715660506	0.16669466217123033	0.0833917097125887	0.08335187150465813	3.833532597045234E-6	
0.08336812844391323	0.25003608987915016	0.08336082001522233	0.08334210771253535	2.7657951146725976E-6	
1.925159378643201E-6	0.3334147113589905	0.08336358767787563	0.08335006046095819	2.6752808162243177E-7	
0.2500430140429063	5.950259563618321E-7	0.1667303296175915	0.08335357563234298	6.562848971139377E-6	
0.16671019134415246	0.0833843818260442	0.16667513294649627	0.08335392007356089	5.816829648914753E-6	
0.0833681638012479	0.1666817936294414	0.16670424371160555	0.08335081720584163	5.431173836349688E-6	
2.8835021240286816E-5	0.2500694268672753	0.16667864746624447	0.08334903254727792	5.077608447390845E-6	
0.16676903690060974	2.016519006996352E-4	0.2497725830778078	0.08333662641717506	3.33472196059342E-5	
0.08334520623052184	0.08338240198451737	0.25004359762368145	0.08333904402652074	2.322916388317561E-6	
1.9220792756035756E-5	0.16671574026423797	0.250028312698859	0.08334572335824854	5.071306030273869E-6	
0.08339916584187092	8.775483614527776E-5	0.3332949127287804	0.08334908922685852	5.477888510885453E-6	
6.417044758697056E-5	0.08341774901921227	0.33327538026609366	0.0833443355521868	8.20638596793922E-6	
1.265204996454988E-6	2.4619898686049056E-6	0.4167617756764284	0.08334634788908434	2.540866681786933E-6	
0.33341588061567956	1.725507473740487E-5	2.5961188692148533E-5	0.16663884713597474	1.5084279550977715E-5	
0.25002826449529647	0.0833612338691639	5.48998124791967E-5	0.16667581711176963	9.107070512205822E-6	
0.16669327948165502	0.16669507796999875	1.5911683770627857E-5	0.16671690106940895	1.617783077810936E-5	
0.08336858423762798	0.2500567457902605	1.5044187693449001E-5	0.166689874185202	2.7258630384310377E-6	
3.504591082998328E-6	0.33341503296308983	1.2149608007209873E-5	0.16668174976334285	3.117645766506901E-6	
0.2500428652383035	3.184419278891218E-6	0.08336579547889941	0.16671270280363482	8.492169834193215E-6	
0.1667031171143954	0.08334181647379552	0.08336905108254648	0.16671383627489317	1.4930556632774603E-5	
0.08336591206595846	0.16667811118754317	0.08338552855608737	0.16667480202161658	5.418574626320398E-6	
1.93795393250131E-6	0.2500769316404354	0.08336179305110228	0.1666908811238332	2.718092769165489E-6	
0.1666881800185311	5.684621309568934E-7	0.16668643593952287	0.16674890267795944	1.1715286526504946E-5	
0.08334753117387403	0.0833630363553868	0.16670396171043989	0.16668719479933214	1.2628510796417999E-5	
2.8209927141142328E-6	0.1667129693683564	0.1667089903346369	0.16667939522888214	4.432511388489323E-6	
0.08337067928240441	7.699467895727424E-6	0.25005260690262304	0.16668263214438642	3.2569802797109804E-6	
4.3912179416143005E-7	0.0833773000268125	0.25005068873063135	0.1666812220014424	1.773388162104181E-7	
7.165674713812484E-5	7.021368995144217E-5	0.3333879801590183	0.1665667375178132	1.2067596019450436E-5	
0.25004826585428747	3.404842614954881E-5	4.217623304552704E-5	0.25001535963657157	9.034167797926843E-6	
0.1666998024294852	0.08337213270402902	1.0490703353989108E-5	0.2500475372822559	4.130775752643392E-6	
0.08332394088220006	0.1667068243917978	6.89776233245878E-6	0.25008707511299205	8.406372840764353E-6	
3.883499481904015E-7	0.25002881506609187	9.857219877404923E-6	0.25008883485075184	5.689617242563959E-6	
0.16678001733979914	2.1788002271916415E-6	0.08330644258756646	0.2500332153436632	8.803670614259674E-6	
0.0833600412670116	0.08335516812560378	0.0833619497672701	0.2500406611315158	6.749912514788817E-7	
8.239848846492406E-6	0.16670410289654855	0.08336051636894697	0.2500363617135514	5.859194595776538E-6	
0.08337400795156708	9.966498539959526E-6	0.16669884869192847	0.25004381659297986	5.324083390696477E-6	
4.252606160196723E-7	0.0833491522952445	0.16671759626645377	0.2500302959807667	1.3142211710974085E-5	
2.6427575612363393E-7	1.2730222429703162E-6	0.25006856988898774	0.250035039084295	5.984460757189821E-6	
0.16672295646088756	7.568411431192665E-5	2.993137381691386E-5	0.33329999275826516	9.126039966784126E-6	
0.08336831292724313	0.08337232820274533	3.0071640431301324E-5	0.3333406111241418	8.740288567322563E-6	
4.688842829819733E-5	0.1667184455166631	1.2394656077357723E-5	0.3333527453615099	2.8068696000315355E-6	
0.08337585847530256	2.0400688326938468E-5	0.08334207213833078	0.3333669205775868	9.311722435700829E-6	
3.450120562266154E-5	0.08337727928282512	0.08335757751035312	0.33333601433117577	5.591029679726452E-6	
8.080274636638539E-5	8.086887953312939E-5	0.16665739920723935	0.3332905797353222	9.225983074823104E-6	
0.08334049003244028	1.2414895156288147E-4	1.0925671757127463E-4	0.4165248203893432	1.4612131888517636E-5	
1.4753623373534621E-4	0.08341991636578093	1.5414472041257612E-5	0.41654908544710095	8.95813653017912E-6	
1.4725724669261144E-4	1.590734353092209E-4	0.0834709473412122	0.4163472711282125	8.885475876445555E-6	
7.752572860595947E-7	3.388467120855009E-9	7.82519303251403E-9	0.500134860922014	6.106560326376565E-6	
0.41675892498070105	2.4066139953722374E-7	8.085460333838726E-7	3.896477665079373E-8	0.08335532706264566	
0.33342283150178176	0.08335102689974247	2.5515475552253616E-7	4.538385917531279E-6	0.08335153216689549	
0.2500715592788745	0.1666808399828595	5.192288889531733E-6	3.410846472710067E-6	0.0833547784846303	
0.1667111526596154	0.25004324216251633	1.567237004957099E-6	1.6247026157181975E-6	0.08335411553490443	
0.08339841478810378	0.33335193021262466	3.152342063873601E-6	1.5839125000837373E-6	0.08335526933284147	
5.527667230236511E-7	0.4167559876951046	1.595380457384516E-7	1.6269766306044139E-6	0.08335541229563007	
0.333402178732207	7.350097210233711E-8	0.08335905882358614	4.526851919198396E-6	0.08334871376301936	
0.2500360058476343	0.08336515773607152	0.08335934801192645	4.745095439705664E-6	0.08334865056468907	
0.16669904587293974	0.16669762256587464	0.08335733809034038	9.305791942385458E-8	0.08335574820663141	
0.08336038370990004	0.2500128620198185	0.08338959281409013	1.1280306388844928E-7	0.08334838244873241	
1.8513105476102883E-6	0.3333760063246181	0.08339074643071134	3.0473785292707856E-6	0.08335861335365309	
0.25005871385344275	1.638608750551162E-6	0.16670940621034352	7.5603247175768295E-6	0.08335620831568548	
0.1667032004416764	0.08334502418160307	0.16670132086293024	7.595892213838352E-6	0.08335628791082665	
0.08334150713283896	0.16673978103213236	0.16666732816434945	1.1506999700782566E-5	0.08335319190932662	
2.658044979808542E-5	0.25006740729205024	0.16667487541693068	2.9043370815641227E-6	0.0833572796916087	
0.16670136283973463	3.6093257608166246E-5	0.2500160902405696	3.783627107241185E-6	0.08335638930089548	
0.0833505201373361	0.0833496953857979	0.2500545368327914	1.2844733619304265E-6	0.08335622320034042	
4.390703127324255E-8	0.1667010235253523	0.25005581465832116	1.5968128812616387E-6	0.08335618610403624	
0.08334852004691941	1.4499275417901477E-5	0.3334219480626811	9.003393069591905E-7	0.08335293953935785	
5.06747151302588E-5	0.08335398817723565	0.3333473489668991	1.6096860902031928E-6	0.08335610578040366	
1.8016432404419945E-6	1.9391270618634773E-6	0.4167581152789751	5.693875963178414E-7	0.08334877159657408	
0.33341255712203155	2.6930178514726216E-7	8.802203838264933E-8	0.0833625983878168	0.08335112035746128	
0.2500342824940581	0.08336605189979207	2.344641257020743E-6	0.08336022313330273	0.08334842157825552	
0.16670772560105798	0.16671102198392493	1.7969771892317894E-6	0.08336345240201896	0.08335252550318442	
0.0833583890280842	0.2500420169771814	3.3399299484678423E-6	0.08333907379184304	0.08336762533381759	
4.4698841771745907E-7	0.33339902275319394	6.614174075597321E-8	0.08335762830282774	0.08335362077924345	
0.25003828787691573	9.261338947861379E-7	0.08336384641943388	0.08336015718056689	0.0833486111630742	
0.16669608633160068	0.08335088118832314	0.08336644290254257	0.08336364762065473	0.08335118527755278	
0.08333012288457027	0.1667196485903071	0.08335239902343243	0.08335881873347088	0.0833544850763792	
3.3283174822117606E-7	0.2500490315474992	0.08335215529339729	0.08335864786788151	0.08335429386653745	
0.1667061373201822	2.624685320595862E-6	0.16670505144185827	0.08336410135266728	0.08335155244054442	
0.0833392245861413	0.08335439973309364	0.1666970436465253	0.08336364822129798	0.08335578885304933	
2.7599926856303485E-7	0.1667014252753805	0.1666978784051767	0.08335766473879305	0.0833536866285737	
0.0833277493331957	1.9398428613692525E-5	0.2500973962642786	0.08331939804453863	0.08334903887779238	
3.5733093099603787E-7	0.08333633336861249	0.25005090541470976	0.08335528093288498	0.08336886764675988	
1.3144451745290054E-6	1.678088153692286E-6	0.3333972548409043	0.08336040249587812	0.08334841314686245	
0.25003566737217037	1.535564575787638E-7	9.709043511213419E-8	0.16671864989659457	0.08335584293347241	
0.16669950295382066	0.0833454208798285	5.027578524303517E-8	0.1667260469247951	0.0833592500480475	
0.08336290974977696	0.16670326850733372	9.756366916577597E-6	0.16668293171276127	0.0833541357930871	
6.628674502602951E-6	0.2500655977921557	1.1940988702571107E-5	0.1666884251959745	0.08335807819338706	
0.16668878364849962	1.0267767611507194E-7	0.08334785550816448	0.16671759003626788	0.08335580526227239	
0.08335694923252497	0.08336076676758998	0.08336200212704234	0.16668252330732816	0.08334831958394386	
2.582779494957584E-6	0.16669117507514294	0.08334860554874768	0.16671894637643597	0.08335475071565926	
0.08337692464998257	1.0130807152652998E-5	0.16669409408316885	0.16668338260032223	0.08334889787781834	
5.688856617797486E-6	0.0833812789776488	0.16669383931739862	0.16668256403819648	0.08334869623472302	
1.4805737835865727E-5	1.5228957218381254E-5	0.25005116742893907	0.16668349629773768	0.08334881128861116	
0.16670414116158755	1.411341320023835E-6	6.772989485684231E-6	0.25006219485046766	0.08333924789370392	
0.08335985532100916	0.08336374989235178	7.023670043259602E-6	0.2500327819412864	0.08334848115778874	
8.03470899119399E-6	0.16671862331988285	6.982019885099302E-6	0.2500309662436948	0.083348789286384	
0.08335414897887565	3.4092754647213443E-6	0.08335642995847865	0.2500611906657923	0.08333802174697309	
2.194659866044874E-6	0.0833413006110091	0.08336235251228166	0.25005247847248313	0.08335514830273201	
4.053323656494657E-6	3.6672188764492164E-6	0.1667006815559706	0.2500502806254361	0.0833561400380255	
0.08336554376551006	2.0400973094928984E-4	1.098916558457361E-4	0.33310676283602947	0.08334111953894274	
1.4540058460244063E-4	0.08337951663265188	1.1029202565571921E-4	0.333144127210022	0.08333620612239762	
1.3185922580787767E-4	1.300044967006971E-4	0.08337379283346316	0.3331386322111165	0.08333751037192495	
2.427135869878827E-6	2.2600540061908386E-6	2.2719735614863283E-6	0.41675995362498824	0.08334692523018586	
0.3333779293551572	1.2039588886401242E-6	9.551358457833876E-6	2.962119849902614E-6	0.166738492227296	
0.25006373770972334	0.08335524492133779	3.929248217558761E-6	3.2335615710609303E-6	0.16670883250259474	
0.16670320855514897	0.16670020176299782	2.1528247996328702E-6	3.029998070052893E-6	0.16670358513920397	
0.08336304420290325	0.250040091105036	2.0215008328576E-7	3.5823560117041935E-6	0.16671085721982473	
1.012253201914548E-5	0.3333769961880269	1.245040265468419E-5	1.0103790716833228E-5	0.16672260993103852	
0.25006163265792586	3.866121311549808E-5	0.08338898355726374	1.5202952179314334E-5	0.1666291486172494	
0.16666514783831973	0.08341800913910088	0.08335623725625557	4.826784468199115E-7	0.16671926698433798	
0.08336074033592429	0.16669749457037433	0.08334818966681073	8.699454678499281E-8	0.16670909149169125	
2.871550369115117E-7	0.2500430821656968	0.08336480509779563	3.4674228991488963E-6	0.16670510796395036	
0.16666176059689253	3.5487483115845845E-6	0.1667411958614286	8.416992570259367E-6	0.16671460162179894	
0.08335171953468756	0.08335050967014906	0.16669786500614653	4.2377258645429506E-6	0.16670880740078417	
4.182281275648965E-8	0.1667025336900075	0.1666960986132369	1.085073923046476E-6	0.16671446538665344	
0.08338362210329081	9.887428995383974E-5	0.2500130659615297	7.693299519699062E-6	0.16662952971125342	
1.5898471667558943E-8	0.08333360294663446	0.250069510601492	3.4887322109866747E-6	0.16670559346969724	
1.3610668968395499E-9	4.249307212939554E-8	0.33340217205157757	1.5609057194533067E-6	0.16670852276162687	
0.2500630183467797	1.391474263573475E-6	1.6028660566026613E-7	0.08336159172512952	0.16670887636304693	
0.16670766842246199	0.08335610047852908	1.1751861680657515E-7	0.08336136381070197	0.16671178460854424	
0.08335507764593582	0.1667050526520576	6.526981909436938E-8	0.08335471857571296	0.16671078670593711	
4.4484850265308404E-7	0.2500705520071536	6.711524074948224E-7	0.08334532726956852	0.16671635977048305	
0.1666999733050624	9.093109617374504E-8	0.08335345055189143	0.0833577388173795	0.1667049073379236	
0.08334756835201525	0.08335453404278256	0.0833552241956763	0.08335395193246281	0.16670489761115367	
2.1324606579522029E-7	0.16670139905154494	0.08335497856394151	0.08335370673612215	0.166704812663604	
0.08335741025037484	2.892408696754854E-6	0.16669300011181784	0.08335793932080368	0.16671412026613483	
4.2242102976369027E-7	0.0833459881814799	0.1667139758579446	0.0833549639268413	0.16671469659184543	
3.0186722810508745E-7	7.288376610935265E-10	0.25004816165412436	0.08336029114483666	0.16670632076441916	
0.16671158183186083	6.707894196071144E-6	6.730980594459832E-9	0.16669836114077796	0.16671133892800724	
0.08337411262918457	0.08338133422569537	1.834014389164563E-5	0.16671039039354646	0.16664804599734137	
9.505207294416544E-6	0.16671515449839866	1.5628483434056824E-5	0.16668018765234308	0.16671658429927777	
0.08333536244185501	4.252638466503451E-6	0.08333777962135042	0.16672129931249202	0.16671663257513666	
1.0634618217799085E-7	0.08334390713214869	0.08334209665267017	0.16673734215752029	0.16671105368219563	
2.708010578640795E-7	9.987069290506518E-11	0.16669293286559583	0.16672712722291197	0.16670941894398325	
0.08339902329375783	3.961242350375466E-5	6.10824411663229E-5	0.24998966481664744	0.1666487647055086	
5.876049244263959E-5	0.08337462232175402	6.10578602100373E-5	0.24997385664172678	0.1666621131283542	
1.6333874150484495E-5	2.209047607650208E-6	0.08334098381756302	0.2500481053381695	0.16672412412263726	
3.5196806375604324E-5	3.485154156204704E-5	3.448559773891895E-5	0.3333552292372052	0.1666565321832998	
0.25007226030056684	2.4090719524856966E-6	7.6073074575088765E-6	6.380634224190877E-6	0.2500454435185039	
0.16663002167573826	0.08343792247654142	2.0062319247786676E-5	9.081069245911579E-7	0.25004507288045363	
0.08336137760134758	0.16669872087137466	6.374509526065334E-6	6.832067393695892E-6	0.2500428050538454	
1.4609108348185172E-5	0.25005087737283516	8.31743876054165E-8	7.587463660361323E-6	0.2500430288569864	
0.16670824286005345	2.38960259607907E-5	0.08333645686756663	4.83966844000792E-7	0.2500462749478815	
0.08337944164786294	0.08337849046157829	0.08332212198927297	1.6885469980624797E-6	0.25005251017217267	
2.621870594821012E-5	0.16673378250702034	0.08332317965183723	1.666841127378278E-5	0.2500703763324183	
0.08344684712275813	1.084633155506561E-4	0.16659917332015955	6.60983603417953E-5	0.24991282731882034	
1.1263000754177277E-4	0.0833764140400676	0.16667311049866154	1.3328085274910007E-6	0.24995147780286203	
6.364491255586662E-5	6.324796675490802E-5	0.25002948884897325	3.3931919342686333E-5	0.249978337773957	
0.16672981196642406	1.2913758641274494E-5	8.090249740970512E-6	0.0833383003702608	0.2500454738651097	
0.0833686208269427	0.08337558749998865	3.180445939957327E-5	0.08331432143421263	0.2500430068227744	
2.8149892778367257E-5	0.16671255134373705	2.9961621023350437E-5	0.08331164967513786	0.25005266078873184	
0.0833588115744239	1.158701260581281E-5	0.08333762893930607	0.08336940863010794	0.25005405916223444	
1.1425186700107126E-5	0.08335798483068772	0.08333664075823229	0.0833698781840883	0.2500553022758144	
5.635146300490288E-7	1.0473571461912356E-6	0.16670261639133924	0.08336896590783763	0.2500426252135298	
0.08343705409163474	1.629649034733906E-4	7.373365799718118E-5	0.16642616916129058	0.25003111448394943	
3.9141833580767655E-5	0.0835778550895232	8.193844386435524E-5	0.1664762573008136	0.2500203346459358	
5.706308106892426E-5	8.200987182314781E-7	0.0833989202684645	0.16664474094173104	0.2500327366131342	
1.3169243164820011E-5	2.581451112330165E-5	2.5921174484866394E-7	0.2500249876922083	0.25005230320351907	
0.1666691091656221	5.516393429220615E-5	5.024347570471765E-5	8.412399571331802E-5	0.3332710119436584	
0.08332038916329411	0.0833187467552199	1.991135185411933E-6	1.8141430819821311E-6	0.33349120727284015	
3.226844017708944E-5	0.16670712027110265	5.459503622650998E-5	8.383579585989026E-5	0.3332541821247189	
0.08333454128958276	8.278272066284309E-5	0.0833881349784597	4.904044676118782E-5	0.3332618707887459	
5.761967669671259E-5	0.08337613259190697	0.0834043490133299	2.1514474790027218E-5	0.3332719198396469	
1.8791992028296566E-5	2.926261151068745E-5	0.16667629458699648	8.17176178350885E-5	0.3333283809144066	
0.08337312099248712	8.25523341001685E-5	7.785433886342142E-5	0.08334992711259771	0.3332657641813626	
6.182637275391346E-5	0.08338316616506049	8.171886727923795E-5	0.08334312146332905	0.3332646092989317	
5.341122930063288E-5	5.466592705500607E-5	0.08331611337541996	0.08337979103078004	0.3333301395489058	
3.4821148858586554E-5	3.6805925722137554E-5	6.636338200070364E-5	0.16671581593922763	0.33328060176266067	
0.08337243075019045	2.774280083364669E-5	2.7503204644877678E-5	8.99026768439814E-6	0.4167164078421409	
9.433663207766777E-5	0.08342264472948645	2.7354281660748177E-5	4.194686754058315E-5	0.41656121424582077	
7.452019839292882E-5	8.43394315706838E-5	0.08347082276953526	8.765431573314198E-5	0.4164191910388923	
6.505062387241736E-6	1.1942537496532336E-5	9.127234519242739E-8	0.08342077733270183	0.4166903839843245	
3.56874374119414E-6	3.568354079754768E-6	6.676875277770632E-9	4.057540708495013E-6	0.5001231197938528	
