0.5000149408674381	1.457048046584195E-6	2.369725473584806E-6	1.0208970529567603E-6	6.466205761749263E-7	
0.4166520649135448	0.083356225594163	1.7686016312844919E-6	1.6755405678653047E-6	7.440150018697144E-6	
0.33332323672669834	0.1666935535210719	3.3316998330635287E-6	3.20288524076278E-6	7.711083170914254E-6	
0.2500130412159172	0.250003232358511	4.4488469564688525E-8	3.8926214532296517E-7	2.141415125594811E-6	
0.166671868642281	0.3333390030343295	5.538605537535951E-8	3.012588072640248E-6	4.828037864601487E-6	
0.08337577419749369	0.4166286419660848	5.788506989270934E-6	3.068605626330748E-6	4.842443219300909E-6	
3.7730253486401363E-7	0.5000099112451565	5.421510799705563E-6	1.2487406189577097E-8	5.0824170995366E-6	
0.4166559261075672	1.2146603163452782E-6	0.08336291309923292	9.159525778994263E-7	8.218056099445219E-7	
0.3333246474998002	0.0832966110567453	0.0833854933973445	3.0608558332451127E-6	7.743041049880241E-6	
0.2500115025868049	0.16666487638718783	0.0833414890139295	8.000070640140756E-8	7.205127383281559E-7	
0.1666689777910572	0.24996787716056723	0.08337077216319627	3.5660175815514777E-6	7.677768839382529E-6	
0.08332589779114463	0.33335548594089615	0.08333515839320738	3.5652933583216864E-6	7.499765378172874E-7	
5.398612094762405E-7	0.4166075327080347	0.08339999932568251	3.31809163767178E-6	1.3952132994028941E-5	
0.3333659493233244	1.5483173473068652E-6	0.16664824604198336	2.2474512166866207E-6	8.048282038527458E-7	
0.2500467279719376	0.0833637373840779	0.16659790657880508	1.4906270363244939E-6	7.552039992527797E-6	
0.1666914214501986	0.16666095129481606	0.16665370901087287	3.5489368989384615E-6	7.4509731175338985E-6	
0.08332219110177863	0.25001617600325987	0.16668349689499307	2.2424977356401363E-6	7.590321790117214E-7	
4.310269249892598E-7	0.33333480034524143	0.16668192754482727	3.8535738475151455E-6	7.882796365437142E-7	
0.2500065160150146	1.44673595301117E-5	0.24999391714763486	4.079946557147438E-6	1.531216458123299E-6	
0.16664500018265024	0.08340663021262143	0.24996070569437898	8.908416059197185E-8	8.621070758036062E-6	
0.08336648949232528	0.16663631693202108	0.2500121180303535	2.9334265811048605E-6	2.0749474399905297E-6	
4.832291073640566E-5	0.25001075683914614	0.24993878224148808	1.4000485405687968E-5	8.994086988676249E-6	
0.16661265637597908	2.4990885496060455E-6	0.33338096569063885	1.4128168913581613E-5	8.859780439808825E-6	
0.08328162440382714	0.0832781025947747	0.33343808078933546	1.4390208564374504E-5	8.995398004335277E-6	
1.3602675837700322E-7	0.1666186227899576	0.33339462197455905	8.815898160195387E-7	4.624772971933846E-6	
0.08333441139685448	1.7916105686518204E-6	0.4166829697342545	1.2526343286455957E-7	2.2892007746213517E-7	
6.724197078052633E-7	0.08333074181368921	0.4166869468154218	1.4263945504205947E-7	2.7786297375970116E-7	
3.9721657302967163E-7	3.682609929633603E-8	0.5000178720049274	1.0322861742659206E-6	1.649307848020031E-7	
0.41667077300794114	1.4064469275861398E-7	1.5585263082060229E-6	0.08334776369138834	3.226821479340304E-8	
0.33331541787319985	0.08335608921136015	8.665382170461521E-7	0.08334786440639957	3.2704492731114084E-8	
0.2500531102188692	0.16660895858882957	2.6634623768750933E-6	0.08334605806480372	7.719759688810716E-6	
0.16668116874941735	0.24999378369392247	1.4793033131771953E-6	0.08334178583474798	1.2419186992278994E-6	
0.08332552517145389	0.33335408330896243	1.5946369877917257E-6	0.08334273731088891	7.873195119706875E-7	
2.4697299169052285E-7	0.4166765748349174	1.5972995153006668E-6	0.08334218336913521	7.845668655696061E-7	
0.3333417722323897	1.0504146930780765E-7	0.0833374269510297	0.08334064512819689	7.217537851045542E-7	
0.2500353883438516	0.08329489488478695	0.08333454646120972	0.08334558177165015	7.430983933907175E-6	
0.16667415809402358	0.16666631103253343	0.08333596758716921	0.08334023428682438	4.424088458360359E-6	
0.08332935221232297	0.25001051150912745	0.08333690842663626	0.08334031675116021	7.464931604660063E-7	
2.9666447883494637E-7	0.3333402133697114	0.08333704869043085	0.0833416475459695	7.825984582732174E-7	
0.24999489313729326	1.2832095345768116E-6	0.1666875255000165	0.08334167206758138	1.4380360176847778E-7	
0.16667224419312285	0.08333608322411586	0.1666746443859385	0.08333432021166379	3.223714640694002E-7	
0.0833590921788436	0.1666393839299354	0.1666780900577101	0.08334024259156933	4.886608111782615E-6	
5.1682104161099035E-8	0.2499954705997701	0.16668298946532795	0.08334093420588355	2.008531369917391E-6	
0.16667583481084536	6.130258609100793E-6	0.2500032887531554	0.08333454720644874	3.228028311166084E-7	
0.08334239849591764	0.08333910109286537	0.2500025905691982	0.08333436525941725	3.5755461143726545E-8	
9.97099517904216E-6	0.16667873399958974	0.24999614488340352	0.08333462442951815	2.0276090455652505E-6	
0.08336160742637912	6.482788502137225E-6	0.3333145230184184	0.0833323209388835	3.4140737616780266E-6	
5.35414830170145E-5	0.08335718162527252	0.3332701206352407	0.0833334659062825	4.576611986204764E-6	
1.2445826229295729E-6	6.58614687196359E-7	0.41668317816523426	0.08333397527012572	6.066918097035694E-7	
0.33334567197401543	1.4256270499568087E-7	1.6620736001877418E-6	0.16667279153269987	7.751331233673418E-7	
0.24997826751396537	0.0833729251917025	1.2079282908731908E-6	0.16666829637208325	2.746466391391527E-7	
0.16667869884425435	0.16667634130170178	2.150124406074949E-6	0.1666633293929815	7.267989235251441E-6	
0.08333171871776143	0.2500173425580897	1.0460831191733695E-5	0.1666645441055389	7.910072562890615E-7	
1.8901703503614816E-7	0.33334881986419784	9.6977128640519E-6	0.16666413638629188	8.882282982059643E-7	
0.25002811768681527	6.7529023733688864E-6	0.083315642984708	0.1666743326363413	4.197503302342828E-7	
0.16668573758249988	0.08334689217795976	0.08331465522255725	0.16666758079241686	7.437259807115414E-6	
0.08337771440180922	0.16665191045158192	0.08332494926822764	0.1666584929816122	7.1393616702747596E-6	
9.818179412633375E-6	0.25003290972610126	0.08334250021082139	0.16663331086900113	4.370497729745389E-6	
0.16667364550484978	5.267861850505234E-5	0.1666298287524096	0.1666561381695289	7.72568635664537E-6	
0.08332940173632869	0.08332822988543842	0.16669417499578543	0.16666980609465146	1.987261593360522E-6	
2.5181802993958122E-6	0.16666797964674637	0.16670760136761936	0.16663619652373104	7.693769034712807E-6	
0.08349127391185848	1.552986282209584E-4	0.24979976899026896	0.16655484054714279	3.100377378187591E-5	
3.7186436473587836E-5	0.08338730563955887	0.2501663322505237	0.16641142393529754	3.100059328205099E-5	
5.92624869513079E-7	9.139191773165777E-7	0.33335428663118044	0.1666700821241341	1.6442932306210067E-7	
0.2500252709234638	8.285342088823019E-6	9.332166967033396E-6	0.25000697230189417	3.5861373589589955E-6	
0.16668017060270116	0.08333677787666163	1.2952492579417121E-5	0.24998321821456249	7.787521682188783E-6	
0.08335896220050992	0.1666599337705074	1.1866615064440532E-5	0.24998408275636327	7.724970595785891E-6	
2.9242028451185447E-6	0.2500039444406043	2.0020338279077003E-5	0.24998231240026716	1.655811334112789E-5	
0.16666831689408945	2.293932222918495E-6	0.08333613884269234	0.25000909109209224	7.391121009989825E-6	
0.08333858460709555	0.08333624294123133	0.08333342314406407	0.2500111386884812	8.976140117768472E-7	
3.0640822895369414E-6	0.166663701497489	0.08332917993610212	0.2500093510514752	1.655535540438476E-5	
0.08333224357233054	3.480617572559662E-5	0.16666277297624615	0.24999017011732516	8.930237208979058E-7	
3.394829741516146E-5	0.08336450342925569	0.16663128926798543	0.2499900933736236	8.7891090081724E-7	
1.592580195497235E-5	1.7755958677165788E-5	0.24999793330705433	0.2499903620647057	1.4593711753489235E-7	
0.1666770294966675	1.818324716975305E-5	1.0500885123821664E-6	0.33332239355160165	1.4090472320235225E-6	
0.08334442429104962	0.08334218061989347	1.355700475292485E-5	0.3333185069107972	1.55795291378058E-6	
1.445224906105261E-5	0.16666188693467088	2.3965911745080406E-5	0.3333171315708316	2.9487611708509352E-6	
0.08335098254979166	2.3731525600859938E-5	0.08332423925963287	0.33331646458598607	3.0780139943757495E-6	
2.986500093613867E-5	0.08334549593735723	0.08332498032753645	0.33331887098934904	8.982284550662421E-7	
1.0600263590627429E-5	1.0826075753733398E-5	0.16667058717974864	0.3333279569538895	1.517496998559987E-6	
0.08333898417864909	1.1903427807149937E-4	6.693538412441351E-6	0.4165551366592121	1.6824726695266693E-6	
1.5795285402846277E-4	0.08334181782121979	5.0888325660403156E-5	0.4164524299426463	1.694827526254387E-5	
6.177407447919851E-6	6.3868800150211875E-6	0.083237942908809	0.4167629862583937	5.862663908984929E-6	
2.2089862574824378E-8	2.5196650275740093E-8	4.274181077803896E-6	0.5000198278823553	1.557549507620889E-6	
0.41668074108388103	1.4038959909854673E-7	1.0872434691950649E-6	1.2886572897631852E-6	0.0833370150693514	
0.3333219587993445	0.08335772618638757	1.2300472324031276E-6	1.4310747264066806E-6	0.08333676396445605	
0.2500155073648507	0.16666559653101895	9.976036722071423E-8	1.2215988592186125E-6	0.08333669496480019	
0.16666342384766547	0.25001617884905714	1.9246408044360576E-6	5.005782066049165E-9	0.08333708672475598	
0.08333977907992235	0.3333391517644543	1.4751472486306052E-6	9.960088893762725E-9	0.08333636844229378	
1.0249818286197953E-7	0.4166793685454972	1.0569603948235103E-7	5.394068261942395E-9	0.08334109268367025	
0.3333421942350589	1.0436090632558961E-7	0.08333748764908791	1.2081771791613422E-6	0.08333657879984531	
0.2499981013938312	0.08334752444284352	0.08333442204943348	1.2176605464010187E-6	0.08333578781411337	
0.16667592646676327	0.16666950747303566	0.08333721897141941	6.20420684760081E-9	0.08333704675089125	
0.08332995266469122	0.2500123810823153	0.08333752549609798	2.5365663021580326E-6	0.08333699115862422	
1.3097795981186763E-6	0.33333801039616984	0.0833367498280031	1.501873830460688E-6	0.08334038495122238	
0.2499998415665385	7.498211059430788E-7	0.16668083438285544	1.1731776244909555E-6	0.08333665507931463	
0.16666823737142986	0.08333726561101548	0.16667259920325345	1.1568501369171985E-6	0.08334114654281334	
0.08330558326515994	0.16668945353093295	0.16668040722803704	2.5138070284974583E-6	0.08334092259979357	
2.7933248534520395E-7	0.24999700964811858	0.16668420485751806	2.4391226850414403E-6	0.08333847363017563	
0.16667787061100578	3.6105315255882766E-6	0.25000258662385183	1.1688325720915443E-6	0.08333705996648305	
0.08334229180400028	0.08333919603740118	0.2500025958683915	1.1668015625855134E-6	0.08333703571124512	
9.02909923088739E-6	0.16667544824973765	0.24998983317485138	2.4193963919113213E-6	0.08334072476393067	
0.08335740352617903	2.3056424826901587E-5	0.33330103732876376	2.4758836736397016E-6	0.08333573457830631	
2.458768470390429E-5	0.08335626826689821	0.3333026202824866	1.408705355803016E-7	0.08333564193085319	
3.3768733909710236E-7	2.9565310288260034E-9	0.416681740676503	1.1737765867035165E-7	0.08333582110770474	
0.33334654348560194	1.950023757078436E-6	1.6631964077033762E-6	0.08333181279026454	0.083336688877304	
0.24997454149012632	0.08337420465431805	1.6053994229253885E-6	0.08333105255968831	0.08333654802662685	
0.1666776756415048	0.1666739067493713	1.556952492704304E-6	0.08333174721551984	0.08333724443525972	
0.08333057224797198	0.2500182440182582	1.1160946475364964E-6	0.08333091617651346	0.08333680077413222	
1.7291005680401973E-6	0.33334607722255255	1.3329448119229274E-8	0.08332985943023989	0.08334039805919696	
0.25000810470059354	7.057201844970041E-6	0.0833324703810928	0.08333001827676936	0.08334066406800208	
0.16667629427662448	0.0833383466595741	0.08333137665644377	0.08333094648064268	0.08334105930248452	
0.08336283562821953	0.16664404800620206	0.0833447946703792	0.08333104863033104	0.08333711475555865	
2.7028450758278213E-6	0.25002433715208894	0.08332348523250596	0.08333197999488735	0.08333708647605932	
0.16667429515819066	4.00236775587446E-7	0.16665666237640128	0.08334449944167807	0.08334551342181618	
0.08333095438135037	0.0833284327243423	0.16667968651503337	0.08334635385998873	0.0833360534859795	
9.803042862161205E-6	0.16668201753432016	0.1666715578040218	0.08332857949508214	0.08333975687778111	
0.08334818535242958	3.569242506830668E-6	0.24998537949763405	0.0833450994181844	0.08333657722630208	
1.5047740169157058E-5	0.08334193557678503	0.25000106127976257	0.0833272457003664	0.08333643755376877	
1.037319626977837E-9	1.5993768245428325E-7	0.3333365361157018	0.08334510039147215	0.08333574094431287	
0.25000676689624485	7.062888124113448E-6	7.323281828885329E-6	0.16666185039519832	0.08333703575457926	
0.16667735027943392	0.08333867133113276	5.289080178934222E-6	0.16666361004436422	0.08333688653532399	
0.08329674484319814	0.16669933720076452	3.9300412557130535E-8	0.16668656696849107	0.08333715713832718	
6.109983227293907E-6	0.25000531158014994	7.423540480644707E-6	0.16665755622037667	0.08334102738388655	
0.16665970635070743	1.7926467861149977E-7	0.08333548888481679	0.16668915431429382	0.08333736634563277	
0.08333884463467528	0.0833316721002472	0.08332542743045995	0.16668446788488564	0.08333785598028687	
9.624727957696968E-8	0.16667194957298578	0.08332620820489509	0.16668601730520563	0.08333853679080341	
0.08336392091243895	3.2966132278909573E-6	0.1666628949499697	0.16665372414336593	0.08333596461809194	
7.149938733327186E-7	0.08335511715592013	0.1666397979561113	0.16668220121716473	0.08334081397912156	
3.7589842544466436E-8	2.6693392303642195E-10	0.24999775856762596	0.1666856516620195	0.08333845982417482	
0.16667316172367458	1.997365827729699E-5	2.3635593921130385E-5	0.24995889160361526	0.08334582314446727	
0.08334050218644215	0.08333862486781549	4.417018325524135E-6	0.2499944116358022	0.08334049538271407	
5.232188097654565E-6	0.16667146595092747	4.838046908015241E-6	0.249996288937486	0.08334049511826014	
0.08336185715953616	2.024480595094537E-8	0.08331832911405015	0.25000134520083644	0.08333791504572688	
2.9372828560010505E-5	0.08333363026814593	0.08331934915805375	0.25000204081211735	0.08333829821033571	
6.600389037665854E-8	6.30897892151542E-8	0.16668218577897329	0.24999985941969013	0.08333809808441205	
0.08333329787286138	1.4584576338573586E-4	1.0084160557012739E-4	0.33314177261677447	0.08330470956890246	
7.733390085196029E-5	0.0833786029681761	1.2662949624769575E-4	0.33310508926693927	0.0833347302906337	
9.524758843269385E-5	9.524422621712347E-5	0.08327937683040741	0.3332452216177279	0.08330359555322049	
9.276869295024714E-7	8.925206229935475E-7	2.3759849725992178E-8	0.4166800143528004	0.08333699182017935	
0.3333438796944273	1.537298921543616E-5	7.8341770225744E-6	1.0934496600041652E-5	0.1666412955838036	
0.249953064891114	0.08336449386356794	8.080496327884653E-8	9.736736909528008E-7	0.16669821689484385	
0.16668358929899785	0.1666295526929678	1.5312618795547657E-6	1.967683940764076E-6	0.16671405440283885	
0.08332914730566003	0.2500139334577069	2.4870369060998605E-7	1.0614228605310725E-8	0.16667733749045766	
5.891484275987663E-7	0.333347833217902	6.685756800347983E-8	5.952747006050874E-8	0.16667805841350367	
0.24995861498786057	8.80198535478183E-6	0.08335592579781836	1.4726026120415697E-6	0.16669431950035069	
0.16664554561387693	0.08336248899901376	0.08331946356049404	1.467060334622726E-7	0.16669298859453344	
0.08330060303832278	0.16667842307009872	0.08336246163066688	4.835881655356944E-7	0.1666762937396717	
9.804008323990658E-6	0.2500014020017978	0.08333197735607986	6.150175754607529E-7	0.1666759003527315	
0.16664948576715682	5.576373539725317E-9	0.16668562935999756	9.81452575512936E-7	0.16669431643807348	
0.08335957395566793	0.08330220157965182	0.16668197941726565	2.1662197791246303E-6	0.16667767780915999	
1.8723106089398348E-7	0.16666695636380177	0.16668719387704176	8.918671613800184E-7	0.16668144751657565	
0.08335188254269214	2.3654002857770595E-6	0.24999285351836345	3.2821047527008755E-7	0.16667723176720758	
1.9425468502419206E-4	0.08343667994158577	0.2498481729958785	2.1494519934918726E-6	0.1665399403258864	
2.9050464628947114E-8	5.256949577733732E-9	0.33334070377533237	1.2168676816766252E-8	0.16667634388135255	
0.2500086486369119	1.4662735461009298E-5	5.858075556878135E-6	0.08334616384073662	0.16664320056978155	
0.1666774342235207	0.08333551385331074	5.062970146119629E-7	0.08333217303098137	0.16667528567572878	
0.08330086110381739	0.16670751213260487	6.3561928887977516E-6	0.08333267184570875	0.16667872204253373	
1.6457419832502926E-6	0.2500179582860844	7.385063130840275E-8	0.08333077264909179	0.16667926700753063	
0.16667444877940815	6.491525035083594E-6	0.08333282745123284	0.08333227953821165	0.16667540673058034	
0.08334091207017222	0.08333836265184427	0.0833311686820047	0.0833380203460312	0.16667522456205944	
2.7618235808357594E-5	0.16667648184136727	0.08334353049943272	0.08329955140660371	0.1666745475277785	
0.08335741481389937	2.8582223548234826E-5	0.16661786958551986	0.08332752272094048	0.1666928429426694	
3.854963814889444E-6	0.08330018637143995	0.16669648423127037	0.08332786644377474	0.16669180341911777	
1.7725039678912805E-5	1.603716866477488E-5	0.24997523083568976	0.08333648860830434	0.16667622334768173	
0.16667660781949512	9.894202071543731E-6	4.932363943154625E-6	0.16668741828762002	0.1666417348835962	
0.08334433716661517	0.08332661051921218	7.892835479717086E-7	0.16667365663355638	0.16667564959487477	
2.8264671471446512E-5	0.1666733382196412	3.9798285896345187E-5	0.16660102501315863	0.1666752153345179	
0.08335764952704483	3.490262491028038E-5	0.083347862830343	0.16664990691181877	0.16663124910682414	
5.071319043010601E-5	0.08336189936538721	0.08332786037107955	0.16664996482496475	0.1666313344678988	
1.6109102016463858E-7	1.6233167032778915E-7	0.16667283693048152	0.16667512891740277	0.16667808656578464	
0.08338301668456866	2.1628440886111734E-4	1.3279306906885328E-4	0.24977971138692842	0.16651002818463814	
8.806303205423281E-6	0.08334425646964275	2.2167651970023697E-5	0.2500135038024662	0.16663328158149168	
3.7176905660065883E-10	5.93486625828538E-7	0.08328687875232245	0.2501015348171301	0.16663030854963673	
4.0507570231143416E-7	1.3195673203957454E-9	4.1094139809463554E-7	0.3333475099358673	0.16667291668512463	
0.25001029225026095	1.460431466043475E-5	1.9242321233955643E-6	4.123483015585235E-6	0.24999059812086935	
0.16663375160997232	0.083388281762071	4.070042903703174E-6	1.997012004552623E-5	0.24997459638393948	
0.08331134151950115	0.16669832146715768	1.9671429856243265E-6	2.5626802611312242E-5	0.24999569131760602	
1.3704404377170251E-6	0.2500226240069746	6.88337416642526E-8	9.23029609981288E-7	0.25000620555730224	
0.16667690507987215	7.135095752666142E-6	0.08334753612560249	9.61449533519146E-7	0.24999178113845263	
0.08333439826507286	0.08334144959643544	0.0833300882736797	1.4019646631743528E-5	0.2500022656285809	
1.9379497284919676E-5	0.16667348826484335	0.08333861103323692	1.603571750718325E-5	0.24997544280157707	
0.08335054630792993	6.550733299283483E-5	0.16664673013706394	2.2671453665329316E-5	0.24994243839473443	
2.4032435122368047E-5	0.08337067507951805	0.1666323826188453	1.0671492863264918E-6	0.2499978809273493	
1.0642123546847919E-5	1.0941322503675096E-5	0.2500023698100287	2.545581171798976E-7	0.2500058156911299	
0.16667033498927933	7.122012630382706E-6	4.473297212413035E-6	0.08335039609655802	0.24999172457144883	
0.08336541322398679	0.08330423644019498	2.570433547981943E-6	0.08334726522782554	0.2500011326689564	
1.1085513750262343E-6	0.16667219103158679	1.6131369340909358E-7	0.08334775967992422	0.2500020821523226	
0.08334270659724859	4.919766384461957E-6	0.08333079161410742	0.0833449723500267	0.2500056017257463	
4.6186820115306074E-7	0.08332985562267162	0.0833542472382765	0.08335331154422405	0.24998501706918172	
6.525209857069643E-6	7.644880219505446E-6	0.16666299492204634	0.08334436659949382	0.25000315218032704	
0.08332090973410593	7.676863135510357E-5	2.1160745503242935E-6	0.16663698975836755	0.24998392640067904	
6.269964338654828E-5	0.08333599109169591	7.072169084433797E-6	0.16664924392078043	0.24998280648731186	
7.6258934491317055E-6	6.409170965720231E-6	0.0833512381573737	0.16665384011359946	0.2500008183877728	
8.265585538804828E-7	4.664162589076239E-9	9.628088416464396E-8	0.250016875607384	0.2500050433890849	
0.16665823498297377	5.748555042146182E-5	8.232414519605114E-6	3.16717113895614E-5	0.33326485840629483	
0.08336321753006005	0.08335593040055266	6.3180908444974285E-6	3.178906596435145E-5	0.3332681167915318	
4.775766767043283E-5	0.1666519009960786	2.8808518064434426E-6	5.8394994983965563E-5	0.33327546114941303	
0.08333544621328738	6.808961880162191E-8	0.0833542047463446	8.947416569097904E-6	0.33333284434769417	
2.3996150877176447E-5	0.08331100470786641	0.08334982490470777	1.5058905074085638E-5	0.3333243586711659	
6.256292507915362E-7	1.0023715526426397E-5	0.16667359413130645	1.4923668637037211E-5	0.3333229239481454	
0.08335389911895812	4.27511693987474E-6	9.551035126732556E-5	0.0833030065775607	0.33326701492001365	
3.857456582063495E-5	0.08335030925443605	6.576707301560963E-5	0.08330397113897445	0.33326445058747917	
7.577759391430584E-6	7.915889656311517E-6	0.08340849708586168	0.08327406912668174	0.33332720573127117	
8.944424342917148E-7	7.686935404081191E-7	1.4600356006291197E-6	0.16667454728659326	0.3333434357637572	
0.08334925538788907	3.9199973486562495E-5	5.50120585936986E-5	5.969213543009931E-6	0.41660179423252597	
3.2938400924963824E-5	0.08331115390372092	5.502381279136496E-5	7.534707248428509E-6	0.41661483845851166	
1.2172201948019636E-4	1.2131632118905749E-4	0.08339046367948301	1.4672284303044006E-4	0.41627605591068084	
2.9368328639233578E-5	3.3841694731797674E-5	2.127745137257578E-5	0.08332240676814877	0.4166158664115355	
2.0628163534413174E-8	1.0251138073723338E-6	2.7406199098423552E-8	6.877479800478928E-7	0.5000299000200054	
