0.5000261178846066	7.987900545353559E-6	5.018075219312647E-6	5.143341578113818E-7	4.86940703074186E-6	
0.4166673815043329	0.08334443784938549	1.631146691454206E-5	6.8603501373137286E-6	8.302805544863965E-6	
0.33332861663951746	0.16671455462455956	4.282344973027402E-6	6.86128463408663E-6	2.8492075905557616E-6	
0.2500185595710084	0.25003927105990364	1.2514738090707634E-7	3.751795780903936E-6	2.8992401357547145E-6	
0.16669112784635612	0.33337763083131505	9.251500340769859E-8	3.477073245116991E-8	5.084945506363171E-7	
0.0833783508817367	0.416662162692583	4.063342239842111E-6	6.250207237810512E-7	9.213333862076957E-7	
3.182900774201163E-6	0.500042253868898	2.2261650337725348E-6	5.864468548885682E-7	9.213390011243965E-7	
0.41670200243155836	2.0260233616705914E-6	0.08333703388192713	2.2162888170017133E-7	7.142276259510554E-8	
0.3333663760712971	0.08333387528212342	0.08333628238615805	8.632334680471353E-7	1.849100411071443E-6	
0.2500138461433597	0.16668983788729516	0.08335424102885883	1.04721321228855E-6	2.8480656194142967E-7	
0.1666876522597218	0.25001566680018633	0.08335417635597053	6.257244380100387E-7	3.0234196318223905E-6	
0.0833428992772633	0.33334591275934783	0.08335226016766639	4.096826338779429E-6	7.055246049960398E-7	
1.9151177871183647E-6	0.41671206877768757	0.0833500432129512	1.5732759447168476E-6	9.031051003041826E-7	
0.33336603781148105	1.2820756996884968E-6	0.16668365089307288	4.284823930723395E-7	2.3115102492008396E-6	
0.24998046439609278	0.08336432094949542	0.16670395631052679	1.4882906003983814E-6	1.8745142969516532E-6	
0.1666826137253187	0.16666145082672887	0.1666974072920546	8.12905659343491E-6	1.2535385862790876E-6	
0.08333461794543404	0.25001143089437783	0.16669578128379683	3.766015420804727E-6	3.1791769343990025E-6	
9.198832438810035E-7	0.3333494668448152	0.16669795051670366	6.305799533582265E-7	2.9519140588587233E-6	
0.25004058931800144	5.047612856101933E-6	0.24998784977858637	5.8020439778667225E-6	1.3323903602154027E-6	
0.16672899675910532	0.0833154394790341	0.24998749374262466	1.0953120725806313E-5	2.5094053301321724E-6	
0.0833537754281001	0.16670023466899578	0.249996876539265	8.766981004489809E-7	1.0549615866661034E-6	
6.974735614028653E-5	0.25001810502228744	0.24993515863401344	9.40851727130011E-6	1.72856821451419E-5	
0.16666349576133052	6.858265436195241E-8	0.3333793877566413	3.567468440833775E-7	1.660468889428855E-6	
0.08337171436226418	0.0833269615133056	0.3333398411858224	3.162913411395389E-6	7.028102501334996E-6	
2.473177369169518E-8	0.166665400264426	0.333385526257067	3.1084832039470184E-7	5.220294684089957E-6	
0.08335036912363994	1.038479936672314E-5	0.4166841933871267	1.9568174269404555E-6	1.5096098142333573E-6	
1.8627392331095142E-5	0.08336228596833017	0.41665949198772595	3.5704934975985225E-7	1.6575000795921643E-6	
1.230504389124014E-6	1.7321867508413986E-8	0.500049890030393	1.3364983120413041E-6	1.794263526233552E-6	
0.41669741875977717	2.9506302983683744E-6	3.123556464039777E-6	0.08333423912976816	5.1395192103561E-6	
0.33330786640540355	0.08341162447514967	5.034618290643579E-7	0.08333481155694986	1.3610476965446253E-5	
0.2500172527039727	0.1666804057641442	3.4037724997047185E-6	0.08333236462560345	1.0849425657375582E-5	
0.16668730301904575	0.2500151438825562	1.8052704061195853E-6	0.0833305604430043	6.764962368567074E-6	
0.08334900039529926	0.3333640607885636	2.5350285286445007E-7	0.08333481860835851	5.067260032283753E-7	
1.6865204884431923E-6	0.4166701528990266	2.5986417823777353E-6	0.08337733076986616	2.047235853181402E-7	
0.33335734277800133	9.621649625279838E-8	0.08334825760990473	0.0833347262827419	1.2973455909622075E-6	
0.25001409345348485	0.08336060764618301	0.08335396729243552	0.08333658020245527	3.08953939294871E-6	
0.1666714767214796	0.1666835942352384	0.08334911116287262	0.08333417006100426	3.393912209911357E-6	
0.08336669246940802	0.24999543247869485	0.0833506609748152	0.08333214323621031	3.1792873869749336E-6	
8.65977958224062E-6	0.3333576147655196	0.08335176544238755	0.08333697881648952	1.5060523978580182E-7	
0.25003566697775237	2.224539581857259E-6	0.16666296030361757	0.08333447781888534	6.208829715817104E-6	
0.16671108596864642	0.08334491161930975	0.16667524027484984	0.08333707674167612	1.6257742953094533E-6	
0.08334412323202939	0.16668667957638167	0.16667064176298624	0.08334606356040394	1.8840163480798628E-6	
8.451212014171541E-6	0.250042160802231	0.16668196526348225	0.08333707835409435	3.1289892526441136E-7	
0.16668578229226874	2.5388280127678114E-6	0.25002268085226426	0.08334755006656494	3.440607529804957E-7	
0.08339331405223183	0.08335338334826572	0.24995880082867192	0.08333178954866137	6.9645525470615904E-6	
1.030352564967866E-5	0.16667160981530038	0.25002082503854284	0.0833523735459497	4.225135333370771E-6	
0.08333824265727752	1.2701102892234073E-6	0.3333536486728512	0.08334390503021191	2.3899591380732E-6	
1.1760277726478867E-4	0.08342764084653886	0.33316371638230413	0.08333283166619097	1.3032628488677525E-7	
2.2898400966858123E-6	2.2282745441123965E-6	0.4166932162683323	0.08334481967658793	1.3669815985903535E-6	
0.3333623234573764	5.118152433135229E-6	1.0875053429637703E-5	0.16665684928713767	4.822741980671318E-6	
0.2500296065619391	0.08333674097892321	4.402619890404245E-6	0.16667439545246832	2.1604124978301283E-6	
0.16666172002802768	0.16671494268673034	1.2114430669478588E-7	0.16667747942869576	2.332214035695578E-6	
0.08334022718022523	0.2500269868477623	6.549814880397022E-6	0.16667676842212892	9.670175548575277E-8	
1.6509646159683346E-6	0.33336828640305566	2.848355857777591E-6	0.16667663181431708	3.5808542107349526E-7	
0.2500023151554289	7.787576883722226E-6	0.08339947444986513	0.16663445805486632	2.162012404034107E-6	
0.16672271625111212	0.08331169573467802	0.08334457026896022	0.16666788149391457	6.145923453631979E-6	
0.083349815051719	0.16669273962907302	0.08334577292578499	0.166672564896682	2.475507224374138E-6	
1.077310430686677E-5	0.25002167387324564	0.08334557299994069	0.16667897115737718	1.1863906664734621E-5	
0.16668338111366904	5.2824239256176275E-6	0.16668660483920844	0.16667071700036562	2.1693272033169706E-7	
0.08334326230047293	0.08334487335395682	0.16668606682960807	0.16667018760635055	2.0997592704491808E-6	
1.2545155834925638E-5	0.16669822605645854	0.16665650916035982	0.1666686499549456	6.155906054766432E-6	
0.08335055194942513	5.2414072532134585E-6	0.25001435597472504	0.16666822378390855	1.1191108883729616E-6	
1.796258869852833E-5	0.08335722834019117	0.2499961572098133	0.1666688230398333	5.56530162238911E-6	
1.999408997148384E-7	2.9895954523677103E-7	0.3333698710445303	0.16666827030282338	1.0725298899427384E-6	
0.25003455494000965	1.7612662585077069E-6	8.089678131979678E-6	0.2500241366727801	8.900888079639722E-7	
0.16670043395949835	0.08330056782883288	2.4087299263539683E-9	0.2500319331111522	5.508615386845846E-6	
0.08341344163728384	0.16662969162875105	2.1230120599101596E-5	0.2500003320435807	6.086726765438897E-6	
2.2614313570474776E-5	0.2500321693541076	8.045821414504122E-6	0.24999792634810872	6.244804766548074E-6	
0.16668194575219317	1.8798933065945873E-7	0.08335213011498892	0.25001018144327114	2.677918077271353E-6	
0.08331706319242431	0.08333108652348606	0.08336796715775237	0.25002964970576547	6.08854063629915E-6	
4.397842332034548E-6	0.16666911899757797	0.08338065740102295	0.2499896023801895	1.941352595455935E-6	
0.08335577628951886	1.3409572296345405E-5	0.16664262817886846	0.2500593463450865	3.000603490521135E-6	
4.245452578674675E-5	0.08336560247250895	0.16672025695803877	0.24992166917214095	3.145633803082482E-6	
5.6614755349283945E-5	5.071894653427961E-5	0.24999864222946752	0.24992299727618875	1.803589724678708E-5	
0.16666503993488552	1.8755815314504067E-7	4.158565854678903E-8	0.33338522147514743	1.2204205467384895E-6	
0.08333113886516165	0.08333244935663212	6.00078971671323E-8	0.33338197924533	1.0134886773814303E-5	
5.643741809928298E-6	0.16667149808697207	1.6124893611275726E-5	0.3333421038765576	5.730444284677903E-6	
0.08335410050665279	9.597196464671015E-5	0.08338313257145934	0.3331947243067956	1.848037730710972E-5	
4.632443509138332E-8	0.0833410669159503	0.08335084414084272	0.33333944981636315	1.0022758230405262E-5	
8.207162655331969E-6	7.223931444469724E-6	0.1666822795783259	0.3333451341300793	2.183048675966236E-6	
0.0833346875172843	5.7130166622562377E-5	7.771296651874126E-6	0.4166531247590538	1.27573225841532E-6	
3.4133639045296986E-5	0.08334638249424663	4.4686892687558823E-7	0.4166578447084204	5.778144146763792E-6	
1.6635831497367995E-6	2.9308483292553456E-5	0.08335109374484984	0.4166632730259617	4.5027662456088067E-7	
5.152599622350174E-7	5.152057325889516E-7	3.526269958837731E-9	0.5000557900326416	4.727610207726679E-7	
0.4166935912791527	1.3598272712069528E-6	6.446982950643381E-8	1.030512405310904E-7	0.08334845607843842	
0.33328111598802995	0.08340504737922373	1.0149852880210624E-5	6.051336576774706E-6	0.08334995851876163	
0.24997889594434775	0.1667175644528448	8.872199571696451E-8	7.86858829997615E-7	0.08334908996329529	
0.16667917297451024	0.2500269126308507	8.906660267985392E-8	1.6534385113265283E-8	0.08335088815169135	
0.08334622058112805	0.33335870372580567	2.403099272778745E-7	1.2689820539264567E-7	0.08335071626090616	
1.2365983392259515E-6	0.4166978510233881	1.917918035865196E-7	3.298622160921052E-8	0.0833487513134791	
0.3333476905712809	2.3916855735217956E-6	0.08334675417751758	8.560851247126417E-8	0.08334674723064614	
0.24999877184696945	0.08335183464342956	0.08334770103132251	3.0383517371617246E-6	0.08334931870449656	
0.16668004916584603	0.16669366371241565	0.08332237509586815	3.0828243009494973E-6	0.08334934967920493	
0.08333492859026223	0.25001139028758745	0.08334754394574097	7.646985932321035E-7	0.0833514769213235	
1.0362660037741478E-6	0.33335704912778064	0.08333801504829402	2.820910096010813E-7	0.08334899551862816	
0.25002759145039377	1.948321041887875E-5	0.16666419574063707	6.977705399038815E-7	0.08332927760609224	
0.16668641478941834	0.08333173066447644	0.16667843487002018	1.5672931992031573E-6	0.0833525174281117	
0.08333974307394981	0.1666778705638504	0.1666762920429047	1.9360432480107358E-7	0.08335180901577553	
6.60839797584585E-7	0.25002055546077084	0.1666779502983167	1.46037303850986E-6	0.08334871939489132	
0.16668134108491187	3.6032805173756307E-7	0.25001848324855364	8.087909361481577E-7	0.08334872937984261	
0.08332761428414764	0.0833540287728291	0.2500183956488873	4.737801739156795E-7	0.08334864822795057	
4.3401080046790396E-7	0.1666794230283265	0.25001795532909377	1.5197445892385451E-6	0.08335364369843888	
0.0833462070841897	6.591699910129468E-6	0.3333391687296413	3.950810551328729E-7	0.0833464531353005	
2.344190967163065E-7	0.08333914531479372	0.33335314661810095	2.566915301112996E-7	0.08334661528871962	
2.1026277312492055E-8	8.365130871861213E-7	0.4166866951436338	7.560283339846829E-7	0.08335190772098536	
0.3333622578770266	2.2932477695944116E-6	2.4628732085989272E-6	0.08332881499887532	0.08334802812061316	
0.2500086630911483	0.08335494359271148	2.7118004783293233E-6	0.08332752937392623	0.08334770428102058	
0.1666712679284756	0.1666942546489088	1.4967710171366902E-6	0.08332821517296284	0.08334918768970072	
0.08333709136295145	0.25001709431364816	1.4783403168702226E-7	0.08334302411900077	0.08335176235236091	
1.5555063675481674E-6	0.33335096907078604	7.3043329096383905E-6	0.0833445824468593	0.0833501592467578	
0.2500377145955848	1.2536184174789379E-5	0.08332197198358578	0.08333334782871801	0.08334847524862832	
0.16666513955463738	0.08335835262146778	0.08334213719996071	0.08333207359504197	0.08334849694638384	
0.08333967830740942	0.16667193375757097	0.08333848897432836	0.08335431393341207	0.08334347284530125	
7.016212105209958E-7	0.25001569541546614	0.08334016464088127	0.08333959209084675	0.08334894270765984	
0.16668451025938966	1.845238459259292E-8	0.16668931970843084	0.08332930571444175	0.0833496910319513	
0.08332506589228812	0.08333871819643948	0.1666855495664446	0.08335153008352753	0.08334805040470264	
1.3655101358219004E-5	0.1667062734114885	0.16666694559338938	0.0833215952819629	0.0833442603310142	
0.08334854099210501	2.5539907677684703E-5	0.24999284714669254	0.08332915199658186	0.08334701074752313	
1.6887038181517816E-5	0.08336048690980669	0.2500027145723096	0.08333242523829941	0.08332749968116433	
3.534768615221965E-7	3.2195362565649473E-6	0.3333567844458894	0.08332727820762308	0.08335203207241854	
0.2500131486644329	6.250042104692723E-9	3.1947888951981315E-7	0.1666893431983429	0.08334774265699146	
0.16670037168573182	0.08330707854804031	3.5781967628514316E-7	0.16668559295267307	0.0833500695352673	
0.083330094198379	0.16665276636225207	8.611413897898641E-8	0.16671757616646787	0.08334990380113493	
2.0680288889140704E-9	0.24998350903186178	4.191118110980487E-8	0.1667179779504227	0.08334998039439738	
0.16667558313529102	2.481313395631925E-7	0.08334647781732915	0.1666969765932731	0.08335098853548283	
0.08333189673493288	0.0833165055109045	0.08333526736603498	0.1667147911616417	0.08335135535872747	
2.1603640978594676E-6	0.16664808584090732	0.08333618726294152	0.16671647464270156	0.08334968233503894	
0.08331870488432407	8.918772201658439E-7	0.16666321566008588	0.16671422205792572	0.08334890860520301	
6.574302219301415E-8	0.08332581708206957	0.16665169838629443	0.16671306929821766	0.08335173828393805	
3.404339186219824E-7	7.668399497712552E-11	0.24998000164260267	0.16671494092327277	0.08334792790253912	
0.16667338415723246	3.145892412243278E-5	1.1108911741686223E-5	0.24998695672764187	0.08334978141706992	
0.08333621718846283	0.08333841055524639	4.542868950196269E-6	0.2500171897968074	0.08334849099250337	
1.5199218674590703E-5	0.16668255490367875	1.6266089883743223E-5	0.24998736446875833	0.08334749590764792	
0.08334168151265756	9.415172357905604E-7	0.08334108427849338	0.2500161782579172	0.08334920895121407	
1.09882959692967E-7	0.08335599775519083	0.08332520571099161	0.25001308923733656	0.08334809885357758	
1.3942713267082953E-5	1.299973085928937E-5	0.16668573959461908	0.24998706289275288	0.08334885377689255	
0.08335825374787871	5.955733876115794E-5	6.272204927489178E-5	0.33321886843152393	0.08335118628064957	
7.965103574383922E-5	0.08337092997908602	4.697028169591641E-5	0.3332048016977832	0.08334948490646292	
6.188393327234043E-5	6.182306241219554E-5	0.08335715733592093	0.333221670293487	0.08334772592938143	
7.95593435871301E-7	5.947708727626821E-7	9.766365742432483E-9	0.4166980619454017	0.08334887346731391	
0.33335771089884714	2.779359032735305E-7	2.4619577960270027E-6	1.5788526996340036E-7	0.16667844587475325	
0.2499417981513417	0.08343095625353207	2.191939863506795E-5	3.142820718068593E-6	0.16664676741601053	
0.16668114364461487	0.16669786104031528	1.5534044572757209E-6	8.516547034223562E-7	0.16668950701077762	
0.08333822131568133	0.25002223334883056	1.2496638591845835E-6	5.844707853588605E-7	0.1666804410541437	
1.5878288753690138E-6	0.3333632362603713	1.8913952880327903E-7	1.0201298819474704E-6	0.16668328512614972	
0.24999456428544278	1.816286981534174E-5	0.083345005787813	6.1090770490035225E-6	0.16668048572819627	
0.16672058698084727	0.08335418366379152	0.08332176914637669	9.057959686978098E-6	0.1666586425656529	
0.08334234676038534	0.16667919741644313	0.08334249048219478	1.6883172135061512E-6	0.16667906363569338	
1.1202006743955087E-6	0.25002923708964087	0.08334547476969056	2.551167998429313E-6	0.16668306866774557	
0.16668207947731598	1.101863514334133E-5	0.16667357751418188	3.8768535397294707E-7	0.16668198954844504	
0.08332759326805841	0.08333585187732669	0.16669755843423703	3.4815505585034563E-6	0.16668724499666815	
6.382626668619976E-6	0.1666728501019433	0.16671333862146967	1.9508760716084035E-5	0.16663971015088153	
0.0833506626244437	2.5692036043898637E-5	0.24999964131387034	2.904171337733038E-5	0.16663620885666694	
1.6652566814251784E-5	0.08336329284132181	0.25001040320428747	1.9691410516508382E-5	0.16663870497412095	
5.348428393573135E-7	5.50535312013387E-7	0.33335814112046064	6.069448589662088E-7	0.1666790957388512	
0.2500206066132576	6.412942098734031E-8	1.2783945486038403E-6	0.08334191055459667	0.1666811715716054	
0.16668916931026137	0.08333306211356138	3.0248606293361873E-7	0.083342092211661	0.1666848939768752	
0.0834133110573383	0.16662533443141228	4.566163963258543E-6	0.0833493780291635	0.16665368940997025	
8.626780591136712E-6	0.2500371571641675	3.898910088920237E-6	0.08331889962040646	0.16668133816072656	
0.1666804797375332	1.8187898525912536E-7	0.0833412349040194	0.08334188004465616	0.16668454646340677	
0.08334362029052553	0.08333764608974531	0.08334137456528211	0.08334368870337037	0.16668021361511953	
4.369613090704216E-7	0.16667272261535973	0.08334833991257219	0.08334330707428733	0.1666810994691358	
0.08333180582625258	1.0009062410268592E-7	0.1666919594532711	0.08334447790160689	0.16668677988686081	
1.8932741821341093E-6	0.08334129305422733	0.16668637547957701	0.0833459956407583	0.1666864936007983	
1.7665965285682117E-8	2.1336828999446816E-7	0.2500183910008248	0.08334234635601497	0.16667966189648378	
0.16666940888216533	3.549013283387393E-5	4.005561721160212E-5	0.16664241104586844	0.16666337094784356	
0.08334187310897163	0.08333602579259565	1.5075347795619253E-5	0.16667204205478564	0.16667953843792502	
3.9509215373170195E-7	0.16666015611470195	2.7769832834278803E-6	0.16668770130475646	0.1666998462817182	
0.08335408362601492	2.0640191564371289E-7	0.08335107045131172	0.16668458170849643	0.16666070192911706	
6.933015628106951E-6	0.0833556186241825	0.08333241145715554	0.16667416556481982	0.16668319000752205	
1.2133009477982697E-6	9.532908516540575E-7	0.16668875232604766	0.16667020477740827	0.16668183770003034	
0.0833951496087039	1.0376817508753047E-4	7.914365402406602E-5	0.24981086243399503	0.16666000297316497	
1.1912179118022721E-4	0.08340670869867478	7.924545376119743E-5	0.24989162928612416	0.1665529516777789	
8.575236293784108E-5	7.96608896825105E-5	0.08342928418734155	0.2498775655158772	0.16660448332469158	
1.0598736851793424E-5	7.784113646908096E-6	8.949046128652796E-6	0.33336153326817175	0.1666569059290493	
0.2500266768911277	1.8524143134977745E-5	1.642265026065834E-5	2.359100901011077E-6	0.2500051439454041	
0.16669706071472584	0.08334243407339176	7.006326633376435E-6	6.876078114579816E-6	0.2499945184574692	
0.08334221464864298	0.16667897857114644	6.962413800627855E-6	3.428863584286109E-5	0.24999116566909996	
1.1005070783020633E-6	0.25003216770067505	9.397801468820076E-7	1.8637985091490294E-6	0.25005021597137406	
0.1666849741210301	1.2298592330719693E-6	0.08334506011788925	9.618045923791705E-6	0.24999914353314082	
0.08334101354322199	0.083347954067799	0.08334643094077109	9.781091012067859E-6	0.2500030097633502	
1.3478304471653741E-5	0.16667620280926662	0.08335398781521679	9.935732834146208E-6	0.24999419428359032	
0.08348507718839761	1.0886740231132072E-4	0.16660193384188832	4.270177256441151E-5	0.2498085731588073	
8.957952439432189E-6	0.0835088972499795	0.16653192729266156	3.0252235476112844E-6	0.24999539799168427	
3.0084131737456642E-5	3.019606777751202E-5	0.25000086938541327	2.3218867882017257E-6	0.24999127438004654	
0.16668127059235155	2.6578566605727535E-5	8.901019759805464E-6	0.08333888533544412	0.25000247925163843	
0.08332755981522284	0.08333532217444754	4.596522438874257E-6	0.08334914915199286	0.2500319029989861	
1.3863425933636444E-5	0.1666809300516562	2.9383170891406447E-6	0.08336427854360544	0.2499926848178531	
0.083344745663859	1.777543271082192E-5	0.08335291135669491	0.08333828616119984	0.24999409282056873	
6.93544318883909E-6	0.08334303310239177	0.0833405136067422	0.0833606530289462	0.25000915614319724	
2.011935896523102E-5	2.0109841552577932E-5	0.16667998837204756	0.08333907590727076	0.24999947028734948	
0.08334468787066948	1.7781138401607074E-5	6.447467236438611E-6	0.16668420643497697	0.24999355214116076	
2.249886345183428E-5	0.08338075932542054	4.64585095849112E-5	0.1666422785420979	0.24996709698580138	
4.386407299650875E-5	4.070121966030957E-5	0.08336758274060499	0.16663680653129906	0.24996252177307607	
3.575920213619148E-5	3.316580950222753E-5	3.647977764178216E-5	0.24998146784466144	0.24996076351068722	
0.16668946104156396	2.2018313504230475E-6	4.5221036864760405E-6	1.0592363400779809E-6	0.3333633728777837	
0.08333757359102	0.08334504415410096	8.774853573617053E-8	1.0724538604664223E-6	0.33337210480046753	
5.400484151004883E-6	0.16668277556504021	4.521983652213751E-6	1.9932390966943898E-6	0.33335324047103454	
0.08335035949639712	2.7716325235979577E-5	0.08337044267359231	1.0556827229059177E-6	0.3333231584823018	
3.0052922697833303E-5	0.08333363851006563	0.08333085459828439	1.284990204252079E-6	0.3333542939300486	
2.0329160343985574E-5	2.0392457444535465E-5	0.16669434733904212	9.87363221322665E-6	0.3333140528498902	
0.08336051467530221	1.785346083404517E-5	2.903271599615195E-5	0.0833411060123343	0.3333154335716347	
3.3730873375371804E-5	0.08334372269344383	2.456002631217125E-6	0.08331363657681339	0.33334967492969886	
3.0295571461257584E-5	3.0301201650951325E-5	0.08334419418893801	0.08333806263672539	0.3333000825064734	
4.565431585311238E-5	4.3593013182087225E-5	4.7214516610041366E-5	0.16666329602154345	0.3332782046814948	
0.08329039432131605	1.8491052636961322E-4	1.402748909570535E-4	5.466605454624939E-4	0.415881433346429	
2.8001961367289163E-5	0.08346870440111755	1.403256309505271E-4	5.268233816379077E-4	0.4158894141979904	
2.959738518733309E-5	2.980674377550265E-5	0.08335519114983715	4.3058039412737675E-5	0.4165922918830954	
1.563477070789882E-5	3.043336951858515E-5	1.4484288619858623E-5	0.08340143227166673	0.4165854298332528	
4.6257206512280164E-7	3.291253216714253E-7	9.024885912708321E-7	1.7852971339301262E-6	0.5000490630744373	
