0.5000215145018505	1.6680919424155664E-6	2.687839314131451E-6	1.7413734176709113E-6	6.166843533808206E-7	
0.4167183456730427	0.08327769677320394	1.065406956598141E-5	7.253513256761582E-6	3.6854561804665673E-6	
0.33339549766373194	0.16661526245652974	2.4218270261038118E-6	1.6680180343152E-6	1.0250906192485408E-5	
0.2500048440494743	0.2500397312369378	1.0530900034824085E-6	1.7198590326704586E-6	4.391900016648841E-6	
0.16650916009850814	0.33346388434184393	8.938485462544155E-6	4.562430386761239E-7	3.920653966121423E-5	
0.083317034009158	0.4169662776099028	2.1522301878961825E-5	1.89627142030475E-5	6.939032376915165E-6	
1.9785363888002753E-7	0.5000172641736282	1.0927295840792604E-6	2.5160684341098483E-6	2.942319935778686E-7	
0.41663214759319467	1.0313711230851465E-6	0.08338176235771079	7.334271369917751E-6	2.4151025782782785E-6	
0.33324287236170774	0.08338589115257564	0.08338044327825483	6.2397919207316386E-6	1.0214070564105305E-5	
0.24997409491864708	0.16672702920962673	0.08330302943845444	1.473146470937512E-7	3.2255468607981083E-6	
0.1666594117355842	0.25002600199898894	0.08331336552588711	2.3417898066199687E-6	7.06416659298872E-6	
0.08333761705105906	0.33334242427608085	0.08333389479752362	1.677069961274744E-6	8.130096831116939E-7	
3.9546372992832445E-6	0.41667382408885856	0.08333325106475185	4.496185219219362E-7	3.890218938345469E-6	
0.33330738471348514	1.528903285678387E-6	0.16670312721696912	9.805842459862602E-6	4.266910648605922E-6	
0.24995297693993754	0.08335599984435059	0.1667031534747275	8.316044790043319E-6	3.928805680732066E-6	
0.16665856451446573	0.16665909693133724	0.1666929848018429	1.9018162358084587E-6	3.640739926957808E-6	
0.08332900643872809	0.24999309963706087	0.16669310898791329	8.326900623973094E-6	2.5737989589177175E-6	
2.744229200488101E-7	0.3333270340583904	0.1666956287568536	1.2430647437364652E-6	2.249869010009489E-6	
0.2500493526246859	2.5811568992710353E-6	0.24995692101308128	8.826504898647476E-6	6.648002252487719E-6	
0.1666384251932178	0.08338772177617922	0.25000112099876787	1.9118847650986083E-7	3.842049518984408E-6	
0.08333516290621039	0.166710399795093	0.2499541540855693	9.071835756399137E-6	7.281232239943956E-6	
2.3669859290863633E-5	0.25002303025472045	0.24995480250403168	9.122181417652317E-6	7.513534662856648E-6	
0.16668541050713545	8.132022338342602E-5	0.33324678547994546	8.262663107300255E-6	2.511083762808732E-6	
0.08332820772196241	0.08332764903388477	0.33335341053896944	8.304996579017679E-6	6.841036667054258E-7	
4.725951842946809E-6	0.16667538751770883	0.3333384039586574	7.881513077205836E-6	2.439062387627263E-6	
0.08328415741312688	5.530240162236543E-8	0.41672571782282614	8.302114092324475E-6	4.341061207000291E-6	
7.750408077126143E-5	0.08342144473360048	0.41652767376093564	1.8351422079060753E-5	2.582049625052026E-6	
6.223214394673826E-6	8.70919426528865E-6	0.5000129883450409	1.760449228448954E-6	2.4411151650421438E-6	
0.41668049033640125	1.4997671290341688E-6	2.087002752991393E-6	0.08333700124701336	1.3188410246745096E-6	
0.333284387788359	0.0833960573926538	3.209897199744666E-6	0.08333690049314628	3.671802525984706E-6	
0.25001028102815265	0.16666712170131553	2.2271787414277227E-6	0.08333607821058708	1.0583292999070806E-6	
0.16665193192270233	0.25002332278955425	4.676437024742443E-6	0.08333495306964281	4.385530383166424E-6	
0.08333610231101672	0.33333842121373763	7.336478089292614E-6	0.08333385495067595	1.080472996672446E-6	
7.255760629800339E-7	0.416705114559729	2.8896228101750254E-7	0.08334180374523649	6.003125847773123E-7	
0.3333503500573621	6.8789633282016045E-6	0.08332096071772054	0.08333689369101231	2.3400413763390455E-6	
0.2500175937471211	0.08334805416091641	0.0833238894010044	0.08333874359487156	1.0865713381399655E-6	
0.16670223820338972	0.16672741056985804	0.08324867434578183	0.08333615187502459	2.4942788215764116E-6	
0.08333039254384987	0.24999782098303008	0.08334994357247134	0.08333449512557115	2.5549175117256124E-6	
1.3832953810796484E-8	0.3333332666863075	0.08335122955758621	0.0833357657813302	2.5624321033589953E-6	
0.24999446463875621	2.3645196624617765E-6	0.16668558600025682	0.08333667251318663	4.333784467806646E-6	
0.16667176995454652	0.08334008284508164	0.16667347855598977	0.08333790278542834	7.058292708969813E-7	
0.08332437808993232	0.16668456900739065	0.1666697664716922	0.08333623000308783	2.402091558005749E-6	
1.1039329062398819E-5	0.24996090926002826	0.16670854863205875	0.08333658670350061	4.0777042014430116E-7	
0.16666392416111817	1.9305432924146996E-6	0.25001518069793927	0.08335444028427781	8.459444084847396E-7	
0.0833298282621633	0.08333020226295772	0.2500060811370142	0.08335101862932254	1.4815549617755988E-6	
4.6409196650873304E-8	0.16666042928931665	0.2500055500141792	0.0833509857153305	1.1811820176877991E-6	
0.08333637462779916	6.680814152099695E-6	0.3333408063692752	0.08333705594149336	4.083538957141894E-8	
8.566453980847709E-7	0.08334307637327255	0.3333443085775896	0.08333793225741325	4.237995484749852E-8	
4.02303179004801E-8	4.016389220450608E-8	0.4166685247776898	0.08337233461078215	9.072269976002837E-7	
0.3333557346908597	1.2863961966734414E-5	7.624792480621508E-6	0.16664890419440953	2.1567319829276326E-7	
0.25001066356550156	0.0833450157204708	1.830120382266539E-5	0.16664784732202267	5.890690227373175E-7	
0.1666722372058355	0.16669692812713896	2.4892437066351123E-6	0.16664725591474785	3.855904272957582E-6	
0.08334875714039088	0.25001408599193076	5.869513001643181E-6	0.1666457852593605	1.0759983278557895E-6	
1.5794217417120398E-5	0.33336191807155036	3.738598508831527E-7	0.1666496462291281	8.450292496578868E-7	
0.2500175859047776	1.269650158852731E-6	0.08335401620361252	0.16664187714999418	6.8180864023396285E-6	
0.16668176401704213	0.08334526546166152	0.08334465237977137	0.16664630583909798	1.756237491635296E-6	
0.08328231968066938	0.16674912387099686	0.08334641234665566	0.16664935465724845	9.965142651184998E-7	
2.9474503782526132E-5	0.25001947617123343	0.08331967843360287	0.1666457565451741	1.061939456084817E-6	
0.16671893552191225	2.075969045630842E-6	0.16665519951157678	0.16664861867922343	4.085037394234395E-6	
0.08334714997785413	0.08336818884608323	0.1666546043791115	0.16664542541775768	1.7528013845624018E-6	
4.7308372194475417E-5	0.16666739254144944	0.16665398161292533	0.16664479265756268	2.5472646135830784E-6	
0.08337920368735803	4.929873637889031E-5	0.24995491797571281	0.16661725705704983	1.9013127552588896E-5	
2.4900616765038827E-5	0.08334283737470388	0.250018736697261	0.1666187835195881	1.4422339273593518E-5	
2.9361488894476774E-5	3.096612682117133E-5	0.33330083448858944	0.16664736346258738	1.4510577921509126E-5	
0.24999075898791476	2.4987345779605517E-6	4.501194441556009E-6	0.25004254228501355	5.476472059119423E-6	
0.1666892485379608	0.08330200173736185	2.4730957285038685E-8	0.25003181539507635	5.443852803205992E-6	
0.08338891406822443	0.16666437904541576	1.6426827198935917E-5	0.24997970514117981	3.880010720908942E-6	
1.8241333259565035E-5	0.2500039359081167	2.2344348745393375E-6	0.25000394850191465	1.459463346121409E-6	
0.16668419585345362	2.3833489841270985E-6	0.08334660749798461	0.24999870554104528	4.390261800902836E-6	
0.08333428849990206	0.08335580016901802	0.08334913637030336	0.24999267380511445	4.296228556603387E-6	
7.509137396853149E-5	0.166662688385727	0.0833323200206881	0.249962458249365	3.8647527302830006E-6	
0.08336906066666105	2.5051455293856677E-5	0.16668152238682138	0.24996286923511996	2.767285815496174E-7	
4.767791682774942E-5	0.08337133163349608	0.16665292094900053	0.24994531549171312	5.598917416360578E-6	
2.408015206837877E-6	3.0435031314711847E-6	0.2500246155949169	0.24998701405675997	1.4998697138851653E-6	
0.16667120896966187	2.7146792308509227E-5	2.5953403887201282E-5	0.3332996915546582	6.118939494754097E-6	
0.08334105774971262	0.08335320739289914	1.4578345842455256E-5	0.33331245933802445	6.912793228624828E-6	
9.090395116039937E-6	0.16668836652450422	3.050432996553708E-5	0.33331176470579615	5.857915784711503E-6	
0.08334933936903868	2.5153178294535356E-5	0.08334399895525234	0.333294918066369	5.490159316747718E-6	
1.0439698946344974E-5	0.08336608232187732	0.0833435317958585	0.3332980413632759	5.036650837732653E-7	
3.6617579961507637E-5	8.36359185047964E-7	0.16669861846289094	0.3332720598181945	1.149841715031811E-5	
0.08333989290953461	1.304874664512086E-5	1.8831208953360486E-6	0.4166715846716903	3.4289283369905265E-6	
5.797184150947411E-6	0.08335574781253795	3.120492411427828E-5	0.41661594837579635	2.1295627189524578E-5	
5.982021795662341E-7	1.2882453769165646E-4	0.08327981471955094	0.41661945409632434	1.3545138973013973E-5	
1.496055990014741E-6	2.601673116541319E-6	1.0812137422084366E-7	0.5000282702357136	4.150068104016574E-7	
0.4166859236658748	7.352095058305089E-7	2.215638465139833E-6	3.2700230676723355E-7	0.08333425956341542	
0.3332808484380516	0.08339512381276393	7.979922295085723E-6	6.086722936984926E-6	0.08333565374796471	
0.25005290528938273	0.1666255736007277	2.1616593416293385E-6	3.0466798199669093E-7	0.08334091548328224	
0.16665268098054964	0.2500183376487539	8.196121315711457E-6	4.538244689521786E-6	0.083333352658962	
0.0833388604038467	0.33334739746983244	6.561818508500611E-7	1.381609314332776E-6	0.0833341073907885	
1.2118112626739619E-6	0.4166900924647714	4.0250340509272584E-7	7.439381731122589E-7	0.08333487416376752	
0.33335371180959683	9.110146222946216E-6	0.08332316333187433	2.7930356207815237E-7	0.08334157740842735	
0.2500138726641445	0.08334599477290909	0.08332244691984132	1.6052648880514738E-6	0.08334178526727876	
0.16667622508559313	0.16669943858406347	0.08332638245432203	1.407188947062088E-6	0.08334513541300587	
0.08333174194665419	0.25000192047071396	0.0833492571055986	1.3774702124807722E-6	0.0833372306805977	
1.710960461038731E-7	0.3333341943068811	0.08334782122380918	1.006730441815945E-6	0.08333329055110462	
0.2500081637199544	2.1149868427098593E-6	0.16667166877861436	3.83337734378508E-7	0.08333370843997184	
0.16667011899296041	0.08333925732316506	0.16667105203660157	3.7562325865105333E-7	0.08333590958446102	
0.08333408228652145	0.16667776304186815	0.1666715475700517	4.511098369551098E-6	0.08333393999460478	
6.712890648490691E-7	0.25000758881561175	0.16667064932877407	5.008512121920029E-7	0.08333621761409003	
0.1666654236670355	2.653671704639813E-6	0.2500145745885599	1.6292712258278004E-6	0.08333396528579759	
0.08333459499394408	0.08333498284104676	0.2500193157186327	6.232459806862132E-7	0.08333764189280192	
1.643312083763529E-5	0.1666837009239006	0.24998129068249178	1.4268756622291485E-6	0.0833324622838886	
0.08334587375502554	2.3867999787922717E-6	0.33336164935598833	1.6576214265956287E-6	0.08334205481898434	
6.115869926634202E-7	0.08334403242713091	0.33334689165007164	1.7820454685128196E-6	0.08333837988013364	
5.382225375783382E-7	5.383667278131109E-7	0.41669133656015256	1.7782286221573409E-6	0.08333603719107438	
0.3333505707303751	4.454341275703492E-6	1.7213829092358636E-6	0.08333222342651975	0.08333496042430193	
0.2500115926380599	0.08334131998548591	3.9355007322470655E-6	0.08333308770808293	0.08333509439020033	
0.1666638437035422	0.16668814989384834	3.935489882400042E-6	0.08333286291194687	0.08333496887769062	
0.08334179129041977	0.250014316969918	3.1740937898086807E-7	0.08333274502815508	0.08333853923465444	
5.810686452135157E-7	0.33335151575729816	2.1151551770489738E-6	0.08333243064507306	0.08333795592335934	
0.24998372918818218	7.87387409479992E-9	0.08334220253434838	0.08336073869083611	0.08333452335142615	
0.1666607264776256	0.08333969912112621	0.08335394830970888	0.0833323920031779	0.08333384270788345	
0.08332683118437374	0.16667194653941614	0.08334327283585384	0.08334368722199922	0.083336305530466	
5.142345611779185E-9	0.2499986708526627	0.08334248697791434	0.0833437200666096	0.08333331509142543	
0.16665979988947918	1.6385490571612611E-6	0.16666073890102426	0.0833598163247748	0.08333364204399266	
0.08332754526039898	0.08335313651844246	0.1666641241811197	0.08333914420453407	0.08334113341423001	
1.631539622835635E-5	0.16668671631960688	0.16664187169932088	0.0833391768409553	0.08333279706960336	
0.08343105103002287	7.725991054503316E-6	0.24990520457403093	0.0833389192291582	0.08334106000194552	
7.672771595779855E-5	0.08338082232483876	0.24989892007840678	0.08334207144280144	0.08333549191998339	
1.5273025759916705E-6	1.5755255840395595E-6	0.33334406002593797	0.0833308905820559	0.08334045443215074	
0.2500084303041649	5.071431993632479E-6	6.739284751000453E-6	0.16666858939656498	0.08333369689378636	
0.16667296986826763	0.08334581752962633	2.846285303401465E-6	0.1666697920057735	0.08333704516523664	
0.08334759511442025	0.16666383522711126	2.9375436998705873E-6	0.16666509756670875	0.08333446950928927	
3.381597267876085E-6	0.2500101043791383	1.0864321947117853E-6	0.16666735058255966	0.08333961093299443	
0.16668950702692611	1.764329762695655E-5	0.08330807646916377	0.16666571309474912	0.08333493061453469	
0.08334646569262916	0.08334112191711196	0.08334676735189245	0.16665295679435652	0.08333381173785286	
2.3305175201033554E-6	0.1666441607336349	0.08337259463847546	0.16666779164792075	0.08333498630531831	
0.08332117904701579	9.284558140588673E-7	0.1667012090135902	0.16665605828839727	0.0833403500126953	
8.370539370355496E-6	0.08331373767339664	0.1667139418283061	0.1666542104754539	0.08333671377369672	
1.6690069411879867E-5	1.6313289699432132E-5	0.2500008067251183	0.16665261863752365	0.0833329638111151	
0.1666920647084443	1.0713173067177817E-4	4.25609199213891E-5	0.2498577800881678	0.08333566173600733	
0.08332254804342643	0.0833346479664805	1.0499490361137177E-8	0.25003064161294314	0.08333556962482319	
1.7361580947700013E-5	0.16670923717685787	2.122233395337042E-6	0.24995681105251022	0.08333286205799735	
0.08333280948041166	2.4951113846825796E-6	0.0833351842086917	0.25001607050957597	0.08333315125387257	
9.115071571020334E-6	0.08334259030205152	0.0833187384288296	0.25001601194328826	0.08333317632440691	
8.385299138405497E-6	2.8576787628398285E-5	0.1666999863828217	0.24994313360185832	0.08333930783379014	
0.08335221900896549	3.373231735416783E-5	5.171545915441564E-5	0.33325816958057186	0.08333809601064032	
4.437413715586239E-5	0.08335063819577375	2.2812054426960908E-5	0.33325948064660305	0.08333854068650948	
2.5147355448302697E-5	2.353659372033855E-5	0.08333882186228402	0.3333114274738752	0.08333574818054908	
1.2894020815340455E-7	4.776118087374584E-7	1.8694491799534575E-8	0.4166765418114838	0.08333839605924685	
0.3333367333371401	1.581025471514761E-5	7.4642672317520425E-6	6.638729864619636E-6	0.16665773254007502	
0.25000404456131775	0.08333827346731551	6.683045989627675E-6	3.7791289427414724E-6	0.1666696827692496	
0.16665614734290135	0.1666813689989975	2.406746599449448E-6	6.632613315413787E-6	0.16668352779574602	
0.08333054445051226	0.25002700811927775	3.770174450759806E-7	4.3727774566987863E-7	0.1666596341730128	
3.169685278162883E-6	0.33333948029599686	6.892978388517698E-6	3.9434111615928785E-6	0.16666877960850188	
0.2500003915557244	2.8058991755867738E-6	0.08335108669376134	3.6391754907961755E-6	0.16665828212456418	
0.16666454283139523	0.08333699655794337	0.08335098084706766	6.821063000482534E-6	0.1666521574697301	
0.08332573599373327	0.16668573767773764	0.08334933758800013	1.1413839397130457E-6	0.16665329825282404	
3.0074746458059817E-6	0.2500141748695187	0.08333940691677037	3.952210659360771E-6	0.16667229984571583	
0.1666785002318496	3.5488928587209136E-5	0.16664709324293778	6.895694795252914E-6	0.1666611905199288	
0.08336112581523496	0.08338731632930406	0.1666163603203438	4.5620441699992155E-7	0.16665049979767593	
2.1699592963385624E-5	0.16672441136504607	0.1666138937556359	9.939468062463E-6	0.16665663484615975	
0.0833839866467748	1.0263318978583445E-4	0.2498997692229797	1.0390551190330217E-5	0.16662472785219107	
8.305663616140715E-5	0.08340271033052431	0.24989721633503986	2.4128241390638794E-5	0.1666112686721003	
1.7044420394521239E-7	2.41388412834356E-6	0.3333772692000475	3.2104786598821265E-5	0.16661774665408366	
0.24999914548016952	2.9939963815726743E-6	5.334756010581678E-6	0.08335847081814672	0.1666603086154216	
0.16670838943849522	0.08328500061155916	5.327500404297704E-6	0.08334926645548532	0.1666844138409501	
0.083331619105787	0.16667746455420854	2.964021644407237E-6	0.0833475414849848	0.1666585402781651	
5.8616036218187023E-8	0.25000542774702056	5.169702750632746E-6	0.08334676214755826	0.16666045607992433	
0.16670999766075903	7.73378499473642E-6	0.08331197205370243	0.08333130946773068	0.1666735021934982	
0.08333163158266321	0.0833316556244034	0.08336308357552984	0.08333078837842044	0.16667161370205305	
2.101322304152837E-6	0.16668154139710936	0.08329744974605312	0.08333706789472768	0.16669808621975377	
0.08332571970519202	1.593689152967899E-6	0.16670333660718625	0.08332752761880499	0.16667252254656129	
1.2847298537903073E-4	0.08336636856820369	0.16661155667388333	0.0832995014925711	0.16660968483121236	
2.830398184994973E-5	2.835304853575955E-5	0.2499787011234617	0.0833299899906116	0.16665370032474294	
0.16668046148809595	1.4753863326694547E-6	8.924521348479163E-6	0.16666018833643187	0.16666624265113852	
0.08334163658478753	0.08334168170055346	9.431482026001284E-6	0.16666594458593095	0.16667185648047594	
2.1338240732704807E-7	0.16669108656453238	9.334174566256706E-6	0.16667395006019534	0.16666564348003376	
0.08335781742930953	7.884227147625815E-6	0.08332824807401212	0.1666610962567324	0.16666858421379424	
3.7902133149759065E-5	0.08332599523163432	0.08333567137667997	0.16667277410738798	0.16666452209531196	
1.8843863766366083E-5	1.8793302919390917E-5	0.1666619950839311	0.16666758972133228	0.1666535438827311	
0.0832906412484224	2.143307016529766E-5	3.3714204922359646E-6	0.2500466936525605	0.16667154081280716	
6.287252021351924E-5	0.08333471730123011	2.562317620397086E-5	0.24993069412292107	0.16666958889771785	
7.864755527193493E-6	7.828814016981757E-6	0.08334585074900597	0.24998929190758762	0.16666809480953465	
3.874172333045582E-6	8.73697222984481E-6	1.0372854112006171E-5	0.33332822826665576	0.16666854058211591	
0.2500049478914713	4.1126714309021785E-6	1.1608582094122485E-8	3.378971655611029E-6	0.24999875713538763	
0.16666413723514503	0.08333998956914553	4.9442752060089975E-6	1.7327527371280338E-6	0.2500095944301788	
0.08333345588595129	0.16667665559514575	1.7667722047538273E-6	4.90745531839709E-6	0.2500030918775791	
8.369285224252778E-5	0.2500008767865195	7.222517213739636E-6	3.989137310839086E-5	0.24989235576742477	
0.1666922623779816	1.720560939809386E-5	0.08330961515741328	2.7947520108583973E-6	0.25000251645728844	
0.08335167601750564	0.08335168679417183	0.08330732882629162	4.08345874035422E-6	0.25000111258903535	
2.601460107562364E-5	0.16667724662638653	0.08330727806121113	4.0734879242419286E-6	0.2500011544819679	
0.08350380832129306	2.3012687119165136E-4	0.16645447631246274	1.1860637697742329E-5	0.24982894190062815	
8.318673108768225E-5	0.08339114707997519	0.1665601193236049	4.539041625655915E-7	0.2500026553544543	
1.2229875594011112E-6	1.2715199829844806E-6	0.2500143069539374	2.898545444290766E-6	0.25000010846500537	
0.1666251220626687	3.24343009512992E-5	7.688467635880028E-8	0.08334908157786744	0.2500073782144374	
0.08332911499941915	0.08332906367852573	7.688496345310615E-8	0.08334939281084461	0.2500071963305573	
5.2848040436943E-7	0.16666049811964223	1.5851542253926676E-7	0.08335085775870296	0.2499992111768523	
0.0833200827678557	1.0077835721188244E-5	0.08333750247959636	0.08335423017844504	0.24998965180359667	
2.9263986110845608E-6	0.08332323510882843	0.08333242988752161	0.08335019419267631	0.25000757342637264	
1.5731756341964718E-6	9.053055559186303E-8	0.16665272091336053	0.08336460460653874	0.24999941912715265	
0.08338425856719354	1.0071120830287396E-5	1.0775288366428902E-4	0.16669734158635627	0.249821821233979	
4.429787563903043E-5	0.08334465790462797	5.073832841766489E-5	0.16657346961025257	0.2500055702949141	
1.0795882322490422E-4	1.0533837735971619E-4	0.08337131087156006	0.16661376839416203	0.2498207778097696	
3.602723476928776E-7	5.593503244729696E-7	5.823425267721424E-7	0.2500048681962754	0.25001314645631423	
0.16667625019217805	7.16792979691213E-6	6.503730519216822E-6	2.37613942389288E-5	0.3333157108290625	
0.08333369736196007	0.08334095965954992	7.012477568616609E-6	2.252309348602433E-5	0.33331108366262957	
4.605281298749441E-5	0.16665690827539045	3.2642783569945294E-6	3.1739707260333514E-6	0.3333088989216692	
0.08336082006375062	8.239474138366425E-6	0.08333515504280606	1.897551900453693E-5	0.3332950211202547	
2.1715971265170502E-5	0.08334816579154661	0.08333558663641084	7.822815498296231E-7	0.33331178920578985	
1.1630855162536653E-5	1.1575467486968544E-5	0.16667320118369772	1.306419066340272E-5	0.33330734033044845	
0.08334521627631158	5.086856333463726E-5	3.506960530226516E-6	0.08332177139536881	0.333291472107675	
2.4688856661889925E-5	0.08334343051970841	2.5532396140850214E-5	0.08331583691036082	0.3333087084455544	
1.2844130359067661E-5	2.99190637765512E-5	0.08335057166931123	0.08331549880865917	0.33330926971241875	
1.008483034982984E-5	9.98895236497139E-6	9.95746558992626E-6	0.16667912565052848	0.33330884592382165	
0.08340673217649097	6.979987866469332E-6	8.865206972130819E-6	1.6959745556402004E-5	0.41657411791639587	
2.1117562681174598E-5	0.08336553024206539	3.5559523477993865E-5	1.6959670326924517E-5	0.4165722700907242	
2.131861773151636E-5	2.1313150267789284E-5	0.08335098462626384	2.0634198369218475E-6	0.41662200561133517	
9.328161740214755E-6	8.894194170064902E-6	8.640754215808199E-6	0.08337945928136237	0.4166116664622071	
1.2570594324357037E-5	1.486218044999749E-7	1.2319437995279606E-5	1.3774222570171764E-5	0.4999958186501075	
