0.4999677407084046	1.6361032906126398E-7	5.1698429740774996E-6	1.2814279796338672E-5	1.4159719349017578E-5	
0.416694786552698	0.08327035447510565	8.296217484056471E-6	1.2648643264038552E-5	1.4138798916853159E-5	
0.33328406252219633	0.16669445682133674	9.039916782556162E-6	6.094884491456893E-6	6.531991543672054E-6	
0.25002865365535176	0.24995427044359023	8.153511243351405E-6	8.047692861241533E-6	1.1497615468266644E-6	
0.1667884305750484	0.3331619597628936	8.971046125374996E-6	1.2010191501507718E-5	2.9276520807684097E-5	
0.08330206158700888	0.4166866777222238	3.407890831294514E-6	4.52871001109095E-6	3.445147222456929E-6	
3.0257877449583897E-6	0.49998682994431154	9.530922816828431E-7	8.485267872389985E-7	8.771662499191233E-6	
0.4166408628154925	2.7112194736826156E-5	0.08332743092357339	2.9182635195558196E-6	1.8196056472941917E-6	
0.33332718541417755	0.08333141843952314	0.08333187656118357	8.446240816592706E-6	1.1489766439884252E-6	
0.24999562597443875	0.16666857406516772	0.08333113857159499	2.993753412451487E-6	1.8193504265777299E-6	
0.16667127761468112	0.24998878169526925	0.0833326958510057	1.2170005496571584E-6	6.133526397127717E-6	
0.08335820103470161	0.3332976231634264	0.08333359260422034	2.2908170301732224E-6	8.745243257673968E-6	
4.252157988836397E-6	0.41658434399519245	0.0833980473721753	4.780530605085826E-6	8.822142655378292E-6	
0.33331475714657416	2.168989028908041E-5	0.16666167265700946	2.660283605965989E-7	1.7657882597764406E-6	
0.24995395246793534	0.08331828168920054	0.1667093398330332	1.0314151340619935E-5	8.135060286371865E-6	
0.16668416536930528	0.16665225176876933	0.16666165763151647	2.6602833669424303E-7	1.7657881011223059E-6	
0.08332876280159797	0.25000508825161566	0.16666037337406925	4.380721244036414E-6	1.8632885400220791E-6	
1.6884205412043766E-6	0.3333334513297256	0.16666049456010837	1.0441724534333897E-6	3.6533082104347623E-6	
0.2500079790299585	8.102684668988241E-5	0.249889106250785	1.602298418022202E-5	6.427254939654629E-6	
0.16671877055654077	0.08329942435797133	0.2499557191061777	1.765155191412199E-5	8.610974928193108E-6	
0.08336391258620178	0.16671433599431387	0.24990417672889573	7.142889836436815E-6	1.0813498581083013E-5	
6.838923062976822E-5	0.2500070366638796	0.2499058591327144	2.863731168253289E-6	1.5952547149725608E-5	
0.16672745415142085	5.4466966895052975E-6	0.33323938998288005	1.588154379930785E-5	1.2545589653759604E-5	
0.08336947929781315	0.08336332712095777	0.33323918788978457	1.6001364986274573E-5	1.2595666057743777E-5	
9.444402539855973E-5	0.16659290660846277	0.3332636418613581	2.279729124672386E-5	2.6371067175393786E-5	
0.08350656392545497	9.633988320674497E-6	0.4164138938468747	3.2145116515140775E-5	3.818650629618678E-5	
1.3444618298137664E-4	0.08359272257247395	0.4162292941770363	4.411730573674228E-6	3.9531282212068335E-5	
1.7076342713128066E-5	8.532244447506623E-6	0.4999693782361225	3.097411876675902E-6	2.0682006819772247E-6	
0.4166658355098477	1.157084896732883E-6	1.458252148748111E-6	0.08333090580651491	6.999414984394954E-7	
0.3333328854622805	0.08333331248801218	1.549665975171178E-6	0.08333081947849397	1.5605839946341754E-6	
0.24999676759736073	0.16666928304962747	1.5120480530997663E-6	0.08333078249253191	1.8218373096388583E-6	
0.16667751003188444	0.25000183654321134	1.8014216710170348E-7	0.08332036916907935	5.194666985253987E-7	
0.08335640094285934	0.33330477280264637	1.5175057686308325E-6	0.08332914940313935	8.639106173075455E-6	
2.51405705362071E-6	0.4166605439641269	1.104566474829918E-5	0.08331755177791637	8.791123632897318E-6	
0.33333547219098386	1.8776652130825232E-6	0.08332588439473113	0.08333585654879057	9.66075719013155E-7	
0.24999898187069539	0.08334212874062684	0.08332682448814382	0.08333114807316844	9.660757042764463E-7	
0.16669237438616663	0.1666621866548561	0.08332765885463533	0.0833187761947352	1.779520458959611E-6	
0.08334532382262652	0.24998153998816933	0.0833372789349663	0.08333459299055257	1.2813621857104153E-6	
2.2449874361378295E-6	0.33332169772564557	0.08334922279117529	0.08331888403370133	8.154714567681808E-6	
0.2500028656185963	1.3142456812606358E-5	0.16664692303361608	0.08333610213496574	1.0186107519701615E-6	
0.1666236746979751	0.08338794864350522	0.16664440732552957	0.08333283037309985	1.1196878715593311E-5	
0.08334989368571898	0.16668633749178513	0.1666281997153402	0.08333438886317307	1.2779685221506423E-6	
2.5078664431907125E-6	0.24997596932819105	0.16669740233387284	0.08332017182055905	4.426265193064376E-6	
0.16666147755454805	1.0333928050502082E-5	0.2499969545370928	0.0833295873231808	1.757410711879334E-6	
0.08334259085739183	0.08332707836200999	0.2499951299037774	0.0833347665466949	5.567136513858912E-7	
1.7026052079817996E-6	0.16666809078244094	0.24999527026924193	0.0833347464328673	2.1822505894675377E-7	
0.08330400308495435	4.852194943281179E-5	0.3333102821560598	0.08332813987643138	9.187498858043274E-6	
3.080392482992398E-5	0.08332068214043556	0.3333174535387006	0.08332934957441335	1.8555165876648935E-6	
2.76185359026726E-6	2.8827832235409635E-6	0.41665938753589904	0.0833286282788045	6.449496222487346E-6	
0.33332163136306614	2.0894106998404406E-5	2.4338898792975043E-5	0.16662591299709334	7.310205332696611E-6	
0.24999827353362628	0.08334894585271294	2.1580244773334485E-5	0.16662229301683662	9.083760627495368E-6	
0.16666897633073754	0.1666752567256419	2.095690771839709E-5	0.16662830026686018	6.529592029648423E-6	
0.08335117832996783	0.24999669580001088	2.294725779337105E-5	0.16662507370374097	4.4628163235985345E-6	
2.2072739538671846E-5	0.3333226945328002	2.3338375019496938E-5	0.16662458912223174	8.035721943783038E-6	
0.2500095247856506	2.6409868924773718E-5	0.08333148564671664	0.16662605140709974	6.577172818448447E-6	
0.16664519831601893	0.08339048941166675	0.08333140482949278	0.16662588759172914	7.178677999533114E-6	
0.0833560092416558	0.1666780751939553	0.0833318360678264	0.16662645716222418	7.803555243253695E-6	
2.804093917116455E-5	0.24999767198199865	0.08334184789502731	0.16662493972792503	7.800555778451203E-6	
0.1666860011481007	2.3934702932048575E-5	0.16666745978249295	0.16661454779603935	8.626922067552618E-6	
0.08335864885109616	0.08335257945894443	0.16666892061589927	0.16661589857064793	4.0864255300817425E-6	
3.960529711810432E-5	0.16664543232760876	0.1666414112840074	0.1666697852769591	3.9697462002821155E-6	
0.08334113342878355	3.516238940323318E-5	0.24994057902932343	0.16667500840311414	8.523818331993758E-6	
3.455387044222741E-5	0.0833545809283971	0.24997906697397185	0.16662484373314498	7.031713119387505E-6	
2.4557827963587928E-5	2.0906269047829462E-5	0.3333225474952002	0.16662481455878161	7.256702908307702E-6	
0.24995597939884687	4.8281743135234624E-5	4.915792866957425E-6	0.24998349101737496	7.480380277810483E-6	
0.1666383055045151	0.08336874540897563	5.410049485191055E-6	0.2499851369023859	2.4580037696736076E-6	
0.0833428230278878	0.16665173199128586	4.066303158484196E-8	0.24999966391321843	5.932991367255432E-6	
1.0755159988944677E-7	0.24999669175423808	9.058308849853389E-8	0.2500017561975563	1.3872662156255088E-6	
0.16661727277172425	8.199232074540754E-5	0.08331328463611033	0.24998599841539176	1.644336415429509E-6	
0.0833431237215386	0.08334566502546088	0.08330804874768805	0.2500017105959048	1.6443364152539614E-6	
9.623823395979728E-6	0.16667684131544955	0.08330690371639972	0.2499984277534751	8.382560359258729E-6	
0.0833580618747509	1.7713057654273982E-5	0.16663613764468707	0.24998114535525978	7.066931100854971E-6	
3.0864284852899184E-5	0.08334580592262711	0.16663784750973834	0.24998400832832848	1.730540006012742E-6	
1.7274160289472343E-5	1.781243082013427E-5	0.25001388839261235	0.2499494018532717	1.73532035642436E-6	
0.16661669759144612	9.141808806047266E-5	4.0153335825284295E-5	0.3332249945036213	2.6805122716972887E-5	
0.0833371447162673	0.08333929869113563	4.022089033731742E-6	0.3333174948610059	2.289848591136571E-6	
8.210194693340084E-6	0.16663527419585453	3.427064601137959E-5	0.33331817518898293	4.5081915382276874E-6	
0.083364731897961	2.0831395864449464E-5	0.08336460643800027	0.33323699142780494	1.2902309865674983E-5	
2.2550743443555505E-6	0.08334065719173914	0.08331321856693606	0.3333328429745976	1.1274111756775284E-5	
1.1416943921068646E-5	1.1486956121762479E-5	0.16665761936225737	0.3333173980521862	2.3618499832432633E-6	
0.08333131931556664	7.337487805604526E-6	2.0133608950867574E-5	0.41660436683834623	3.758991712501364E-5	
2.2249872133279166E-5	0.08333093205442196	1.0477768788585625E-5	0.4166286306916425	8.209730605445882E-6	
9.454647147301532E-5	8.799726595070038E-5	0.08336258238126543	0.41644395880758006	1.127061137456135E-5	
8.696802495868126E-7	7.534754000255479E-11	4.2937214491397754E-7	0.49999636017782223	2.4076323132096667E-6	
0.41666827494252967	3.8464964466077724E-8	4.0789573730123757E-7	1.6613981610660233E-6	0.08332980054198355	
0.3333340821224367	0.08333361925025022	1.2011177567037947E-6	1.678689233912665E-6	0.08332953494423297	
0.2499823204204625	0.16668524688003108	1.4298771000537724E-6	1.535186975936188E-6	0.08332981230696615	
0.16657551412894267	0.2500655941210168	1.1328228550732458E-5	1.8415185276663592E-5	0.08332924185433971	
0.08333177016552143	0.3333353880302541	3.2490165660989583E-6	4.4638194367113127E-7	0.0833295739001101	
2.525395973151052E-6	0.4166663330731057	5.76431435248588E-7	2.1240481747050177E-6	0.08332888590248941	
0.33332721811161947	4.0484091573647505E-8	0.08334135310288128	1.5376376616550862E-6	0.08332994183237423	
0.2499563179857018	0.08336766317255981	0.08334137133190181	7.042083867567951E-6	0.08332771939911097	
0.1666810773391095	0.16665845504604945	0.08333082277371245	2.2223360038709687E-7	0.08332957096019167	
0.0833482087179177	0.2499901923525676	0.08333046694930116	2.145021153765364E-6	0.08332927413165662	
1.7599514272306824E-6	0.33332872673827013	0.0833380023033611	2.1450183183137427E-6	0.08332956399174825	
0.25000250825776943	1.5349805457728487E-5	0.16664821877962624	4.921726742469712E-6	0.08332915251270634	
0.16662954679511421	0.08338890284830845	0.1666472048350358	5.41245840037785E-6	0.08332907187841151	
0.08335132351089564	0.16668917231103803	0.16662454900110674	5.952686756490827E-6	0.08332904741258004	
2.504388590560805E-5	0.25001456163378666	0.16662382384244004	7.292144327498313E-6	0.08332963709286823	
0.16666927992742595	3.932047804531975E-6	0.249996850998583	1.2961355536866175E-6	0.08332998057695032	
0.08334156668437785	0.08333006312316248	0.24999799367044545	1.306157898451299E-6	0.08332919066228717	
5.895333613279984E-6	0.1666656397281527	0.24999780645672723	1.8414048025700063E-6	0.08332928189511016	
0.08334163587458683	9.39480465251587E-6	0.3333151621911278	4.956550789152877E-6	0.0833292593158879	
9.35971738905454E-6	0.0833421475916565	0.33331706820164586	2.474804863506426E-6	0.08332918308321209	
3.0876586417567167E-6	3.073965469587034E-6	0.4166582146793904	1.0526669847242264E-7	0.08333588115271812	
0.3333340450084246	9.181408988579549E-7	2.3306878551339574E-7	0.08333640966487021	0.08332850794894245	
0.24999269660432016	0.0833402391768688	1.1954303581492566E-6	0.08333613616320924	0.08332977730235015	
0.16666357786743854	0.16666999463123156	9.686618651095065E-7	0.08333601240323651	0.08332950427409612	
0.08334555150095717	0.2499853600580702	1.6331072074523326E-7	0.08333940832688633	0.08332953779466315	
4.2986657616043317E-7	0.3333240233582194	7.405672647015336E-8	0.08334641621672889	0.08332928391601424	
0.2500079635933328	9.194951698459096E-6	0.08331696078302475	0.08333613113918519	0.08332980454235567	
0.16667465261776923	0.08332555826682378	0.08333378764897025	0.08333657696287093	0.0833296599742754	
0.08333788963961072	0.16666254464917643	0.08333346837840423	0.08333659441843379	0.08332959863953596	
1.0297285616546229E-6	0.2499924795866711	0.08333078288836997	0.0833463099457665	0.08332956121906068	
0.16666651029693946	6.162480489499595E-6	0.16666202900923488	0.08333637049142148	0.08332914429365298	
0.08334356745345424	0.08333187645576211	0.16666479996405692	0.0833303990117295	0.08332942846068213	
6.001626120060671E-6	0.1666699253674308	0.166664517431983	0.08333032390472934	0.08332947340063879	
0.08333172313819333	1.8779021159016886E-6	0.25000785989403157	0.08332967816047958	0.08333011620584303	
4.432401452279019E-6	0.0833487642652808	0.24998720748139971	0.08333025125951347	0.08332943768948371	
1.0235842633004282E-6	1.0188055348955957E-6	0.3333277778341004	0.0833410413205042	0.08332920524159619	
0.2499933974031408	1.4921238089544978E-5	5.076748347471758E-6	0.16665710061860894	0.08332958615879753	
0.16663985185670468	0.08336908391471051	5.092555820347486E-6	0.1666564564686895	0.0833295483780718	
0.08335404978572	0.16667365851589286	1.8400923791500896E-7	0.16664275606246748	0.08332953695772116	
2.782425256665961E-7	0.24998560281612645	1.3947518665369845E-7	0.1666844900198127	0.08332954309205863	
0.1666391396173814	3.5069281526951205E-5	0.08334088675796897	0.16665703842774388	0.08332800577079494	
0.08336292591544611	0.08336125142293996	0.08328990409005227	0.16665651066955042	0.08332962017221267	
2.1784049241385126E-5	0.16670811532665464	0.08333455394710558	0.16660610552780888	0.08332960271719299	
0.08335397417801879	2.457861728528992E-5	0.1666364103586579	0.166657003040462	0.08332810425215793	
2.448940504934702E-5	0.08335453331726692	0.16663635011178882	0.16665503401641663	0.08332967146278968	
1.7419486901836494E-5	1.6652822438111106E-5	0.24997978083371353	0.16665944818933537	0.08332679864479327	
0.16667703936950334	1.0583540830465097E-5	2.020302849348404E-5	0.24996381740065618	0.08332837449500599	
0.0833449888483655	0.08334298847658167	1.985913366724276E-5	0.24996374445624128	0.08332842218493139	
1.6720192730393607E-6	0.16664620502865252	2.0116385370397986E-5	0.2500025026795385	0.08332954351018156	
0.08332600136123745	2.199356972549194E-5	0.08332097851505028	0.2500043666034614	0.08332684033418893	
9.682086886430157E-6	0.08333756187962954	0.08332031954607619	0.250004141333085	0.08332861851219661	
2.9550891954221244E-5	3.066056932029109E-5	0.166657542316764	0.24995557021675466	0.08332680315745111	
0.08335166730207444	4.755119559973369E-5	2.018594359361163E-5	0.3332522244845565	0.08332841232029338	
7.081893895457171E-5	0.08338282598713073	6.82498220881367E-5	0.33316298503901204	0.08331666912536825	
3.208293083081826E-5	3.186418754553915E-5	0.08334759440411663	0.33326222765463326	0.08332638400607316	
6.365223326749553E-7	6.494617885873362E-7	7.704842819925434E-7	0.4166662818750715	0.08333206069519407	
0.33332387788548307	9.220339121470746E-7	2.112567889756129E-6	1.1877624735313627E-7	0.16667307780890764	
0.2500225034912026	0.08335289486492466	5.913605163612774E-5	1.2271976077900624E-5	0.16655326242773738	
0.16666381050996434	0.16664121747287305	1.671533263255708E-5	3.4567336638043905E-6	0.16667510519154344	
0.08329905068729936	0.25000536595070655	4.30393935334419E-6	2.7938196873272014E-5	0.16666364163124575	
1.4622294638577246E-6	0.3333402523606801	4.879229602910256E-6	5.19829103108464E-6	0.1666484750109246	
0.24997404803325907	1.8450290861724234E-7	0.08335200783172357	2.9177669051154148E-8	0.1666738053878769	
0.1666620829036704	0.08333139766045698	0.08333215329200212	8.045439564506108E-7	0.16667388051756185	
0.08333488581551315	0.16666646643182512	0.0833338992458446	6.463325980377944E-7	0.16666421507515214	
1.7547606870847991E-6	0.2499994729464093	0.08333385773237324	1.8585696623573413E-6	0.1666634367555323	
0.16667107254205146	4.506432373198606E-6	0.16666345460420587	2.9065931645162546E-7	0.1666608918239769	
0.083333717817544	0.08333319742427184	0.16665481031186782	2.0954182617247255E-7	0.1666781145432277	
1.2973608758705337E-5	0.16667155202078693	0.16663942918765465	1.7159503496781203E-6	0.1666746296377062	
0.08334658022436935	9.95146169252071E-5	0.24987403713909234	1.263549357423336E-6	0.16667893597592306	
6.213822494882295E-5	0.08335494034884602	0.24991842303081732	1.9357747557647415E-5	0.16664620221466467	
3.6380569202966415E-6	2.786090467157526E-6	0.33333161049296717	1.058599750886964E-5	0.16665147677692388	
0.24997698230356508	2.2534712272519123E-7	5.199758716495442E-8	0.08334975727248461	0.16667305776678548	
0.16663600721579613	0.08336792593180697	7.468789871774813E-7	0.08332256500736235	0.16667280662312603	
0.08333809986175716	0.1666514316712379	1.6673889205511784E-8	0.08334629254476279	0.1666642238456582	
9.223999303649057E-8	0.24999831583546292	1.6583574138616468E-5	0.08334059934030692	0.16664470569783954	
0.1666391703024425	1.9273410023648063E-8	0.08332484567807356	0.08330901993539376	0.16672704441838	
0.08331403586759091	0.08331439029755117	0.08338509901899448	0.08332474127600864	0.16666178777362783	
1.7209154331015075E-6	0.16665761562120177	0.08334253062826372	0.08333621637156703	0.16666193707677887	
0.08334258199124439	1.1964410758530994E-5	0.1666480573386203	0.08332100193053758	0.16667660066605317	
1.699322685559111E-8	0.08332946220251788	0.1667154180174623	0.08327983023539783	0.16667542297191565	
3.2048739977293987E-6	3.0598916552610564E-6	0.2499999291681637	0.08331722942566769	0.16667663925203166	
0.16665693043842555	1.128798096248553E-6	3.7222730914014574E-8	0.1666691894288799	0.166672879046822	
0.08330350005492232	0.08335610689262177	6.979542752558675E-8	0.1666649665302395	0.16667546274669284	
5.1199758387446974E-5	0.16667170448840174	2.3716524578480218E-5	0.16660988343067235	0.16664385497438192	
0.08334255413045501	9.828127537414176E-6	0.08330716962740979	0.1666652197432973	0.16667542571504182	
4.921147133164525E-6	0.08334185756605061	0.08332096409783019	0.16667111422510852	0.16666129320640702	
8.091752083984467E-6	5.7176092896606715E-6	0.16666101597817304	0.16667505062876273	0.1666505726722819	
0.08327237932340988	6.438132322838834E-5	8.634788452871425E-5	0.2499304569298609	0.16664651999097316	
8.059440852750353E-5	0.08342118464859363	1.5251995291579068E-4	0.24980686384152007	0.1665389925756253	
6.169504066230992E-5	4.596328500400983E-5	0.08331974736641576	0.24992761848190065	0.16664623729574596	
9.470441074163032E-6	9.938485134529993E-6	1.4719056914321667E-5	0.3333189380264931	0.16664765306069826	
0.2499966152993984	4.6326245391815154E-6	1.6158007215096286E-6	5.614060774271144E-6	0.2499916006704307	
0.166631661346234	0.08336869928546274	5.331481751943171E-7	7.655347870724328E-6	0.2499915923243518	
0.08334330876549556	0.16665887176499722	4.227253324355558E-6	2.2182869800065092E-6	0.24999166910943868	
8.589920510523395E-6	0.24999346198230307	3.434620361200851E-6	4.7712940846961905E-6	0.24998986438996262	
0.16663252841656503	1.0653619281567407E-8	0.08338620276646909	8.671627491616553E-6	0.2499727596872593	
0.08331824486930163	0.08330603079181319	0.0833834256290361	2.500306578041045E-7	0.24999215117800072	
4.0619880897840015E-6	0.16666649907756959	0.08333687071340361	5.422785605648214E-7	0.24999219955145913	
0.0833167404489829	5.514336338080729E-7	0.16669096199280076	9.389233115287829E-7	0.24999086763608372	
2.895588835045697E-6	0.08333034554244356	0.16666993706182281	5.022615881804577E-6	0.24999187022490665	
2.201283603186015E-5	1.9840619354302772E-5	0.24997934284778284	1.5977536565982265E-5	0.24996285753792105	
0.16666979978259144	1.7080328460983822E-6	3.5559622587347555E-8	0.083337005591459	0.2499916311765813	
0.08333333110371255	0.08333551479445278	1.373688536890835E-6	0.08333712454544015	0.2499927072952533	
7.03865566759278E-6	0.16666393473131844	1.027895903005484E-5	0.08334278976169453	0.24997598949429928	
0.08333508824473108	4.015564072139303E-6	0.08333244923493414	0.08333698287728018	0.24999164656816178	
2.020838485449353E-6	0.08332714778451711	0.08334197522652535	0.08333679431098494	0.24999215078456066	
2.017661439841146E-6	1.760756174593222E-6	0.16666767093980195	0.08333694696208416	0.2499916431892513	
0.08332834637913397	8.34105615172975E-5	1.3716952947536918E-6	0.16662588286840124	0.24996122975528723	
2.5594978516491687E-5	0.08334853452237982	1.1811954090518583E-5	0.16665186948846344	0.24996243448818029	
4.106769427718666E-5	2.106529981298984E-5	0.0833502063854253	0.1666275589430472	0.24996137891384287	
1.1413198119208506E-6	1.2433951378405677E-5	1.2008651475306587E-5	0.24998317792195437	0.24999177324699545	
0.16664545381126764	1.3254911003606006E-5	5.893056055781638E-5	3.7418938558990047E-6	0.33327869268369953	
0.08334374588350513	0.08332162793476011	2.2434494499622194E-7	2.2097805324416282E-7	0.33333423780709365	
3.88195038109283E-7	0.16666529676461128	1.3067070885343196E-7	1.759145245697365E-7	0.33333467445979076	
0.08333805373058413	1.5724273445378488E-6	0.08332625735599825	1.089291849806305E-8	0.33333422847015204	
4.710667695882903E-7	0.08332706702238807	0.08333871505731558	2.1823548859854302E-8	0.333333856004498	
7.628125911750725E-8	5.4899357432950136E-8	0.16666584540694623	6.005378721115355E-8	0.333334384951011	
0.08333317006004819	1.6478651194725696E-5	3.260611134005256E-6	0.08335435103435344	0.33329284959842576	
7.138830051670649E-5	0.08337061368873334	1.2605729595834843E-4	0.08335042154095201	0.3330817312791951	
1.234871575209236E-7	8.577934533737158E-8	0.08333023703653704	0.08333358610836843	0.3333364115962223	
2.0647901715463955E-5	1.447499367663075E-6	2.489705484399248E-5	0.1666675767546248	0.33328558370432887	
0.08332173872065189	3.5096524872355448E-6	2.947217866480737E-5	2.265945769143173E-5	0.41662267443295514	
3.753657527707842E-7	0.08327585425790059	1.1694106684548938E-4	6.339096177923041E-6	0.41660095028685806	
1.4661141285367997E-5	1.4660107527140377E-5	0.08334399239822161	2.4900392571428204E-5	0.41660183683569846	
2.746862012143982E-5	2.7463571934764977E-5	3.550896035723319E-5	0.08334884632187743	0.41656097485599997	
2.454904675770847E-6	2.2233897116845286E-6	4.160640439005756E-6	2.8834489838433697E-6	0.4999883805618861	
