0.5001094098496299	7.025316136305781E-7	1.7697444878377208E-6	4.725553694059371E-7	7.290095773583083E-7	
0.4166720189955612	0.08340932514012905	9.835364145324581E-6	8.067575130374451E-6	1.3606979224636244E-5	
0.3333953130004995	0.1667077348899064	3.48988103168688E-6	2.046713207432512E-7	3.5093275326444247E-6	
0.25005610757313274	0.2500421267236535	5.129783733868962E-6	3.8075614775837807E-6	3.4158107530078917E-6	
0.16671193929459724	0.33339235634226444	7.02140356134089E-6	2.405549651626962E-6	3.844096888872968E-6	
0.08349561388224055	0.4165414487548731	3.0351418011214775E-5	4.0507076920788976E-5	9.09098341795624E-6	
9.363588144915069E-8	0.50010375709192	3.65824949518689E-6	2.623560793992577E-6	8.703176689112339E-6	
0.4167604359266004	3.233856927823039E-6	0.08335485384908506	3.9036012784495533E-7	1.4311321065616526E-7	
0.3333946747163966	0.08336010017263512	0.08334742336022902	6.68769235320829E-7	8.945338699197676E-6	
0.2500408179931694	0.16667450242596002	0.08339167270780223	1.7703370920274023E-6	8.502912629846141E-6	
0.16670796203347152	0.250003314080196	0.08339291291442925	4.516921244429402E-6	4.683371524813068E-6	
0.08332336586277567	0.3333898766180946	0.08339217097928886	2.9475086187486393E-6	2.852564360351365E-6	
8.458249967630565E-7	0.41666868073151997	0.08342623694153356	1.1872404014422155E-5	9.377776592905917E-6	
0.33335376561531893	2.4454395721442554E-8	0.16673824824391445	1.1738433984907703E-5	8.865079362942998E-6	
0.25003006263477434	0.08332295381162634	0.16673786128987336	1.145827218476003E-5	8.900421297407787E-6	
0.166692480291938	0.1666688402545778	0.1667420148682867	2.8750582469011907E-6	5.364902333928118E-6	
0.08332313240707857	0.2500864267158211	0.16669600770275708	2.9518738580566456E-6	2.8529131729212544E-6	
8.970048447174232E-7	0.3333881336062239	0.16672261109947994	1.4840147218295072E-6	3.7944312639559072E-6	
0.2500639957334727	1.4583430051455073E-5	0.2500291469382945	1.1732524938095706E-6	2.232864004291982E-6	
0.16669121361738862	0.08336313492337515	0.2500503620735199	2.483623656451715E-6	1.973313280963168E-6	
0.08331801243028096	0.166733150415312	0.25005087339257465	2.5892619549572033E-6	5.366204954683888E-6	
2.0824145562962113E-6	0.25005339305926727	0.250055459340638	2.5610089151601815E-6	4.770478973490456E-7	
0.16671531182382535	3.8467469906013436E-5	0.3333442655084211	5.70210845801573E-6	6.157746320359952E-6	
0.08337785084557699	0.08337059506817808	0.33335022026722616	5.6797237349050834E-6	3.4640528673885334E-6	
2.271048746177539E-5	0.16670699703805858	0.3333714657602689	4.948708654648481E-6	6.279719359269032E-6	
0.08338554404997803	5.785043192246765E-6	0.41670432826811754	1.1389925390855609E-5	4.020640132631064E-6	
1.1726919432463039E-5	0.0833703253801931	0.41672031698455303	5.54101585508759E-6	4.1286869431946E-6	
1.067066922987163E-7	5.936605666065733E-6	0.5000954515091871	5.624736681317107E-6	6.966420348623941E-6	
0.41671018742302307	1.8614577075202907E-6	1.1638576467536913E-5	0.08338165392058139	3.211523510565232E-6	
0.33336271244329824	0.08337115241011465	2.5135925083716585E-6	0.08337092969620807	3.639576660606887E-6	
0.2500578497495836	0.1666827212376061	8.037940888146005E-7	0.08337199080945348	3.6256235842246163E-6	
0.16663377447294778	0.25009173950989416	2.902357928807375E-6	0.08336992803493887	1.1970324065278097E-5	
0.08335680307730843	0.3333688441814036	1.1732457972583888E-5	0.08337025196689464	4.469275780304242E-6	
2.9823000640722926E-6	0.4167249536640695	1.1666699779945002E-5	0.08337394385105427	4.090488548288785E-6	
0.33339346218886035	1.4848513575751976E-6	0.08334030450829634	0.08337064567220581	2.6773797014372807E-6	
0.25004179305442087	0.08335312682496517	0.08334028858029674	0.0833705902548059	2.6211711585010685E-6	
0.16670470877963564	0.1666934659596742	0.08334014293236607	0.08336852746787027	3.6027027036180406E-6	
0.08334974203389539	0.25004683708722986	0.08333974481009895	0.08336821739277646	5.847765468740315E-6	
6.392998265764691E-7	0.3333980007783812	0.08334121472643075	0.08336756275660324	3.1890513825836414E-6	
0.2500161897845018	6.566807037775665E-7	0.1667137921606486	0.08337413383243514	2.5187711670438463E-6	
0.16668748962785682	0.08333956486071878	0.1667161937618492	0.08337103875631041	2.4248306785998005E-7	
0.08332287788161764	0.16674493321508366	0.1666711761273203	0.08336905068415869	8.703186655239045E-6	
1.1416049241856844E-5	0.25005617686103304	0.1666711045103452	0.08336730777997342	8.812233411294063E-6	
0.16671107271117847	1.9261267819025197E-6	0.250022976014723	0.08337149306932652	2.2317095909138516E-6	
0.08334636821119781	0.08335068480175276	0.2500418372202924	0.08336903415816668	2.731865903184584E-6	
2.2706905793032779E-7	0.16670891700087512	0.2500599735270703	0.08333957810368921	2.729510942649689E-6	
0.08335437759893287	8.85264205677605E-6	0.33336998701672704	0.08337268396402638	3.418117748795133E-6	
6.167413145828356E-6	0.08335508440127762	0.33337499250842045	0.08336849606171019	6.939714481177156E-6	
8.054988734974268E-6	8.052732286996325E-6	0.4167216003146452	0.08336912794570434	5.4977835852159605E-6	
0.3334060863914368	5.151909329688258E-7	3.038088214138101E-7	0.1667017706408932	9.145106910597887E-8	
0.2499523314784315	0.08346463794032806	2.837888031415202E-6	0.16666964199540388	2.1960711819453363E-5	
0.16672211058621883	0.16668709477649524	1.252001069280166E-7	0.16669357035631568	4.755942866149976E-6	
0.08335272070643948	0.2500542307148445	4.333615421494269E-6	0.16670606879958977	4.879319148170619E-7	
1.0251222680348923E-5	0.3333921188807713	5.800113134733664E-6	0.16670526358551066	2.3407528019043645E-7	
0.2500459082406281	1.3007853985412204E-7	0.08335969735689658	0.1667024937157479	4.972025820209373E-7	
0.16669880244377178	0.08334726640301438	0.0833604897063333	0.16670321040783947	4.910540703920439E-7	
0.08337754646877445	0.16668942709448528	0.08335339472343861	0.16669807778280452	3.6348158090618474E-6	
9.077457163980057E-7	0.25005688743481624	0.08335036274113915	0.16670416234818264	3.9188877420872363E-7	
0.16662825992471703	1.3505554150771803E-4	0.1666738964671885	0.16667870182303093	1.924928373936706E-7	
0.08337131526516631	0.08338429961297261	0.16666476696246066	0.1666701415570905	1.679755874271658E-5	
2.4784722348780158E-5	0.1667065184535091	0.16667801474565927	0.16669822953375893	2.729024938032499E-6	
0.08332740207233606	3.41166349660679E-5	0.2500447560038901	0.1667007250433753	2.745444893908429E-6	
1.8817709476953415E-7	0.08336589908287373	0.2500410915653039	0.166699325570722	2.7495168556503108E-6	
3.4760324094303486E-6	5.92976478798499E-6	0.3333544811638919	0.16674158043655896	5.488389310066049E-6	
0.24998872870344904	2.123351944800937E-6	3.569281829789313E-5	0.25007811839665345	5.734702906822736E-6	
0.16675722209404414	0.08330126078929301	1.078648059651526E-5	0.25002989617498844	1.1987260131782418E-5	
0.08335385901978096	0.16666544065676595	2.3635578115997506E-6	0.2500816021854197	5.865101241713152E-6	
1.0781009253639463E-4	0.2500094422042792	5.034753194249473E-5	0.24993399955716203	1.3055007348296907E-5	
0.16670117224290992	6.062776887781479E-7	0.08331743169297563	0.2500850135785737	6.496650310847162E-6	
0.08336401267939969	0.08334608289113074	0.08331655461035273	0.250079267575931	2.8534613516238588E-6	
3.1886578246065923E-7	0.16666442029545253	0.08329387538650745	0.2501532830902555	6.873436710716266E-6	
0.0833797459821897	7.196397061238912E-5	0.16662384129418234	0.2500368828274552	6.868133761684371E-6	
8.066519156862873E-8	0.08335793126031742	0.16671782351236333	0.25004258316629074	6.247190368916589E-6	
2.499541218302604E-6	2.273905776617013E-6	0.2500427989593341	0.250058544662938	6.8623953612045866E-6	
0.16671267075132862	3.982874795896049E-5	2.2390695458415958E-5	0.3333331175410263	1.0969533553205716E-5	
0.08334178420782867	0.08332345423440546	4.588921726613155E-5	0.3333915475233998	8.087136416356685E-6	
3.51573647454738E-5	0.1667045301961345	3.503432403131622E-5	0.3333327735600845	7.34283779848531E-6	
0.08337264404869713	3.5716521376804016E-5	0.0833647604374549	0.3333295807685549	9.63143149657326E-6	
4.671293815195451E-5	0.08336101282156477	0.08336418397064455	0.33332715266132035	1.2229947662602643E-5	
3.862611984833633E-5	3.8095068372716384E-5	0.1666942996893196	0.33332600761163916	1.22298050987668E-5	
0.08351647866762461	5.891172018944761E-5	4.5005841689437024E-4	0.41607186637378324	1.9365260241445867E-5	
4.086279003183013E-4	0.08359875720807912	1.8244738461890982E-5	0.4160733594896096	1.2414952258435823E-5	
5.085994802258597E-6	5.016936230919437E-6	0.08332404965682161	0.4167717762510195	7.0710419559820724E-6	
1.4378903368328677E-6	1.9492403565513205E-10	2.618256388712627E-7	0.5001138671806392	1.8231890238889872E-6	
0.41674952179471214	5.261225335034763E-7	1.7376974198553667E-6	5.241502042400349E-8	0.08335648804486899	
0.33339208535380205	0.0833589033744704	1.7960220331402644E-6	2.130129871709467E-8	0.08335592773441518	
0.2501045500338745	0.16663272680962868	5.8333086749788885E-6	9.86457617295402E-6	0.0833586124767694	
0.16669078965980394	0.25005895226286523	5.83878954339704E-6	1.5224425454487678E-7	0.08335635935278966	
0.08335921898350453	0.3333897060513047	2.8864607955919977E-6	2.018731243024614E-6	0.083355949294359	
1.7197520778965312E-8	0.41675100276679095	5.811080866241822E-6	1.2444307671326153E-6	0.08335838292959621	
0.33340668035121623	2.2046149475771587E-6	0.08334378635328532	5.299396895643148E-8	0.08335623700606012	
0.2500495471939935	0.08335508807728373	0.08335075366960393	1.5325351187838347E-7	0.08335648642789692	
0.16671220446767165	0.1667008770157704	0.08334386894080682	1.0381288248858251E-7	0.08335493071666754	
0.08334741106226262	0.25006576239548617	0.0833438925166811	1.0401219730419156E-7	0.08335495244315787	
1.4311070845345714E-5	0.33342021811893424	0.08331463319398076	2.1554628721792855E-6	0.08336044260252927	
0.25003806525392686	4.133079772339179E-9	0.1667154770645372	1.5778837839285624E-7	0.08335618986464961	
0.16669459291853717	0.0833434238982832	0.16671544202029626	1.485378562393018E-6	0.08335546766666906	
0.08331379666540682	0.16671809535347898	0.16671713853416803	2.1567756871699744E-6	0.0833564350366785	
1.073384169836339E-5	0.250063813040938	0.16667348730365159	2.188406549183132E-6	0.08336023589973775	
0.16670510864023733	1.1455153336748607E-6	0.25004624616370635	7.097283031019596E-7	0.08335706726001622	
0.08335669905713401	0.08334949924363581	0.2500476725429979	4.964969305984633E-8	0.08335720563594871	
2.4277200463137572E-6	0.16670419042681822	0.2500482878203716	1.0813782308892706E-7	0.08335706924509748	
0.08334673729208182	5.007327366875383E-6	0.333399705359885	3.1904180563270037E-6	0.08335725937357037	
4.058605438176468E-7	0.08335168692401923	0.3333996075634115	3.285221135203754E-6	0.0833571330575841	
5.912624183415305E-7	6.493265751919115E-7	0.416749565130747	3.204529982101137E-6	0.08335694188371376	
0.33340435300489757	1.7269084030109448E-6	1.6738785202976455E-6	0.08334500024741118	0.08335624308813624	
0.2500509218721347	0.08335646189430257	2.8010393793674937E-7	0.08334498313391855	0.08335498365866623	
0.1667069356766092	0.16670100759399525	1.706879002633534E-6	0.08334606644167082	0.08335627999277333	
0.08335271450284465	0.2500559407458248	1.4809119448040632E-6	0.0833456277124565	0.0833562828040657	
2.7272555564176563E-7	0.3334070204214734	1.6892620183579798E-6	0.08334590822252035	0.08335611196345902	
0.2500631165160978	7.731574024855934E-6	0.08333656619235578	0.0833449174210103	0.08335615855124674	
0.16671681431330265	0.08335454136054826	0.08333667482969509	0.08334564959365208	0.08335522664602553	
0.08338273378887136	0.1667076826353638	0.08332729640044464	0.08334422722432558	0.08336263038665019	
3.914888847819836E-6	0.2500768800416339	0.08332389102627344	0.08334416364523332	0.08336038375144067	
0.16670256347078435	2.9010480895880015E-6	0.1666991146115053	0.08334422639149672	0.08335874686525369	
0.08335510872245222	0.08334859661735017	0.1667033436537224	0.08334540453999281	0.08335507122402457	
2.533049098720701E-6	0.16670016269255716	0.1667029202651219	0.08334504658900099	0.08335733725759274	
0.0833281341894231	3.410622308417117E-5	0.2500466619199651	0.08334228621032426	0.0833564078956734	
2.155305959103073E-5	0.0833482419413225	0.2500426900831883	0.08334030138177033	0.08335663273636004	
6.069861609176243E-6	6.43216180767048E-6	0.33335513076086065	0.08338607467734477	0.08335733902362938	
0.250059760275737	6.432864545604131E-7	2.0686038147253153E-5	0.1666714633183211	0.08335620916463521	
0.16674800871652334	0.08330874872540074	4.26304002810265E-5	0.16668365638180452	0.08332644505745383	
0.08337446666862121	0.1667063900786364	1.550221899734985E-5	0.16667177575536657	0.08334365859342807	
8.064497949278278E-6	0.25005571352780215	1.566491992984663E-5	0.16667875351524566	0.08335961901396022	
0.16671469189111277	2.9415806511430386E-5	0.0833335179160242	0.16669227289576008	0.08334597632964881	
0.08338285461031641	0.08337056600198667	0.08333817216949008	0.16667789731257676	0.08334482497073294	
1.1682272089054777E-5	0.16672270401305156	0.08334414285770651	0.1666781716139969	0.0833610575857442	
0.08337434698182326	3.3074130171073995E-5	0.16668818408130445	0.1666555783968792	0.08335668782730936	
3.1626594323568277E-5	0.08338263840502186	0.16670186146323762	0.16666899268591664	0.08332695323731645	
3.4735707307835625E-5	3.167401307419596E-5	0.2500406953389924	0.16666360607924666	0.08333669567517736	
0.16670733810646168	5.002528709257878E-6	1.5788937737426398E-5	0.2500247168166252	0.08335631306447569	
0.08337180379565537	0.08335398898582383	7.2005229862112925E-6	0.2500324837447702	0.08334390465588006	
1.7660817944207683E-5	0.1666999629495703	1.0364336297870952E-5	0.2500249428191065	0.08335804740254384	
0.0833528933677837	3.3347431075510544E-5	0.0833424127690658	0.25002550259708095	0.08335835712336906	
1.2024935052973993E-5	0.08335661602217223	0.0833640860135193	0.25003204919481	0.08334449301272892	
1.5117042556890803E-5	1.3424834151266254E-5	0.16670771650519858	0.25003733807917083	0.08333746945916107	
0.08337359660913907	2.300647590931396E-5	1.6510862568562017E-5	0.3333433895893817	0.08335421653597797	
7.909814796474088E-6	0.08338310930322973	2.2950157685011602E-5	0.3333467836336774	0.08335475739175766	
6.383122420340444E-5	6.35746887663748E-5	0.08338201793447823	0.3332641232682385	0.08333752649506694	
3.516439993001688E-7	3.515204708389806E-7	7.565991787692857E-7	0.41675745117042945	0.0833530723491902	
0.33340964048130284	2.192138214967983E-6	1.885683794048628E-6	1.2559601571060352E-5	0.16669326296347678	
0.25007973603021605	0.08333607324671152	2.540763336121968E-6	2.2839808353097342E-7	0.16668977389129472	
0.16670711571221772	0.16670008678398993	2.6897592039575222E-5	1.4441984816581574E-5	0.1666609472741249	
0.08335385965005288	0.25005989560511593	1.7349089899406773E-6	3.5651681663926085E-5	0.1666611464439993	
1.929610711358053E-5	0.3334269040802751	3.3775002300316134E-6	2.1345125500264626E-6	0.16666616000485004	
0.2500751897008738	6.988197122506478E-6	0.08333493047385607	1.0407431839033324E-6	0.16669190110074839	
0.16668788745066546	0.08333801263291186	0.08332122295315775	3.7466813268932024E-7	0.16676356043097548	
0.08337399204404859	0.16670537965941074	0.08332675514451583	3.073345390356911E-6	0.16670245402734804	
3.624608556179981E-5	0.2500349055055413	0.08334021490579718	3.688481796099893E-5	0.16665999636236056	
0.16670686703923326	3.3081351838642213E-6	0.16670726825814838	4.5506445020827915E-6	0.16668747252849028	
0.08335652715451619	0.08335017487299681	0.1667072678241588	8.49277493378009E-6	0.1666892430545884	
2.6291154155879036E-6	0.16669351514325328	0.1666961693326859	2.0817317411482248E-5	0.1667011480618314	
0.08338955366787287	6.201011123275346E-5	0.24996887158320052	2.553629801801703E-6	0.1666884982716241	
1.193509351213337E-5	0.08337445649502663	0.25005374220371446	4.7386720826485825E-5	0.16662381025818887	
1.9995346834751333E-5	2.0004779674482718E-5	0.3333924714094248	8.469144816672752E-6	0.16666974651337071	
0.25002360417854347	4.018145456250265E-6	6.758229001603322E-6	0.08335105597255608	0.16672782705375813	
0.16670495099748436	0.08335950347951945	3.312714129822331E-6	0.0833607828821421	0.16669439076991885	
0.08336830999850525	0.1666939761270353	3.800563391306261E-6	0.08335603997361818	0.16668989398527437	
2.0345779108068405E-7	0.25004277803261693	1.2674119589757412E-6	0.08335128100773527	0.16671369261123611	
0.16669269829876848	3.436683276435003E-5	0.08335311896822174	0.08336634991391217	0.1666634072114348	
0.08335620787043423	0.0833423387120905	0.08336427383940884	0.08335487220819833	0.16669023118188864	
1.812601233996499E-7	0.16667905704985808	0.08335462681138217	0.08334522040587986	0.16673226028821314	
0.08335420412993613	3.6804486930354314E-8	0.1666974286512396	0.08335541361876615	0.1667008163102276	
4.833371281911291E-6	0.08335683720242087	0.16670994165928432	0.08333642182062931	0.16670187778650183	
3.636358428350953E-5	3.091332758818152E-5	0.2500332965631635	0.08334499110148473	0.16666201291510602	
0.1666976182433379	3.4134051716821135E-5	2.458440773194281E-5	0.16666598027278157	0.16669067067095955	
0.08338647611180824	0.0833768318845784	3.515864137632125E-5	0.1666614847482145	0.16665259429781723	
1.7407853606298575E-5	0.16669644269611428	3.043471991015272E-5	0.1666523155817777	0.16671404089724343	
0.08334495113993783	3.634330459489212E-5	0.08333887872956172	0.16670099831216983	0.1666887486301225	
4.479961104324669E-6	0.08337327442383399	0.08333627406159853	0.16669221186641628	0.16670454376904378	
1.903612882225748E-5	1.88643669253067E-5	0.1666810232483705	0.16669582973563402	0.1667064805657616	
0.08337576827751908	4.964567729087677E-5	8.182853681515357E-5	0.2499723737350829	0.16663342681621832	
4.8998347205429766E-5	0.08337765087718874	8.088986012189343E-5	0.2499732615626146	0.1666315937756159	
6.830557364804782E-5	6.079075760938527E-5	0.0833733909800982	0.2499581896261435	0.16665114822984906	
4.910995869014867E-7	5.422695316491445E-7	1.014169321732811E-6	0.33340674911894663	0.16670372822966567	
0.2500365530607157	2.423629349413346E-5	3.172213595085789E-5	9.701538533038382E-6	0.25001097993004573	
0.16669759424125413	0.08335584495222324	9.009198026782333E-7	6.591952909925926E-7	0.25005637089519916	
0.08337817190259678	0.16672611673461418	7.231067390345053E-6	4.08212874206231E-7	0.24999805192726682	
3.7216874088593265E-5	0.2500216579826291	4.5780247755607803E-5	1.0317842234569733E-5	0.24999751657254715	
0.16669494233846865	3.4324129544426576E-5	0.08335558026814457	3.588280186021674E-5	0.24999081296415013	
0.08335709034266577	0.08335357403615044	0.08337082789266757	2.6379752623081844E-5	0.2500020622503768	
1.85525009848294E-5	0.16667437636609933	0.08339504056952002	2.126078900653289E-5	0.2500021141332778	
0.08335978064659237	5.881243536395998E-6	0.1667168880368806	2.580416298157657E-5	0.2500047400662712	
1.3271614542911021E-5	0.08335248625257947	0.16671813051941756	3.584762724484584E-5	0.24998928570151516	
4.7741795168483903E-5	4.5195985603285554E-5	0.2500171887140258	6.369456926296527E-6	0.24999379412308237	
0.16670389814831374	3.211257667483896E-5	5.681575271640481E-5	0.08330781657393395	0.2500097703821348	
0.08337242999688452	0.08336657933276809	2.842971578247772E-5	0.08334088306893538	0.25001735310865786	
2.451014120844354E-5	0.16669109435583662	8.92815477173181E-5	0.0833119110779426	0.24999846309768523	
0.08335190102965313	9.422603780356817E-5	0.08331868389544221	0.08333893475080756	0.2500062475090457	
4.606012332195279E-6	0.08338842279757483	0.08335161282182442	0.08335625344217198	0.25000707460556026	
6.462440604511571E-5	6.400250664703654E-5	0.16664552543236882	0.08334386457746659	0.24999242041568015	
0.08348944664333746	2.1292082612637856E-5	1.7606789229579375E-5	0.16659288198878522	0.24999008628977323	
1.2408979715241607E-5	0.0833630915614275	4.588577451383655E-6	0.16660932182003602	0.25012753468797466	
2.945968785270275E-5	2.9972560863151316E-5	0.0833593900430057	0.16668636297956368	0.2500090525452989	
2.6906939143542733E-6	1.3583999211593312E-4	8.955070528099472E-5	0.24976796188730913	0.2501206485650786	
0.1666954383925485	7.729029186207383E-5	1.4510282775624958E-5	2.4956554695733803E-5	0.3332994721165875	
0.08335862871448245	0.08335292846109259	2.5873811630370376E-5	3.631230276729902E-7	0.33337094494828	
6.509308592431461E-5	0.16668326037802988	6.721268509502997E-5	3.93152780267859E-5	0.3332537006974157	
0.08335295312488572	1.7840985298878632E-6	0.08333461741318679	2.3939304923241325E-5	0.3333952821010755	
4.433118448547536E-6	0.08336284527259284	0.0833453491735283	5.324432373763481E-7	0.3333948921125996	
1.4239840424771972E-6	1.5986086449421827E-6	0.1667035004332686	4.242911619573736E-6	0.33340007348157846	
0.08335471021311001	7.165223982194418E-5	1.815731478387641E-5	0.0833618239590884	0.33330572958711396	
1.1925838918098035E-5	0.08335456795185335	1.8378962168946214E-5	0.08332857804728915	0.3333937441758216	
3.636806520168498E-7	2.1724887191873068E-7	0.08334999991078457	0.08336018165845607	0.3333990922597253	
3.938723464525203E-5	3.9547063194073366E-5	3.94834148879463E-5	0.1666976761714115	0.3333095622754276	
0.08338539611381508	1.1242802027023046E-4	3.108145852135244E-5	1.907547100568956E-5	0.4165588616639862	
3.261043297524186E-5	0.08352879478162112	3.368650677006014E-5	2.0539522296547687E-5	0.41650203160078253	
7.45397316844325E-5	7.51838826553276E-5	0.08339451008597006	1.6761475630637161E-6	0.4165632065748689	
2.0208220877235386E-4	2.0212587412099476E-4	2.009871473395305E-4	0.08320608919628365	0.4162974816327537	
5.300011493281757E-6	5.2840871275905E-6	5.0325096808460725E-6	7.649202958096356E-6	0.5000887482015165	
