0.5001252536435922	9.289368866604427E-8	6.664371731858879E-7	5.868834859285748E-7	3.1731891700301536E-7	
0.4167190481729894	0.08337296005596313	4.578122638906192E-6	4.8515152031911426E-6	4.119801616871084E-7	
0.3335874419316486	0.16644611325998093	3.511992760361412E-5	6.7602986855894685E-6	4.6228924948203985E-5	
0.25008117196256185	0.2500302311530488	1.929316668913138E-6	6.291599981810213E-6	4.210573464003754E-6	
0.16671814650473005	0.33339382713352356	2.6942959783447486E-6	3.967868559068338E-6	5.222382073061516E-6	
0.08338152761037208	0.41672215099499943	8.757746988197412E-6	3.7074820572304956E-6	5.258986579259514E-6	
6.890160138600165E-7	0.5001070771958483	4.4919414998253455E-6	8.475517509906897E-6	2.0525527165342415E-6	
0.4167354658344473	7.65240313539882E-8	0.08338012301365604	4.659112269237159E-6	3.1742996569490385E-7	
0.3334152545087277	0.08334603994236628	0.08335087394932315	6.311230583392609E-6	2.696364148605813E-6	
0.2500729967431687	0.16667728453787506	0.08334885741936802	4.651547910466594E-6	2.357162894009771E-6	
0.16673584034743355	0.2500063809228333	0.08335128868971686	3.64923075337881E-6	8.957245922927837E-6	
0.08343268535718697	0.33332761744761147	0.08335489211150254	6.119624079706682E-7	5.316600626258132E-6	
1.2557741586142532E-8	0.41675384710324614	0.08335361070208733	8.413629136345484E-6	5.363035317721743E-6	
0.33340914883269973	1.6025209675287582E-6	0.1666937627373144	1.9295805241131392E-6	1.4053431096023008E-7	
0.2500346355791478	0.08333009350021878	0.16673319517381543	6.5386395312848274E-6	2.2718562814138297E-6	
0.16674063676758905	0.1667428300833148	0.16673495420508902	3.91094156625257E-6	1.9973286669303466E-6	
0.08344125952236439	0.2499698391731696	0.1666981964100568	9.453598640921957E-6	2.9129178339102808E-6	
8.370400147078639E-7	0.3334129054988449	0.16669951827341314	4.114368915174186E-6	2.897680171349422E-6	
0.25006206103872874	2.2018383020182506E-7	0.2500542140605277	3.857608038639321E-6	4.551611921170055E-7	
0.16669476151345858	0.08336624376718693	0.2500527364416069	3.1075775701328904E-6	2.622433960283501E-7	
0.0833358431488605	0.16672233960386934	0.25005126765018226	4.605200463182525E-6	3.131679568933274E-6	
2.257832332263225E-5	0.2500522984445546	0.25004113547236345	2.2994430510276665E-7	9.050592851708082E-6	
0.16669156604412602	1.782644666678431E-5	0.3335038325350778	3.530529399158029E-6	1.0357309422684135E-5	
0.08333344232822121	0.08333754739064275	0.33342699527378306	4.820922198112316E-6	5.160943852732605E-6	
4.867811958999873E-5	0.16670729783135066	0.3333390247455998	9.574909607676346E-6	8.716916148822388E-6	
0.08339648433890075	1.7889410729736146E-5	0.416693180410908	6.225834023135844E-6	1.389078385121942E-7	
2.4354840700586004E-5	0.08340769356961511	0.4167814734741121	1.2156536074702827E-6	8.237932896229724E-6	
5.324691978002104E-10	5.502348280573943E-7	0.5000975479898396	4.722466194325433E-6	3.5830061405374395E-6	
0.4167493353469777	4.44826926346413E-7	5.385284493878295E-7	0.08335146369616939	1.431529427758414E-7	
0.3334050510488823	0.08334416282661718	5.382672781772058E-7	0.08335141291635682	3.6064923912269705E-7	
0.2500782466164456	0.16668084311913986	7.823251908438294E-6	0.08335438595535508	3.214493468092976E-6	
0.16668554292339138	0.2500843030766754	7.835097977665354E-6	0.08334547624102374	8.858813381830142E-7	
0.08343183972708573	0.3333277067474499	7.3005535219720985E-6	0.08334247994048256	1.4286433019094523E-5	
3.8914419081684085E-6	0.41674899410042937	4.1398766057563316E-7	0.08335111553151214	1.4585976135882935E-5	
0.3334124820257669	3.578064185714443E-7	0.08335208101198663	0.08335439792990254	2.9710379462653966E-7	
0.25005535634462156	0.08334855629846097	0.08334981983461857	0.08334906090329539	3.3670467484786887E-7	
0.16671250366164767	0.16668099650724275	0.08337503541419423	0.08335192533367347	2.793393333383797E-6	
0.083331750014061	0.25006332489378325	0.08337511629506333	0.08335566129106411	2.1613464896479285E-6	
3.491949345828626E-6	0.333415047283721	0.08334220262959126	0.08335176654469025	7.751955208880713E-6	
0.2500610723012335	2.0760819692956758E-5	0.16666992413347287	0.08335174779225153	2.7861658475033904E-6	
0.16666437659210775	0.08337527491084606	0.1667160622371382	0.08335068794874657	2.8742344493084338E-6	
0.0833650971642719	0.16673667944017215	0.1666497594779163	0.08334985865109876	7.80782495907887E-6	
5.931136573417422E-5	0.25005386393462375	0.1666557140217323	0.08334276290725409	8.577475869600973E-6	
0.1666994110111416	8.312170424082187E-5	0.24998179800096065	0.08334332283843394	7.070139989289314E-6	
0.08334197044695188	0.08334606879903617	0.25006762711171954	0.08335182624898756	4.7537146269550824E-7	
6.84158123566951E-6	0.1667158182590158	0.2500453951918355	0.08335432183688024	5.881980503982402E-7	
0.08335865672543957	1.4163681278502376E-5	0.3333995989247104	0.08334501226668972	4.451356780102797E-7	
4.1653313526929E-5	0.08338854035873744	0.3333397658091005	0.08334517465223232	3.787348131519156E-6	
7.238575284153334E-6	6.2077961256383066E-6	0.41675273650071	0.08335269280070322	1.0823701425731793E-6	
0.3334003481880275	1.059836287476674E-5	1.1039038990674363E-5	0.166678821116566	2.572518543729751E-6	
0.2501086197796124	0.08338913007977979	2.677958852085136E-6	0.16660183918848254	1.2743445634923218E-5	
0.1667137163009082	0.1666825674571687	2.546970869612845E-8	0.16671892622072235	4.118845851084293E-6	
0.08333702752090169	0.25007218559107086	2.1152097381137816E-6	0.16671011398194535	3.821867779520727E-6	
2.343223637480079E-6	0.33338842625496135	5.799042500106803E-6	0.1667187832238151	5.157062729828683E-6	
0.25005167432165604	1.2227891337375915E-6	0.08335724227784459	0.16668216165152022	2.282569230380546E-5	
0.16668629893472928	0.08334547495323705	0.08335594030806978	0.16671456644686353	1.273381008412375E-5	
0.08335480905800845	0.16668012186886222	0.08335579294133867	0.16672116041859134	2.4079424356182398E-6	
1.7621334453139503E-6	0.25003975049185867	0.08335798712552636	0.16672046414476901	2.0842728166321472E-6	
0.1666951174898871	4.791377980363548E-8	0.1666989735355658	0.16671812002329495	2.8255076482338045E-6	
0.08335919264170233	0.08332763156166761	0.1667143108722905	0.1667220062482136	2.8750282792754333E-6	
6.578371072853148E-7	0.16670644470895843	0.16668534566850138	0.16671695226363234	1.1234090934653065E-5	
0.08334930544950825	1.4427621505675545E-5	0.25002692111128794	0.16672110124355355	1.1336664709482533E-5	
2.629203539155423E-6	0.08336011801832238	0.250024734181142	0.16672066358924245	1.1336659704097868E-5	
6.829590216124918E-11	1.4533452540123228E-7	0.33338900367433355	0.16671930940975216	1.0310742882739578E-6	
0.2500071354053272	4.850858966161328E-5	7.228603345657346E-7	0.250043160903723	2.569998402020586E-6	
0.1667020586052908	0.08335221830644385	1.4790053433082208E-6	0.25004259190509004	3.930967625046692E-6	
0.08336512855847614	0.16670075667635129	1.414910726105927E-6	0.2500528506479173	3.886334342405364E-6	
2.61793088860004E-6	0.2500630671288348	5.250592036447911E-6	0.25005633251390225	2.6451956066073426E-6	
0.16672181562994373	1.9979316982016057E-6	0.08334123464509567	0.25004856381714835	1.5368406463803569E-6	
0.08335256054157032	0.08335435599445994	0.08335755126468435	0.25004983166113154	4.136222657896356E-6	
1.7365022419081373E-6	0.16671833790154816	0.08334568130824947	0.250051064550092	2.085404336978883E-6	
0.08337799190991212	8.154228860017737E-5	0.16663730136384428	0.250022917416666	1.358990186487445E-6	
6.380397470674687E-5	0.08338528731814619	0.1666236258887332	0.2500288976807011	1.786809959285049E-5	
6.065503678280458E-6	5.738600972738164E-6	0.2500627455625641	0.250031811568487	2.821632377877723E-6	
0.16671054666663887	1.1193099140336153E-5	9.050381243967861E-6	0.33338289184964726	1.5099358111955383E-6	
0.08337876577852367	0.08334684285941928	6.146864996993384E-6	0.3333847752304685	4.587329104291775E-6	
2.333741712987284E-5	0.16669703532941854	6.190858499895796E-6	0.33337194304698153	2.0265756722706998E-5	
0.08335692833213745	6.6722366626243264E-6	0.08336971861124956	0.33338784323748716	1.8082175600864989E-6	
3.1766773998557755E-6	0.08335639043899475	0.08337342814960987	0.3333890735720366	4.470415656405701E-6	
1.370788386830681E-4	1.0686397038533354E-4	0.16671955997776428	0.33315439966127497	3.7181477533805723E-6	
0.08337410130459595	6.845054250256486E-6	4.0804702206374405E-5	0.41669108276365713	2.098311764916755E-6	
1.2639597915831726E-4	0.0834185390913422	3.5787029856520896E-5	0.4165312108597342	1.3951981446271034E-5	
6.711270732439683E-5	1.0595561748748389E-4	0.08333405703033402	0.41660799829294975	3.865732919335128E-6	
1.6840723790071966E-6	2.7821439616224475E-8	5.049717419532094E-8	0.5001201673969983	5.051280367089609E-7	
0.41676431706922556	4.3018029686082666E-8	7.8982522089146E-8	2.0506041155605623E-6	0.0833530179505702	
0.3334157157809268	0.08334674187992347	5.032735763991891E-7	3.444168181093531E-7	0.08335361793087814	
0.2500729977946893	0.16667718480866683	4.991044727881477E-7	2.2982032181665355E-6	0.08335261767735967	
0.1666826185193973	0.25007973112250254	2.2307144409077914E-6	4.008529182325834E-6	0.08335564532872633	
0.08345813611563435	0.3332918759457434	7.133022730874921E-6	1.1639905721716151E-5	0.08335462506025985	
3.11234109481348E-6	0.41676260697606904	8.644781413073104E-7	4.197364276285439E-8	0.08335332445813644	
0.3334008055589241	3.989356611935222E-6	0.08334300632320878	3.903273296783834E-6	0.08335005256587776	
0.250056342099856	0.08335983557615631	0.08334585173363121	2.2768049079851316E-6	0.08335259727096275	
0.16671861301936408	0.166698877702106	0.08334287444086314	2.9320990906936113E-6	0.08335351408867986	
0.08335755467023735	0.2500604289841991	0.0833411397230397	4.074046247111134E-6	0.08335349627489189	
2.3460701665744603E-9	0.33339063511869005	0.08337261894659072	3.3935126783673157E-6	0.083353598025746	
0.250065957154794	2.0571807642406512E-5	0.16667306839592813	3.989930452707315E-6	0.08335263558632887	
0.16672724112468393	0.08335856015001294	0.16667258341999247	4.149769071379724E-6	0.08335205119009355	
0.08334474155708871	0.16669532154413713	0.16671860999862997	2.589235371339825E-6	0.08335332501669102	
2.6801644181696707E-5	0.250061441765056	0.16667496173571952	3.010621454697072E-6	0.08335406515081435	
0.16672498389064055	5.8009556402504345E-5	0.24998248457279923	3.903637017065396E-6	0.08335398405256637	
0.08335147396803495	0.08335516696300095	0.2500551765238335	1.0183095680994152E-8	0.08335247168324264	
1.5725975255709424E-5	0.16670312154666256	0.2500396775945267	3.742701261485373E-6	0.08335196986955891	
0.08336638721259151	7.0298078674448285E-6	0.33339871955605943	3.9565921720547915E-6	0.08335647088109134	
3.899187939155828E-6	0.08336534793572754	0.33338216813881855	4.017766224756521E-6	0.08335231030243581	
1.201505544204807E-10	7.2033102786106245E-9	0.41676578019353683	3.1067609216504547E-7	0.0833538147238395	
0.33341201517184055	2.2996550216062826E-7	2.4161553292533196E-8	0.08335403336314987	0.0833529787068252	
0.2500527829328488	0.08335828400271332	3.335737212685366E-7	0.08335383472291592	0.08335324133640089	
0.16670372764813335	0.16671040771212745	3.1355160780674285E-8	0.08335452628261933	0.08335402365959471	
0.08335562483147471	0.2500529670165655	7.571503113915278E-7	0.08335303871965931	0.08335280503119509	
7.919137197772581E-7	0.3334003533072321	1.9118786751620625E-6	0.08336356256867677	0.08335333973259781	
0.2500565316171285	1.961526121854381E-7	0.08335251015818652	0.08335328801503485	0.08335221738472176	
0.1667077408195189	0.08334894034392641	0.0833525389649339	0.08335329183049332	0.08335345216951626	
0.08334819003833513	0.1667023039184203	0.08335906109522094	0.08335345146351457	0.08335201262134613	
3.07834225587654E-7	0.2500501642029369	0.08336212243274958	0.08335377395005099	0.08335328612262208	
0.16670741787231927	4.7166282045923097E-7	0.16670289637543814	0.08335367444736175	0.08335260452060682	
0.08336001411900297	0.08335002707205859	0.1667050487604552	0.08335348199776944	0.08335369998817764	
1.712028799406415E-6	0.1667071480964597	0.16670375033490337	0.08335377794764356	0.08335325878155003	
0.08335642566252868	4.7262873353385534E-6	0.25004730555808724	0.08336141162993521	0.08335325362609766	
6.235423472635404E-5	0.08335251442043147	0.24998806008434718	0.08335945949814243	0.08335175563959153	
6.336234812220123E-7	6.413565251293582E-7	0.33341279555383113	0.08335245403598247	0.0833527493591802	
0.2500575447549821	3.8232596695825524E-7	7.064478366960368E-7	0.16670402404426307	0.08335222426943462	
0.1667050494070676	0.08335339673521208	3.163452283792475E-7	0.16670411000476767	0.08335225493851289	
0.08335536211312544	0.16670272274481346	3.0280935873859817E-7	0.16670387096467665	0.08335323731003591	
2.950666045244243E-6	0.2500684161387941	4.769999787058364E-6	0.16669029142568145	0.08335357051338946	
0.1667023831482203	2.081431902678622E-6	0.08335638172645433	0.16670532816525643	0.08335284768438594	
0.08336913328451843	0.08333597608848171	0.0833566358044855	0.16670593132583256	0.0833544281746061	
2.4302733132428575E-7	0.16670588070200298	0.08334801668984425	0.1667121792500296	0.08335419565184776	
0.08337845088743695	4.0024455178497496E-5	0.1666769318667108	0.16666981698510874	0.08335263221464151	
3.5050678103734397E-5	0.08338403511700117	0.16667744300592705	0.16667016339871543	0.08335279144047891	
1.966179210438743E-5	2.0941158040841266E-5	0.2500559256718679	0.16667016397988846	0.08335270373056361	
0.1667061347698003	3.24463027076517E-7	3.569986737095727E-6	0.2500579964973576	0.08335333409740917	
0.08335826801020714	0.0833486899901414	9.137465460279659E-7	0.25006027806175174	0.08335458374565118	
1.692379464624836E-7	0.16669417535007183	2.0999554689108193E-7	0.25008131629476615	0.083356503585015	
0.08335256857628134	1.3039310480719225E-7	0.08335887110188517	0.2500509419455784	0.08335209287690308	
4.798819971078599E-7	0.08334683168142107	0.08336114615914869	0.25006111732356634	0.08335351216073816	
3.3222152162665774E-7	5.296040354237946E-7	0.16670582029082362	0.2500587692214628	0.08335344355404381	
0.08335283344380279	1.8937933266982862E-8	2.2790147730988362E-7	0.33341820051000326	0.08335458334922513	
4.7559370671952763E-7	0.08335379618769326	2.2988410505646338E-7	0.33342326563016245	0.08335588242842035	
4.9861717016213326E-5	4.9807453120484005E-5	0.08331073440829502	0.3333508667022865	0.08335299050313849	
7.837081912011253E-7	8.010235836041182E-8	8.343028155379949E-7	0.41677281285684487	0.08335448048801591	
0.3334067100933062	1.6387448926092218E-6	9.234588518012986E-6	2.3074011157374913E-6	0.16670587907474882	
0.2500146607893104	0.08340089312928514	1.6594079073811641E-6	1.8389523036775152E-6	0.1667048525293848	
0.1667046511466064	0.16671244707973532	2.950629599181527E-6	3.8261018386009365E-7	0.1667059321491356	
0.0834453658026866	0.24999321538632646	5.70682299584775E-6	9.029358895742602E-6	0.16667374826266593	
2.345977292697278E-6	0.33339011476601665	3.456952932945873E-8	4.3615690177214337E-7	0.1667263311862771	
0.2500572306459618	1.2290694733360234E-6	0.08335912395650799	2.3074011174345693E-6	0.16670587919735988	
0.16669722474022997	0.08336594922728911	0.08335453767167704	2.4270703966167274E-6	0.16670549144730698	
0.08335244597906695	0.1666978963783252	0.08337062453452704	5.691091273765471E-6	0.16669519346249614	
4.985515115103553E-8	0.2500379600549602	0.08338524444295727	1.062075166748454E-6	0.16669616729121037	
0.16670972190432737	1.8485434244295132E-6	0.1667069113420463	1.953190936145938E-6	0.16670552019750862	
0.08338849117760094	0.08331992592861337	0.16670357872273556	5.769725387935113E-6	0.16670406825683518	
1.9880848007320033E-6	0.16671652122661784	0.16671366809770072	9.348133085094579E-7	0.16671195934384322	
0.08333777904075498	2.445447390817652E-5	0.250051330981547	8.664383734732736E-6	0.16670077149349713	
3.249488632105736E-5	0.08338486765218431	0.25000196133747943	5.1906212486149086E-6	0.16669503663131893	
1.4683816388760342E-5	1.1197191747647003E-5	0.33338729507466097	3.3915293944593974E-6	0.1666918119494889	
0.25005489463540576	1.262311838961023E-7	1.0646053638580816E-7	0.08336038658712082	0.16670308271862297	
0.16670660059106188	0.0833489426717696	2.036768056357698E-7	0.08335970938923816	0.16670335305270212	
0.08335477794373945	0.16670295126259754	3.637646233239003E-6	0.0833615782325983	0.16669333725889626	
9.319438436763024E-7	0.2500542912310569	9.374274581279764E-7	0.08335984979526245	0.1667029497716053	
0.166694372412	8.047779632065272E-6	0.08335544267267231	0.08336040993999733	0.16670409491241334	
0.0833539493396215	0.08334628700552275	0.08336682736885431	0.08334990999518942	0.16670345425445776	
3.079599926564849E-9	0.16670106983178232	0.08336626598902444	0.08334958184162942	0.1667034437510475	
0.08335121796034343	2.3804618269012895E-5	0.16669734275721027	0.08334910225348593	0.16670085252188685	
3.968279552738653E-5	0.08337603764326844	0.16666902122520397	0.08334925195135358	0.16668641279571042	
2.9946960918188404E-8	2.321268328097517E-8	0.2500526335793536	0.08336592053243169	0.16670444460405964	
0.1667085061513713	5.110364077198187E-6	4.819353752056712E-7	0.1667051853930767	0.16670326650090506	
0.08335381719776447	0.08336032264070764	7.412526012438201E-7	0.16670632483899755	0.16670140547020634	
4.15509601800439E-6	0.16671130625340527	8.022533351645635E-7	0.16670885195838903	0.16670754260095225	
0.08336241246241735	2.620376929044027E-6	0.08335833368119387	0.16669544489195454	0.1667042647736811	
2.118739138524752E-6	0.08335557491979152	0.08336442436091993	0.16669915037007274	0.16670107604688097	
6.7770198829653994E-6	5.24667903887542E-6	0.16671149294433027	0.16669517099182532	0.16670424359669447	
0.08329744201240252	1.708070432084868E-7	3.6498069716955097E-7	0.2501148024374917	0.16671549434296734	
1.2690683647282602E-4	0.08333451813455219	1.944751943639351E-6	0.2499920284278852	0.16667817864241702	
9.819236209682504E-6	1.1109963285947468E-4	0.08337883785532631	0.24990999635849048	0.1667114588630167	
1.0424492516493727E-6	9.226701620357159E-7	7.914899362074341E-7	0.33340823712031364	0.16670812520665124	
0.2500236140794612	6.45517632823154E-5	1.3590989674553005E-6	6.679993892309874E-6	0.2500277358321789	
0.16673227809914046	0.08333282169765474	5.843889845652476E-6	2.3400848307140548E-6	0.2500458550677226	
0.08339272324595717	0.16667879588700774	3.470782509602157E-6	3.991755240428355E-6	0.2500429624222862	
5.905539281584113E-7	0.25006002384977205	1.2148367052481447E-6	5.5142435145793855E-6	0.25006094988591876	
0.16673545034536735	3.790165967852621E-5	0.08338729392169822	6.89491733636709E-6	0.24996488225800337	
0.08334991501936473	0.0833562373143871	0.08335368414136173	8.308105056190323E-7	0.2500544398993645	
3.549475428113939E-7	0.16670390697381648	0.08335510433566722	7.923102354089491E-7	0.25005381009284733	
0.0833718822034078	1.2136046046909093E-4	0.16664800204997396	3.683767761989764E-5	0.2499798478145088	
9.43052411846525E-6	0.08338209409899396	0.16667878726133753	2.4576555616551015E-6	0.2500411044752279	
1.3802595671970153E-5	1.53992168603099E-5	0.25000220422827113	2.542328731069008E-4	0.2498415752604843	
0.16669812810306514	1.184439140080431E-4	7.282103921878433E-5	0.08333684014569315	0.2498980711903942	
0.08335949629058166	0.08336588428234633	3.203163178950366E-5	0.08332110729070627	0.25004038452000993	
2.2895674261861256E-5	0.16673487416600566	4.30330690798923E-5	0.08328234821514396	0.25005349112777725	
0.0833638125342547	5.460824489757872E-6	0.083363441834622	0.08333096983208665	0.2500573630107637	
1.2210318830276472E-5	0.08336103330477415	0.08336650912200344	0.08333461296695022	0.2500473937186461	
8.049075848844848E-6	8.983708761680614E-6	0.16672495776521254	0.083335074707049	0.2500498144427636	
0.08336842282605846	2.9109633719149343E-5	1.5221342936184896E-5	0.1666753997999501	0.2500443958964905	
2.602895905812058E-4	0.08344810846963224	3.9698504573149095E-4	0.1664973923411378	0.24953892960443233	
6.98015351836108E-6	6.542171855266318E-6	0.08329478745834468	0.16677273402160347	0.2500430854854354	
3.529615637313751E-6	3.5794285710621065E-6	4.392704999008959E-6	0.25006665330336875	0.25005537189687677	
0.16671722266989172	8.575366171170313E-7	2.8155156859721014E-5	3.9690076856378786E-5	0.33332935289145554	
0.0833615812143561	0.08336758635575339	3.0431401296715683E-5	2.8671765914944705E-5	0.33333054951373936	
6.259826641287546E-8	0.16668294886094137	2.267857120161916E-6	1.4485360173990937E-7	0.33342904610404117	
0.08337206641356885	4.43372386113583E-5	0.08335182404722151	2.3902933497370233E-5	0.33334182258295375	
2.762593604107908E-5	0.08336776985383282	0.08338901307121713	3.4556210573088215E-6	0.33333314637687383	
2.1613669923207906E-5	2.1696582810192454E-5	0.16675723912144294	6.295586139458078E-7	0.33332270105476663	
0.08335979217112201	5.168811557394353E-5	1.522426137972445E-5	0.08336322008621545	0.33333716444377026	
2.7410537621459782E-5	0.08336108924853898	3.6942693048706694E-5	0.083361958977734	0.3333321217603803	
3.162640234476444E-5	3.0124910474050084E-5	0.08336383803297027	0.08336210573255425	0.33333279786012787	
2.058572240697201E-5	2.152172381261753E-5	4.014323833055596E-5	0.1667123270973434	0.33333870603733223	
0.08343065879987734	5.897695816069885E-6	2.0432510348570787E-4	1.6514584491274012E-4	0.4163197015746155	
1.5201182344194326E-4	0.08332046646606844	2.0125732869383182E-4	5.109922991494621E-5	0.4163908455739667	
1.1299538625292028E-4	1.1252950710354841E-4	0.08342624920168343	1.5733889608382192E-4	0.41633760915060136	
1.7164132813491585E-4	1.787903201569852E-4	1.292802273318191E-4	0.08339737648128567	0.41625441683817954	
7.400448897506177E-9	3.02694888356879E-6	3.021820464640348E-6	5.6460357444019865E-6	0.5001112301280157	
