0.500059604129864	5.699102352112358E-7	2.2782849429247257E-7	1.8239237102322563E-6	4.060788365059227E-6	
0.41674251711182764	0.0833175137566786	1.0245867594621948E-7	2.7154242374412284E-6	3.093362438525843E-6	
0.33331810428951136	0.16672747136811042	4.28280291023896E-6	1.03162190970585E-5	1.0913767768953793E-6	
0.2500188098317277	0.2500336117196165	4.213653294702797E-6	2.6387687929944844E-6	2.4334559121502508E-6	
0.16684458471076874	0.33316188213354675	1.0586917755034586E-5	2.9863334555820386E-5	1.7775238507005214E-5	
0.08334572814719689	0.4167135261935747	1.89395446897598E-6	1.5011661669193046E-6	4.1565745302803444E-7	
2.21039638276555E-6	0.5000627983438929	5.5149866588444565E-6	1.2108723965041566E-7	2.935820122550796E-6	
0.4166929793862942	6.595963514825122E-7	0.08336315579855713	2.5552930851714443E-6	3.5492502165601025E-6	
0.3333301621616859	0.08331672390094469	0.08340488575818861	7.680128092482428E-6	3.0838607301037936E-6	
0.25002996907019687	0.1667127567385237	0.0833051596371022	1.1036578566869248E-5	3.205161850410981E-6	
0.166695164837343	0.25001593389473664	0.08334644739274916	2.661039785215888E-6	1.6046521621630604E-6	
0.08336544146510114	0.333343690604733	0.08334603107855384	4.059193963956696E-6	1.6278277062696888E-6	
2.1574285361164523E-6	0.4167217377117161	0.08334287034359057	2.3778174188946305E-6	1.5634338718761667E-6	
0.33337844844910935	3.8006757545878513E-6	0.16667096832745676	5.409963994699756E-6	3.079096162151376E-6	
0.25012753132558285	0.08325486785842758	0.1666710433479575	7.712353053591958E-6	2.7925627155162455E-6	
0.16668760830217463	0.16668728254481877	0.16668198528394745	1.8765509334569437E-6	1.934131655679018E-6	
0.08336104568250076	0.2500091326351312	0.16668341703552422	3.912756690379136E-6	2.9905597385331696E-6	
1.4363897500029786E-6	0.3333702641747288	0.16668417815131234	2.3720835344613398E-6	1.9050178907732063E-6	
0.2500239869656941	1.360414881622599E-6	0.25003674860092057	6.0999901958951226E-6	2.7308299396845217E-6	
0.16660853309442508	0.08341060467959803	0.2500276254773231	6.066199971423724E-6	9.571495314419734E-6	
0.08334459757141423	0.1666781109922657	0.25003391174472356	5.551991233342892E-7	3.0026508850990432E-6	
1.948106695741452E-7	0.2500214718391869	0.2500334505361824	3.991245850831448E-6	1.8768048375449764E-6	
0.16666274502382608	9.65187500332759E-7	0.3333917166890058	2.6886444273520416E-6	2.7906466196970686E-6	
0.08339291111788627	0.08339333363313642	0.33325884369959385	5.139418333667327E-6	1.143529025068927E-5	
1.1643543890788173E-6	0.16670800908512248	0.3333404409049249	9.232377767059956E-6	3.0320002092420483E-6	
0.08336383735662681	4.2796418121221865E-5	0.4166401612146302	8.79316447323356E-6	8.762565390703036E-6	
5.523791080865036E-6	0.08334831693714144	0.41671322239381714	1.7042037707404402E-6	2.1078633740136975E-6	
2.3292517104907782E-7	1.9990333428819775E-7	0.5000630523100625	7.061126856488141E-7	9.33691518466429E-7	
0.41670065205604667	4.765901615127224E-7	1.043767542221401E-6	0.08335436982193209	2.731917592051607E-6	
0.33334980010639315	0.08337446361959534	3.531911169335515E-6	0.08332864682789794	3.3745377174944398E-6	
0.2500140514518646	0.16668707416574688	9.471643111447473E-8	0.08335553060868324	3.3621855715415798E-6	
0.16662046439810146	0.2500744808374478	8.629619479086363E-6	0.0833551721577807	2.0070395132438905E-6	
0.08336850973391664	0.3333559516394172	7.259970067801895E-6	0.08332725062383198	1.7775691010797613E-6	
1.560576485810598E-7	0.4167169266085914	5.966997927782255E-6	0.08333573397038053	1.7830530725737813E-6	
0.333353183295384	8.948051708755086E-8	0.08335040558009642	0.08335468589600978	3.362111213414359E-6	
0.2499971213441518	0.0833706136164692	0.083354047099372	0.08333757115018747	3.7079954102190753E-6	
0.16668745165543672	0.16668407038715863	0.08335044823938952	0.08333697142368936	1.874824049084303E-6	
0.08335461722692035	0.25002092517038327	0.08334860967438097	0.0833356091821941	1.6399661853274022E-6	
1.687044341366196E-7	0.3333716865811417	0.08335169362306881	0.08333565907421255	1.6481475000445712E-6	
0.25003136005187193	1.3194772404011428E-6	0.1666938200510232	0.08333342011601927	1.2954958272736619E-6	
0.1666844246159721	0.08334934414413352	0.16669415482283478	0.08333113810474312	3.5158878378877014E-6	
0.08334442485011319	0.1666654041512196	0.16669812698474232	0.08335005451071784	2.972068826585594E-6	
1.4967655465116353E-7	0.2500101201392522	0.16669821113090258	0.0833501060730452	3.01801096650104E-6	
0.16667354030701578	4.920608272026433E-5	0.25000259823081067	0.08333584281108536	1.6804580620065418E-6	
0.08334049434287688	0.08334059547557082	0.25002455776431554	0.08335111302082705	2.975640449918195E-6	
6.811733801607598E-8	0.16668222579411654	0.2500258324596289	0.08335174096190391	4.735315842547174E-7	
0.08338492320121653	3.100353781261436E-5	0.33330629910649223	0.08333463908086695	2.8446987669858075E-6	
4.3522223117642314E-7	0.08331314005927867	0.3333938706230981	0.08334996296252939	2.9754891777872703E-6	
1.85896240817447E-6	1.960859148011347E-6	0.416719298643926	0.08333521106755606	3.936983260397985E-6	
0.3333656831219091	3.807973500123777E-7	2.5164181644084324E-7	0.1666927264888005	4.111322166958895E-6	
0.24997866268764876	0.08336482002238996	4.150480697663879E-5	0.1666719845612176	3.6391071265866896E-6	
0.16668952303316584	0.16668611014150295	7.461473512962233E-7	0.16668510853119736	2.042413873981573E-6	
0.08335586410899526	0.25002415161146174	5.0597710885859075E-6	0.16667671202141168	3.585671913585756E-7	
4.961023425585346E-6	0.3333730734797865	1.0034395835170911E-5	0.16666913742399392	2.434082195412804E-6	
0.25002710557691127	3.1114021152026972E-6	0.0833272026812066	0.1667013977291713	3.6768471369007768E-6	
0.16669586725617885	0.08335469037983978	0.08333232865390454	0.16667613133593961	3.6734023281391436E-6	
0.08334582965905131	0.16668085944745903	0.08336657985292072	0.16666399658613967	3.256133342136485E-6	
8.930984697815284E-6	0.25002262987985374	0.0833682059464304	0.1666574659631077	3.1374282142200065E-6	
0.16668846513923175	2.963246473277864E-6	0.16669761084195242	0.1666727410156197	1.2010429091397553E-6	
0.08335411297463341	0.08335378424354481	0.16667803247276872	0.16667227058347775	2.057370315901719E-6	
3.581244551391061E-8	0.1666805168086492	0.16668949609260797	0.16668863776404264	1.6269827028874493E-6	
0.08336410520375526	5.854094668449271E-5	0.2500039282675967	0.16662409677232484	9.759940360506537E-6	
1.2015675987276677E-7	0.08333897348017197	0.25003161514515787	0.16668897442401168	2.04939999228941E-6	
1.3993291226424165E-7	1.4261623423034393E-7	0.33337431633600695	0.16668700883839446	3.533576956065524E-7	
0.25003872462285	2.1359249868618143E-5	4.671414107363721E-6	0.2499942492105494	3.937843430697727E-6	
0.16667600158912088	0.08337007810879227	1.550446602244766E-5	0.25000108668262483	3.080387630162873E-6	
0.08334561973258688	0.16669795903045745	1.8142874649052827E-5	0.2500022253546658	3.3030578359916577E-6	
1.1814575097155323E-5	0.25003292207611544	1.4112231648465782E-5	0.24999988326166162	3.0926988110328417E-6	
0.1666692627552785	8.22299587978725E-6	0.08333952254659514	0.2500440751370847	1.9262675953156506E-6	
0.0833397851825214	0.08333975042746124	0.08333940941055976	0.25004601487907746	1.3099974167456242E-6	
1.399117911050925E-6	0.1666763224510703	0.08333762020865003	0.25004443089945505	1.010914007271224E-6	
0.08335511995063903	2.208194446194537E-5	0.1666914022230818	0.2499900470918974	2.0070506008802436E-6	
5.398606237770909E-7	0.08320915873265876	0.16679402656490838	0.2500327189724423	2.45283569145368E-5	
1.5355056910120755E-5	1.5032740271607256E-5	0.25003096670328323	0.24999721071526315	2.0333659356087644E-6	
0.1666806151415572	1.087652168627859E-7	8.123057684516063E-8	0.33337907695606805	1.4227369043245383E-6	
0.0833402189132471	0.08334073947492035	6.852469968607584E-9	0.33337940005488664	5.586083087878071E-7	
2.1053978234726784E-5	0.16669934185068358	2.1517118190936802E-5	0.33331746171723214	1.5307711091932223E-6	
0.08333918780433684	2.182081588964064E-8	0.08334450360347916	0.3333848934587414	1.0626599845163292E-6	
6.957601009830419E-5	0.08327623187567672	0.08333630641829191	0.3333816949940111	2.307505193721844E-7	
2.7809573841532104E-5	2.072832761361289E-5	0.16669098730896315	0.33331867747992644	1.0621965199318668E-6	
0.0833815634574332	1.439352161551901E-4	6.084304572192056E-6	0.41653096682902435	3.3585454572667694E-6	
9.172426062994416E-5	0.08335517907762902	8.547820424374321E-5	0.41653502555585153	3.4027701477551228E-6	
1.2545310753161884E-4	9.353870992690769E-5	0.08331234226165435	0.41652309431789086	6.517285186089282E-6	
9.435369745382772E-8	3.5002873048904656E-10	1.0013746887681845E-7	0.500067906939536	6.553008971608335E-7	
0.41671469175586673	2.856606750323681E-7	1.579631587853806E-6	4.9453320410553345E-6	0.08334064490434791	
0.333341096326085	0.08337228559569071	4.910093358112513E-6	2.4952102318678706E-6	0.08334067531218263	
0.2500207530074155	0.16669378653985487	7.971973294540428E-8	8.565180097041074E-7	0.08334416671326053	
0.16661806549121472	0.25007025411958905	1.0330467717653805E-5	1.4546684389446854E-5	0.08334839433753115	
0.08336646646113045	0.3333476685214006	3.5491896998228695E-6	3.3559616738657794E-6	0.083340430754608	
3.1291424602334477E-7	0.416716467457878	1.7724537296411842E-6	1.0737031410643602E-6	0.08334085994425762	
0.3333654417195021	1.7364840476111407E-6	0.08334963289971548	3.5249811657204006E-6	0.08334041347601787	
0.2500156438456275	0.08335564925646022	0.08335066172110218	2.235640644761355E-6	0.08334126160988178	
0.16668170507751978	0.16669008238082086	0.08335061355872682	1.5709695005127446E-6	0.08334111439589348	
0.08335308600631255	0.2500174666202863	0.0833346540729267	1.5213794453545992E-6	0.08335343733265967	
3.135981568951843E-5	0.33332266336407007	0.08334907714991463	1.6807704889927732E-5	0.0833405204627086	
0.25002754926312876	8.424776452683456E-7	0.16669082444704575	1.3588788644095788E-6	0.08334015082931638	
0.1666775815137111	0.08334684008633582	0.1666881773054317	4.007219093699048E-6	0.08334433808048798	
0.08334249242620845	0.16667408752543955	0.16670176560792918	2.1960241268461557E-6	0.08334068191327927	
8.239289926548922E-8	0.25001609771338584	0.16670143654244435	3.3512690632664805E-6	0.08334076915321825	
0.1667231871595519	3.193517286386782E-5	0.24996124952609236	5.481956721180355E-6	0.08333949909196982	
0.08335283279955576	0.0833533195084298	0.2500156348191615	1.360726993327028E-6	0.08334109568732408	
4.184053433757525E-6	0.16668064079636236	0.2500293649504731	4.250377837464523E-6	0.08334471592481847	
0.0833576873504773	5.69688850332406E-5	0.33330185770078563	7.326291157895271E-6	0.08334009467462959	
3.9146080546111164E-5	0.08337594846933793	0.33330361076679366	4.241307798265295E-6	0.08334105876748829	
2.388135061835288E-6	1.1926907003497778E-6	0.4167192899208942	1.4420553835199873E-6	0.08334137630571341	
0.33337466875978244	3.442604945748745E-7	2.856225397173043E-6	0.0833383121413147	0.08334454653086104	
0.2500174149974894	0.08335593860213865	1.20190264216328E-6	0.0833417151424228	0.08334460495697767	
0.16669021713093143	0.16668304976062684	1.1818607839227342E-6	0.0833419106760039	0.08334453511368502	
0.08335061362934854	0.2500283935940671	1.746241041834532E-6	0.08333868836186645	0.08334051022508823	
3.910445259832366E-6	0.33337123303588057	9.234077222065009E-7	0.08334297027428142	0.08334042828457747	
0.250032200910778	2.653536552367281E-6	0.08334325346685888	0.08333837161808648	0.08334464776055174	
0.16668473250605798	0.08334880362614962	0.08334281440778496	0.0833421843149831	0.08334495693698171	
0.08334595647684817	0.1666684344549596	0.08336226547225932	0.08334304791412427	0.08334049984062243	
3.144498127651826E-6	0.2500110596417099	0.08336220303759913	0.08334304511888317	0.08334045319273836	
0.16668738733687793	2.9691525448170364E-7	0.16668971016640038	0.08333789519361205	0.0833438845798904	
0.0833446389683573	0.08334356670298264	0.1666902263351193	0.08333815506864418	0.08334414940061205	
2.4168125075751105E-7	0.16668662999695433	0.16668720941955154	0.08334246339024759	0.08334410553384497	
0.08336765684374964	4.2858330572773936E-5	0.24997508750894426	0.08333726130101873	0.08333949776623367	
4.0801412627097175E-5	0.08336964457942972	0.24997488053198735	0.08333637546792132	0.08333936988598926	
2.5882672064851177E-8	1.278984498537055E-10	0.3333689546310814	0.08335032125452467	0.08334032994360056	
0.2500288651728057	6.754929238060523E-8	6.93654055828913E-8	0.1666913269851404	0.08334056021714394	
0.166679626528621	0.0833462427592226	1.6606932432190923E-6	0.16669436450674935	0.08334087524886112	
0.08334728593000261	0.16666817160636432	4.82763465134444E-7	0.1667042893759766	0.0833404452480321	
2.5423485240993164E-6	0.25003929955674004	7.5843870602939635E-6	0.1666701550246702	0.08334069845355832	
0.16668397259533257	1.1043778521332707E-7	0.08334186037876361	0.16669353900756234	0.08334020756369026	
0.08334545320835611	0.08334264704514661	0.0833614619390517	0.16667024550596005	0.0833402409365277	
2.8327391470079344E-6	0.16668560822943024	0.0833612854933218	0.16667035500294045	0.08334042008950474	
0.08336025437829532	2.0488503428438074E-7	0.16669004152534905	0.16667032081512678	0.08334064277387096	
1.3847628568270193E-6	0.0833594285107723	0.16668824222510284	0.1666698658597826	0.08334018274114434	
4.942624416698061E-6	4.2729114620330144E-6	0.2500398098194617	0.1666698490375275	0.08334024457143378	
0.16672536964454404	4.210502739669018E-5	1.622578443877809E-5	0.24994224779101423	0.08333704372255755	
0.08334436390714726	0.08334440937062756	6.272904748979604E-8	0.25003301555282986	0.08334089085552232	
6.048663592491001E-5	0.16667225775691222	4.858249337272063E-5	0.24994310641701228	0.08334140948151333	
0.08336816638318371	9.097570233457261E-5	0.08332269244861866	0.2499409929160805	0.08333587673240868	
6.528024201759963E-5	0.08339478430878847	0.08332199446436656	0.24994422906307684	0.08333625129551911	
1.5678597546287214E-7	1.3781923602150878E-5	0.16669653541923246	0.25000616941480525	0.08334442988483255	
0.08336037481833669	7.054130010879601E-5	8.463266986561106E-5	0.333223703425365	0.08332761289706109	
5.4532811490022904E-6	0.08335333858966483	6.061940186771459E-6	0.3333636268336239	0.0833386734300765	
6.481247904772555E-5	7.553597738122753E-5	0.0834007101408254	0.33319995413940323	0.083327821104858	
1.310809433463396E-7	3.399021225144633E-10	1.3128465718216862E-7	0.41672957100075353	0.08333668756201533	
0.3333731304932816	4.2479957053518754E-8	2.4913702413138383E-7	9.805727093009876E-7	0.1666868498840908	
0.2500808053440184	0.08326973322415183	8.129650924490893E-6	1.159612168511586E-5	0.16669169776599893	
0.1666877057941681	0.16668272154483385	1.057024765338302E-5	7.164707056763074E-6	0.16667195353615757	
0.0833468044835375	0.2500172421327814	1.7502311714726517E-6	8.456762835255342E-7	0.16669450249851586	
1.8640439723434783E-6	0.3333669810060015	4.176068449074393E-6	8.642312116670357E-7	0.1666978850357335	
0.25000221533142497	1.3376710836590895E-5	0.08336214993180624	5.9259656710238865E-6	0.16667998569076112	
0.16666740387278223	0.08333298791659771	0.0833576019484028	1.2374291018684322E-5	0.16668785795825267	
0.08326039164495481	0.16673876472042176	0.08335666955682895	5.956170475393308E-6	0.16670267401492594	
1.471061039820068E-6	0.2500214074831637	0.08334838521729473	8.443990826344957E-7	0.1666885957728546	
0.16668360674948263	9.291436185276343E-7	0.16669181223723958	4.164048697375778E-6	0.16668059354477616	
0.08334351529569443	0.08334213972630207	0.1666862972222522	3.580942360701094E-7	0.16668844143668127	
8.508674131263599E-6	0.16670842394795726	0.1666601332995596	1.753670608813526E-6	0.16667994909383838	
0.08340263559011922	4.118022126428882E-6	0.24995883662248297	1.4635481985066992E-5	0.16668110771744005	
4.077929209551542E-5	0.08337892179120165	0.250002458751628	1.9695367403657167E-5	0.16662232858369055	
4.490120527068579E-6	2.206406660331404E-6	0.3333718073713537	2.2563745195888076E-7	0.16668353022122342	
0.2500168374736868	8.851569515503553E-7	1.9424162242742824E-7	0.08336101991907298	0.1666800780157074	
0.16667022380785035	0.08334106050817995	3.1458167199498247E-7	0.08335871253814532	0.16668753967831818	
0.08333113243589663	0.16669700368825463	2.229107702192282E-6	0.08334729901564451	0.16668493187265593	
3.2759560180083346E-5	0.24999538715574682	9.956391402059333E-7	0.08334772437169848	0.16668433988887696	
0.16669826039803645	8.250294977786437E-6	0.08332622269187473	0.08334699341336219	0.16668045584492894	
0.08333958971666344	0.08333574544204123	0.08335507295443735	0.08334621889137847	0.16668429388248118	
2.7684882263578766E-6	0.166684233640178	0.08334218990319096	0.08334661520476981	0.16668394270573997	
0.08337127932134748	4.121427835555744E-6	0.16664328014139934	0.08336209005294261	0.16668087405962154	
3.116064602658818E-5	0.08331979768699395	0.16665042930313595	0.08337889581870638	0.16668065873514265	
1.8060649995483603E-7	6.138495775170719E-8	0.25001713739376946	0.08336350031645975	0.16668113914739155	
0.16669972210172093	3.917962275273481E-6	1.0919010515676661E-5	0.16666717914488915	0.1666802701058734	
0.0833491245641964	0.08334932379083158	6.018936360947083E-6	0.16667356101487868	0.16668460952687492	
2.174394078782836E-5	0.16668094632923286	7.859695830907683E-6	0.1666675438118813	0.16668451788363373	
0.08336442489493742	7.987128575944211E-7	0.08335110492265778	0.16666898073062417	0.1666727086409612	
4.163948611437879E-6	0.08335446543986122	0.0833532532087928	0.1666688745830058	0.16668109122652477	
1.9835181734754912E-5	1.982297521878494E-5	0.16667239924793809	0.16666897895263702	0.16668056578612414	
0.08336623898733685	1.2689244067876597E-4	1.9591004276836476E-4	0.24986860441308575	0.16651168928427051	
6.770234265227386E-5	0.08340524778456025	5.4660950975088554E-6	0.24991423241547803	0.16666483895636366	
1.6305814139906803E-6	1.664080289747497E-6	0.08339058737436633	0.24998709231239072	0.16668071300480916	
4.392563793363127E-8	5.94194797186274E-7	2.0729009791645098E-8	0.33337946817314074	0.1666842621049553	
0.2500189191159888	3.396301083208572E-7	6.936538564250056E-7	3.193071513474959E-5	0.25000933556250565	
0.16675308814315412	0.08337783862290502	3.777027018088233E-6	5.2477022363874125E-5	0.24987439586480253	
0.08348093033534129	0.16663840280619316	9.096140165704126E-6	5.465384309500191E-5	0.24987556580194223	
7.084811865711385E-5	0.25000837775199247	5.424909255101007E-5	5.41955024510184E-5	0.24987928342415855	
0.16669433451895432	8.879738105341067E-7	0.08336771605395332	1.0468075979299286E-5	0.2499921639468543	
0.08334193036044256	0.08334071454880594	0.08336088197163044	1.5084063796827164E-5	0.2500055153944075	
1.8369739164088755E-5	0.16667707195460324	0.08334925684645617	7.9732658803274E-6	0.2500086197230371	
0.08335944276203267	2.6553118602025083E-5	0.1666632782598402	9.345697875715417E-7	0.250010650072684	
3.1148966435322876E-5	0.083331780151366	0.16667422554933078	1.4960943708713834E-5	0.25000854362927893	
5.997285931373471E-6	5.98949032946408E-6	0.2500090664285215	1.5017572199750901E-5	0.2500304889507473	
0.16666239024371107	4.377281041642707E-5	5.722629694315758E-6	0.08333933867372113	0.25000908646803516	
0.08335032224051854	0.08334962061575531	1.1350571848653647E-5	0.08333790136385236	0.2500080636747043	
2.276198707860789E-5	0.1666923814651707	3.9316306269202295E-7	0.08333831283102733	0.25000999828516246	
0.08338863238722602	9.86860842765718E-5	0.08328846867476705	0.0832932895172506	0.24999260902725737	
4.710255640767761E-6	0.08336849692422156	0.08334233176156966	0.08333831435253226	0.250007240485671	
1.2774448165390446E-5	1.1328507026239913E-5	0.16668626306836282	0.0833347343673541	0.25001803369238607	
0.08326830670813107	2.1015655213952957E-4	1.3760268617825068E-6	0.16672079334089712	0.24986571892333487	
2.908902474508074E-4	0.08328261560411744	2.280492163776603E-5	0.16660136773677706	0.24986315982647442	
1.7250031399726636E-5	1.800898599749409E-5	0.08332927246600194	0.16668384615284945	0.2500132224209399	
5.262521454618997E-5	5.261603729970071E-5	1.036042510303843E-4	0.2499853985720142	0.249871591473589	
0.16668838597227192	4.392774139850807E-5	5.598336863264243E-5	3.8626345684056276E-5	0.33323396313651416	
0.08335781838428374	0.08337610343501647	5.448814759605685E-5	3.8626371826893615E-5	0.3332341886738033	
3.0399650890153202E-5	0.16667782222558716	7.549720264952597E-5	8.155681954248274E-5	0.3332020698781082	
0.08341021992946311	6.308642431815532E-6	0.083296115080719	1.0504383278457966E-5	0.33333754515564684	
4.470422427945679E-5	0.08331520633283018	0.08332904006292632	6.234589848829146E-6	0.3333679529710209	
1.9692801653097756E-5	1.9716038902258296E-5	0.1666718757839963	1.5965155362763277E-5	0.3333341820865238	
0.08335481684683187	6.31973885337479E-6	2.704124549135646E-5	0.0833338782464517	0.3333353735225138	
3.566223443203351E-5	0.0833457068564216	3.704433796839581E-5	0.08330468254502482	0.3333372231401679	
2.7202268681867765E-5	2.8938415389695276E-5	0.08336758844322492	0.08330486280151918	0.3333355147889408	
3.623587027219914E-5	5.5126368673566157E-5	3.2029900677192456E-5	0.16664773605798683	0.3332902979014419	
0.08346170944449618	1.0781935232500907E-4	3.4502046799475094E-4	2.224943966460882E-4	0.4159330179065074	
7.732879923545399E-6	0.08341699935723132	3.407313493589181E-4	1.9927950867685013E-5	0.41628558772273244	
2.4985318771907604E-4	2.4923743151371823E-4	0.08328851892455189	1.9341976973235188E-5	0.416257926015341	
1.338787909809114E-4	2.1413823273426787E-4	1.6549402963543912E-4	0.08329139758290473	0.41625980825590103	
7.909945995265246E-7	8.568955370347359E-7	8.248304737958601E-7	1.1693671345997177E-6	0.5000608005490819	
