0.4999419027817314	9.511692765344304E-6	3.7616594493247335E-5	1.947450728074378E-5	2.2024031212804264E-6	
0.41670646564715746	0.0833783398038184	5.040644469669984E-6	1.9720989597997087E-6	4.889524760670148E-6	
0.3331921714862441	0.16675484700218873	1.4263749684160856E-5	2.565324589429497E-5	1.8997318238201865E-5	
0.249970863781239	0.2500187924994199	8.904242362789307E-6	4.4328464610972775E-6	2.652934830107955E-6	
0.1666272197994728	0.3333489674781553	8.833664825941223E-6	1.322716506647712E-5	9.138914495842442E-6	
0.08326148189726804	0.4167249602293197	9.193681760685749E-6	1.3180626799206103E-5	2.164670121965061E-6	
3.736136339490228E-6	0.5000170227831349	1.2255292565853632E-5	1.2843938692344683E-5	3.740052633984117E-6	
0.4166234228393948	8.513469299704348E-7	0.08337185691475883	5.455214861683042E-6	5.0728934163985764E-6	
0.3333116816964505	0.08335150582188332	0.0833325409571126	4.10520491402814E-6	5.379531857038789E-6	
0.2500371430723664	0.16662480356040235	0.08333304200814196	5.045035065552063E-6	5.410439537708853E-6	
0.16675941087021123	0.24989346541602728	0.08332670124924137	1.3030437894997864E-5	1.3816428080410012E-5	
0.08334270882404758	0.3333345343048217	0.08332829505979869	9.733886293206636E-7	1.0058183392315587E-7	
4.598076192422769E-6	0.41671197659272113	0.08333618330489825	1.5929558914706532E-6	2.8124430876351105E-6	
0.3333402010884888	1.2165044958033237E-5	0.1666529894887571	1.2794336285698963E-6	1.9217095142654593E-7	
0.2500249545386168	0.08332059510637341	0.16665273318441004	3.973684894527053E-6	3.672203621806807E-6	
0.16663002011567368	0.16671344389066034	0.16665171558551542	7.409764821653E-6	3.761774949488536E-6	
0.08337331887263308	0.2500067308081443	0.16660970213851578	2.628530528617252E-6	1.3724924908470687E-5	
3.2718659078366408E-6	0.3333742765113274	0.16668908941776897	6.047187868329046E-7	2.0687592693756914E-5	
0.2499868846137556	9.059444641086775E-6	0.25000664833484626	7.954367234831306E-7	1.969205515453437E-6	
0.16663233949569828	0.08336623664862251	0.24998776832682892	1.1354587726705621E-5	1.2489519460152603E-5	
0.08332712518382875	0.1666679919446394	0.2500027918449651	1.1337897579176696E-5	5.411461399380537E-7	
1.3888482279095506E-5	0.24998273304974322	0.2500043958371899	1.2535603896015444E-5	1.3943892174030273E-6	
0.16665056200479256	7.604027656269557E-5	0.3332688339336122	1.1333216990858385E-5	2.6456952972601324E-6	
0.0833452914187085	0.08332770105620035	0.33332976382171375	1.555903812700688E-6	2.1437867762364006E-6	
7.148620623124998E-6	0.16666327566672873	0.3333155830752153	4.487247000376239E-6	1.6581831421162727E-5	
0.08342685427719954	1.9650144910913562E-4	0.4165065775429458	2.406849178386421E-5	3.534994421043174E-5	
1.5005735353191914E-4	0.08344883763062948	0.4163485963854752	2.3977586483630318E-5	3.70065231759162E-5	
5.469950958673933E-7	5.705060945951661E-7	0.5000133406720234	1.445011072821252E-6	8.014412183526148E-7	
0.41667662706015457	7.377715249192963E-7	5.436094990874065E-7	0.08332529723791592	2.823293249122586E-6	
0.3333192090666453	0.08335349236551988	4.463483655883512E-6	0.08332531826315905	2.9176436090994145E-6	
0.25004379479251543	0.16662829401344575	4.390122676690889E-6	0.08332497459045235	4.901882536957355E-6	
0.16661725731300228	0.25003383613216007	4.276313994152468E-6	0.08334469763633741	5.083508564999066E-6	
0.08334421155160752	0.33332481328980573	1.8402103535709E-6	0.0833271078129277	1.0852045663469244E-5	
6.4951495491215746E-6	0.4166732019422367	7.322664163041002E-6	0.08331721083785816	3.6055596968377687E-6	
0.3333484717835094	9.424274421353766E-6	0.08331935565733582	0.08332534252383227	2.917704913445081E-6	
0.25001004448830794	0.08335022731356911	0.08331995051615944	0.08332577495539971	1.3950037542136874E-6	
0.16670833531845494	0.16664049512108162	0.08332628284861467	0.08332517461170864	5.449419426514525E-6	
0.08334065952290864	0.2500220721513975	0.08331599744477698	0.08332548219055855	3.036002619752394E-6	
5.215097435614854E-6	0.33334977852997644	0.08333104079200973	0.08331711379097531	3.1439808154528122E-6	
0.250050909739459	7.002437757662932E-6	0.16662014668686478	0.08332577346812237	1.9705793252180874E-6	
0.16665099233123185	0.08335299190163785	0.16666711643429652	0.08333494007702695	2.823363920957177E-6	
0.08333342092198529	0.16667946057224461	0.16667451539185807	0.0833227515066777	4.3938815300941344E-7	
1.3311485791874712E-5	0.2500243892403038	0.16665036599291905	0.0833171669111994	3.0356444731666203E-6	
0.1666664616845734	2.1615661655161E-6	0.25000877831349444	0.0833258093086753	3.0253274030133912E-6	
0.08331583350384343	0.08335399429908416	0.2500105891431315	0.08332134880732074	4.107871539931452E-6	
8.869805345721825E-6	0.16666771019732882	0.25002163812053924	0.0833171653369165	1.5774485472493072E-6	
0.0834040569238283	1.5437790322983335E-5	0.333261709309741	0.08332186211500191	5.126179085321651E-6	
6.382064913162621E-5	0.08335533931543512	0.3332604762541145	0.08332118441171309	5.20317199590745E-6	
1.0144484723343699E-7	3.5712655765197755E-6	0.4166908465796353	0.08331159600195107	2.248701628839597E-7	
0.3333332859310609	4.53717951522969E-6	4.644542671070085E-6	0.16665980976853	2.903388581340629E-6	
0.24999885233286978	0.08333956669459035	8.510862486162637E-7	0.16666817180996044	1.1703818723804106E-7	
0.16664404178047013	0.16668901756092436	1.572635587696327E-6	0.1666661850159656	5.463521382957943E-6	
0.08334857113872575	0.24999602178264457	1.5726900020960249E-6	0.16666380530893032	2.355593196080331E-6	
1.9785544069171503E-6	0.33333455910284177	1.4954185498419556E-6	0.1666680579389441	1.2625082923681853E-6	
0.250008697197987	1.2837811152673597E-6	0.08332803902322175	0.16666760378786286	2.5175288098302865E-6	
0.16666849597201394	0.08334081218436784	0.08332825211632641	0.1666679878855938	3.6035639775311027E-7	
0.08331901770948429	0.16668935587946218	0.08332810029282336	0.16666741804136917	3.0182402358199725E-6	
2.42708729657096E-6	0.2500053017156794	0.08332914064765148	0.1666673410938214	1.1780026707627976E-6	
0.166637878754282	3.1601225206081984E-5	0.16667614507444078	0.1666660175297401	1.7034269388456035E-6	
0.08333492533315313	0.08333038460381416	0.16667337360404752	0.166668549901147	3.601428433901226E-7	
1.1706713735199253E-5	0.16667809947499374	0.1666541099354141	0.1666626347697612	1.2028147931151873E-6	
0.08334100976456531	1.5229071360061777E-5	0.2499916486954258	0.16666525913458613	1.6511563191267178E-6	
7.201954378025033E-6	0.08340525864353743	0.24995355260567934	0.16664616562989504	4.27201215151256E-7	
1.2586446174809746E-5	1.3738810918641137E-5	0.33334942281799673	0.16663244021156112	5.811464394840395E-7	
0.24999286325730574	4.6865864653642596E-5	6.732778846678228E-5	0.24989471925493503	5.535899370196288E-6	
0.1666441258740933	0.08335388244192973	6.888607267861783E-5	0.2499303420399449	8.75244044294735E-6	
0.08332220781125102	0.16669731087279047	5.3394289974948984E-5	0.24993195235456647	2.461053051783736E-6	
7.567770834173728E-6	0.24999498535839357	6.585050859873515E-5	0.24992819829725252	1.1617117603906972E-5	
0.1666570865496533	7.52613569714704E-5	0.08336550467411703	0.24989455207583353	1.455844627450758E-5	
0.0833807165718508	0.08335471796082423	0.08336314479583629	0.24989551977687838	1.137576081514627E-5	
5.430718017280314E-6	0.1667632167161643	0.08330444234585577	0.24993249849804525	4.448164216801884E-6	
0.08333029796732593	1.0926660082152008E-5	0.1667260083504457	0.24993090880169638	8.748110885786377E-6	
4.749004504644968E-5	0.08336178093134691	0.1666946306385664	0.24990355184515503	1.2906578127658183E-7	
2.7510512861667142E-5	2.8007286124615203E-5	0.24997540373606608	0.24997552544711688	1.4720125233654415E-7	
0.1666608937205409	2.3998232138254646E-5	2.2152682238492057E-5	0.33330043577654295	8.712705520303001E-7	
0.08334735253620136	0.0833466059134171	3.270263516723337E-5	0.33327494080745496	4.911504647823546E-6	
7.008824736278566E-5	0.1664967628708977	1.595016255849591E-4	0.3332743551087884	4.9041691911552155E-6	
0.08332541432350121	3.75738575100943E-5	0.0833640379193655	0.33327530503884606	5.115169546663537E-6	
3.564352410387868E-5	0.0833255007498611	0.08336508418543175	0.3332741025757952	5.102002383501735E-6	
3.828302771872597E-6	1.6209586642127434E-5	0.16670599070316924	0.3332722571478831	8.624893465428411E-6	
0.08329682321740939	8.543332811696705E-5	1.1231776142781521E-4	0.4165091755762933	8.701264909442945E-6	
1.4280025999449588E-4	0.08334502419334691	1.5164878150025524E-5	0.4165511535726069	8.702141868913973E-6	
2.728093779958798E-4	2.683327835837954E-4	0.08334261215021184	0.4161141511863001	7.829990881082446E-6	
6.6728582641188755E-6	8.54234417225663E-6	1.6045312251763244E-5	0.499971596588792	4.4818433034909836E-6	
0.4166732511386321	1.3574355009990471E-6	4.2592085726549885E-6	5.056489606979004E-6	0.08332182524907958	
0.3333151857437582	0.08335457388657813	4.134977115095853E-6	9.988902747772425E-6	0.08332164713267784	
0.2499553131395536	0.16671313398902032	4.298812557864718E-6	1.004551716546356E-5	0.08332285055913372	
0.16666158439952544	0.25001149821416974	1.5827565537270134E-6	4.510039604016365E-6	0.08332706362330386	
0.08334219052106036	0.3333324609241037	5.100754677180444E-6	3.708575140101087E-6	0.08332308973462012	
3.034852077693229E-6	0.4166756018871439	5.060857896457781E-6	2.934851092080839E-8	0.08332299916483958	
0.33333592511705284	1.2011598392084804E-5	0.08332642050155323	4.484573251338161E-6	0.08332721442736675	
0.2500012853926853	0.083347345527604	0.08332622989827919	4.2036997433917634E-6	0.0833272727665627	
0.16665828128172883	0.16669338751764917	0.08332698965708431	4.5166680534208936E-6	0.08332198647538736	
0.08333635430138214	0.2500148847763504	0.0833300310182503	3.845161371190125E-6	0.08332335706380166	
5.1924035594906925E-6	0.3333467788701458	0.08332967624620653	2.411280351100954E-6	0.08332314817462061	
0.24999487047939156	2.8607786618736E-6	0.1666843398331557	3.242169266773269E-6	0.08331990241106318	
0.1666261220563099	0.08333777280189267	0.16671603165262053	4.4967168619206695E-6	0.08332161753340633	
0.08334175392356119	0.16670367855652557	0.1666354278175604	4.283779551716571E-6	0.08332170107555686	
2.331249647025626E-5	0.2500184727762095	0.16663299713733382	9.497482634509241E-6	0.0833221891443469	
0.16666852233655197	3.6343118330152243E-6	0.25001233268011996	2.8266849012637785E-6	0.08332228139825917	
0.08333597294780154	0.08333154849772975	0.2500122971653959	3.4694227016665673E-6	0.08332297612671712	
1.7953884978425922E-5	0.16667946762562952	0.24998294997015474	3.825079015725364E-6	0.0833231857138584	
0.08329185944042122	9.85117629100261E-7	0.333388300665984	3.4047063419468704E-6	0.08332181124245662	
6.152981881486877E-5	0.08336015402859837	0.33326286530480537	1.839159981679684E-6	0.08332089090005489	
2.451563160530793E-6	2.2848623809302782E-8	0.41667987312063204	3.81727837574928E-6	0.08332368464694614	
0.3333390778873597	2.3901983718481545E-6	3.780669050973023E-7	0.08333625852338064	0.08332702784807727	
0.24999401440672694	0.08334489732961484	2.968870717758043E-6	0.08333634582221497	0.0833270521962178	
0.16668706570336544	0.16665148804181246	5.9460882624462116E-6	0.08333835838089634	0.08332289879950673	
0.08334847398044584	0.24999708832706022	1.5120683617366576E-6	0.08333508321525962	0.08332273628972872	
2.26440944583304E-7	0.3333408106777364	4.009397376519211E-6	0.08333762373328885	0.08332284644042537	
0.2500055249515015	9.12458615517901E-6	0.0833302686524608	0.08333872317516962	0.08332128109217678	
0.16667233645307936	0.08334295460036381	0.08333024033384452	0.08333861413838994	0.0833213800760763	
0.08333435426666352	0.1666814681013737	0.08333180278405998	0.08333739470154598	0.08332225498357833	
5.827000748119008E-6	0.25001233989659005	0.08333260039197336	0.08333905425501673	0.08331600192928611	
0.16666635723548018	2.9040157052251322E-6	0.16667593028115105	0.08333678128850099	0.08332394895933991	
0.08333280223311486	0.08332730524192604	0.16666817462285233	0.08335533111686949	0.08332198866335422	
1.7188254754447523E-5	0.1666742575987226	0.16665573764942984	0.0833367862179522	0.08332217799405586	
0.08328504218561021	1.6291775850209034E-6	0.250040594838388	0.0833581581204492	0.08332191542100316	
1.1237131269214866E-4	0.08338438751917536	0.2498825680366943	0.08330609085255718	0.0833210647393605	
1.2560303105385932E-5	9.43960948181638E-6	0.3333475471594003	0.08331263222494711	0.08332403617187169	
0.25000591241891157	6.752549163342842E-6	8.675196266376887E-6	0.16665765609929933	0.08332717087382678	
0.1666293200497788	0.08334174351481795	4.938672828127448E-5	0.16666284838682424	0.08332223464187649	
0.08333870495673609	0.16666214695648465	9.409313098211461E-8	0.16668514286962452	0.08332116163141824	
1.691821699603628E-6	0.25000495647776316	9.551125119968997E-8	0.166689046441077	0.08332310152892662	
0.16667580126015336	6.879654289669629E-6	0.08333702469669028	0.1666635304414977	0.08332217919206612	
0.0833463548100423	0.08333928040443933	0.08333824410756026	0.16666051280572092	0.0833222785703644	
1.3871143846919506E-6	0.16666878994613665	0.08333050023656079	0.1666849730309941	0.08332106774291215	
0.08335307183827936	5.157948440221526E-6	0.16666644591752777	0.16665990935813654	0.08332178007216882	
7.037173500243933E-5	0.08337209272462716	0.1665832596908483	0.16665915825639877	0.08332084080249638	
1.5463872975236052E-5	1.3411689889551202E-5	0.24999745393756406	0.16665526503273653	0.08332398651929922	
0.16666409975915783	2.6731672011047475E-7	3.2528410801700306E-7	0.2500184731376493	0.08332264472959737	
0.08334546213470259	0.08334476466278781	1.7775066718862325E-7	0.2499947773930939	0.08332256398096327	
2.4099581653013696E-6	0.16666256032840066	7.567452035119518E-7	0.250019892698904	0.08332180585476195	
0.08334512935130706	1.3371467649130412E-7	0.08334629134599825	0.2499965177172303	0.08332361900671392	
5.956191028916028E-6	0.08333695808761264	0.08334578981909667	0.24999248530262988	0.08332413887944927	
2.6095919933533856E-6	2.455281567295026E-6	0.16664931627722052	0.2500286192064081	0.08332444489646874	
0.08341965348200404	1.5997738314563957E-4	1.1100766312902279E-4	0.33302734426553815	0.08328901409081042	
1.3422262101866683E-6	0.08329337529348343	3.782011172025622E-7	0.33339000617585757	0.0833225931085868	
1.1826052324357817E-4	1.1204219325704942E-4	0.08337921349280475	0.33307543425906966	0.08332255058242771	
5.033986279033766E-6	4.927705867394741E-6	1.1881128748909241E-5	0.4166649578593798	0.08331991367071116	
0.33333389993411255	2.101868762533513E-6	9.285004012058904E-7	4.826165393051668E-6	0.16666340582259173	
0.25001758232083776	0.08331799570644201	2.2498863414926853E-6	4.68924284115598E-6	0.16666378854398828	
0.16665054846829008	0.16668368176812404	3.0786131771059277E-6	4.696822468380752E-6	0.16666482073360334	
0.0833329917080103	0.2500047803078462	1.7241178657891224E-6	1.7861482903309593E-6	0.16666443346350873	
5.852032363099928E-7	0.333336583597496	1.5895064935329473E-6	3.5346615282306534E-6	0.16666473499767695	
0.24998999888221118	8.576411410512933E-7	0.08334317390652474	9.845576029372142E-6	0.16666364293978195	
0.16665812734615382	0.08335372808440045	0.08332900335569425	1.527901799650979E-6	0.16666286565198143	
0.08332420520019981	0.16666605426125136	0.08334784844509237	3.4610564602114756E-6	0.16666455992212897	
3.910154316723872E-6	0.250007510202467	0.08332714004440296	3.468128308450912E-6	0.1666648319233774	
0.16667770383876282	2.2841414276679286E-6	0.1667056979282924	4.071705233786104E-6	0.16668395850593623	
0.08333739441158067	0.08333646511526274	0.16666324734783824	3.369638279449381E-6	0.16666549965255692	
5.057181728071218E-7	0.16666614557288467	0.16667261415732054	2.2831433329274704E-6	0.1666654987418502	
0.08333972715342843	6.488509273003988E-6	0.2499952102483792	2.775180906380183E-6	0.16666250627352047	
3.92706702641386E-6	0.08331901995967027	0.25001489876016086	3.3511267277501185E-6	0.1666658799774879	
1.3892332803562523E-6	1.2815806514509426E-7	0.3333396326090361	3.0362934354075296E-6	0.16666176820516576	
0.25000349422127877	3.3422092595545446E-6	3.5087835473958523E-6	0.08333037108566647	0.16666471156942417	
0.16665407748308897	0.08335397654573484	2.2970413975209082E-6	0.08333037309849907	0.16666462237599766	
0.08333061063815193	0.1666770340777183	5.17835889667217E-6	0.08332879742836	0.16666458356399982	
3.890565694040217E-6	0.2500035882318234	5.8267040851755975E-6	0.08332895794819563	0.1666649493414993	
0.16667028136773898	6.88216217211407E-6	0.0833342588887149	0.083330724113498	0.166664855782382	
0.08334257254634618	0.0833354117472276	0.08333440211782811	0.08332865744291137	0.16666433268672132	
2.4363183608946056E-7	0.16665325531441036	0.08335993536840404	0.08332900627583181	0.1666650355288413	
0.08333709059134042	8.277037377295094E-6	0.1666692180822814	0.08333107627340557	0.16666103581133557	
3.907551811699912E-6	0.08333515200358868	0.1666567658622595	0.0833446416543017	0.16666509988080389	
4.230915349248595E-6	3.5990691664115163E-6	0.24999160091734854	0.08334589724805672	0.16665976033722185	
0.16666213301903743	2.454159552007151E-7	5.834117659562261E-6	0.16667345594400695	0.16666444404439196	
0.08331397320290808	0.08333559000232628	2.7943200563962373E-5	0.16668390707459269	0.1666435226335266	
1.1880332020232234E-5	0.166677345690402	2.8486495530142162E-5	0.16662518418841699	0.16666264994787763	
0.08333110622390022	4.922425375148203E-7	0.08333529078213146	0.16667537207709	0.1666647864745953	
9.823133653975078E-6	0.0833217923110842	0.08333530415553846	0.16667434450926868	0.16666552377279975	
1.4040091798094746E-6	1.8855719083367498E-6	0.16666595494068084	0.1666766120735209	0.1666612227930745	
0.08327212538772662	3.123465271817774E-6	3.280006844246947E-9	0.25006805803694576	0.16666349942089567	
6.033183255093663E-8	0.08327529349591936	8.839074954138087E-8	0.25006665227833286	0.16666661780489025	
2.3875822689115873E-7	1.0982774904428387E-5	0.08340268454638762	0.24995033636055167	0.16664449168188838	
9.99425850758771E-8	7.910991347109078E-8	7.23719370296881E-11	0.3333445791044852	0.16666210409188895	
0.24999305150875326	2.6306440240789582E-5	8.137970201331148E-6	3.511018594333714E-6	0.24997633898332614	
0.16665821975554565	0.08335578258529494	8.363995679420863E-6	9.451186183628906E-6	0.24997327953083112	
0.08331429723795453	0.16674709746842697	1.5253550924044292E-5	9.319023126332167E-6	0.24991940732348558	
8.294204283984735E-6	0.25001493109298994	2.5416389017498646E-6	3.990175522180636E-8	0.24998037876250095	
0.1666598232801077	2.113782580953617E-6	0.08336349315809981	5.034951250113816E-6	0.24997579733602915	
0.08334236096102786	0.08334068517725919	0.0833321378487482	1.0642877935555735E-5	0.24998038902842917	
3.897919664044569E-6	0.16665490763140273	0.08336192679116405	1.0485527758328254E-5	0.24997620458181957	
0.08335106305718486	1.5037958727764887E-5	0.1666593427583495	2.2060036115121502E-6	0.24997986848085307	
8.892849613470596E-6	0.0833354889983294	0.16666443102775438	3.7502463951385775E-6	0.24999407617048996	
2.5742678486902385E-5	1.8197320318745748E-6	0.25000074152975954	2.264013810712699E-6	0.24997670469261807	
0.1666740752556531	2.8285487542950267E-5	6.110827947806648E-6	0.08332183901226721	0.2499763209785552	
0.08335297550317479	0.08334243754318459	2.7116449764076805E-5	0.0833633209786381	0.24991928847690265	
3.412547771106775E-5	0.166637547417029	7.523990321408684E-5	0.08334125886378034	0.24991775743210368	
0.08334482731040353	1.417997539515148E-5	0.08335388819415031	0.08331352570842576	0.24997877533346033	
8.859783689305893E-6	0.08335028870562008	0.08335403382979184	0.08331363506794533	0.24997956157524515	
5.878805859941628E-7	1.8801983532290416E-5	0.16669919876890074	0.08331323869263402	0.24997301870894276	
0.083360818843784	7.175028231873166E-5	1.991983240789259E-5	0.16663483723873604	0.24991981403533628	
2.0484153412347413E-5	0.08334050938624761	1.4114514642588583E-5	0.16665620382406232	0.24997740942962202	
3.803141029230305E-5	3.6893650954018025E-5	0.08337772553392202	0.1666346347470493	0.24991977897700088	
4.055515378837473E-5	4.0009529265211846E-5	3.800643111228888E-5	0.2499664585207287	0.24992168854609473	
0.16665928416369882	6.763051425573456E-6	2.7315992768846475E-5	7.0756656330644076E-6	0.33330570605246396	
0.08334100699300963	0.08333050763217974	2.1732192927120993E-5	6.976235194228513E-6	0.3333065243634036	
1.2841765479421062E-5	0.16665499881428683	2.596705100465687E-5	6.281463898815929E-6	0.33330616295842774	
0.0833370871153125	1.5053647501658334E-5	0.08334666530217566	6.182586741987704E-6	0.33330169136889376	
1.232151995937352E-6	0.08335052101770193	0.0833464493410301	6.22483962688814E-6	0.33330056861799523	
9.11557094053906E-6	9.121146305923365E-6	0.16668156935094708	4.775838305802621E-6	0.3333008978453085	
0.0833559493676398	1.670913772371389E-6	1.4135812458540999E-5	0.0833280095997042	0.3333063814623205	
6.707433349853199E-6	0.0833385789712055	3.069082126350832E-5	0.0833323230630218	0.3332976831722193	
1.520767954060288E-5	1.2355030797556934E-5	0.08334738701165324	0.08332981894429191	0.3333009108483087	
1.1745932835789693E-4	1.1522527820115541E-4	1.2990514599616731E-4	0.1665559545080117	0.33308825210405973	
0.08333615445345649	7.059864513799319E-5	7.835127467613168E-5	3.1424870065041346E-6	0.41651728561882	
7.010925573589499E-5	0.08331852620580224	1.8886944247009177E-5	3.152812299476629E-5	0.4165669613304528	
4.676587768522329E-6	4.438837161238886E-6	0.08333240774829988	6.631040850501268E-9	0.4166646478065968	
5.8462725928890794E-5	6.046718711363716E-5	6.263187082406187E-5	0.08340058151387451	0.41642700133864036	
2.8384306245973636E-5	2.845360809736821E-5	3.125643116571692E-5	3.012474346369118E-6	0.49991408441243307	
