0.5000184617985718	1.3281046759941371E-6	1.747282628265643E-8	5.2191235914179035E-6	1.6119883276927991E-6	
0.4167466385640029	0.08334956640288689	3.192928554011395E-7	5.375977942660825E-6	1.9749469882163218E-6	
0.3333676021572235	0.16672446964920495	4.308771624899392E-7	5.377148247671049E-6	1.866495714585948E-6	
0.25002689299821274	0.25002862816466936	3.624404773523352E-7	2.8667940223706243E-6	6.662697601722799E-7	
0.1667400435154255	0.3332810512897385	9.842897494241638E-6	1.8902193819835296E-5	1.1166994971627977E-5	
0.08326022817436347	0.4167481413095715	1.2567869388620945E-6	1.152302132830713E-5	2.5208977836429137E-6	
3.1534694448982186E-5	0.5000099611949037	8.710489940024433E-6	1.3201408017150406E-6	8.485189285241016E-6	
0.4166113062011467	6.432510232855461E-7	0.08338896544789516	1.2716528757504822E-5	1.2721122829343892E-5	
0.3332688603114332	0.08334135011972478	0.08338861735124735	1.129803416108543E-5	1.1917565220102128E-5	
0.25000881839875483	0.1666707686729633	0.08340250755150126	6.827400918210017E-6	1.2031862268538106E-5	
0.16665800546875964	0.25000346702232074	0.0833820140912104	3.89286289644683E-6	8.764057237616022E-6	
0.0833126553932971	0.33336350204062376	0.08338929954138698	5.216146801789393E-6	1.0546053941685291E-5	
4.2344515773309823E-7	0.41669540695856877	0.08338897129823927	1.5938730461102637E-6	3.020835885895913E-6	
0.3334113952051881	5.35902945339451E-6	0.1667060504637384	1.1593299556508122E-5	1.9591882281571626E-6	
0.25002466546563545	0.08335270353045302	0.1666896133530524	6.669359292624043E-6	1.5091320758309533E-5	
0.16673433804580412	0.1667312376493399	0.16668662324488248	3.895130540073111E-6	1.343056324291669E-6	
0.08331816891547436	0.24998934001724582	0.16669815167062602	3.3307433661294594E-6	1.6737533780507326E-5	
4.955257777039724E-7	0.33341891967808795	0.1666597277592845	3.92961729017553E-6	2.74374791432056E-6	
0.25002211020922394	4.847150097267531E-5	0.2500504668834314	3.0964033956556715E-6	1.3250563194259861E-5	
0.16669610697506015	0.08335901426555786	0.2500346513653633	1.1957406149221512E-6	3.442296262798362E-6	
0.08342064835845789	0.16665611661470756	0.24997740335086957	3.3345985295904936E-6	1.6696494801164723E-5	
8.524607042325565E-5	0.25003299251435207	0.24993602968662187	6.265810586747957E-6	1.49193260718403E-6	
0.16668662052462896	3.185545632968085E-5	0.33340603645957384	3.950528355471914E-6	3.022427105355866E-6	
0.0833503961644953	0.08335289493599965	0.33337566951446035	7.536278342625772E-6	1.3074542865034425E-5	
1.6245844743131854E-5	0.1666990060274613	0.33334238759447415	5.801551804040631E-6	3.716761299120614E-6	
0.08334996568034186	1.8074221130840662E-6	0.41675986619215616	7.842576891070683E-6	6.410998937299034E-6	
1.1329310731359795E-4	0.08344931647102159	0.41657067679633897	4.813106817684611E-6	1.3055624451232559E-5	
4.6728761013745065E-6	5.133212486208161E-6	0.5000657026659288	3.6304428550927185E-6	6.466019000053129E-8	
0.416683897105412	1.3274485328252852E-6	4.072220846607237E-7	0.08334525052144962	2.456748984292753E-7	
0.33331799342351587	0.08335383930371865	2.524718915402836E-6	0.08334221952825996	4.046328122532909E-6	
0.25002511332939814	0.1666824007185248	3.042273933293317E-7	0.08335442118282414	6.633513984497702E-7	
0.16666800583070546	0.2500114462719998	9.370452236978345E-7	0.08334209800369398	2.520893833759223E-6	
0.08328751327910253	0.3334077353430629	1.6366609290287348E-7	0.08335505362150056	2.5956785642803867E-6	
6.208976260413653E-7	0.41670940563407616	2.434231711991228E-7	0.0833479589096601	2.5207728315750497E-6	
0.33333287588993493	1.5176615797820346E-6	0.08333798602778035	0.08334768503056317	1.654858143616938E-6	
0.24998372083265963	0.08333881514724495	0.08334818962746174	0.08334724966466653	2.5453416199686956E-6	
0.16668525704468293	0.16668074684507497	0.08334634677115875	0.08334934643631757	9.165462357681331E-7	
0.08333457848775477	0.2500401129107377	0.08334774153891096	0.08335039864739181	1.499836045492525E-6	
2.697181691654427E-7	0.3333758039304902	0.08334288363775148	0.08334969590035607	2.7165969159713248E-6	
0.24998202339345782	2.250805766541006E-6	0.1667017778765557	0.08332680020701816	1.6038897272335985E-5	
0.1666689112537703	0.08334604056815814	0.16666351436803617	0.08334877752747863	9.360871354813369E-7	
0.08335126907008335	0.16669483500459223	0.1666849659189016	0.08329054927259026	1.3985207534432977E-6	
6.439295971331311E-6	0.25003670007320267	0.16668423631202112	0.08334960218147656	1.2885184377673552E-6	
0.1666406160111274	1.9374336797136815E-5	0.25000584035383966	0.08335667742445141	9.172786122308315E-6	
0.08336410545019228	0.08337107970452735	0.24995774778865726	0.08333408210012509	6.718483438852066E-7	
1.1288749787773674E-6	0.16676456022176991	0.25000131331455155	0.08329767527544257	5.735148020073642E-6	
0.08331110371975395	7.09521473706512E-7	0.3333973474220492	0.08336397307009831	5.393051166388362E-6	
4.5962219622898834E-6	0.08336037206793959	0.33333985901449864	0.08337167224231448	3.162206345654382E-6	
3.5650240263062683E-6	8.214221805939754E-8	0.41667155242536713	0.08334836148574616	6.743571521482977E-6	
0.3334227893328637	5.168645520197092E-6	2.415867132287073E-5	0.16664868575439173	1.6556336888155298E-6	
0.2500045081863192	0.08341703893855493	6.889147662361903E-6	0.16670017352345554	5.082169683782966E-6	
0.16669417584141302	0.1667096121348798	7.730670384971841E-6	0.16669185607729825	4.086392606869097E-7	
0.0833340538087203	0.25003446465038215	4.6511166396128285E-6	0.16667360154755237	1.987280553368798E-6	
2.061257430697127E-5	0.3334395394084399	1.7666626668390323E-5	0.166680537872832	3.168203157490786E-6	
0.24991697877181007	1.5518546939170208E-7	0.083443273558608	0.1666663572254883	5.640113334888456E-6	
0.16658451725272483	0.08343895293369248	0.08333773175792004	0.16666716039148657	1.996422883005968E-6	
0.08336145211038218	0.16671518451440281	0.08335548752634829	0.1666653716137305	2.4413013142095646E-6	
2.3071734072131659E-7	0.250017378537585	0.08333641062358256	0.16669679492610942	1.996351275132934E-6	
0.1666800898478282	2.4668651478131128E-5	0.16666579902161638	0.16664685686673172	6.1682274062499715E-6	
0.08334132464202253	0.08335273130999014	0.16667805662372956	0.16664746583829532	2.1305947752308074E-6	
6.069296320574396E-6	0.1666794727901336	0.16670105661273538	0.16664191172031415	1.1397925596278067E-6	
0.08336098295478162	1.3329067264522337E-5	0.25005699363906575	0.16668717909394282	5.296788804517925E-6	
5.790258577146644E-5	0.08340802124934407	0.24991810983068677	0.1666272732679363	1.2779024555891963E-5	
2.771061504812518E-8	1.6766110909823064E-6	0.33336585285246406	0.16670093440917924	5.191321583728072E-6	
0.250012588358779	7.88921871859902E-6	1.3720837162273764E-6	0.24999899826538444	1.6661757620635308E-6	
0.1666806604273404	0.08339129109018852	1.7859569833138493E-5	0.24999718704319807	4.6364168565715934E-6	
0.08335720264173224	0.16667585878651098	5.962495365392172E-6	0.250016101173585	2.9652444544054748E-6	
4.06667678619495E-5	0.2500563508094659	9.959036951139692E-5	0.2499317871439666	1.1872633296581272E-5	
0.1666806285898955	4.234296343192378E-7	0.08334188086118949	0.25003360395425933	2.2235070801581354E-6	
0.08334143786290961	0.0833491043850111	0.08334594265557363	0.25002017345566113	2.172123107992773E-6	
6.560784899923124E-6	0.1667185616566287	0.08335078450091297	0.25005752026575306	3.84907747757158E-6	
0.08335229409297026	6.527719426169684E-5	0.16668183848973964	0.2500328985988766	6.4073689980381735E-6	
5.455292908898529E-5	0.08336095729842616	0.1666484448117417	0.2499946088833652	2.2532740344677207E-6	
5.070661737135135E-6	5.2434436952839186E-8	0.25002380697193993	0.25005559188755777	6.749845419971765E-7	
0.16666802053015434	1.188008953744968E-5	5.7168431251361504E-5	0.33328530652829197	6.5754854215910015E-6	
0.08333219137485554	0.08334255668398378	1.0571856166634768E-6	0.33334944141600154	2.191917485549581E-6	
1.1502278098246682E-4	0.16668807000487698	1.0736065084557973E-4	0.33323195049412324	6.063003163097681E-6	
0.0833565900393053	1.1128544041813408E-5	0.08334217347413476	0.3333771437824583	4.659281688753374E-6	
1.3701370466211302E-5	0.08337730487448286	0.08330643465353955	0.3333539774244704	6.124033209745072E-6	
3.447066747205366E-5	3.552141735073697E-5	0.1666865185001894	0.33331773115970653	1.0737271403959415E-6	
0.08335435454747787	2.145430268877087E-6	3.425758656629904E-5	0.41669741347023004	5.328777705113525E-6	
5.369970134162807E-5	0.08339780523138059	5.674168378880257E-6	0.4165955084132898	6.7533046314631286E-6	
7.519114161340067E-5	7.106603265811308E-5	0.0833562424709387	0.41655522906807646	2.923873710540501E-6	
8.295252259906478E-6	8.506975956876287E-6	1.622191476728083E-5	0.5000731558309	4.407754912465022E-6	
0.41668390544481854	8.339447110415789E-7	1.0260018141881646E-6	2.8174727958757566E-7	0.08333828713925827	
0.33332357225979964	0.0833632354027687	4.10440447642815E-7	1.9129920656434313E-6	0.08333889332321548	
0.2500122592614152	0.16667409658788113	3.204431748328685E-7	7.372623626053863E-7	0.08333777132699069	
0.16668522001194883	0.2500373899284857	3.269176320376439E-7	7.439639117648948E-7	0.08334504338097241	
0.08331767241940166	0.33338466989577425	3.5588113969525258E-6	4.278138198912631E-6	0.08334334203923913	
6.087705435105249E-7	0.41671166279111044	3.5702514924076394E-6	8.876507991286392E-7	0.08334336364378889	
0.3333514143048791	7.31620092219599E-8	0.08334225985041724	2.4440359404983434E-7	0.08333986955932457	
0.2499979348877597	0.08334408476665858	0.08333957602774414	1.036456355900805E-6	0.08333773496579586	
0.16667172930830668	0.1666725436959994	0.08334023073457765	6.06693073446261E-7	0.08333732005906298	
0.08335121785333442	0.2500233160693548	0.08334770177959414	4.1236780708085567E-7	0.08334461075202139	
1.04566188367916E-5	0.33338207767222666	0.08333121942944453	1.3224684722488022E-6	0.08334744098324244	
0.2500133136240433	6.282607936766752E-6	0.16666015369833223	5.785704658412059E-6	0.08333823818705142	
0.16666874502480022	0.08334583293904124	0.1666653203806586	5.516123100180234E-6	0.0833383099806279	
0.08332599769511226	0.16670045280795223	0.16669399852485292	3.215154535412035E-6	0.08334748067803893	
7.5304010837325985E-6	0.250023725210719	0.1666764218782164	6.508423122858477E-7	0.0833208023010852	
0.1666695279292	1.1308501752225423E-6	0.2500154671470652	5.502662896785025E-6	0.08333069118153877	
0.08336544741029589	0.08337206846254325	0.24995011070672518	3.257732381084786E-6	0.08333055728792799	
4.817206344212992E-5	0.16665354132388852	0.25004717437750823	1.4842047117390072E-6	0.08335154207369838	
0.0833947546321901	1.310029588461525E-4	0.3332236297642795	1.9263135322035433E-5	0.08332928156942357	
1.1422827463740813E-4	0.0834418408222788	0.3331905639812902	1.926840860261332E-5	0.08332860779194948	
1.0379361356696165E-6	4.784205518948114E-7	0.41673661264428224	2.5348389596398472E-6	0.08335088061537574	
0.33340385963782637	1.5484532711763203E-5	7.280773982364925E-6	0.08332290757987194	0.08335054287619618	
0.2500079987906515	0.08334648614611051	3.721017917776242E-7	0.08332850982365342	0.08333726817342858	
0.16667666747371238	0.16667841843943657	1.6015143095079421E-6	0.08332925584242439	0.08333841868541468	
0.08334488642324707	0.25006347886169517	4.4290616445324526E-7	0.08333964117841312	0.08335091011618583	
3.7619087105656154E-7	0.33335951544868925	6.683703549792817E-8	0.08336718110998755	0.08334550855070035	
0.25000046164604434	1.3379513259043083E-6	0.0833287013774323	0.08335357908482129	0.08333794451298629	
0.16663648089540126	0.08336945214228894	0.08333007207762476	0.08335244751961343	0.08333516753489169	
0.08334778099771771	0.1666901031563656	0.08333815935693514	0.08333400144051381	0.08334323588243477	
3.7690785186493434E-7	0.2500379412498429	0.08333830404690783	0.08333377855403737	0.08334328472373069	
0.16668156574860338	5.424631670538189E-6	0.16667502181657734	0.08331998399133135	0.08333906007708214	
0.08334659303154406	0.0833487716929212	0.1666841911272495	0.0833344570272075	0.08334425432453992	
1.1028862107394117E-6	0.1667010704993312	0.16669388824950004	0.08333252639168096	0.08334841351886127	
0.0833670831265769	1.499935888477781E-5	0.2500277918640742	0.08333807534694905	0.08334281687457432	
1.6866850858885672E-5	0.0833380129907829	0.25005284417805107	0.08333716150185767	0.08335172457943528	
1.4068845871576402E-6	1.3568513110717545E-6	0.333390420193177	0.08333390382509036	0.08334816872319531	
0.2500146019783201	6.948911323741929E-8	1.6392971915741661E-6	0.16667065728120023	0.08333798712246225	
0.16668255403627846	0.08340046243567717	3.177657595165064E-6	0.16669713134877473	0.08335701147990647	
0.08334073991177396	0.1666738087399716	4.630397018823412E-7	0.16667241666383176	0.08334158365200629	
5.509680271210036E-6	0.2500224320440429	4.6839784124860633E-7	0.16668134872279292	0.08334314663034126	
0.16668862206274598	2.2410594049099215E-6	0.0833460499707648	0.1666955005686845	0.08334793824668234	
0.08333370646285097	0.08334052536491338	0.08333778743085186	0.1666715690487272	0.08333787783565308	
4.731068093148168E-6	0.16670145990585541	0.08334610239876655	0.16669969742794224	0.0833515543223074	
0.08339203772106242	3.162931151541532E-5	0.16664921437008348	0.1666623506465428	0.08333968959004401	
3.389846276603917E-5	0.08336832947517989	0.1666507692590154	0.16667744636566606	0.08334723319280042	
3.6468981538580454E-7	3.647023862109241E-7	0.25003882029309943	0.16669083625157266	0.08334858325968601	
0.16667128976562173	3.8354278221670236E-5	3.297380757316515E-5	0.2499383528421878	0.08334239504676041	
0.08333883184886491	0.08333861846110331	1.0742285309308235E-6	0.2500113938630936	0.0833389929493206	
4.6222610292061335E-7	0.1666777040563616	4.074107309703088E-7	0.25001168253871753	0.08333906867228084	
0.08335406004717111	5.9121107267881056E-6	0.08333885366593238	0.25004206895960734	0.0833528135405073	
2.7075064324254286E-6	0.0833507064704586	0.08333383848409803	0.2500247048729717	0.08334721831100114	
7.246578997960697E-7	7.604329330401447E-7	0.1666794034027446	0.2500154544675713	0.08334042879879938	
0.08334751694925968	2.14509204312571E-6	2.098669232639479E-6	0.3333442903722885	0.08334688106918724	
2.3072121732341962E-5	0.08331681647737793	6.299305749185817E-5	0.3333089351128493	0.08331768303070683	
1.3571679613494014E-5	1.3584643408438614E-5	0.08335133662227483	0.33330020084227185	0.08334329759403603	
2.9490436134405984E-10	2.864299330666287E-12	1.3160695798780264E-10	0.4166858307656275	0.08333740447913723	
0.3333363084467665	6.690269517094603E-6	2.2151686265882065E-5	9.412185801236986E-6	0.16665083447898732	
0.25008096114143047	0.08326720388741878	7.780070584670014E-6	2.5209035157628804E-5	0.16667672056599597	
0.16666229180417352	0.16666295109420448	7.641946919952389E-6	2.5871956191555883E-5	0.16666657557306408	
0.08335319518411255	0.25002919517864736	1.2753174688286478E-7	2.784583449405059E-6	0.16667217414328406	
2.834932050640065E-6	0.3333613323422212	3.0295369626521885E-5	2.8118745071928737E-6	0.16667920330122715	
0.2500348940908608	8.429741481053569E-7	0.08331880556369782	4.235874774071101E-6	0.1666641289154143	
0.16667774706989988	0.0833137249139693	0.08338090163400065	1.5166585493382179E-5	0.16663874906011408	
0.08331972894353465	0.166677673977602	0.08339759441195141	2.80771620612226E-6	0.16667849230869286	
6.686626951564666E-7	0.24999212842350663	0.08339606562185017	2.631249271819347E-6	0.16667631335763916	
0.1666786657691787	3.2943259216255748E-6	0.16667086014915755	5.751735246998966E-6	0.16666429369691413	
0.08333742038493104	0.08333973292335425	0.16666350687170853	7.800878130154546E-7	0.16667962539411912	
8.639926692726975E-5	0.166657225353466	0.166680589216738	1.9217966603151533E-5	0.16662232735376264	
0.08327381769069046	1.3513954467830213E-4	0.25005024805894466	1.9851626854301113E-5	0.16664104901487345	
1.0496770217567549E-4	0.08345334706743598	0.249896061338029	1.9283283150210183E-5	0.16663831552046351	
2.9455853900587995E-7	6.2302831902927444E-6	0.3333516253030589	5.4803223549491956E-6	0.16666442329856734	
0.2500160795307342	2.4684245422994188E-6	5.9674447763704546E-6	0.08336863451510304	0.16665817161458113	
0.16664816148695674	0.08337870739150009	5.698278674716346E-6	0.0833240176339493	0.16666608459724125	
0.08336063776624296	0.1666855377768189	5.380915034431027E-6	0.08334744867911337	0.16668241004511952	
6.407567973592314E-6	0.2500540912438491	6.356681499163168E-6	0.08333115821184421	0.16667975681636774	
0.16663973589980063	5.347370591277511E-7	0.08335806764744434	0.08339376634247535	0.1666826421143727	
0.08330818702975656	0.08331475950836523	0.08334940171097487	0.08338510253163871	0.166665347720396	
7.120153598452452E-6	0.166749060291714	0.08337005892639877	0.08327718130359765	0.166682556085291	
0.08335823210247315	3.367970900137971E-5	0.1666462991926193	0.08338446610286149	0.1666731132306622	
1.5027698502163157E-5	0.08336751735061693	0.16662844760911918	0.08338113072382755	0.16667386420661634	
4.288893102743578E-6	4.065971184972167E-6	0.250010869320573	0.08334263967325822	0.1666662034055055	
0.1666968281177833	7.074399780154911E-6	1.892977541870057E-5	0.16667663631388005	0.16668606559201707	
0.08335082488761435	0.08334950130999973	1.8684485780350613E-5	0.16667057201695898	0.1666550394687619	
8.063145828671325E-6	0.16669034412444242	1.8734688268396378E-5	0.16666785410671592	0.1666581503443897	
0.08336200536018276	4.639631177770267E-7	0.08333796279394441	0.16665679598304645	0.16666519070611993	
3.0995278647827177E-6	0.08336099582635412	0.08335927767116516	0.1666797411896008	0.16668809731716455	
9.24197072571488E-6	1.3409653258854801E-5	0.16670084912119637	0.16667544502019194	0.16668604601313108	
0.08330335638673117	1.2823547947028407E-4	1.739505929848608E-4	0.2499531281090019	0.16653053742360538	
9.125266356776307E-5	0.08342082301561864	1.75057589464459E-4	0.2499036474020132	0.16654648465088964	
1.4385457051056057E-4	1.496257088341301E-4	0.08331877978495457	0.2499360469888332	0.16652778876051785	
1.007002500906133E-6	1.0054096166262694E-6	5.143204955266209E-9	0.3333691748626231	0.16670436326851734	
0.24998034998063812	7.565444575691641E-5	3.658106242796823E-5	9.473967316241912E-6	0.24999589982485873	
0.16666928717795718	0.08336129434760596	2.8175546596212614E-5	1.5993022922692476E-5	0.24996860205567606	
0.08330009679604182	0.16670793675224627	1.945168174613489E-5	1.512781463924953E-5	0.2500391158723828	
3.1300782914962734E-5	0.2500073581186529	1.6756668800639744E-5	3.9763840938521135E-5	0.24998393989788614	
0.16669171094090363	1.6588570548526617E-6	0.08334882087297803	1.6454181125160218E-5	0.24999028013249083	
0.08336159804219315	0.08332184718934757	0.08334385846259783	1.8116569067052352E-5	0.2499770589082964	
2.166513476392011E-5	0.1666511497799603	0.08333896998422877	2.46231296040053E-6	0.25000821316919714	
0.08338279380973294	2.8875279966258585E-5	0.1666913338458532	1.5097699209694316E-5	0.2499674613238672	
5.438982331068852E-5	0.08334429917275606	0.16665553028638294	1.128208726825505E-5	0.2499596319801722	
3.678563958610956E-5	3.678494028972201E-5	0.2499859625000631	4.5761836227653865E-5	0.2499607693106336	
0.16667373296826815	1.2074807588090134E-5	3.223564359371015E-5	0.08335278019360684	0.24996605181840717	
0.0833397979839726	0.08334421878088348	2.9333120583034828E-5	0.08335042907373197	0.24995861391207505	
4.0376278920093945E-5	0.16665483336779807	1.874825800014135E-5	0.08335073857858312	0.2499591784322542	
0.08330908717959531	4.5952933082506385E-6	0.08334143458929903	0.08332131934183731	0.2500462666203983	
2.3698213556700534E-5	0.08333702379116648	0.08333653882143167	0.08334264824689222	0.2500338086861388	
1.2938188929049797E-5	1.2940360886506873E-5	0.16671409841921178	0.08336539289354047	0.24996044048296084	
0.0834074999794067	1.6480030664134035E-4	1.7066583261038455E-4	0.16655750860677115	0.2497921045222162	
2.4584167600475975E-5	0.08334801385721835	4.6922670357316493E-5	0.16664892705243572	0.24996270518924055	
1.257433048543659E-5	1.649807772569811E-5	0.08339167480851141	0.16665137730026752	0.24997039257090475	
1.785799053625245E-5	2.3445225409102513E-5	3.162695388493264E-5	0.25002236854084936	0.24995068105922294	
0.16667198517242654	8.723479263837473E-6	2.1412398412082138E-6	6.369583362233065E-6	0.3333355246919994	
0.08337339744159811	0.08332883296143487	3.7381531196481347E-6	4.793399256598602E-6	0.3333776493946539	
2.0919506107666377E-5	0.16667557083669549	1.0168551083474977E-5	1.0087001509398311E-5	0.3333798979687155	
0.08335160164127421	5.54074245601317E-6	0.08333308400453023	6.30967760825915E-6	0.3333501900445344	
6.470363272866636E-8	0.08335405309316289	0.08334733686282798	9.971726316971395E-6	0.33337519441023966	
4.9196149278403144E-5	2.972633198366107E-5	0.1667081737563883	7.273004907571729E-5	0.333198542427225	
0.08335483689848351	4.3144521329329407E-7	6.566488720896781E-6	0.08333786484286111	0.3333354476848102	
3.4759258578824712E-6	0.08336340288640397	9.366404859145925E-6	0.0833276517150396	0.3333446101824755	
2.825685401091386E-6	4.886915128969919E-8	0.0833644873267625	0.08334452499891261	0.3333759791046605	
3.957322063447323E-5	4.13130355880774E-5	1.0323580313959993E-6	0.16662941955817437	0.33335872703258734	
0.08339967783920624	1.7754540409578289E-4	8.551202940576384E-5	6.194512264075838E-5	0.4163520032996454	
1.984820780225403E-5	0.08338475225007225	4.960387418741896E-5	2.355389329901372E-5	0.41657570155364265	
4.253261808451835E-6	3.7178859905573704E-6	0.08335202862532771	2.253895067601086E-6	0.416687183555365	
2.298097172414095E-5	2.486948001730226E-5	3.741742116405546E-5	0.08339307647584415	0.4165786264616307	
9.66156436921733E-7	3.393496758417646E-5	6.43089526664945E-7	1.1430142501792868E-5	0.49998326233416873	
