0.5000845664348269	1.636981425431246E-6	1.4513442201029919E-6	7.38027674535744E-6	5.986423353970397E-7	
0.41673837464525687	0.083354955634349	9.688187741899281E-7	4.946296339472558E-6	9.896978620424468E-7	
0.3333470144178714	0.16673663676296366	9.514279567347246E-7	7.111816149200466E-6	4.0182543983211205E-6	
0.2500720709791499	0.2500011028506474	7.679626915421713E-6	7.79976148387221E-6	1.4642752893039237E-7	
0.1667165484453511	0.33336775258995016	1.8713975162445023E-6	1.4106994016470853E-6	2.7849404057822867E-6	
0.08337642225635908	0.41669250959097576	1.5852130194627137E-5	1.2681986477749672E-6	5.297029267254326E-6	
7.046780444232104E-6	0.5000497491716941	1.0237491015589797E-6	3.654274422404759E-5	3.451428855320676E-7	
0.41670181320155325	6.138864769194377E-7	0.08334516321601881	1.5221514259380232E-6	2.3561526592018104E-7	
0.333405382749775	0.08336078211269071	0.0833579109213884	1.5526373899648169E-6	5.541544510526696E-9	
0.2500418113882203	0.1667174944803301	0.08335653936314766	1.545014416820515E-6	2.2481899447825227E-7	
0.1667024342389313	0.25003182914893374	0.08335137797859772	1.508483684793624E-6	1.719209652537772E-6	
0.08335648603559628	0.33337825961799317	0.08335165506733423	1.5172644729795501E-6	2.7034921254346335E-6	
5.9840302383804775E-6	0.4167400958373716	0.08334141784787469	7.755342581734757E-7	3.849540231390254E-6	
0.3332849555962345	4.927532801510463E-7	0.16675088594428597	7.477859167506905E-6	3.996199109102036E-6	
0.25004563774735744	0.08334837668874824	0.16669878421870918	2.1215610947161848E-7	5.520103885401381E-7	
0.16667850160298503	0.16668255635644394	0.1666832223405844	6.271419398320093E-7	1.0940971580973227E-6	
0.0833295597844901	0.2500651593221689	0.1667018851596651	1.4330659374793987E-6	5.36129881793742E-6	
2.4551491266207122E-6	0.3333648847393908	0.16668687166370366	1.268189607652323E-6	6.329196219400664E-7	
0.25008110718006493	7.008660953688236E-6	0.25006722827971295	1.768459918364589E-6	1.309513104492973E-6	
0.16671112229947446	0.08334020689952956	0.25003039673596067	7.464614823472373E-6	5.584796644910616E-7	
0.0833269536856754	0.16670946891929042	0.250016268280964	1.3910573020825292E-6	1.908974784683135E-7	
8.388078889578121E-6	0.2500277198502363	0.2500145711147451	2.7580297289915215E-6	2.696025013656535E-6	
0.16669156205171518	1.5180868314988735E-6	0.3333849749920397	7.131158610568368E-6	9.640270873900881E-6	
0.08330803089528249	0.08337168788791517	0.33336359612576694	1.5253272329002822E-6	9.884972700383054E-6	
2.863548309481424E-5	0.1666824756521364	0.3333317006839425	5.637699484472111E-6	7.744598745559704E-6	
0.08332713007078192	1.3810904794205416E-6	0.4167091886018944	2.4914853116300404E-6	9.639403492917584E-6	
3.959926587855523E-7	0.08335403275542953	0.41675214006746386	7.090289194474524E-8	6.175698069439344E-7	
1.8098823302811966E-6	3.6737022768053055E-8	0.5000482196946119	5.93474508348067E-7	1.2715162680262908E-5	
0.41674529219357365	3.7469646755591685E-6	8.193844918339344E-7	0.08334089169640661	1.3043583970775197E-6	
0.3333833498458195	0.08335526785098563	8.214619225027186E-7	0.08335034258795021	1.6733132917286814E-6	
0.250031314282218	0.16671131680105924	5.12390763740613E-6	0.08333997718596739	3.6982253893326914E-6	
0.16671292197452833	0.2500144093390981	6.282265764778343E-6	0.08334978405870692	4.4528303573501014E-6	
0.08335990028917216	0.3333862893883855	1.2946072878382966E-6	0.08334044559268944	3.675332904495534E-6	
3.028253074632638E-6	0.4167463284931885	8.326432472405994E-7	0.08334086820408283	2.0351503696045843E-8	
0.33337986162479777	4.927121071312953E-7	0.0833625789954926	0.08333971050008432	2.5626049349847827E-6	
0.2500369308382757	0.08334617347985358	0.08336330917763311	0.08334021044292413	1.7246329719823003E-6	
0.16669262768177232	0.16669668818837455	0.08336084808109978	0.08334121747106428	1.7455320593129543E-6	
0.08335027576668114	0.25004766061791467	0.0833483403096176	0.0833406591116479	1.453278101871911E-6	
2.3124659928557474E-6	0.33339875689200515	0.0833491355217311	0.0833409544725712	3.709776681597058E-9	
0.2500514695226988	1.1984216154962226E-5	0.16668849349664	0.08334062481736142	8.909026531153304E-7	
0.16663601903445024	0.08335631399762335	0.16671538860750698	0.08333180537333007	9.543811470979177E-6	
0.08333934365864949	0.166653010084022	0.16672088335458005	0.08333355289969982	1.8929255419133632E-6	
9.292900051968624E-6	0.2500484867735955	0.16669481520906157	0.08334235213711154	1.4340171627549625E-7	
0.16671376291895196	2.9074241073279442E-5	0.25000354038302836	0.08333954271504647	9.619634252931648E-6	
0.08334890365109167	0.08335026860627995	0.2500280296532279	0.08332943897931848	8.628001582704826E-7	
1.0978605392988284E-6	0.1667017388115471	0.2500342521907358	0.08335412822513412	2.7812312163957028E-6	
0.08336522468173141	2.1149487025279115E-5	0.3333834460641377	0.08332478518553826	7.811928881480424E-6	
9.593599668087982E-5	0.08339595860389741	0.33325202727374387	0.08333282644380569	1.5762763689381203E-5	
4.743434348484645E-7	4.67579595281939E-7	0.4167117728604986	0.08334926602058795	1.7886736705608196E-6	
0.33335480060259015	4.416917795495577E-6	6.652979597677472E-7	0.1666912256678878	1.0493250811252417E-6	
0.2499889716337239	0.0833910794024076	6.68940659482741E-7	0.16666054013586437	1.0249146336073092E-5	
0.16668712556657175	0.16669076547031444	6.711846314203491E-7	0.1666692827595524	1.022688526785155E-5	
0.08335243041314185	0.25005165059493434	6.194537597501147E-6	0.16668003861426897	1.655597866775272E-6	
1.3548511019081995E-5	0.33340834588133705	1.4930672329593164E-5	0.1666754579326858	2.2352071920792705E-6	
0.25005023434074547	1.043678524346469E-5	0.08332473383404006	0.1666727583363489	1.776186465918299E-6	
0.16670057784038356	0.08336031137366405	0.0833442668375201	0.16668261916687496	1.7327755072753862E-6	
0.08335989441127002	0.16668019754410265	0.08333725585556835	0.1666684852382547	1.0590613543756703E-6	
1.061873227106742E-5	0.2500521922580124	0.08334483692565708	0.16668362545585946	2.9515009930382073E-6	
0.16670479078139072	9.260470853449923E-6	0.16669968222736878	0.16667981364640166	1.4922583033259621E-6	
0.08336385941333829	0.08335112219526042	0.16670341908826297	0.16668213536272455	4.386237975000162E-6	
3.3183851593375557E-6	0.16669617682429508	0.16668513806567054	0.16666595782538599	1.0796594264414808E-6	
0.08335940462789329	1.4518384026891366E-5	0.25003395036034465	0.16668383215635194	1.3392115180796707E-6	
2.4348671976071375E-7	0.08335704258195724	0.2500741495014062	0.16666522206525533	4.244996022898435E-6	
2.5739924809388824E-7	8.846139252917082E-6	0.3334227420869367	0.1666651294186526	4.937893865110645E-6	
0.25007875336713564	5.486043474672237E-7	2.838564248570432E-7	0.25007121297881	1.887376445576096E-6	
0.16663982260155813	0.08340291434404205	5.390542325398773E-6	0.2500442380068717	1.863473830540054E-6	
0.0833686149433812	0.16673126941925573	5.992222954490516E-7	0.24998934180304935	1.8361674571268625E-5	
5.179363850192611E-5	0.2500613805896974	1.2012355862826685E-5	0.24996953942955322	2.81144596034342E-6	
0.16676476148839842	1.6369009502002937E-6	0.08329192556770397	0.24999012780852065	1.5149262331248775E-6	
0.08332214246969231	0.08332812115811312	0.08339630325078214	0.2500328878716694	1.3736960136030667E-5	
1.5074245044718608E-5	0.166652883923914	0.08340758641389825	0.25001389261496976	1.8876998618165994E-6	
0.08336581336890204	7.540538067108627E-6	0.1666990080924822	0.2500119514522092	6.844584481222964E-6	
6.091998994793016E-6	0.08336174140328399	0.16668975566435412	0.24997950551300718	1.2946472950430592E-5	
1.864363668001504E-5	1.6921882979403365E-5	0.24999581686514152	0.250060184456539	6.846478109377816E-6	
0.1667143450710814	1.379268826951271E-5	1.1303206244883251E-5	0.33334880014589374	2.9886374212996482E-6	
0.08339931839687217	0.08331739934915122	2.2749739130188927E-5	0.3333488531643201	2.98170358208283E-6	
4.25584850358741E-6	0.16669887563414731	1.0991119327040564E-5	0.33337304976516635	3.4298694577694295E-6	
0.08334304013941217	1.1839008422077925E-5	0.08334920674929759	0.3333331280414621	1.3003641278278688E-5	
4.089734866994589E-6	0.08336021241246544	0.08335467876143378	0.33338293750230136	3.29602418561207E-6	
5.054955584482621E-6	5.907896197689978E-6	0.16671165780333563	0.3333677866459325	1.901794561532411E-6	
0.08351672434598666	1.227182609539739E-4	1.2288506618553558E-4	0.41631925779713874	4.756536997964807E-5	
2.537955631280283E-4	0.0835538631819211	1.2601230395320462E-4	0.41616216604503947	3.432586922468782E-6	
6.793408292067516E-6	5.1603589953320795E-6	0.08334355549697016	0.41673375115740263	3.5334488384240495E-6	
6.35118684483225E-7	2.726761316951094E-8	1.5204966970643134E-6	0.5001065978596557	2.9975779047146745E-6	
0.41674022419090456	1.7813356216998937E-6	2.4302191716528128E-6	1.5071454698574857E-7	0.08334793225884096	
0.3333664653184429	0.08336899113898663	1.2026854736724051E-6	4.247317004620046E-6	0.08334556596660041	
0.25005092826933983	0.16668515926812394	2.461773953939817E-6	1.4152898460994794E-6	0.08334660357647353	
0.16670513990560093	0.250036565453914	1.2576735872088055E-6	1.182961253679339E-6	0.0833478923462375	
0.08335833149900364	0.33337830823794395	2.455011817805662E-6	1.2258289248066E-6	0.08335013277165385	
1.881609835882199E-6	0.4167366425409894	8.010610879257368E-7	1.0398989159649547E-6	0.08335023524660942	
0.33338412544709844	2.04337418998973E-6	0.08336414924564073	2.349120853470803E-6	0.08334870681736327	
0.25003112850272713	0.08336550358517622	0.08334745173367387	5.416365050057379E-7	0.08334747638016275	
0.16668168448556922	0.16668532322684373	0.08333979760274095	5.258650540693711E-7	0.08334016915519038	
0.0833421018534367	0.2500239192181121	0.08333952139290532	5.378858334340694E-7	0.08333997270206188	
1.525376126882399E-6	0.33336364523346884	0.08333818878091817	1.1889449589197554E-7	0.0833425831705288	
0.2500623723804908	2.2994475371431294E-6	0.1666887827267379	1.413140136482405E-6	0.0833495268455321	
0.16671471315373496	0.08334195337096127	0.16668261648798283	6.005816372395725E-6	0.08335791176617363	
0.08335342393865884	0.16668205776418904	0.16668337723023327	3.5466076110185093E-7	0.08334142464396646	
2.184042671328838E-7	0.25005264358856527	0.1666949692132098	1.2587881626279523E-6	0.08335156240429992	
0.166682625371051	4.2226391549421404E-5	0.24997773469152595	6.011730096996451E-6	0.08334062526327243	
0.08333252144710261	0.08334346540220189	0.2500380995229222	6.002864506837808E-6	0.08334175501765068	
2.8955772309272723E-5	0.1666990752234401	0.24998837564204282	6.014666851505283E-6	0.08334221723001442	
0.08335975625605974	1.2527096272522261E-5	0.3333424837925088	5.305044150379186E-7	0.08334305620102903	
1.7289001337435445E-5	0.08336282835447292	0.33337380602661865	5.305542634199641E-7	0.08335088745820349	
5.735577481747861E-6	5.437729419420151E-6	0.4166948015933778	3.942871841586524E-6	0.08334377481629929	
0.33336810238456743	2.9722086967048893E-6	1.2976837226588552E-6	0.08333577540005926	0.08334064754206369	
0.2500330636480434	0.08336614120421817	6.195027507656938E-7	0.08334283533085839	0.08334614340221232	
0.16669243456897848	0.1666960748038461	5.112541853952488E-6	0.08334772787243194	0.08334638175674142	
0.08335086665572083	0.250049395790194	2.060016470832647E-6	0.0833425298182598	0.0833458351219642	
1.5509080717468217E-6	0.3333656162921658	2.5274337269346745E-6	0.0833343556291634	0.08334293553994261	
0.25003887013773457	6.901304636482211E-6	0.08332171490537477	0.08334136428106713	0.08334175387994817	
0.16669427650360258	0.08336371609259415	0.08334308306346305	0.08334287414961827	0.08334754062950248	
0.08335471769663338	0.16668174027743787	0.08333380384337154	0.08333451611824277	0.08334003362144611	
9.495769463520445E-6	0.2500286304642377	0.08333415288148972	0.0833350196985063	0.08333900468227355	
0.16669369616544844	9.990936789420949E-7	0.16671243715058728	0.08334437589629118	0.08335027334039408	
0.08336097471010219	0.08334766775352635	0.16669619839591465	0.08335053890104853	0.08335107345973593	
6.150234292622125E-6	0.16668737162292166	0.16667915452299467	0.08333510171230081	0.08333885469596541	
0.08335895793033293	1.152531332078677E-5	0.25003004243347593	0.08334272692376808	0.08334668220599277	
2.157192315749807E-5	0.08334305387659245	0.25001289474620597	0.0833369530641943	0.08334074092226262	
6.427764165203023E-6	1.166720891473771E-7	0.3333711059207415	0.08334439830108314	0.08332578492572604	
0.25005271698437936	2.4408287397834514E-6	1.4900283882681793E-6	0.16668866957287598	0.08334737064950733	
0.16670856904340425	0.08337205787150019	1.9954805649323732E-5	0.16664299634092744	0.08334701993198167	
0.0833540165316119	0.16668059715930023	2.1764674669576607E-6	0.1666747068604766	0.08334048027423611	
4.46140764244098E-6	0.2500287651085809	1.957408379237682E-6	0.1666734592070786	0.08333861115569079	
0.16666555990599746	6.953648760531975E-6	0.08335049860567868	0.16669156309774777	0.08334157943799754	
0.08338586978478692	0.0833524549841667	0.08329770695317275	0.1666731242688188	0.08334056100815025	
6.2835243546223914E-6	0.16673465212647307	0.08330069417887986	0.16670029385869062	0.08334649244370647	
0.08335635516525447	8.02853977485787E-6	0.1666766581094585	0.16670169912996707	0.0833465893262812	
4.592500826601533E-6	0.08335343796021495	0.16666395559276043	0.16668898862759957	0.0833403603244002	
2.8701285343669334E-7	4.180240217429693E-6	0.2500153849614257	0.16668844322670293	0.0833412288299734	
0.16669047506779486	4.551129974056931E-6	1.0768366115202788E-5	0.25002992829913895	0.08335524527786366	
0.08334562399519649	0.08334600244823522	1.9384387605616277E-5	0.25003774858790717	0.08334824111554903	
3.083707034445882E-6	0.16669874821607694	1.1258323638462978E-5	0.2500405315282673	0.08334862178646678	
0.08334885818945446	8.290614458815125E-6	0.08335155310877364	0.2500340140362747	0.08334657396463462	
7.143407260309518E-6	0.08335007949655497	0.08335145296409349	0.25003397984308284	0.08334655410463193	
2.0797771081068815E-5	1.8757843834596924E-5	0.16667571511713572	0.25004527793774356	0.08333392578837275	
0.08335303983439196	7.289380095970617E-6	4.379376538732082E-6	0.3333837787789426	0.0833479961220266	
1.0328606572485392E-8	0.0833525694297502	5.46131485277232E-6	0.33338816055239945	0.0833472892542732	
2.5991437369637237E-6	2.7971880468101452E-6	0.08335249087805051	0.3333875451567328	0.08334740952085534	
2.1247688465183784E-7	1.9792336516991205E-7	2.3391176490139412E-7	0.4167384571756177	0.0833493662333387	
0.33339434780595134	3.5459780485492365E-6	4.40504800138944E-7	1.8721125641521018E-6	0.1666917318577306	
0.2500066647495277	0.08338834246257457	2.7871575407676836E-6	1.2272593705177585E-6	0.1666938162623609	
0.1666903539652951	0.1667107009892484	9.87638422284682E-7	9.775193101431089E-7	0.16669519558751936	
0.08334936572107363	0.2500450662276877	1.045763457192257E-6	9.812660031833283E-7	0.16669328734206473	
3.377370337748476E-6	0.33339074140179265	9.763744624971412E-7	8.000415182651419E-7	0.1666935601040404	
0.2499994102048259	1.8394978660852787E-6	0.0833975690280772	2.0041604519472526E-6	0.16669197336146088	
0.16671198210818866	0.0833415387659735	0.0833507188289795	1.0723332927618853E-6	0.16669299450620523	
0.08333827311839373	0.16667989118150664	0.08332752997928393	2.2882741826383276E-5	0.16667795831564008	
4.49030184089848E-6	0.25004863748256984	0.08333907179849141	3.732277468960415E-6	0.16669347276990568	
0.16670318339860435	3.5432424106840123E-6	0.16669452818128822	1.7363131166300006E-6	0.16669519387070555	
0.08333670064426782	0.08335865357194572	0.16668124010141547	1.630100563909494E-6	0.16668283004289391	
4.413650098530452E-6	0.1666892754475393	0.1666801861369064	9.27934930241428E-7	0.16668110209569828	
0.08338338631966455	2.126056679705577E-5	0.25000517058613675	4.382107409568541E-5	0.16665268114093765	
5.918277193414649E-6	0.08339058491485926	0.24998075976861148	1.2753908482373756E-6	0.16667895680725495	
3.098758197837349E-5	3.097485827589286E-5	0.3333659999371187	7.1312802878394935E-6	0.1666437573201308	
0.25005000645830333	7.619892690889001E-6	7.28196520775633E-7	0.08334059610653724	0.16669347004966006	
0.16670125045574277	0.08333553234189181	2.8152609254258234E-6	0.08333660290311473	0.16668047338203218	
0.08333578957268643	0.16667469699140874	2.1258692551282935E-6	0.08335710003795749	0.16667675499962994	
4.504964005309837E-6	0.25004968160920765	7.837860145274872E-7	0.08334920437187224	0.166697174442798	
0.16668753617091775	2.9319772473429266E-5	0.08334617873569697	0.08334024685459639	0.16669570758552815	
0.08333731663046798	0.08335918138300369	0.08333594686744802	0.08334311330927581	0.16668194061823016	
1.7716962663689125E-5	0.1666786832281893	0.08333588959612817	0.08334165985267192	0.16668102862673076	
0.08336650285612424	5.82720971806275E-6	0.16669171100547214	0.08334082434227486	0.16669433179010634	
2.0410391061766947E-6	0.08335439014585912	0.16667700357679463	0.08334288970232313	0.16667985012711783	
3.044352987035946E-6	3.0275962505868945E-6	0.25004870504225596	0.08335289564981148	0.1666970671503348	
0.1667007145815209	1.811896905908134E-5	3.785863786234396E-5	0.16665152887566145	0.16669445978065642	
0.08334009891829125	0.08338859949579641	3.5057728384980545E-5	0.1666581364366581	0.16667767765421657	
1.4995358381784021E-5	0.16671442422977895	4.566648894623331E-5	0.16663317669120262	0.1666945775123373	
0.0833313039587571	2.2815656882481695E-5	0.08336177039497658	0.16668591124533338	0.1666912919434219	
3.953241640491465E-6	0.08335013660711248	0.08336183405783129	0.16668588850735175	0.16669129770141516	
1.2503776872242232E-5	1.318055750670938E-5	0.16668724585754327	0.16665836231722495	0.16667768479941722	
0.0833839609097943	4.466908985892011E-5	7.412461881462961E-5	0.24996248555059092	0.16663172718881777	
5.0671336249358194E-5	0.08336721961460089	7.591545123604275E-5	0.24995111559696134	0.1666048677183236	
9.774621776167913E-12	9.750347507025967E-8	0.08334227638406591	0.25005601257258936	0.16669123102707392	
4.538401994887921E-8	8.040799655057822E-8	1.0717628873318525E-6	0.3333589422743066	0.16672994338119176	
0.2500404583856552	1.1345137212062724E-5	1.2804983220958636E-5	1.197213237159224E-5	0.25001731308287145	
0.16664088910238628	0.08337671038284233	3.90225577951092E-5	1.3259883523604792E-5	0.2500128856431839	
0.08333822551710397	0.16667984848341086	2.5454237237514465E-5	1.3259189191531676E-5	0.2499997941280974	
1.4599783163706246E-5	0.25001995101640456	1.4453729526661422E-6	6.684433772655413E-9	0.25002856638082405	
0.16669341281750583	3.0685291405159935E-7	0.08335329661585886	1.3267076691774149E-5	0.2500035143679499	
0.08333774625597551	0.08336927412907906	0.08334120569802582	1.3231313782692372E-5	0.25000446263541415	
1.6844999128222658E-5	0.1667040006094728	0.08334811688427765	1.3668480897268159E-5	0.2500240012654847	
0.08330152015923234	6.905446648592733E-5	0.16667351981140213	1.7699264783619446E-5	0.25000426036893125	
2.2067494563442083E-4	0.08339577151488456	0.16660971180750622	6.860328734917415E-5	0.24976900394950188	
1.1928560053753316E-5	1.645308846647009E-5	0.25004713947698287	6.811733963426902E-7	0.2500250807821781	
0.16669493089669088	1.4985071458704168E-5	1.7190891696670932E-5	0.08332886905453259	0.2500073563303142	
0.08334215957848035	0.08334204738251519	7.552859307483758E-7	0.08337105656108476	0.25000752373090845	
8.42883659424019E-5	0.16659408747596982	7.659837926360141E-7	0.08336800858209929	0.24999860403265445	
0.08336196810863426	1.4364155901201552E-5	0.08336305982804186	0.08333275463563143	0.250023621307071	
8.769209272608318E-6	0.08333839382866863	0.08334040448727542	0.08339045869300409	0.2500257298527142	
8.324770031476788E-6	8.477724069654695E-6	0.16669626785364183	0.08336200470363714	0.25002670125102794	
0.08332570964712968	1.4016500965789987E-5	1.063413411126455E-8	0.16671611119452043	0.25000733462218055	
8.76836431748065E-6	0.08336578984462904	5.82369836907124E-6	0.16668876001876412	0.2500249870237993	
2.6374487703587613E-5	2.6370572389816778E-5	0.08337585535185643	0.16664321137165636	0.2499896285134216	
2.1318876950316446E-8	1.686272747271034E-8	4.322060345747146E-6	0.2500789613741517	0.2500390045228053	
0.16667409338163044	5.736880999987343E-7	3.7531017948175626E-6	3.210283498930391E-5	0.33333869828257445	
0.08334947555755327	0.08334909645503262	3.803849757101114E-6	1.0832674192047437E-5	0.3333455350552337	
1.1192273321531776E-4	0.16664379295480314	1.2889582242759445E-5	2.9646017178417546E-5	0.3333185220089262	
0.08330632051047275	1.2327564386127552E-4	0.08341262493074565	6.186155972914119E-5	0.3331991414461105	
6.1844272349837686E-6	0.08336223914674609	0.08336065874460652	3.208402460756176E-6	0.3333276203185476	
3.742897583448681E-5	3.18963413743024E-5	0.1666677920981146	3.214766302871063E-5	0.33332289035737483	
0.08335965203624285	2.7900609978055652E-5	1.3158558246613592E-5	0.08332922449270785	0.3333791431336813	
2.7140651869369242E-5	0.08334713941023023	1.602931911131428E-5	0.08331883158532591	0.333336071971701	
4.750386644233383E-6	7.385176495039461E-6	0.0833857786386826	0.08337071137668994	0.3333390037428102	
5.384272949244173E-6	4.210563730788004E-6	1.4360524367122287E-5	0.1666926656431035	0.3333542263693283	
0.08333950665481472	1.988593251671079E-5	5.418823277197031E-5	5.92715968746055E-5	0.41660110934489253	
8.872140736143635E-5	0.08336696434019401	1.0767999971922081E-4	1.1283222013933986E-4	0.4164418393224839	
3.327675918351804E-5	1.3900581719068365E-6	0.08334389427019798	2.9723577917712345E-6	0.4167341246781777	
8.892030092101193E-6	8.140807025863081E-6	1.3195969376806046E-5	0.08334017043180972	0.4166862375860815	
8.624255700679725E-6	5.569077837914365E-7	9.320385988261927E-6	9.29334285783922E-6	0.5000744918340028	
