0.5000663250459451	4.447945435445321E-6	1.7356095637324817E-6	2.97358371233752E-6	2.861954253059093E-6	
0.41678277059491337	0.08324586922171966	1.0497280344195825E-5	1.4890089544419015E-5	2.0975686235287696E-5	
0.33336992998255915	0.1667001984853335	1.6650233615337547E-6	5.0678454924617145E-6	1.0113516842537669E-6	
0.2500674078424994	0.2499817655939375	1.0547063342275575E-5	1.2118742407052033E-5	7.939213300012984E-6	
0.16674451436072185	0.3333134271007429	3.852756213950665E-6	1.308131558932146E-5	3.6526589475592756E-6	
0.0833143810972633	0.4167521674569865	3.550372482163912E-6	1.384333383530224E-6	7.9742647554214E-6	
4.462156335986714E-6	0.5000176760294116	3.269019174146499E-5	1.310987429118668E-5	8.845669485475866E-6	
0.41672565421702035	5.411230369607233E-7	0.08334728939020952	1.106964083829926E-6	9.557554564567505E-7	
0.3333812037289712	0.08336698983128939	0.08331621177079558	6.13000945559364E-6	4.945787947006679E-6	
0.2500035323461033	0.16667355306375017	0.08338838734163571	5.152440859077279E-6	4.950149325465599E-6	
0.16677435037305854	0.25008148285754184	0.08321771731446376	9.783898779304991E-8	3.32223871246331E-6	
0.0833224587238885	0.333395288523731	0.08335476100098058	2.0391942228631803E-6	3.194377402877263E-6	
3.7364349304305225E-6	0.4167156775435955	0.08335544320091737	2.1317070976738957E-6	2.4202004983817574E-6	
0.3333626719175061	1.8126616263924318E-6	0.16670651514176554	5.0077419260134434E-6	3.2958746282902044E-6	
0.25003805579833	0.08335207365225705	0.16667913686329955	2.9791892171905044E-6	2.665145780208455E-6	
0.16668246872474307	0.16670901417919629	0.16667981352531389	3.024415606775716E-6	1.1398889793346428E-6	
0.08334965087025713	0.2500403851246073	0.1666848987734879	1.4938569057118167E-6	2.0613932267206934E-6	
7.865261427636329E-6	0.3333835330339509	0.1666820273495473	2.176226950348105E-6	2.4201659320602785E-6	
0.2500328620641987	1.4135376493653478E-5	0.250024278189931	2.3113695000273756E-6	2.626641363249402E-6	
0.1666637358616601	0.08336997372667154	0.25001475625565167	1.6019162435553807E-6	2.819832831660798E-5	
0.0833528592540342	0.16669361626388504	0.2500275212175421	1.908796189765564E-6	2.183554746046602E-6	
6.525529635534678E-6	0.2500536070823302	0.25004117768724793	2.1647186791163945E-6	9.085538490615337E-7	
0.16669393224847137	2.6209019695652396E-5	0.3333547094705697	1.8411687342366552E-6	4.660098904843864E-6	
0.08336110404208612	0.08335726806492809	0.3333511720530174	1.4359505559239791E-6	3.810720007909084E-6	
1.6131220527228804E-5	0.16671662199363294	0.33334099041917903	1.3545734483166264E-6	5.693316239690945E-6	
0.08341669276342453	1.3131121180385205E-5	0.4166468986927841	1.6772330380110277E-6	4.6312881918017735E-6	
4.355099785328166E-5	0.08338081882484351	0.41665265895023557	1.524967204529014E-6	8.794723125624161E-10	
4.3551756196784226E-7	1.0803494097204359E-9	0.5000739464499865	1.6807773804322407E-6	4.606662122995244E-6	
0.41672848652135547	3.7561861730357116E-6	3.5727358995002856E-6	0.08333778664710517	1.8268495385877186E-6	
0.33336342740982705	0.08336784396717427	3.567197341300437E-6	0.08333758557256284	2.678997953280174E-6	
0.25001649887083616	0.16671001348517722	8.97514025166155E-6	0.08333816660765266	2.8642076359560235E-6	
0.16669446473387087	0.25003291682189194	4.5440575305013835E-6	0.08334843692371272	1.8201392583046371E-6	
0.08336221639292675	0.33336070799837647	3.929258705213796E-6	0.0833473232146288	4.007258405094793E-6	
2.6427059864443895E-6	0.41672664333232196	8.193550676873428E-7	0.08334850879410945	2.4157703246638953E-6	
0.3333829134551777	1.4815466070601032E-6	0.0833528012950066	0.08333774617136498	2.1769726770588717E-6	
0.250033097932469	0.08334978129705461	0.08335242533456963	0.08333736120829718	2.179783185085871E-6	
0.16671792054510617	0.16666379345881524	0.08334584297077036	0.08334847067458583	1.3326073230751366E-6	
0.08333936279524244	0.25004349156887473	0.08334449542223778	0.08334887924378821	1.3892247024559345E-6	
2.9001094571920663E-6	0.3333877044144167	0.08333955728980315	0.08334852007850643	2.412448703441419E-6	
0.2500521680772992	1.38999132327408E-6	0.16668238526415322	0.08333718265069884	1.6668671049572603E-6	
0.16669124928689652	0.08336433059161433	0.16668378284874194	0.08333690536116116	1.718203010699029E-6	
0.0833511317178081	0.1666880773100092	0.16670035845005968	0.08333686173932399	1.4169883252187397E-6	
1.2441667503849314E-8	0.25003699534093005	0.16669887929820817	0.08333844585556704	2.0028213420897057E-6	
0.16669900141332392	1.0704870194713562E-5	0.25002580153491943	0.08333741006425427	1.802866895298287E-6	
0.08336497578350864	0.08334530556338036	0.2500266634821623	0.08333770256143855	3.6680498650900254E-6	
7.010929702788798E-6	0.16669868361326892	0.25001978501414507	0.08334997103517156	3.919069709942215E-6	
0.08334900372545828	5.3791484257674784E-6	0.3333852330930138	0.08333654434105152	1.3122050776399925E-6	
1.1991485150780069E-4	0.08341270443254906	0.3332722098827786	0.08327056097517503	2.143428442299828E-6	
8.293162108761106E-8	2.7563365593529005E-6	0.4167339663616207	0.0833381036316188	1.944619128512232E-6	
0.3333867828617217	2.64513291837935E-7	9.951688392395273E-7	0.16668978193846637	9.945695883766196E-7	
0.2500344045632333	0.08335021591153295	5.785611548288008E-7	0.16668854943808492	2.114528673851412E-6	
0.16671097587255884	0.1666692861021366	8.332372793160891E-6	0.16668664746118161	3.4787753811059558E-6	
0.08338479511362341	0.24999748378842562	8.673037327389035E-6	0.16669370420167595	1.5272523028132803E-6	
2.9483305571609375E-6	0.33338232376526733	8.744820226810096E-6	0.1666907242884443	1.3967109714751518E-6	
0.2500427150097572	2.280464016872283E-6	0.08334021552391394	0.1666885786310452	1.787556132747445E-6	
0.16669064539460432	0.0833649419832122	0.08335797777388777	0.16666761790377946	2.2838774370598883E-6	
0.0833500351378423	0.16668521076934223	0.08335326925080794	0.16668826097341555	1.4271837489712853E-6	
7.7078972554733E-7	0.2500347599073629	0.08335340400904181	0.16668846933124679	1.986096956224204E-6	
0.16665736266832928	5.264522384471512E-5	0.1666945472098254	0.1666727232515138	2.1705090422708974E-6	
0.08335586580337843	0.08335227020290865	0.1666952918394352	0.1666720683840445	3.929450266223601E-6	
5.246204236356134E-6	0.16670246293253294	0.16669464925055327	0.16667093603522876	2.960419755942565E-6	
0.08336826749411763	1.0774289200936369E-5	0.2500341416668133	0.16666276526607574	3.926372646602458E-6	
6.341966099419641E-5	0.0832953291147644	0.2500501785385726	0.16665915031961326	1.0883924502850804E-5	
1.0106001966033508E-7	5.044243060896724E-6	0.3333976783576595	0.16667177796350485	2.185621961058053E-6	
0.25001967077061205	6.245198646599727E-5	7.575248773123226E-5	0.24991570755940126	1.8348882360975129E-6	
0.1666750109733399	0.08336458315330465	4.033458402438021E-5	0.24999034241904358	5.215793533086564E-6	
0.08330839199118573	0.1667797019689667	2.077725405118789E-5	0.24996327489502984	8.143244421046868E-6	
2.2318735305916606E-6	0.25003885895886957	6.5813460015924135E-6	0.2500201887871153	9.05025596338713E-6	
0.16665874053510232	5.4324432647520095E-5	0.08343922706271083	0.24992370988782847	3.0143901404663053E-6	
0.08335764260708713	0.08335271850709482	0.08333751861064817	0.2500247398552975	2.8134425450583624E-6	
7.633708550043666E-6	0.16670441991707902	0.08333836465691874	0.2500237986801014	5.064578060995958E-6	
0.08334797006038634	1.0070749431427994E-5	0.1666949657325561	0.25002765204878646	2.9261883818040224E-6	
3.8618702027950196E-6	0.08335322350246781	0.16669155837526275	0.2500255038084732	3.290130034391641E-6	
3.612632814453749E-5	2.403918966465745E-5	0.2499932409814662	0.2500280519651337	2.9608537046429637E-6	
0.16669963078717054	2.3034000281511166E-5	1.5321438580799958E-5	0.33333145152502147	5.944368736491228E-6	
0.08333519711683254	0.08332912906330606	6.546310854804474E-7	0.33340786254837573	5.199944441648928E-6	
6.782204888337629E-6	0.16671614779025645	1.414010677081393E-5	0.33334250465678644	4.843712533576364E-6	
0.08337538720164606	1.9207951737336193E-5	0.08334096293659592	0.3333267923204509	1.4826272125586293E-5	
3.226856104406152E-5	0.08336261998566327	0.08334125614123457	0.3333406545594347	2.968148822862033E-6	
1.4858059221096488E-5	1.5050033036230383E-5	0.1667092757829557	0.33333217863880543	7.550707316674233E-6	
0.08336334868570014	1.0075037990969307E-5	7.57947784485311E-6	0.4166937311177199	5.4303565305288656E-6	
1.3748579328067626E-5	0.08335616750944731	1.1016962686238281E-5	0.41669338128335687	5.48008172239439E-6	
8.245284024742934E-6	8.244935087723071E-6	0.08336396327520691	0.41669098492348017	7.291256580320343E-6	
1.4089632744075968E-10	7.588192255876503E-8	7.598734041884483E-8	0.5000740293786993	2.9714732849107255E-6	
0.41673575736311075	2.2709093307544983E-6	9.12139951756553E-7	2.430139494913856E-6	0.08334634166822114	
0.3333920026603328	0.08334705600980473	9.081968324240854E-7	6.610629212985241E-7	0.08334619219382128	
0.2500395630326213	0.16669339055417529	7.84934009151799E-8	4.877249384820697E-7	0.08334488148277029	
0.16670084560711176	0.25003064280670007	7.694069913239125E-7	1.1156922694281163E-6	0.08334639856493728	
0.08336357660719483	0.3333661665900586	3.580085807648215E-7	1.0842528670656626E-6	0.08334521112733381	
5.751452842516695E-7	0.4167318847734791	1.3919807249700703E-7	4.356212378757562E-7	0.08334552383908077	
0.33337977093367405	4.3388866150084004E-7	0.08335176633302993	9.267896204670389E-7	0.08334557277871073	
0.25003428698728636	0.0833500766138832	0.08334661309888483	7.369287313564188E-7	0.0833444065573242	
0.16671311160655597	0.16666050194051343	0.08335749254634323	2.74687500917994E-6	0.0833453018520541	
0.08334790212673267	0.25003577971623253	0.08334562802666436	5.042488635884559E-7	0.08334610644254474	
2.9100856554014424E-6	0.3333891327951044	0.08333991685006034	5.549448727773746E-7	0.08334541628856662	
0.2500449416118626	4.6639292700081646E-6	0.16667976091610368	2.4385311126308306E-6	0.08334444045929544	
0.1666767810698279	0.08337428652579777	0.1666807355022976	2.43854537086316E-6	0.08334131895617213	
0.08335551153867243	0.16669660993477442	0.1666803189985114	5.517929826828136E-7	0.08334567808431632	
8.415655239000478E-6	0.250012461995118	0.16671149324877718	6.711347583273115E-7	0.08334418703680155	
0.16669558313634397	1.2898189803097817E-5	0.25002156561113303	9.92562917596306E-7	0.08334321470520893	
0.08336373457654957	0.08334406435600973	0.25002306598077556	1.249947523296083E-6	0.08334494911101242	
1.1336394606442682E-5	0.16669590252940927	0.2500221024338813	1.8075696261906017E-6	0.08334594955052312	
0.08334081626286087	1.2507616575937103E-6	0.33339257828910723	1.2930234064923688E-6	0.08334296592484766	
4.3746944010797095E-5	0.08343214916175276	0.33325399168167424	8.087625884123092E-7	0.08334578966342551	
1.2950133030941536E-8	1.530940690023362E-8	0.4167309204022854	3.17280543854817E-7	0.0833452590496185	
0.3333798136360595	1.4874288114438832E-7	6.505654925322622E-7	0.08334974951605392	0.08334507711942919	
0.25003252542296506	0.08334832051421058	2.669492535383113E-8	0.08334952941033888	0.08334505346442504	
0.1666916073739282	0.16669045757950798	7.737039286643233E-8	0.08334984952628242	0.08334653566802104	
0.0833428253107875	0.250039641681768	2.3897054016168353E-7	0.08334998783022649	0.08334546961060488	
5.652275715083357E-7	0.33338319923562476	2.634345313104828E-7	0.08335031111335416	0.08334578475711622	
0.2500318806980273	3.2677332714879103E-7	0.08335026601255022	0.08335021357442213	0.08334558302080232	
0.16667506625666767	0.08335500647321814	0.08334946259016786	0.08334950694010074	0.08334598580311892	
0.08335890736042388	0.16667717756726408	0.08335355140047507	0.08334172042665115	0.08334645749640614	
5.540090457359082E-8	0.2500316354648285	0.08335106645830956	0.0833497838311875	0.08334623319483504	
0.16669256935181606	2.436160872959777E-6	0.16668643810756684	0.08334998401234602	0.08334620689305074	
0.08335770123566852	0.08333762722738455	0.1666867509252884	0.08334961869784833	0.08334641106939812	
5.486465160470885E-6	0.16669552342767074	0.16668787793125445	0.0833415542669584	0.08334598738503728	
0.08334955090956372	1.9996608156799226E-6	0.2500299668028219	0.08334962083075013	0.0833461509041399	
1.028891030951921E-5	0.08336238404759751	0.25002654228424614	0.08333197655193393	0.08334678572084692	
1.0584558324098369E-8	2.9613000493029595E-6	0.333380279048068	0.08334888064964407	0.08334542966981232	
0.25003272142886573	7.212497495000773E-8	4.822703082546849E-7	0.16669698374638064	0.08334562631464616	
0.1666879178271349	0.08336295275071369	3.493236681152355E-5	0.16665066816547894	0.08334166571549288	
0.08327993322384519	0.16673773305414027	7.612605975398058E-6	0.16669870665166786	0.08335666596784698	
1.047339904404304E-5	0.25003634617414455	8.45102640427017E-6	0.166678558133173	0.08334427132902966	
0.16665517602131602	4.595656209784787E-7	0.0833781561733735	0.1666973277206043	0.08334577333333439	
0.0833489782482776	0.08334401683864968	0.08333943031668925	0.16669615763507575	0.08334702014564287	
7.472786009494707E-6	0.16668339749992805	0.08333833100837112	0.16670134373713383	0.08334514872284426	
0.08335873871376545	1.0759744850562827E-5	0.16666304908160964	0.16670337518409095	0.0833441254159775	
8.576143995553558E-7	0.08332194141938244	0.16670630694534005	0.1667010806034153	0.08334730495274013	
5.704555115178863E-8	5.8003388939350073E-8	0.2500221609670041	0.16670945945457735	0.08334534951578362	
0.16669501517298854	1.8064679710131832E-6	2.698441351923232E-6	0.25003129864001217	0.08334570020584779	
0.0833503065224187	0.08334425912074592	2.8125791856779476E-6	0.2500364896312594	0.08334637681592173	
6.492724960053884E-6	0.16669563836870607	6.779463680918734E-6	0.25003286735425245	0.08334599773484065	
0.0833666167679079	1.078500316423935E-5	0.08332444053557359	0.250028007933458	0.08334641136061961	
1.8681925151480946E-5	0.08335875670271614	0.08332407570987978	0.2500276896048648	0.08334537633614054	
3.721670862656884E-6	4.1288032946119373E-8	0.16670170362169945	0.2500332351709884	0.08333843027704732	
0.08336794036246449	4.618250682764875E-5	5.014905979115298E-5	0.33326624932797255	0.08334760533143164	
3.463277815980131E-5	0.0833718629209019	5.640056232873057E-5	0.3332697236475303	0.0833434216503508	
5.8967626315607026E-8	4.17891699314335E-10	0.08333376188197995	0.33339596819631667	0.08334746152232668	
4.324385114811432E-11	1.890456554071504E-9	1.2709564055639358E-7	0.4167292352708433	0.08334553158069065	
0.3333834329086725	2.669251558606893E-6	1.0858807929205752E-7	6.141137467705965E-7	0.16668893923613803	
0.2500362290861656	0.08334964482615977	5.897304414153249E-8	2.1736438983084475E-6	0.16668725137358342	
0.16671625239325863	0.1666626868167849	8.000667391746905E-6	5.588217034630235E-6	0.16668620236523726	
0.08334248238079069	0.25003864558141947	6.434153723360767E-6	2.3393174835152004E-6	0.16668874316355106	
7.178543458117725E-6	0.33337731409194904	3.9250322111986485E-6	1.233248000951671E-6	0.16668733248221496	
0.2500019466804762	1.141444002142231E-7	0.08338435295347223	4.8051704326044966E-6	0.16668534803232965	
0.16670860346377098	0.08337312887606184	0.08330679598150746	2.105150050078316E-6	0.1666885152814059	
0.08334901902360577	0.1666907825469946	0.08335442973025455	1.260733687121871E-6	0.16668768958380686	
4.8638545122076254E-5	0.24995994475723374	0.08338309313243276	1.0113058454078532E-5	0.1666739076129851	
0.1666986241152022	4.450012981130818E-6	0.16669442282274502	1.4091672981014641E-6	0.166692780750271	
0.08336628433424176	0.08333643601147875	0.1666900974525812	1.2607600684742743E-6	0.16668698201335144	
6.121291194493372E-6	0.16669482711862843	0.1666879862776134	1.01263848937433E-5	0.16667637583932063	
0.0833562532940175	1.3267539763976442E-5	0.2500205604438422	1.268165464506843E-6	0.1666865115365755	
3.4301820528049904E-6	0.08336581080195556	0.25001975009026284	1.2698615618064466E-6	0.1666860246322517	
1.7216916808522971E-6	1.7152515607196853E-6	0.3333829225163631	2.5099718489156105E-6	0.16668853147116697	
0.2500505714791333	2.5956295636895874E-5	3.447746353028074E-5	0.0832773387071692	0.1666872874010492	
0.16667433276020158	0.08336199160804676	1.4139363434173142E-5	0.08333841760841171	0.16668775998155042	
0.08335013406520464	0.16669603024126572	7.433653396757171E-6	0.08333497628334963	0.16668761373173432	
5.60719964343474E-6	0.25003969183659686	6.915792461496257E-6	0.08333813236505791	0.1666889682360643	
0.16669824735184838	1.067353539581485E-5	0.08334605003340391	0.0833347402030759	0.16668797351863934	
0.08334392734197063	0.08336452048311817	0.08334581352619204	0.08333433959783086	0.16668810511101415	
9.017081554985574E-6	0.16670011847306615	0.08334615735626248	0.0833346833805674	0.16668621050999435	
0.08334949805578655	2.879111435423813E-5	0.16668330731727235	0.08333719226782652	0.16667778194964813	
8.550308955295806E-5	0.08336744687214188	0.16666629376774184	0.08328185895207298	0.1666774254241973	
4.4185115271643395E-8	1.2320388025949248E-6	0.2500629987101072	0.08333629757238513	0.16667406431484655	
0.16670501942486687	1.7296596415281549E-6	2.6727077619812128E-5	0.16665709745214488	0.16668850027258747	
0.08335687122241608	0.08335190361081757	2.5458845035136293E-5	0.16666486053054003	0.16667801195739868	
3.388486416116125E-5	0.16669474740858534	6.813692832962477E-6	0.1666650832214943	0.16667800971817223	
0.08335449581408254	4.820724195732761E-6	0.08334834759094403	0.16669132946937118	0.16667783085664833	
4.327105450844038E-6	0.08336633475629968	0.08336377046589119	0.16666596861599617	0.16667729836326173	
2.750226093878848E-5	2.7100081811799324E-5	0.16668029265762674	0.16666952772867358	0.1666747362480556	
0.08338050316240957	1.7556331722092086E-5	4.763253844754172E-5	0.2499344522422334	0.16669816986569327	
8.099674716647273E-5	0.08333804337941224	2.985814289615106E-5	0.24994374817836798	0.1666921037835233	
3.9769687969882734E-5	3.966419573431966E-5	0.08337104783578514	0.24994961213783012	0.16667819344674223	
5.3422518021082544E-8	5.521506480624802E-11	4.693679026580542E-8	0.33338743192907605	0.16668721739053638	
0.2500243156783905	5.831272340018385E-5	3.2260437408946594E-5	5.899929999925639E-5	0.2499048427990144	
0.16668270053897674	0.0833199539888633	3.051228572583431E-5	7.054055671951572E-9	0.25004471026094716	
0.0833146587106105	0.16671480178024123	9.086623923783558E-6	1.6563608163367647E-6	0.2500410310709643	
2.596606990176551E-5	0.2500176839866999	4.013905923296043E-5	3.574083775934753E-5	0.24995754054003752	
0.16670953171896308	2.6730675358150676E-6	0.08332920857679395	1.8457123661133554E-6	0.250031984307332	
0.08334497763692551	0.08336862774149377	0.08332990362408092	1.1746190123725908E-6	0.25003323465525146	
1.728141789884181E-5	0.16666803964769167	0.08333500432915636	1.2444391679313032E-5	0.2500442467944199	
0.0832324889594986	1.2612919566613438E-6	0.16678734049575847	7.153344372967501E-7	0.2500543104518251	
1.4668086173564093E-4	0.08342332375729325	0.1665971290971962	7.461984490160651E-5	0.24983870098332214	
1.2216691708615048E-6	8.071182358620818E-7	0.2500414195235643	4.45598870619288E-6	0.25003009975744744	
0.16669192983901243	4.885118000048227E-6	5.393656903706173E-5	0.08334998992596457	0.2499786184362468	
0.08336388263177386	0.08333535922840779	6.84569114193595E-6	0.08333976491311489	0.2500347697626337	
8.580888347419119E-5	0.16667935922504012	3.078954127730478E-5	0.0833291969854875	0.24995518461823732	
0.0833319524731782	2.692502553833447E-5	0.08334567583366989	0.08333964636373964	0.2500337060165549	
6.735075303092645E-6	0.08335115619430365	0.08334694614915972	0.08333980173918644	0.25003290248994975	
1.6406673560821228E-6	1.662335311589186E-6	0.16670219495694374	0.08333852562840553	0.2500313357012807	
0.08339206384565605	9.487071071685655E-5	4.825342701461608E-5	0.16661442903501414	0.2499279884729648	
8.693596997545757E-5	0.08339761496418872	5.021385258047915E-5	0.16661559524370503	0.24992873082745762	
1.4347559016050274E-8	5.988765892939777E-7	0.08340636195115758	0.16663770613964776	0.25003317249813156	
1.1620458750068258E-5	1.4628039497142252E-5	2.7345925069384274E-5	0.2500310453878012	0.24999569822967985	
0.1666677168503162	3.0452474927430593E-5	5.386250968333019E-5	1.6321086835403937E-5	0.333311194064258	
0.08334467339617174	0.08336923224961693	1.2727088577525975E-5	4.018977120696459E-5	0.33330886182247604	
1.9573678773785958E-5	0.16669711230812748	9.874549005198611E-6	4.006968107192323E-5	0.3333089359137522	
0.08335276539814887	3.052101931575742E-5	0.08337008070321826	1.4613539147984738E-5	0.33331116622934504	
7.871429339372761E-6	0.08336253345757212	0.08335666785977908	3.983583226758779E-5	0.3333106160530891	
5.635860877826923E-5	5.366243164286052E-5	0.16664609060042085	1.5626144675818386E-5	0.3333062147495757	
0.08333868205745898	1.1375955970372452E-5	5.055663495169955E-5	0.0833678587012023	0.3333117703190154	
1.9827060751335977E-5	0.0833309362041323	4.98456250379202E-5	0.08336785294500444	0.33331174730524815	
1.1871356875290994E-5	1.1871950662574402E-5	0.08337617396280092	0.08336718683374918	0.33330923780812605	
3.6417840327245106E-5	3.641526837959469E-5	5.537314984453305E-5	0.1666501517967172	0.33330075457571107	
0.08336225952105529	7.077937079569648E-5	6.589093858662255E-5	6.442038748768712E-5	0.41651164313040595	
5.029835286175125E-5	0.08337966291192693	7.058550976384949E-5	6.295905843789846E-5	0.4165125530419856	
7.353122995872711E-5	7.355452444404797E-5	0.08335107694025072	6.448721490912543E-5	0.41651250465158957	
5.269280136073153E-5	5.2442149680670186E-5	8.51473336184553E-5	0.08337296344096856	0.416516034469758	
3.941971024309902E-6	3.7451696802166324E-6	4.299369837021893E-6	4.855812176305406E-6	0.5000608701764735	
