0.49999359229206414	1.0362945766650586E-5	1.5708025181210182E-7	3.5335485727210954E-6	1.0030517261043212E-6	
0.41667760491646455	0.08330825981895566	8.31239121356115E-6	6.763510091600313E-6	4.485431225138527E-6	
0.3331916421238633	0.16678378400059102	1.1391278159866166E-5	7.124834064018405E-6	1.6438929426318884E-5	
0.2500502918403479	0.2500198835394475	2.8657811047273224E-6	3.487263629822726E-6	1.621768945877431E-5	
0.16668121994030233	0.3333996515348298	2.652872441738301E-6	3.4851086476804843E-6	4.2171092911893615E-7	
0.08341798369559246	0.4165670646753198	2.0553818502812638E-5	4.218874238283003E-6	3.1297497717007773E-7	
3.02030629676934E-7	0.50008393735615	5.447388329923818E-6	2.3748474857053264E-7	2.0661012192537237E-5	
0.4166560055522355	3.423863932097458E-6	0.08335209522304728	2.7475505305439354E-6	1.7799441433652142E-6	
0.33328153095456287	0.08331640811295245	0.08339271054778216	2.5687490840144786E-6	1.4277637304558192E-5	
0.25000532672091585	0.16662620607862635	0.08336741687919565	3.767153080241587E-6	2.798442152764391E-6	
0.16665666261614356	0.24999291637816234	0.0833870590070022	3.5635960973087806E-6	2.7397060853690685E-6	
0.08332612825824273	0.3333450257457233	0.08339070735243016	3.4684223975822936E-6	2.7182372281476984E-6	
2.6051507987031465E-7	0.41668356553569486	0.08339324677589603	4.3959662272201035E-6	9.07076553029091E-6	
0.33333827048347536	1.0350810886369959E-5	0.1666562916193194	3.449568306702945E-6	9.388025103472643E-7	
0.25003248574310344	0.08332662773247153	0.16666066028369714	6.862554123976232E-6	4.5929451608372735E-6	
0.1666490003193249	0.1666743383956704	0.16668234312191071	1.3106481433516733E-6	4.41731916322126E-6	
0.08336940946279972	0.2500072891251906	0.16670937331400884	1.2535726479868223E-6	2.5793612399667207E-6	
1.3516471129248444E-7	0.3333247534802231	0.16668648939277858	4.420468843891383E-6	1.7647446520696841E-6	
0.25003050026067314	1.7127491775172858E-5	0.24998938548733798	3.0708631702422215E-6	5.11897308128981E-6	
0.1666648226777402	0.08334817796107091	0.24998737261206366	5.494871650068965E-6	3.6255087340828466E-6	
0.08334747318833133	0.16668347079464577	0.25000629225947246	3.1184144776240502E-6	2.3064482990088325E-6	
9.970473892990758E-5	0.2500192097936602	0.24995349997277924	3.297472923420277E-6	1.094578782583617E-5	
0.16663111016337862	1.4248481348149827E-5	0.3333953189632309	8.531615383449915E-7	5.083733784459496E-5	
0.08332241265080678	0.08333566493366287	0.33342076482627164	2.672898736999991E-6	9.187675289119428E-6	
3.886095036413301E-5	0.16670656817812812	0.33333579828924764	6.532310450413051E-6	4.423089677683256E-6	
0.08343312416580434	1.0080755555745406E-4	0.4165302921909588	1.3049473445668906E-5	3.5795877057312357E-6	
6.8936777279549356E-6	0.08332554694143712	0.4166955339990759	6.498540761459779E-6	9.497848099528967E-6	
2.029791901346989E-6	1.899570243626413E-6	0.5000818900306128	5.1619127692852076E-6	1.0742506729534305E-6	
0.4166522882142715	1.2877822482319069E-5	1.8251723994553514E-6	0.08333656309750194	2.887883370698902E-6	
0.3333381430435937	0.08332760423557796	2.7110361081435146E-6	0.08333701416216407	1.405402332973766E-6	
0.2500213473848173	0.1666371152551334	2.68741857177474E-6	0.08334306910008411	1.3532561897012243E-6	
0.1666931613373393	0.25004479210536945	1.0528964580565074E-7	0.08335118443727013	7.393344898288002E-7	
0.08333560243462962	0.3333829117195202	5.577437202624896E-7	0.08334730564977029	2.7279501282762732E-6	
1.511225934935339E-6	0.41674432810367545	1.0081456668691178E-6	0.08334343346059478	1.7426796112459143E-6	
0.33333209281856274	1.833420653333388E-6	0.08333742272032572	0.08333743470161968	1.619544645588414E-7	
0.25001012584774734	0.08332032867887125	0.08333998548089153	0.08333672133937288	2.4321486705644294E-6	
0.16667031287039005	0.16668603676420163	0.0833466728525025	0.08334315726069486	2.4556660405576447E-6	
0.08336553948525588	0.2499950610485706	0.08335144404292452	0.08335322976198492	2.7197045486737816E-6	
1.829806872721004E-7	0.3333774321693963	0.08335522639451146	0.0833573790415109	2.2505068546104913E-6	
0.2500006291220813	4.670177121246768E-5	0.1666180291750255	0.08333795401196246	4.49451904095679E-6	
0.16669011782832205	0.08336045753053967	0.16664468983538444	0.08334250926639943	1.6173728384361696E-6	
0.08330307829185607	0.16670235983436632	0.16672475396355826	0.08334949917667332	4.845029909051317E-6	
9.132645536196467E-7	0.2500047518574139	0.166728557909796	0.0833578112199863	1.7649888916479079E-6	
0.16667836625308133	2.544470100986349E-5	0.2499617101054006	0.08333686453862658	7.451425344046889E-6	
0.0833328141670705	0.08334674117598882	0.25005310911625517	0.08335024117086777	1.5993555823558624E-6	
8.280481040500523E-5	0.16670447250544315	0.24989036028794914	0.08338918056349325	2.721958145251257E-6	
0.0833163720198143	1.3933622672861117E-6	0.3333774055378495	0.08334657145128323	3.5783188753312493E-6	
1.2215026936687402E-7	0.08332428019992147	0.3334038225659605	0.08335313711285706	1.0054911738119897E-6	
5.460683262032768E-7	4.827798119703083E-7	0.41670288122244925	0.08334459187856964	8.317934104123741E-8	
0.33332671704487427	1.459559691739619E-6	5.534059003301824E-6	0.16667189827822473	9.248478486143051E-7	
0.25001747188337525	0.08332184402295142	5.527213725932308E-6	0.16666386375974065	2.6415333492438474E-6	
0.1666777680815067	0.1666331629436384	1.0568652386217826E-5	0.16668270332662424	6.709681754832054E-6	
0.08329297234107241	0.2500386556724534	9.731624684701877E-6	0.16669353091857445	7.204558426969135E-7	
1.691419884780264E-5	0.3333627853453258	1.7220437095545716E-5	0.16664595598300244	6.399157089303826E-6	
0.2500041337386208	1.3658874558836822E-6	0.0832768915737648	0.16672150414635062	1.7774279694929751E-6	
0.16664327506126067	0.0833713595568228	0.08335179923401864	0.1666336919709273	7.4411965148708505E-6	
0.08332688758288627	0.16669101900594313	0.08335288729202267	0.16663568411158508	2.395686021522288E-6	
6.755624841105104E-5	0.2499949858741236	0.08336278251304739	0.16666438672249698	1.9582668784961727E-6	
0.1666671892732479	3.496231492381749E-5	0.16666205635087333	0.1666340941029573	7.441278971984639E-6	
0.08332751900540936	0.08334092427902184	0.16665070207510752	0.16668364529337115	2.479604609469684E-6	
3.665839805309242E-6	0.1667142323590628	0.16667835302411668	0.16664840999255873	2.351193355629477E-6	
0.08331982989915747	3.496405710784214E-7	0.25007290071005517	0.16672042599734843	3.844050924602448E-6	
8.32674447748193E-5	0.08336252357934118	0.24992554067177875	0.1666376495668125	1.1490883396346137E-6	
4.578579552805059E-6	4.531971410647177E-6	0.33335815201343844	0.1666762133635736	8.14089322583448E-7	
0.25002997373287145	1.2357755381817573E-6	1.6405179003673128E-6	0.25004228718079563	3.057348324017825E-7	
0.16664981284750371	0.08337043808452015	1.118383365753744E-5	0.24997058935307273	6.750162902637743E-6	
0.08331728070092426	0.16670445135165152	1.2886682888345874E-5	0.2500140091151249	3.396451137452105E-7	
7.555074191065127E-7	0.249992477375524	1.6706196309333117E-6	0.2500046428226315	1.5527301185998985E-5	
0.16666791076425422	7.96220035480199E-7	0.08332933428351318	0.25000743348796317	1.806323361267153E-8	
0.08332808752193574	0.08334127952306014	0.08332971530130301	0.25000450685170167	2.6546193736188044E-6	
1.1563761124791922E-5	0.166667089943843	0.08333472592530869	0.24999456001368195	5.600807878228071E-7	
0.08334058296433838	3.9809892608063274E-7	0.16669312843528397	0.25004380738551046	2.0199464023693838E-7	
4.0485756400861064E-5	0.08327484621114452	0.16668721541895257	0.24998219258321713	3.0478340985425387E-5	
3.5277538947513547E-7	3.7435387214412178E-6	0.2500083290366812	0.24999393559083857	2.0000873496223205E-6	
0.16666312700374344	3.199227869160756E-6	2.2603153197353704E-7	0.33333989053853263	4.276151070433648E-6	
0.08333142362412213	0.08334912963072078	2.8559596324995483E-8	0.33336613679206023	1.166348834894763E-6	
1.2307759894240196E-7	0.16667858623629983	3.9739057409574517E-7	0.333364278627932	7.979029611638285E-8	
0.08331862658243117	2.0278303881872026E-5	0.08334640108267367	0.3333767024790613	6.68911381333568E-6	
1.5199874017150006E-6	0.08337508154269332	0.08330402753663321	0.33336732452943835	8.054711850012377E-8	
2.3668328388308902E-9	3.9059871129804045E-7	0.1666899077315347	0.33337370860939525	8.157356601511672E-7	
0.0833485685667752	6.019204842346496E-5	6.520554626820974E-5	0.41653514755391957	6.837127793119799E-6	
3.807106337214613E-4	0.08325162550173969	2.5063401995423283E-4	0.4161733871168286	6.734874263412778E-7	
2.216504164091844E-6	1.3806032592214483E-6	0.08337264859654184	0.41662265149986316	7.320315471103248E-6	
2.7185979061319593E-7	1.1267272504006314E-8	1.681943495383209E-9	0.500007916587375	2.3070818853326963E-7	
0.4166704336752541	1.9623929232373474E-7	4.8070149709365725E-8	6.503831778807884E-7	0.08333618293632689	
0.3333400313371934	0.08332828197505225	7.071908620743729E-7	4.612084481187451E-7	0.08333653520865064	
0.2500250707942075	0.16663909036118052	2.2107431256038992E-6	5.668802051430046E-6	0.08333705308058525	
0.16669214291069187	0.2500431791068485	1.0180625678367393E-6	1.857863709097737E-7	0.08335152052552036	
0.08334559101175346	0.3334294462836149	1.7544219584410116E-7	3.209374179016843E-9	0.0833588248113767	
3.2396245666628635E-7	0.4167488213221285	1.9522623069603545E-7	2.2867049716592425E-7	0.08335370225719883	
0.33333361377466353	1.5342599147425727E-7	0.08333723746057052	2.1406694510206423E-7	0.08333613180734294	
0.24995972432143893	0.08336693124022054	0.08334297470712958	6.857537599669612E-6	0.08332902490478772	
0.16664094459782605	0.16668183277667722	0.08334198145114105	2.905958372646631E-6	0.08333772252813491	
0.08335639673616112	0.2499681587189023	0.08334245052833766	2.2237047995609743E-8	0.08333799982557495	
1.0792327474195504E-7	0.33332370904365527	0.08334331446672073	3.3158605790615877E-7	0.08333808726989708	
0.25000333208732733	2.739071914795696E-6	0.16666390491372168	4.7167627544519113E-7	0.08333587544317492	
0.16663303470156646	0.0833742006979404	0.16666471248380846	3.180421321191398E-6	0.08333024031882041	
0.08329406951043919	0.16668610663157482	0.1667481445624199	9.944328306462208E-6	0.08335137590322259	
5.175961052817455E-8	0.2500158897189974	0.16670274918195419	1.7336113567843634E-6	0.08334781332787396	
0.16672616552370614	2.595463480446112E-5	0.24998427235503076	2.9405589153487806E-6	0.08334255273536663	
0.08328993983007765	0.08339042506693785	0.2500525053630217	2.236234476715507E-6	0.0833492017617734	
8.454538331211204E-5	0.16673080099553358	0.24992818827767121	4.0065071412518806E-6	0.08334473718974486	
0.08332104682995504	2.1236192326858487E-6	0.3334005885244315	1.0785940926151505E-5	0.08334162622058731	
8.869645241955621E-5	0.08339585013236195	0.33321472023347354	3.7043700876083486E-5	0.08334194385753642	
2.5839133982811472E-8	1.907119149560686E-6	0.4167033393558339	2.2516637579283745E-6	0.08334344696896565	
0.3333350821468658	3.438879599761012E-8	5.14705504794015E-9	0.08333443043137066	0.08333582063318179	
0.2500236196676254	0.08330582549078243	5.52982263847058E-6	0.08333446369049968	0.08333595358687165	
0.16668711773548825	0.1666461187163866	2.3437904333022296E-6	0.08333477018656434	0.08333482694308095	
0.08337105552038739	0.25002305722679785	4.703205344769425E-6	0.08333836209151887	0.08334836791449027	
1.349874867078484E-7	0.3333390591813568	5.281805558952054E-7	0.08333602626804223	0.08333893786449999	
0.24999416327352517	7.747560048034282E-6	0.08333376149018279	0.08333453083890849	0.08333672840403393	
0.16665861303620522	0.08334495844359391	0.08333953718405206	0.08333665245752886	0.08332962726371153	
0.0832958134398363	0.16669657927445125	0.08334172779964369	0.08333439199194514	0.08333777056609745	
2.861662229602813E-7	0.2500371345306001	0.08335442903909196	0.08334881445726092	0.08334896597824218	
0.16668568734921216	5.118286800588131E-6	0.1666514727995112	0.08332806552732257	0.08333595551125142	
0.08332528854552904	0.08335452858047507	0.16666267317002942	0.08332811867265089	0.08333603302960031	
1.3498797706262082E-5	0.1666882892706317	0.16666294901236495	0.08333174807740369	0.08334308383433162	
0.08334349098068311	3.0838952218545467E-6	0.2499947683089676	0.08333700790383555	0.08333085957299183	
2.421164465216989E-6	0.08338823390140504	0.2500009836782043	0.08333764309415458	0.0833489801534581	
1.7055937048776867E-7	1.6937684787874557E-7	0.33336230174813064	0.08333305834962584	0.08334228557712617	
0.24999944666839297	6.18544675107466E-6	1.6167180921515017E-6	0.16666595333382364	0.083333346691107	
0.1666560439850764	0.08338017451853788	6.326910247914157E-7	0.16668568758475902	0.08334649842118035	
0.08329705840032725	0.1666855730816633	5.661128780433002E-7	0.16668642410153148	0.0833385349971428	
1.7861448328840095E-9	0.24998166871496955	8.372652519970185E-7	0.16668585454566806	0.0833382243958558	
0.16666965878931292	5.11565888868956E-6	0.08333218494894527	0.16666573218100536	0.08333496280319873	
0.08333806032863929	0.08333693298568513	0.08333252384303139	0.16666736482320588	0.0833333291514349	
1.2149106404117372E-7	0.16665587398794562	0.08332340126226176	0.166689075683466	0.08333769783942886	
0.08334615333591157	6.0862642717306996E-5	0.1665715795522719	0.16669454596885827	0.0833350262510722	
3.132193119807841E-7	0.08330544281825326	0.16666890559492098	0.16669996761325426	0.08333890855878133	
7.530065842607651E-9	7.167242681208532E-9	0.2499758504489262	0.16669619757223544	0.08333635407052889	
0.16670524143768478	1.4070236745405542E-4	1.4792141020074584E-4	0.24980940523980483	0.08327934775797086	
0.08334726924178035	0.08336049703262008	8.371950721047064E-6	0.24995731041979655	0.08333321919567274	
5.074984412704043E-5	0.16665729676801758	8.138902473316017E-6	0.24995738132088308	0.08333324283337222	
0.08335036124070311	6.064014791330782E-5	0.083306382902241	0.24995521407510518	0.083333118110796	
4.058660864345727E-5	0.08335692217006871	0.08331741661940677	0.24995858152808575	0.08333387903394988	
7.584602064270276E-8	7.317728369267458E-10	0.16666524566970145	0.2500078192118428	0.08333407763407422	
0.08335260259699166	3.8378580421770496E-6	6.725629619527116E-6	0.3333074655851647	0.0833336092405159	
1.5525271106980914E-5	0.08334785733852905	2.8813752375879985E-7	0.33330958290843216	0.08333410011733194	
1.4090079746019772E-5	1.4278662401598992E-5	0.08335325749945413	0.33333459386021114	0.0833472457615962	
3.5497106893886574E-7	2.179801679731005E-7	6.381267180680962E-7	0.41669984111280084	0.08333938509898312	
0.3333312194249443	1.8108737741940288E-6	2.2193382270369646E-8	3.64296694938808E-6	0.1666703522717488	
0.25003598100628227	0.0833243729059258	1.2198700686431728E-7	3.6155422556276294E-6	0.16668909061577633	
0.1666811828401502	0.16663360174823344	2.4069842591220404E-5	5.452466196462759E-7	0.1666728731439201	
0.08336902170941556	0.25000801021163843	1.30530076757611E-6	2.670267499101033E-7	0.16669098823507095	
2.462766435899232E-7	0.3333909333573974	9.08284182381639E-8	4.1478445550903543E-7	0.16669531734670365	
0.2500233238221091	8.87492956991292E-6	0.08329948049816624	5.654037699572586E-6	0.1666702545859402	
0.16667991217870134	0.0833166304436945	0.08333761426062258	4.254283692614793E-7	0.16667495973381075	
0.08334895304408504	0.16668061895614897	0.08334742245817728	3.091264177785312E-6	0.1666281686189767	
4.284271305949273E-8	0.2500288806185161	0.08332737059398096	1.1272074130485434E-7	0.16670192184376056	
0.16668319971018117	9.097819302106504E-7	0.16666973835968102	3.6549693697634684E-6	0.16665084776013098	
0.08332944775275337	0.08335869081570435	0.16668164869779398	8.415763075752608E-6	0.166688736337078	
1.3355030070007148E-5	0.16688936146856873	0.166896280331082	1.3121382827941482E-5	0.16684213550167865	
0.0833381355504413	8.816598520866308E-7	0.25001702084021976	2.337816168680393E-6	0.16667926321672377	
1.4856405823636255E-5	0.08337581995790748	0.24998022051010788	3.786417247740273E-6	0.16669039419644543	
5.069985431611582E-6	4.331406755188386E-6	0.3333741462739758	2.1385937818125383E-6	0.16666611748383917	
0.25000922870168424	1.5754324099444323E-6	4.1577381884855685E-6	0.08332153361313091	0.16667055155851268	
0.16664264827344497	0.08337304687893825	1.1581848145251415E-6	0.08332150468807085	0.16667227390997472	
0.08337695815394605	0.1666348042174248	2.1272965552054535E-5	0.08332733858013293	0.1666498689044241	
3.497872807908828E-5	0.2500348968293092	2.0164710529726803E-5	0.08333891061775636	0.16665152678210002	
0.1666732744646858	5.944235824549178E-6	0.08333506738158979	0.08332160740417464	0.1666694853803218	
0.0833434016979669	0.08334248048586969	0.08333876309367824	0.08331669946747257	0.16667227723011604	
3.687018284870597E-6	0.16668952417853003	0.08334265869143549	0.08332980425635066	0.16668652602785017	
0.08340911533801121	7.373710157244074E-5	0.16665488048657012	0.08333152281680167	0.16667099993007578	
5.374749258005554E-5	0.08341068025158899	0.16661496277302892	0.08333556584654633	0.16664305712515734	
3.474604623188779E-5	3.587338972109874E-5	0.25003114649170977	0.08331862846343968	0.1666453382054634	
0.16664155435729275	3.380139865426358E-5	1.628919961341587E-5	0.16665366839983398	0.1666612368939263	
0.08330014326976111	0.08329887305856369	1.0195098613125918E-4	0.16665701439140745	0.16664975016661213	
2.7043682917512357E-5	0.16669116933763067	9.521945191268395E-6	0.16668669232616762	0.1666797835297258	
0.0833439227779358	1.4755138959916573E-5	0.08334107777831504	0.16665931157551475	0.1666502614027082	
1.4169722862238598E-5	0.08335125965261343	0.0833514262664263	0.16667581650425528	0.16670039321597058	
9.942808749904636E-9	2.8429552680438875E-7	0.1666610815861688	0.1666604767117903	0.16668506972202743	
0.08334908908240896	2.7431249363732996E-6	1.189817675301605E-6	0.2500308441077975	0.16669548169193701	
6.919220305200016E-7	0.08333622036644557	4.066398726103304E-6	0.2499946730268944	0.166671438225561	
2.570079011204107E-6	3.5684426110218236E-5	0.083320921273889	0.250018827193243	0.16669222709519704	
2.7154732648357367E-9	2.604725992744676E-7	7.198665296269615E-6	0.3333273938708795	0.16667099376464492	
0.24996392330504663	3.616765831476642E-5	5.039493779963541E-5	8.394312185661699E-5	0.24990916131516583	
0.1666676300369214	0.0833679245937746	8.779291188062972E-6	1.4439054000045456E-5	0.24999529918180055	
0.0833627460736668	0.1666073104833561	1.762349199227347E-5	8.949800089495619E-5	0.2500184596937699	
1.583184265380492E-5	0.2500482140580797	1.7433227228533123E-5	2.775262923712945E-6	0.2500136025320791	
0.16668000266761232	2.4346137232524224E-5	0.08334679515310657	9.705187756532031E-6	0.24994564265889704	
0.0833497997682252	0.0833489514133388	0.08334440220711012	1.4011663296216824E-5	0.2499949416919271	
8.955421618151179E-6	0.16671666717906083	0.08335682707329986	1.4105366284602968E-5	0.25003334332788735	
0.08336832556380845	8.989179337044253E-5	0.16662027344474967	8.658841137377645E-5	0.24993104108837128	
3.941376452162889E-5	0.08341539246323994	0.16659917261506557	2.868646753536668E-6	0.2499837123293006	
1.2171791854578633E-5	2.268664838667084E-5	0.2500166914959893	9.44312352689256E-7	0.24998257283825107	
0.16671723488829376	4.8394512430548546E-5	3.3510691268643065E-5	0.08325560096231369	0.24998994130710422	
0.08334221097424342	0.08334422394898792	3.208818783370117E-5	0.08333981298412502	0.24999511438867109	
1.236469017689841E-5	0.16668485896626611	1.4169338094312708E-5	0.08334609060825167	0.24999520103626238	
0.0833514781809165	3.501082279958563E-5	0.08337042496976459	0.0832989877905234	0.2499919337717951	
1.1679392988677644E-5	0.08335230753872519	0.0833518799648453	0.08333947533480165	0.24999255756672267	
8.809886613796678E-5	8.747653217696653E-5	0.16674814243646977	0.08321894506194737	0.24991009446703444	
0.08333903496205458	2.4957377402026407E-5	8.568987987732478E-5	0.16660978510695898	0.24999461171610685	
5.745826693967181E-5	0.08336786445915519	2.685466899370978E-5	0.1666148570268702	0.25000225493291717	
6.794570221354327E-5	8.078835684488228E-5	0.08332854611528788	0.1666649755031947	0.24992207995514695	
5.5014355300272434E-6	8.306051789306673E-8	6.443107385508461E-6	0.25004389553333717	0.2500152258109406	
0.1666910833620621	4.74753393407927E-6	1.8198489005029446E-5	1.1849245560693974E-5	0.33332268991826525	
0.08332087624175903	0.08332041201554112	1.789875281258442E-5	2.7382289519949037E-6	0.3333573432480967	
3.866112257404712E-5	0.166693630961254	5.129379652836799E-7	1.20603846696659E-5	0.33333459351733324	
0.08334851086307998	1.7447334533253178E-5	0.08335381892628656	6.551520894317835E-6	0.3333238093136131	
1.9433377053870513E-5	0.08335448996614002	0.08334056185383014	1.2689448629677609E-5	0.33332103622697373	
1.0286261873440196E-4	2.151620871249613E-8	0.16661746825471566	9.122674092974392E-6	0.33332134050413514	
0.08334808005692014	5.834841700716266E-6	1.7666226288130124E-6	0.08335730305145116	0.33329715600123533	
1.5089724768817069E-5	0.08333764749314895	9.710550352018615E-6	0.08336460278983265	0.33332095756075564	
4.387861117277899E-5	4.380713082664193E-5	0.0833605788479018	0.08328747368426774	0.333318233069714	
1.2604206128217603E-5	1.6420196786757454E-5	1.5366662154946486E-5	0.1666822768086407	0.33332447216422706	
0.08334586848009623	9.353979732018678E-7	1.2808993597118787E-6	1.7196608144651915E-5	0.41668529004711213	
1.5654583909426805E-5	0.0833057262928636	1.0218958433207422E-5	4.713478484056663E-6	0.41671801434397115	
5.23726567834173E-7	6.642791266717804E-6	0.08332321320807343	6.436193571776364E-6	0.4167228017027814	
1.0861078696877902E-4	1.2301298424309838E-4	6.539718251580229E-5	0.0834304937647861	0.4163239353167406	
1.4463585037996181E-6	1.44678733673515E-6	1.8487913403806874E-6	2.2103998728725244E-6	0.5000025296697259	
