0.5000913299923128	2.3765163400012715E-7	5.08194572200326E-7	1.4485914282155354E-6	3.5754725268425085E-6	
0.4167939050274478	0.08326911669350141	1.2362293501006659E-5	8.777456767313054E-6	1.3676947882219854E-5	
0.33337443568813524	0.16671283782587906	1.7591868813021582E-6	1.3896715497960304E-6	3.424833338982218E-6	
0.25008913168433605	0.24996527679865185	2.4110597700139434E-5	1.1308357179676883E-5	5.395953792971402E-6	
0.16669662729407952	0.3333905376369139	8.171052373339182E-7	2.314053090138155E-6	2.047570071480834E-7	
0.0833861346035415	0.4166760529874912	5.399270958536529E-6	1.0538561060851424E-5	1.2092532898197894E-5	
8.2280203672749E-6	0.5001581207134385	3.938948962540463E-6	7.763211806446041E-6	2.8592280411466147E-6	
0.4166988737799787	1.0709409837763081E-6	0.08335290303079335	1.3737517695021151E-6	2.1871830853084817E-6	
0.33337681887266524	0.083359436544895	0.08335695930078128	1.542876759826355E-6	2.003460777467209E-6	
0.2500324591912643	0.16670444455445765	0.0833565749248311	1.4146671075933512E-6	1.8290533690782198E-6	
0.16662034832028694	0.25011207758997234	0.08335673994495135	4.995416938312716E-6	3.703218702737558E-7	
0.08333842540743323	0.3333941796321263	0.08335678830768083	2.1275514534297656E-6	2.414974767155539E-7	
1.5273477453824637E-7	0.4167626506594128	0.08336282873041255	1.7556848021718542E-6	1.5481017900925563E-6	
0.33339835711248195	3.869195014446727E-6	0.16668910987834007	2.71286415838643E-6	2.8308746654501097E-6	
0.25003772465838575	0.0833634340122895	0.16668857474691454	1.548559682720605E-6	1.965678191371238E-6	
0.16675262327949483	0.16664321125710155	0.16668580852593817	4.9113201785461415E-6	7.926786708355854E-6	
0.08334911042943627	0.25003490792142385	0.1667022899041743	5.6386329192774806E-6	7.492705731075632E-7	
1.2972483593474966E-6	0.3333833189049957	0.16670258882385647	5.639115492235308E-6	8.529898922705801E-8	
0.25003591753187415	1.7780545144983977E-6	0.2500514444807368	1.5542469865204008E-6	6.281839040210035E-6	
0.16668211774452124	0.08337311721651793	0.25003352553544983	7.8682251904434E-6	6.729626890092469E-8	
0.08339583302659392	0.16668607384808373	0.2499977212835057	7.588422846977508E-6	5.905677940337339E-6	
1.746306799596254E-5	0.2500446337265683	0.24996842523029805	7.519772294751611E-6	5.766549260097343E-6	
0.16664333873058865	3.7594297979770054E-6	0.33343802388885385	6.609498781158056E-6	4.491322316588048E-6	
0.08332960697736998	0.08332797654388614	0.3334310482410253	6.217115191887135E-6	1.733479083452075E-6	
6.188047159584698E-6	0.1666496788861058	0.3334273754382944	1.8923176717086668E-6	8.031766873981809E-6	
0.08334578613706621	9.955478841514115E-7	0.41673779417446033	6.708202914609272E-6	5.690312116441243E-6	
5.618958414581913E-5	0.0833533706691885	0.41668966260467977	7.841217742026588E-6	5.245645722189008E-6	
7.724744401749774E-7	6.149615532968918E-7	0.5001086626070895	1.0788005862840016E-6	7.060597575041589E-7	
0.4167279510013186	4.61561442945603E-6	3.036165003905359E-7	0.08335975508229772	2.6050742118709545E-7	
0.33339330896224373	0.08334095459827068	8.757456859806845E-7	0.08336013729654627	1.5397524085111912E-6	
0.25002919790398126	0.1667022519461951	1.6405905065462527E-6	0.08335987154164373	3.677385115131241E-6	
0.16666767845226602	0.2500573638773106	1.6523059908699272E-6	0.08335858987225978	5.379783003162715E-6	
0.08333709798136309	0.33338883107083833	5.374201226433392E-7	0.08336251249391209	1.7105751959247246E-6	
4.696850306005846E-6	0.41672228580091714	3.265885789190659E-6	0.08335978455210181	2.816692171608454E-6	
0.33335366360796026	2.1343225914842758E-6	0.08334822376487236	0.08335449960224828	1.4535178415537484E-6	
0.25005315643846154	0.08332574312984568	0.08335400401448434	0.08335970713352725	2.9934430396944003E-7	
0.16674468104979784	0.16664813383295896	0.08333309527126662	0.08335898582097803	5.8972789804192905E-6	
0.08335300079391864	0.25005170786474634	0.08333612928800596	0.08335215656180311	1.1119054314587886E-7	
6.225896431014525E-6	0.33338747121540907	0.08333302488131078	0.08336223871042757	2.8403719184088373E-6	
0.2500066918266826	1.8605335656316947E-7	0.16672329222773621	0.0833598104136685	2.63655252173155E-6	
0.16665545285561856	0.08336075937387699	0.16669235509656447	0.08333732583412966	4.3530926132149084E-6	
0.08333814150371166	0.1666912592478479	0.1667011485164917	0.08335990984814097	2.0773476816585546E-7	
2.002562515560272E-7	0.2500282073607087	0.16670048636764903	0.08335958281748407	5.719331999429246E-6	
0.16674936131591275	1.240937918537713E-7	0.24998073203691368	0.08335979122042966	2.636552670119572E-6	
0.08331053117495134	0.08330891032590264	0.2501237817453681	0.08334240102829918	8.264402222983079E-6	
1.686122363801739E-5	0.1666488489819416	0.2500906915273579	0.08332955560307573	8.126175501656617E-6	
0.08336906159362012	3.722714633608037E-5	0.3333405014798854	0.08334680911279947	8.048086285313965E-6	
3.118815317847557E-5	0.08333258217091032	0.3333617538363371	0.08335955422534073	8.159932277410967E-6	
2.9517405392344103E-6	2.954867047714105E-6	0.4167421457842456	0.08334459500100444	4.570349748223399E-7	
0.3333644203769765	2.0478761899676307E-5	9.153282245270914E-6	0.16665043695199092	3.5244241367663242E-6	
0.2500375327910373	0.08332147272667702	3.1887247976640485E-5	0.16664980103954546	3.782812752188775E-6	
0.1666886388666337	0.1666849424361735	1.5707795456909872E-5	0.16664897486776092	3.5839722007549476E-6	
0.08337452063219308	0.25003597633732244	1.610241796774685E-5	0.1666669374678023	2.2921513367464582E-7	
4.55379471049865E-6	0.3334196496135123	6.161104461594749E-6	0.166668820737328	5.395679910337676E-7	
0.2500512310829908	4.198453861373154E-5	0.08329459429357432	0.16664740533344932	1.2047371500519519E-5	
0.1667623398707122	0.08336981221311067	0.08330755716542411	0.16667334742162446	7.715580394920731E-6	
0.08338413066424898	0.1667403459212967	0.08330499944000519	0.16666816027191034	2.4381100551384837E-6	
1.4286423050202142E-5	0.2501118123899363	0.08330491565403601	0.1666676213733864	8.827698591918248E-6	
0.16669293667622073	1.0717572205395042E-6	0.16670337710430516	0.16665342450834775	9.964745416287477E-6	
0.083351432693954	0.08333168054609484	0.16669236053959063	0.16672320579102914	1.848736876417163E-6	
9.449856042944859E-6	0.1667149201974853	0.1666619862546675	0.1666538183081387	5.673968416507104E-6	
0.08336996741649408	6.876385428495364E-5	0.2499970497477599	0.16661933370885187	2.6751918591839074E-6	
1.7495672334149865E-5	0.0833733171683574	0.2500549311436363	0.1666512870506999	1.3597881088962053E-5	
2.3342064138441585E-8	2.080374106833495E-8	0.33334433336927294	0.1666992951321667	4.029535847621225E-6	
0.24999555474581092	7.411991848227507E-6	4.153866397931496E-5	0.2499968652600355	5.221048016390989E-6	
0.16670430915684115	0.08332747471090378	1.1770011375822643E-5	0.2499959911724877	5.130600724737636E-6	
0.0833918237855846	0.16664953241824376	6.208504528427542E-6	0.24999981445587943	4.101963702137569E-6	
1.3030535590038385E-5	0.250056157639677	1.1510655129032503E-5	0.2500248119870624	3.5470348903964083E-6	
0.16665853226636596	1.4569910080148008E-6	0.08338108895205044	0.24999329697234224	5.3511456166322506E-6	
0.08332867024179257	0.0833257272910337	0.08339072403303868	0.24998773565512028	7.451914111184051E-6	
2.9647414145657963E-6	0.16667061023760332	0.0834003675958643	0.250016955269936	2.3086642704234786E-6	
0.08329590256094799	5.2633127375100975E-5	0.1667219423613903	0.2500228072940679	7.432883310509614E-6	
3.149384026699823E-5	0.08330697744706593	0.16670797809663557	0.24999276420553748	2.503497700886995E-6	
2.0279554654050888E-7	5.737041857984556E-5	0.25000945439827776	0.25001307739534484	2.349574471672273E-5	
0.16666183351920733	5.098712129734115E-6	1.3003144245479775E-6	0.3333731209913222	1.3502361406517372E-5	
0.08333499485383165	0.08333315718539759	1.7399351037330948E-6	0.33336856137968074	3.5804557524503126E-6	
7.100385082847645E-7	0.1666661300867915	9.599537801369351E-7	0.3333719676661008	3.923451391055526E-6	
0.08334200784609092	2.2578165386356625E-7	0.08332884647448542	0.33337125621958386	3.6072271511649307E-6	
6.228082489263309E-6	0.0833408362606944	0.08334278617568604	0.33340842474081406	2.801313560799982E-6	
1.473193740352226E-7	1.7979876275828117E-6	0.16669015600425838	0.3334129296757696	2.126843223994734E-6	
0.08337108303639976	5.119792060612568E-6	7.02686848668418E-6	0.4166699209796078	2.8286742887954737E-6	
5.536565811447925E-5	0.083412555385059	6.046963606999973E-5	0.4165032444432195	1.2434006727355597E-5	
1.3127827978179674E-4	1.3129745181017188E-4	0.08336046403261091	0.4164058923249167	1.2739389859035535E-5	
2.013309656983302E-5	4.606730170673383E-6	2.633647950032443E-5	0.49998995570461274	3.6082924225220955E-6	
0.41671361486369707	1.637857360474505E-7	3.9448378010402917E-7	1.3494847864157933E-6	0.08334248590642879	
0.3333778740688473	0.08333709707626011	8.575511358606607E-7	2.6756881934745975E-7	0.08334213232426546	
0.25001362633668445	0.16669100104753437	8.146907452204091E-6	2.707182755033411E-7	0.08333286495490543	
0.1666716228007548	0.2500672837816203	4.834449388906276E-7	5.0465956770301E-6	0.08334843953914786	
0.08336536601368051	0.33337850386685564	3.3216965143749363E-6	3.39746329159823E-6	0.08334224829636495	
5.090646585094192E-7	0.41673608603073464	1.637267276446078E-6	2.833912595960843E-7	0.08336321363205264	
0.33335995953080416	3.651117447059825E-6	0.0833502814632887	2.2231451812480335E-6	0.08334149707032125	
0.2500290592039304	0.08333462657597022	0.08335029931374809	2.2296501535026987E-6	0.08334205044238462	
0.16670902940846652	0.1667040328889758	0.08333818595965815	3.443451650714507E-6	0.08334280780784248	
0.08334628897912251	0.25002793738744294	0.08332750177935926	4.7506420072407745E-6	0.08333342745255798	
1.0921790663720389E-6	0.33338164955464644	0.08336375494336207	4.6513245545732894E-6	0.08334170481909173	
0.25000624243131014	3.838382734114053E-6	0.16672641126409227	6.70356193478107E-6	0.0833476220257164	
0.16673366537975307	0.08331050150079625	0.16669420494160778	6.786252043692809E-6	0.08334808690851207	
0.08334606021758646	0.16670563850403214	0.16669807084651894	1.3192930921680847E-6	0.08334218105762524	
2.1638039220167602E-6	0.2500478889752394	0.16670048414584976	7.410856075103665E-7	0.08334299409470342	
0.16668598752074226	7.159335205787106E-5	0.24999286050780245	5.392104764270012E-6	0.08334310934904768	
0.08336315053399282	0.08336151481773249	0.2500235185636954	5.509912909936176E-6	0.08334255522461931	
1.3555308353912248E-5	0.1667144966974713	0.25002824916015004	1.316795792069911E-6	0.08334366510763073	
0.08336109924972677	6.508440841064497E-6	0.3333877615221984	1.852829150846855E-6	0.08335034652991065	
6.131484769661833E-6	0.08336167575861503	0.33338855953558466	1.390122302372367E-6	0.08334350133399158	
2.7387417274118135E-7	2.7737473300576074E-7	0.41674668838595635	9.245257684552773E-7	0.08334901593356348	
0.3333695916510982	3.7033659047735604E-6	1.2151739294292922E-6	0.08334141103048488	0.083342081604636	
0.250035552000082	0.08332474902916326	2.540477636834971E-6	0.0833381436592665	0.08333921303821663	
0.16668337463777258	0.16666441135259794	5.715947067735099E-8	0.08335160161563107	0.08334105261451061	
0.08334869535638478	0.2500355774701652	8.00775964620529E-8	0.08335958484783625	0.08335015200049553	
1.0589495245083394E-6	0.33334740330041973	4.1989837477557976E-7	0.08335058856057082	0.08334096307698517	
0.25003130718446864	1.6466227231159916E-6	0.0833407578100214	0.08334121482181663	0.08334178962801303	
0.166693077686946	0.08333565332594982	0.0833691265892995	0.08334720394178839	0.08334793305807967	
0.08334323414479275	0.1667009602965889	0.08334973468187142	0.08335421664292504	0.08335150530650444	
1.4855854409621436E-5	0.25003095352351107	0.08334301553724822	0.08336230330802458	0.08334225597895538	
0.16669582341684702	4.745078929615325E-6	0.16670845177891405	0.0833499955649159	0.08335060921707016	
0.08334772862538181	0.08334460640991567	0.16670229398836162	0.08336144898134712	0.08335098356216097	
5.991854164557369E-6	0.1667070696333828	0.16668030029965195	0.08336304865649144	0.08334302834453511	
0.08333180943298323	8.892883463961342E-6	0.25005435486925454	0.08336312703439083	0.08335139803162464	
5.951781396250611E-6	0.08333665028836168	0.2500528388390358	0.08336278271580828	0.0833514127828174	
2.752343053157769E-6	2.8071238627058975E-6	0.33340144855114534	0.08334116103101495	0.08334903008677495	
0.25001745788794916	3.855171805402823E-6	7.297377837224585E-6	0.16668856822043315	0.08333484244864188	
0.16668713396507023	0.08333286263755078	4.26654211204336E-8	0.16672864489751418	0.08334865349291042	
0.08332545422254557	0.16666707681490153	8.101631643073576E-7	0.16671292757088385	0.08333936081941043	
2.6465973109224577E-7	0.25002165618036953	2.387459872741745E-7	0.16668518335121327	0.0833332376285399	
0.16671399291965966	2.839310882237349E-5	0.0833182708114317	0.1666564704786024	0.08333398525472444	
0.08336037848984369	0.08335751476689386	0.08333159340571797	0.1667040020215686	0.08334258196669946	
6.877722392098247E-6	0.16668914511052838	0.08332021002113667	0.1666813352036875	0.0833410207643042	
0.08336744010668243	5.777148644717213E-5	0.16667134640600265	0.16666334184872922	0.08335093389423372	
1.2451312540527289E-6	0.08330398621915103	0.16664601302799728	0.16678259160386322	0.0833164383494543	
3.072245401122068E-5	3.497207367727676E-5	0.2500545331669703	0.1666329767179828	0.08334280645870051	
0.16669385500214	9.768147967899408E-7	4.698696791170431E-7	0.2500432469414403	0.08335575210263463	
0.08336095596564154	0.08335809529161174	4.604837235463761E-6	0.24998679394294263	0.08333095750618479	
1.6691556782391587E-8	0.16670961443825139	1.120307655088811E-7	0.25005227954419046	0.08334164845307204	
0.08334454704095196	2.7984088487823693E-6	0.0833315295834113	0.25002152491520047	0.08334875881438122	
3.240204556880887E-6	0.08335337987748943	0.0833269847287868	0.25001924397477876	0.08334174474250271	
4.154560481381876E-6	4.145745831557436E-6	0.16668211161333654	0.25002520031923836	0.08333527055175974	
0.08335852386430118	1.3628500679059775E-5	7.129126288284017E-6	0.3333376542870192	0.08333382023248435	
1.659147705862787E-5	0.08335782430572658	7.082940663465205E-6	0.3333466643863472	0.08331704170640554	
1.0264897534100105E-5	1.0241915763337961E-5	0.08335467206117904	0.3333400263105821	0.0833357068177328	
2.883701116837463E-5	2.882693256823477E-5	2.165061593528948E-5	0.4166499790149036	0.08331775789605532	
0.3333527842948876	2.1358211194204705E-6	1.2796769728159547E-5	3.003062473970731E-6	0.16668453590812576	
0.2500237225599782	0.08337189846043559	2.810466721503947E-6	2.012368069717492E-6	0.1666925537269634	
0.16670733555486955	0.16668843578496167	9.500093710811698E-7	1.623323406268434E-6	0.16669922220401379	
0.08335195792902578	0.2500453643855576	2.518407664495837E-7	3.0426835065309174E-8	0.1666988232162723	
3.709225864161736E-7	0.3334034944073217	2.180420798938134E-6	4.3459619724790453E-7	0.1666964272551799	
0.2500232731021139	8.474666627725136E-8	0.08335580583576624	9.859059658592492E-7	0.1666824420798233	
0.16670448346162298	0.083329679877646	0.08335942596102355	5.363205231208122E-6	0.16669184311558677	
0.08331049360032688	0.1667331592001044	0.08336234720648172	1.3654588342007998E-6	0.16669596731258676	
2.7677020046574577E-7	0.2500545663681829	0.0833459765885101	1.5788129782284256E-6	0.16670092797267433	
0.1666992445652187	1.1095416866838034E-5	0.1667294778991774	2.4230268745844887E-5	0.1666361661157659	
0.08336737796141258	0.08334797463198726	0.1666814842361907	1.775761131684847E-6	0.16669538027250377	
1.402192345638829E-5	0.16671310942315185	0.16668052313144563	1.478731013103E-6	0.16670560470272688	
0.08337754620541447	5.6287610076465994E-6	0.25002753900382946	1.442116600150658E-6	0.16669816290508982	
9.596927325245707E-6	0.08337333065284128	0.25002679720553955	1.1882672519949018E-6	0.16669869193497208	
1.3476559371806837E-5	1.3596592183928789E-5	0.3333654266037661	5.333356143214697E-6	0.16669498260333768	
0.2500178131901439	1.4319077129273453E-6	4.4511530733157775E-7	0.08334437793651454	0.16668109611900184	
0.16670392916221952	0.08333003777571542	9.66736963554066E-6	0.08335240398857306	0.16669708090207544	
0.08343240121440842	0.166619270327505	2.3322938405069105E-6	0.08334229928263337	0.16669707841771642	
2.7287992628804298E-9	0.25006053051472765	1.7418432219015287E-6	0.08334576920845442	0.16669746660023968	
0.16668863710309378	3.828948382352185E-6	0.08331869134773733	0.08338507642917556	0.1666970146993992	
0.0833578930250663	0.08334868560752368	0.08333880700455308	0.08335333985002222	0.16669724825094703	
2.314575309265072E-5	0.1667047066775215	0.08333503312627293	0.08334583391202452	0.1666975504370746	
0.08331873881516859	2.0636790694107708E-6	0.16669378073143173	0.08338649964323705	0.16669619829692722	
3.359270818625173E-5	0.08328720635938328	0.166693773875949	0.08338649621386672	0.1666961914413451	
5.278450774496504E-5	4.35743492275431E-5	0.2499930417240306	0.08336533005973201	0.16664476692638355	
0.16667749928351097	5.901847905754287E-5	7.373033956282304E-5	0.166619109985382	0.16662172730973243	
0.0833520020540266	0.08334252307477927	6.525044534263795E-6	0.16666050213808775	0.16667899174264172	
8.692021839336598E-8	0.16670063806067115	3.840185811421397E-6	0.16671580375810535	0.16670545064497871	
0.0833442159297631	3.1910726175236084E-5	0.08334646942977135	0.1666684342399292	0.1666696902941822	
3.9969685761804293E-7	0.08332264715374896	0.08338366642737345	0.166669423028817	0.1666834332056813	
2.318435893939584E-6	1.9784675422377054E-6	0.16671339630633875	0.16668889266430553	0.16670053279314478	
0.08349158050633075	1.0871789004972356E-5	5.440143662737265E-6	0.2499901781320716	0.16661015425376513	
1.659194545196813E-5	0.0834053444339492	8.622093380921487E-5	0.24999097106252988	0.1666106827155909	
6.868986447304528E-5	6.887838792440369E-5	0.08335332235269688	0.24989614280029201	0.16666886746001694	
1.0581580582487503E-5	5.767789716141367E-7	1.093514194399717E-5	0.3333593277244129	0.16666633602788503	
0.2500133338423501	3.847809602727921E-5	2.9002484463466503E-6	5.650329319830506E-6	0.2499973888761914	
0.16672113362625765	0.0833409967346149	2.966137480155244E-5	1.2249955422905729E-5	0.25000833659433586	
0.08337436847819772	0.16669047348326965	1.0509997979296047E-5	2.9914817260532352E-6	0.25001465577861903	
1.7023049259909804E-5	0.25005482322664146	2.2209438520295946E-5	1.1961807993812519E-5	0.2500001532700089	
0.16672336589777467	1.3452307628282724E-5	0.08333566805358031	1.0458909606999225E-5	0.2500195118246992	
0.0833720700045031	0.08336285875090453	0.08333472445724495	1.8666314229807282E-5	0.250024834574895	
2.8455878201329113E-5	0.16671369210961354	0.08334208543567746	1.926140319460519E-5	0.2500079973509366	
0.08339846225440667	1.213934128145829E-4	0.1666265677627603	4.307093656446739E-5	0.24990451615966214	
1.8436085107805587E-5	0.08337829364821003	0.16667769646464015	1.291641379633283E-5	0.25000633108122583	
1.4373409504503908E-5	1.4377433748789756E-5	0.2500387664150698	1.3100238788982704E-5	0.2500171717842715	
0.16670165859637984	2.606398576408422E-5	2.1996171379930857E-5	0.08334954169576242	0.25000264962908986	
0.08335313410478508	0.08334390286569925	2.1373319246697644E-5	0.0833332087062831	0.24998719954960827	
2.2929893629887154E-5	0.16670295794397252	2.1194914062994787E-5	0.08334754046634694	0.25003019269266136	
0.08336070253601861	3.226770693721055E-5	0.08334446248458167	0.08334310227147662	0.2500163023549437	
1.4340219578531683E-5	0.08336614270206875	0.08335717699930018	0.08334316566836386	0.2500165273356546	
2.5681497633540742E-5	2.5489981639579623E-5	0.16668553761337987	0.08334271427945021	0.25001745897239924	
0.08337188060785612	5.016085942243079E-6	8.662110360364413E-5	0.16662145288487012	0.24996235556647	
4.731092449930471E-4	0.08350196144697786	5.134734921253015E-4	0.16622241773133764	0.24935143735032061	
2.4056047403179263E-6	2.2266739937425305E-6	0.08339514636349854	0.16668249120616854	0.25001891932659354	
1.9494675416575574E-5	1.7271516998075985E-6	2.1122976549633667E-5	0.25003698811803454	0.24997698540474622	
0.16667350716939597	4.066875117464467E-5	9.96114986241936E-6	1.6645528636525326E-5	0.3333143912730681	
0.08335792334176445	0.08334860075606956	6.465113411274249E-6	2.8699504159819067E-5	0.33331495429012536	
2.8225643427606956E-5	0.16670627881821312	1.918526619093163E-5	8.19063933348307E-6	0.3333442097905159	
0.0833520400862483	5.594574290045157E-7	0.08334683116249057	2.650809253412235E-5	0.33332619279758224	
2.2704089100930462E-5	0.08334597990679475	0.08336281066723321	1.6035357257248993E-5	0.3333093603307105	
3.0246177809771726E-5	3.0058390203755693E-5	0.16667206777590388	2.1084303814985886E-6	0.3333219674543702	
0.08333931505674737	1.4943230246351946E-6	4.930683768451834E-6	0.08338310671528595	0.3333314428632967	
2.2630937727799546E-5	0.08334982117568797	1.0658701807781906E-5	0.08335938459992147	0.3333165946489412	
1.2884252841789303E-5	1.2741132393784186E-5	0.08335004983489361	0.08335185929848478	0.3333286044830112	
2.5203865839976123E-6	2.406568928426552E-6	4.926608408120211E-6	0.16673766421649439	0.33330933586439926	
0.08335184741899254	2.3995756623090627E-6	5.879693623917187E-5	6.349951786758736E-5	0.4165869938215279	
5.8377944216935515E-5	0.0834061598046819	5.7129008660420364E-5	6.150902574612098E-5	0.4164783747446135	
6.110680818491714E-6	5.934720427485788E-6	0.08330591007308129	3.1866013550592644E-6	0.4167808159859112	
5.220351438040818E-5	4.765123824794295E-5	5.028566915750627E-5	0.0832689880988842	0.41663653893233277	
3.731309852834459E-10	1.3252108924264122E-6	4.010664841243597E-9	1.6144217104294958E-6	0.500053302394952	
