0.4999955196135242	6.014954109953134E-7	1.7304070657084906E-6	2.9850375837170146E-7	3.4263319121745356E-6	
0.41667143315037525	0.08332429289239723	1.4524778362971264E-6	1.8288134710033297E-6	2.767400901455575E-6	
0.33333154856129676	0.16664538060863343	7.939121915402476E-6	7.894213324149541E-6	9.10265996375206E-6	
0.24999501324240603	0.2500029897652218	6.541571434709297E-7	2.0370109782963344E-6	5.869688630864893E-7	
0.16665882859186062	0.33333890957263757	1.5913358226469558E-6	3.3237371618960445E-6	5.462657574047996E-7	
0.08334337690773498	0.4166529322160418	3.491566945872907E-6	1.3238074049753581E-6	3.754786818517943E-7	
6.8389504032895445E-6	0.49995908774549275	3.128978158385477E-5	1.5455682302539352E-6	2.592018173154413E-6	
0.4166528176813441	2.1465974434798302E-6	0.08334165797053589	1.8312070092858684E-6	2.7281375566611355E-6	
0.3333003623409917	0.08335071399421577	0.08333945804777079	8.673452318799741E-6	2.3479989199205997E-6	
0.24996822281036615	0.16668388441327067	0.0833396198976125	8.33597969637447E-6	1.0962631700943931E-6	
0.16662337185393228	0.2499612088829734	0.08340144458367302	6.090813374063826E-6	9.221494632931321E-6	
0.0832988967405624	0.33327946560508753	0.08340016272895244	1.346082840777115E-5	9.274365723703605E-6	
3.2003982922827117E-6	0.41658009526904877	0.08339872230689443	9.641160553275012E-6	9.574630123713265E-6	
0.3332319018725461	7.555190458763906E-7	0.1667482098935352	1.8286292982187292E-5	2.7109956305132973E-6	
0.25001599521688084	0.0833663427777832	0.16660127057068705	8.353376527447817E-6	1.009316669365735E-5	
0.16669286651432888	0.16669252409836818	0.1666020954946569	3.61394995429739E-6	1.03207707247828E-5	
0.08338090203718801	0.24981126065555115	0.166771482125648	1.7932032114120666E-5	2.242734380814508E-5	
9.881751201762712E-8	0.33329073640721485	0.1666985453790917	9.642164828763951E-6	4.987198422188902E-6	
0.25000061371468074	6.070785291734609E-6	0.24999224390305183	2.4399533226048427E-6	5.045050288180725E-8	
0.1666942507781822	0.08331355718697873	0.24998786799891876	3.6094031899010264E-6	2.955378141857434E-6	
0.0833781891820456	0.16662250940371603	0.2499847482859399	9.741909683034308E-6	6.5493201447765364E-6	
1.8015265428164597E-6	0.24999523279544605	0.24998107782800771	1.3354707159120626E-5	9.899106009090677E-6	
0.16671933072171163	8.047760795190474E-5	0.33318715781009073	5.6081159850350625E-6	1.049201203366886E-5	
0.08330641172610816	0.08330635371345983	0.33338019099788996	1.7012930886957266E-6	6.521776789629467E-6	
1.6501283349138933E-7	0.1665937875203746	0.33336883439376025	1.785455273442711E-5	2.4845218859360746E-5	
0.0833530022274537	2.4748222100485893E-4	0.4163763850243216	3.5027949883810583E-6	2.162233755674964E-5	
5.105414499822641E-6	0.08331105654366684	0.4166209001323099	3.66651910093944E-5	2.7907986657156763E-5	
1.0815560943071483E-6	1.1425096600194237E-6	0.4999998596695424	2.95434988204827E-7	2.1998664647945514E-6	
0.41666254134796615	2.308334579380885E-6	5.042064300788344E-7	0.08333651724435549	1.969372726426054E-7	
0.33329735411920586	0.08334995675805769	1.1984346005019972E-6	0.08334924822376548	3.7015534866809127E-6	
0.24990837391150147	0.1667290859550891	6.6008276359871525E-6	0.08334842417702874	8.979072377677043E-6	
0.16667542454872844	0.24997217426519777	1.2172890242083425E-6	0.08334860927962597	3.679012532325243E-6	
0.0834257627385292	0.333214879102212	4.8652217789916135E-6	0.08333886945802638	1.7059799538480525E-5	
3.8313860790735165E-7	0.41665889416264096	5.444927205156367E-7	0.08334122933300336	3.754298998328333E-7	
0.33333267969741687	9.203161126433491E-6	0.08330736707937354	0.08334925786202979	4.2666730158517655E-6	
0.25001902563073425	0.08335218263583864	0.08327372875242171	0.08334611408554118	1.0303075832077108E-5	
0.1666667676491889	0.16667266240166376	0.08333271772449018	0.08332264118949885	6.416952835129598E-6	
0.08332639480546376	0.25000276072826016	0.08333063562904058	0.08334140501464368	1.5756272886310388E-6	
1.238075403544146E-6	0.3333422801462051	0.08333370139324431	0.08332293082413181	1.0708519946963652E-6	
0.24997194674054468	4.718489688280731E-7	0.16666905273909954	0.08334944887097519	1.0347412826785582E-5	
0.1666821023112216	0.08331396055921636	0.16668183684212368	0.08331792671950693	5.609028437460155E-6	
0.08333433369093879	0.16666238055343358	0.16665646357876357	0.08334603354150207	1.9554346414375337E-6	
4.4899469571201604E-7	0.2499854857582057	0.16667507850046762	0.08334275004956727	9.421484256405604E-7	
0.16666244659073481	1.5435145284192891E-7	0.24999685065635913	0.08334100005482079	1.0688524869459624E-6	
0.08332968334163195	0.08333253554386935	0.24999752874441875	0.08334105768279415	3.416050021627331E-7	
3.0247682056293105E-7	0.16667026251511818	0.25000884546237195	0.08332266935696195	1.0107444498415578E-6	
0.08336699964485383	5.931520701328576E-5	0.3332433481636236	0.08332093002993168	1.0656076139289998E-5	
5.9751654622568274E-5	0.08336730870430978	0.333246326064193	0.08332153163429515	6.63460693211721E-6	
9.512490980240423E-7	8.957430071567996E-7	0.41665578015136323	0.08334079418970483	3.249513665400097E-6	
0.33334193954824365	1.934695854412995E-5	1.3996419316656844E-5	0.1666204205608515	5.587771877283389E-6	
0.24999368124202728	0.08333129902348903	3.881217252348997E-7	0.16667609599750186	5.420637604253442E-8	
0.16655906263685766	0.1667702352615976	4.083748018638546E-5	0.16662268096796895	8.46473267646347E-6	
0.08336099325322212	0.24998068635519455	2.3247163614211524E-5	0.1666277986063896	9.156916610446542E-6	
2.667125061909152E-5	0.3333414283001464	2.745210074430011E-6	0.1666305383012969	2.2217394054099596E-7	
0.2500099910237557	2.7913699930054655E-5	0.08333636298424532	0.16662400802779778	5.412759202865225E-6	
0.16669558225244502	0.0833368138273099	0.08333451320065745	0.16662805206436287	6.4629485302931344E-6	
0.08333981165858079	0.1666611053594218	0.08336516311357872	0.16662957477794707	5.601051007170595E-6	
3.212718002284061E-6	0.2500189110443351	0.08334349896888019	0.16662988655934743	5.784572496105882E-6	
0.16667428395531741	1.861589202161498E-5	0.16667654563377649	0.16662878631486208	5.90185091383127E-6	
0.08335867252706003	0.08334055719576414	0.16667018835666045	0.16662989335940037	2.1520254869353923E-6	
5.079171143457216E-8	0.16665693641657411	0.16665598310125795	0.166683326913025	6.422481937534255E-6	
0.08334076131288656	1.5647616847714846E-5	0.25002371091240455	0.16661685038885424	6.261317813233583E-6	
6.232899064874763E-6	0.08333301976589051	0.2499722491519695	0.166684942530652	4.85166638598928E-6	
2.9363385908037676E-5	2.9364445811761136E-5	0.3333189973976997	0.16661739153799549	6.069155855690615E-6	
0.2499981759892896	5.275511194267609E-5	5.992993836314845E-5	0.24987589052643097	1.89992618764068E-5	
0.1666530952810435	0.08339496819860698	6.035483571353012E-5	0.24987363427700005	1.899383453660695E-5	
0.0833408609330169	0.16667234090782412	3.0320424271495083E-6	0.24998066164751737	4.5341442594775666E-6	
1.8247852815158627E-5	0.24999482952796973	4.179326912193819E-5	0.24994082285016142	6.3792039845553545E-6	
0.16668178156404959	3.519757302780606E-5	0.08339179687422492	0.24987349864611413	1.904589842600076E-5	
0.08335154739304539	0.08335092906591789	0.08337340191840727	0.24991047675085812	1.5270133074630015E-5	
1.107347790226839E-5	0.1666681039979485	0.08333743962459318	0.24997946301771296	7.325566155385504E-6	
0.0834377796874509	2.2291752616506982E-5	0.1666242627297241	0.24989777115837958	1.905671748857361E-5	
6.28524092878217E-6	0.08336373628795031	0.16667870292336281	0.2499333669635505	1.9056719883029278E-5	
1.0163053446040233E-8	8.03290891611883E-7	0.24998664858884256	0.2500179454768985	4.115666837039222E-8	
0.16666384040707147	1.0709750162042696E-6	7.249391509884769E-5	0.3332546104151123	9.110927726943608E-6	
0.08335874685039324	0.08335855113119797	2.0583072828048187E-5	0.3332537609782992	9.9791467832768E-6	
1.5143127137441366E-4	0.16649400422060706	9.994575228405952E-5	0.33323623002054126	1.9509804830323876E-5	
0.08337897298302516	3.1139032446813866E-5	0.08332822139285351	0.3332548338707994	9.980395707042558E-6	
1.4532492801661527E-5	0.0833601766144046	0.08336027737173232	0.33324803552494153	1.8930700029572497E-5	
5.720151234863461E-5	3.944022019111805E-5	0.16662340033683715	0.3332724636733899	9.963511323262044E-6	
0.08339571428647193	8.937395180117832E-5	1.246616632298824E-4	0.4163641542835282	2.7255741168358433E-5	
1.089549200463821E-4	0.08337100112943467	1.2513091779877715E-4	0.4163795189677866	1.9243339388283124E-5	
3.1012577443043516E-5	3.486694389432518E-5	0.08331886274851097	0.41660174055125265	1.460449864434368E-5	
2.356478065320749E-5	2.76331588993082E-5	5.109639732876835E-5	0.49988488864008357	1.4697161124783886E-5	
0.41666523619329376	2.31759771369192E-6	4.990504492977699E-7	3.3613680990190407E-7	0.08333337823579737	
0.33330436965287635	0.08335481114256507	3.101749159794703E-6	5.58022658727431E-6	0.0833332331866693	
0.2499972689913125	0.1666701297661086	4.837299264342521E-7	9.547490810896504E-7	0.08333282681575635	
0.1666317780704722	0.25002050894967504	5.039948081921959E-6	8.006694204335005E-6	0.08333583735516051	
0.08331796236474327	0.33334159563156673	4.784047517649011E-6	1.1029418985281814E-6	0.08333585954129358	
3.789847026537868E-7	0.41666640632777363	6.2163970968026E-8	3.6862932738828613E-7	0.08333399783064344	
0.33333436643301795	1.923126912980411E-5	0.0833096090866758	3.436483911500326E-7	0.08333804243279903	
0.25000257673804177	0.08334668179397499	0.0833085519489389	5.549935393002794E-6	0.08333790091078304	
0.16667252539626054	0.1666777724425261	0.0833078887969373	1.0963513902056597E-6	0.083342149413706	
0.08338721439852503	0.24995195528370515	0.08331999935997157	7.746458107822567E-6	0.08333608003049159	
3.841180250370747E-7	0.3333326154447273	0.08333194641188103	5.117862226499015E-7	0.08333579636901062	
0.2499855407755763	7.56603118620314E-8	0.166679749036396	2.269738459909586E-6	0.08333349392519623	
0.1665557392947901	0.0833700020424815	0.1667336460708433	9.800921349821745E-6	0.08333235558606406	
0.08333887739385351	0.16667035982430595	0.166660435783585	1.1902468450046723E-6	0.0833330432579066	
8.176429017327961E-6	0.2500009173702653	0.1666603247272669	1.3681954741881309E-6	0.08333300666304899	
0.16665208462933753	1.4621239651998927E-6	0.25001115754508824	2.8022434277919196E-6	0.08333497849386955	
0.08332489108265356	0.08333894081163756	0.25000073569932524	2.9491115379024493E-6	0.0833338402038753	
5.52436055280535E-6	0.16666800270513296	0.24999295996985346	2.9551515746176145E-6	0.08333207933197467	
0.08336318748743841	5.1975273776705336E-5	0.3332471971148596	2.9484640436227373E-6	0.08333601079685907	
1.5702164426785362E-5	0.08334007371723422	0.33330920224075156	2.949223477099933E-6	0.0833339224732971	
1.0008483175731906E-6	8.384265103862265E-7	0.41666558875746634	2.458876775113736E-7	0.08333372581742084	
0.33333277697106317	1.1344178954867599E-7	2.0541468189656058E-7	0.08333514197060986	0.08333335568684393	
0.24999437396995255	0.08334432773745921	3.745709689712214E-6	0.08332760790907792	0.08333132370977267	
0.16665993383508595	0.1666714746844657	3.69156386822936E-7	0.08333669681642103	0.08333277624053553	
0.08338364484857787	0.24994555990620346	3.893024550435479E-6	0.08333421584003615	0.08333389018351169	
1.2404935889004825E-6	0.33333181342734697	7.48135624991015E-8	0.08333420094399362	0.08333389308943935	
0.2500070498965161	3.856652235661429E-8	0.0833256482844601	0.08333505579820025	0.08333355286279694	
0.16667912406561805	0.08332944949298361	0.08332567116297834	0.08333557598294002	0.08333139411714548	
0.08333821727424003	0.16666743009090507	0.08332706859368576	0.0833346265668823	0.08333391356311982	
9.26549450349547E-7	0.25000496958936086	0.08332675478497552	0.08333460363942485	0.083333946565274	
0.16667218600084371	1.6797204839478304E-6	0.16665887024763884	0.08333502406428413	0.08333351770142298	
0.08333711727585279	0.08333694341874208	0.16665893834539833	0.0833343083509467	0.08333396133644992	
9.37726846196379E-6	0.1666754624167373	0.16664865842707272	0.08333442366591437	0.08333329101328088	
0.08333259774043272	1.2707534517244945E-8	0.25000000233178765	0.08333502481254561	0.08333370095870286	
5.713576755213436E-6	0.08333903534835524	0.2499887349311093	0.08333442905567007	0.08333328744650063	
7.200447468292631E-7	6.993315284341079E-7	0.333331762286946	0.08333432875875099	0.08333369272201221	
0.25000318032368024	3.5700953615694835E-6	5.701533829933214E-6	0.1666552612216242	0.08333368905716818	
0.16668604865041475	0.08332772382352571	6.918008532145066E-6	0.1666489298152124	0.08333151458810036	
0.08334034972033896	0.1666711192082795	3.076019459638727E-6	0.16665545853729305	0.0833312107816713	
8.721119398483346E-7	0.24998669099768864	2.451854575124711E-5	0.16665814904870932	0.08333100917566541	
0.16667184678441171	2.071395998381219E-5	0.0833300039446288	0.16664993677321882	0.0833322322482027	
0.08333841259732001	0.083338333124347	0.08333856061728623	0.16665594839165365	0.08333146124350535	
1.3835357694751391E-6	0.1666563051404774	0.08335752092342966	0.16665628264238636	0.08333151470627187	
0.08332831019920116	1.258814822169389E-5	0.16667077592922783	0.16665365544053126	0.08333593024242143	
2.738806019625457E-6	0.08334477448668313	0.1666707691056443	0.16665103508973897	0.08333417902668058	
1.931437658388435E-6	1.7212830526667133E-6	0.2499979575251923	0.16666285005930825	0.08333697132147228	
0.16666842136712445	1.1373467362234274E-6	5.105893251635719E-6	0.24999315814392703	0.08333343155752876	
0.08332937278292578	0.08332867297319659	3.0452557878741775E-7	0.2500090000305005	0.08333392179213137	
5.984615262619772E-7	0.16665709149117233	8.240713236814E-6	0.2500039928522672	0.08333127346377762	
0.08333685164129279	1.2136296383039563E-6	0.0833370513926862	0.24999284347626916	0.08333378361329984	
1.604683612583676E-7	0.08333747682747608	0.0833372091768066	0.24999230433094183	0.08333387037226919	
2.6521783386999465E-5	2.718964673186193E-5	0.16668017296490498	0.2499347163410244	0.08333398381115029	
0.08335493524392665	5.908798407256193E-5	6.090261645725596E-5	0.3331934310328377	0.08333354580027685	
7.548564251650598E-5	0.0833747682118594	4.299350620988978E-5	0.3332104207806477	0.08330523508607743	
6.100928929043326E-6	2.938434931625227E-7	0.08334177020194677	0.33331988056041556	0.08333349755025299	
8.515176650274447E-8	5.588089953109625E-7	6.624152947673427E-7	0.41666584111673993	0.08333387112772479	
0.33333511789185943	9.0912729014666E-6	1.6488164290744626E-5	6.931771768351901E-6	0.16663538624262164	
0.24999451470838768	0.08334491110957293	1.655304505273144E-5	1.1388099298161495E-5	0.16663525096303164	
0.1666736191841252	0.16665643647444212	1.7191434896300567E-5	1.3364558712929625E-5	0.1666406020225841	
0.08338401834223275	0.24994714025848336	1.6896163351561606E-5	1.4408407645552342E-5	0.16663876253107052	
1.3154609392759141E-5	0.33331797656106615	1.701434123659131E-5	1.437907510105567E-5	0.1666387931851395	
0.24998678454241263	9.081460484970505E-6	0.0833508231096861	1.2258311936427789E-5	0.16664229947330933	
0.166649310490371	0.08331658270680234	0.0833554327911875	9.281108730689563E-7	0.16667909184758675	
0.08331376907063225	0.1666522564119873	0.0833421301240808	1.3500156855630175E-5	0.16667952951369813	
9.871276094828807E-6	0.24998742812471939	0.08335114262303238	1.351371607674492E-5	0.16663927785992116	
0.1667065207015932	6.213227142000913E-5	0.16657700961102354	1.3684435712204213E-5	0.16664307801953154	
0.08333308841464634	0.0833333869727615	0.16665898866977374	1.0510191042764898E-5	0.16666839562184144	
4.750230051755307E-5	0.1666799693914442	0.16662572520866545	1.1694444155484649E-5	0.16663949584493992	
0.08333503042942789	5.469612544968676E-6	0.24997508867943044	7.443391135695792E-6	0.16667824755325658	
1.675312118089477E-5	0.08333125191174363	0.24999760030204374	1.3200173871629478E-5	0.16664289368128202	
9.254203138206212E-6	1.0870270325768566E-5	0.33332881908995143	1.3278912062318625E-5	0.1666396790506144	
0.25002409343827386	2.518936407041853E-6	1.3535481974158883E-5	0.08332307244842174	0.16663824028559385	
0.16665700806356915	0.0833205196078308	5.3024727903461386E-6	0.08333212501127005	0.1666874893703215	
0.08333304172508679	0.16665707125278048	1.8134961210912892E-8	0.08333415529931572	0.1666769435571822	
1.0880396542586278E-5	0.2499914266775787	1.595632256166282E-5	0.08334362409834871	0.16663930255600376	
0.16667681307494803	2.3700454058010734E-5	0.08331512356508299	0.08334293631108981	0.16664282784500373	
0.08332997626711579	0.08331507942251308	0.0833415919349386	0.08333328059199399	0.16668327799309182	
3.5436954977337985E-7	0.16664909641284123	0.08334334122551053	0.08333503460974456	0.16667345023404495	
0.08333627154536753	6.562915460650306E-6	0.1666786339862468	0.08334529759422417	0.1666363726887767	
4.603621552533418E-6	0.08334384260471465	0.16667211301074664	0.0833449915986867	0.1666382917465075	
1.0688041660204513E-5	1.0688028834829444E-5	0.24999972864810097	0.08334480055022402	0.16663710464341053	
0.1666449645312585	1.532707126364585E-6	7.078398885507234E-6	0.1666735455558594	0.16667420059079704	
0.08332676083339105	0.08332668181214287	1.0459887044376726E-6	0.16667472177048215	0.16667219852918239	
6.169323818592346E-6	0.16668473271885778	1.6115875957246727E-5	0.16665732875173914	0.16663784983766938	
0.08339959866961572	3.72834518516047E-5	0.0833010467375046	0.16662676107396945	0.16663654404988565	
3.4494150241689477E-5	0.08334917184872999	0.08335294083698272	0.16663038043690118	0.1666342290664848	
2.6293236945242377E-6	2.5646418847271535E-6	0.16664997104148277	0.1666771436667259	0.16667280240896917	
0.08339824993318708	6.52599449950296E-5	6.265178281617585E-5	0.249825587446487	0.16665377313273538	
3.513537498122037E-6	0.08336263731413457	1.389994351439576E-5	0.24996784523895446	0.1666649311254108	
9.685919992093835E-5	9.88694159288866E-5	0.08333329447553682	0.24983414594496817	0.16663852934765636	
2.9478753035562605E-5	2.8878735958526455E-5	5.226827248459863E-5	0.33325338176003116	0.16663939351891724	
0.24977357632313943	1.7557125473720772E-4	1.529610681876523E-4	1.35572279842588E-4	0.24977597914641084	
0.16656415047388895	0.08344572019590552	4.240368299606967E-5	6.450792175293143E-5	0.24988625621633767	
0.08332843422000757	0.16668158771657454	8.508943872396468E-6	5.2413957885558695E-6	0.24997887315363213	
6.478234817425449E-7	0.2500068644947561	7.182925325590684E-6	1.0255191828753387E-5	0.2499795381184031	
0.16669640811473255	2.993103081936666E-5	0.08328843180591743	9.72003053969369E-6	0.24997663108176624	
0.0833336278768204	0.08333352609681637	0.08334983647010633	7.154487984324224E-6	0.24997859945539014	
2.027637534466214E-6	0.1666412212675867	0.08337106803784888	1.068549337351309E-5	0.24997817191643706	
0.08334442529818527	6.615502022429744E-6	0.1666663705890117	7.01644233828738E-6	0.24997761202898944	
7.1693438538751585E-6	0.0833441366349417	0.16666654054614455	6.9748805740228E-6	0.24997800497486003	
3.631450750277461E-6	5.534011967732126E-6	0.25000780418223306	1.278223802868393E-5	0.2499815545455248	
0.16668856753927952	2.905012611120861E-5	2.7988658684771305E-5	0.08328498926053281	0.24997215129136283	
0.08337865999605257	0.08336355980441212	2.7992788906706718E-5	0.08326010722619544	0.24997187558678197	
3.190028612424673E-5	0.1666938366636595	4.140607252012357E-5	0.08325630204432932	0.24997780748649465	
0.0833560698251884	3.184526746592318E-5	0.08335333634529433	0.08328255658382983	0.24997902240096218	
1.574688078176937E-5	0.0833786565785305	0.0833688702755628	0.0832529253230787	0.24998643635664392	
1.7157063472287624E-4	1.715531758685593E-4	0.1666334579202279	0.08336160703274641	0.24966860072465033	
0.0833276340354776	1.3895699053673314E-5	2.300400583948452E-7	0.16666829558539728	0.24999293016437413	
3.0866530435235574E-7	0.0833347428169577	4.380411013036197E-6	0.16668569939962896	0.2499760208667081	
7.248174073904104E-5	8.802293758759173E-5	0.08321218996947366	0.16664625490864818	0.24998907870365267	
1.0829697078075803E-4	1.176532164415866E-4	8.490247918519256E-5	0.24990332537307766	0.24978775285267207	
0.1666449011885849	2.923948632085853E-5	2.0712311686495167E-5	3.514286059765787E-6	0.33330881399226403	
0.08334838649061499	0.0833481426387514	2.8310699053432733E-5	4.775377775762003E-6	0.33327606057045306	
8.427455285008578E-6	0.1666645092065641	2.342631194654523E-5	6.727899340884107E-6	0.33329824152865234	
0.08334809030596055	1.168293065715768E-5	0.08333248517167606	4.857933300604012E-6	0.3333055940570667	
1.866505988062166E-5	0.08334102390844589	0.08333239684286721	6.804100003327166E-6	0.33330913400286943	
1.7993375145726402E-5	2.2703492695433472E-5	0.16668341748436644	5.350755251684789E-6	0.3332770976504778	
0.08336653524319751	1.1623843380091337E-5	1.4157724155056702E-5	0.08333961699673408	0.3332739817130067	
1.036550077216652E-4	0.08344886822473639	1.5030092132505468E-4	0.08345388079453323	0.3328472927877814	
1.7982311810721606E-5	1.8333776107117807E-5	0.08338196294427361	0.08332387277585121	0.3332636378525305	
8.246849862565744E-6	8.331502117517878E-6	1.2467777713159043E-5	0.16667407264107834	0.33329831509394425	
0.08333386288951475	2.8749778841379565E-5	1.4135321894599593E-5	9.485218250556915E-5	0.4165339193186854	
2.0985271340475506E-5	0.08342655507137262	1.3778257796235953E-5	1.044742902570105E-5	0.41653474696514187	
6.956965461784888E-5	6.48889691152686E-5	0.0833153926016043	2.2484476389635145E-5	0.416531032334434	
7.795151945757347E-9	7.231504551337473E-9	1.3726250548606295E-8	0.08332191956782989	0.4166813360085161	
1.3283207036474209E-9	3.121859709981065E-8	5.232299778002516E-7	5.910724650730715E-7	0.5000047281872299	
