0.5000018239353102	4.1656267589828647E-7	3.4724871483876547E-7	3.4083751530594487E-7	6.086271519429004E-7	
0.4167225397795803	0.08325257482392326	6.5322714057151716E-6	3.6664310472845004E-6	1.9181340076601223E-5	
0.333377008337918	0.1665982750458285	1.812166489471937E-6	1.1452142670540907E-5	1.4992538801224311E-5	
0.24993336125152815	0.2500418281876932	3.548485257182342E-6	7.321671052508784E-6	1.8762988045878032E-5	
0.1666731296852905	0.33332228235123235	1.1990661445169555E-6	2.983574080123724E-6	3.7726279541963957E-6	
0.08335627645636513	0.4166095492299169	1.3279698842507478E-5	1.0696057901644476E-5	1.451974207239478E-5	
2.7176580574858967E-6	0.49999148294164564	3.477668171413811E-7	1.0807442225473207E-5	1.0390242633458358E-7	
0.41667399656839565	1.445218175872936E-6	0.08332364695399946	4.178217335228572E-6	2.8844020311004536E-7	
0.33333437000593835	0.08334734023217934	0.0833134207452076	5.949890031358647E-6	2.2632266625551265E-6	
0.25001628721431124	0.16666228048497017	0.08331970171185582	9.491487737597849E-7	2.2963075649558494E-6	
0.1666656959488746	0.24998974472562027	0.08333857345437301	2.755549423882698E-6	5.96338637169201E-6	
0.08334690844471564	0.3332852402842271	0.08336034193695027	2.425008384724304E-6	5.699237976713489E-6	
5.249096197965448E-7	0.41658862445882	0.08338992499630564	8.725410718446277E-6	1.5078663623180681E-5	
0.33333649302634244	1.1170753135182299E-5	0.16665312175713728	5.462904202445932E-7	2.349699870463733E-6	
0.25000012359871787	0.08333751680332634	0.1666618377164535	3.369254740494249E-6	4.214322103636322E-7	
0.16666333622187676	0.16668545033559717	0.1666746790841847	4.173035639784633E-6	2.797103397221574E-6	
0.08334430002705162	0.24994183469625483	0.16670596416157113	2.471964554508758E-6	5.908929806446715E-6	
1.421990599113364E-6	0.33328648068178157	0.1667067767932281	1.0259288398635207E-5	1.235920594587778E-5	
0.2500122031521823	1.4618964524299992E-6	0.24998543576159085	5.358683703138405E-7	2.8181577827014597E-6	
0.16665508775907764	0.08335758188044648	0.24998439090356955	2.2908884635640296E-6	3.286458793408301E-6	
0.08334168280261156	0.1666701793875442	0.24998088392518883	2.380857913508137E-6	6.450823968177058E-6	
1.219449470642303E-6	0.24996404764203906	0.250036921759025	5.593278117056083E-6	5.7256602355594745E-6	
0.16667935384196422	2.1628679541906256E-5	0.3332967628190178	2.53011927276543E-6	1.3345733322394688E-6	
0.08334846355203009	0.0833530069566906	0.33329774302859166	1.3576663054038414E-6	2.5068201292752704E-6	
3.991656002939298E-5	0.16668856189442716	0.33325657561611033	1.0403078991463385E-5	8.810386854876614E-6	
0.08338091856859108	6.181339546157444E-4	0.41596571886979006	3.788595112698341E-5	2.8171569064239765E-6	
1.9797364172986702E-5	0.08321988058751414	0.416732273568603	2.237847504383454E-5	9.343159246580483E-6	
5.943518084947393E-8	1.7419934261731633E-6	0.4999996818181503	1.22819637726177E-6	5.382774469492498E-7	
0.41666532884610213	6.16828202950095E-7	1.0077243046265221E-7	0.0833356021697217	6.344357789497054E-7	
0.3333198765756473	0.08334367746141019	1.5041715917566597E-6	0.0833353686043774	2.4300240957272742E-6	
0.25000681292699634	0.16665593909335177	2.0093330356341944E-6	0.0833359309189003	1.6126862511358633E-6	
0.1666731860843968	0.25000635143538297	1.286359559102264E-5	0.08330460796587921	3.968004939700467E-6	
0.08333604048538187	0.3333230304085875	9.061637201202754E-6	0.08333495961377398	3.5127548825440447E-6	
1.2194118437692246E-5	0.4166722823323796	9.200070281758913E-6	0.08330425335406445	5.74393329394892E-6	
0.3333108655393082	3.8976885007609986E-7	0.08335675757184272	0.08333420844246063	1.2257066005652666E-6	
0.24997034171416757	0.08334203050219777	0.08335703689604758	0.08333270799661766	1.2192199159174121E-6	
0.1666815469976865	0.1666677194160598	0.08331171004309519	0.08333660346076215	5.568325795672083E-6	
0.08334515969022405	0.24998306583327212	0.0833357868383122	0.08333611793107387	3.258332808896939E-6	
8.888077199780103E-6	0.33332086312675047	0.08334072650963006	0.08333563050074846	9.281692121321921E-9	
0.2500043644770989	2.6527124881681187E-5	0.16663721688463132	0.08333451900980259	1.6116534610819394E-6	
0.1666703448180253	0.08333653965891612	0.16666035371613647	0.08333439465923882	1.6085667275583047E-6	
0.08334657418113302	0.166682286933556	0.1666375103839947	0.08333463454012188	3.085046931285196E-6	
1.7697193914514285E-7	0.24994629806242605	0.16671540481604194	0.08333556081772686	4.4826579421812045E-6	
0.16668875991505686	1.6700728613530264E-5	0.24995057402218607	0.0833322135963023	1.568457913827772E-5	
0.08335320325840279	0.083358255348632	0.24995625078485909	0.08333247976425277	2.779162111252157E-6	
2.929290382385861E-5	0.16668056503465317	0.2499516560679299	0.08333548597065156	4.344085846911238E-6	
0.08334279473320085	2.330705926281736E-5	0.33330170292662015	0.08333266625730204	2.704413565078174E-6	
4.1355924653052566E-7	0.08333405924789584	0.333332595003614	0.08333236058934236	2.1000657440659977E-6	
2.870310897654142E-10	4.062258036387862E-7	0.4166672651703918	0.08333289905298927	2.0990081209058377E-6	
0.33333963598282373	4.515267883144177E-7	4.2075516872647596E-6	0.16665845681842403	1.5161552243392837E-6	
0.24999193738092862	0.08334913310964824	4.162684539158305E-6	0.16665943827431068	6.411809089027633E-7	
0.16667464177103392	0.1666602315839431	6.748070637156418E-7	0.1666681445922595	7.404266332558242E-7	
0.08331134322954749	0.250018349136854	4.711130266652629E-6	0.16666814070571853	1.4934542668039887E-6	
3.02124174888784E-7	0.3333330848335828	3.4261716716595956E-7	0.1666673424733546	1.2451057250282576E-7	
0.2499846161098917	2.660650528460793E-7	0.08335811124862155	0.16665827690978294	2.2783690495296784E-6	
0.16665626815473947	0.08333017057400004	0.0833586340387347	0.16665425771323872	3.845686260964148E-6	
0.08332857271870191	0.16664630324618396	0.08336269434602349	0.16666047899527767	4.002688031914776E-6	
4.592544747493633E-8	0.24997658560045477	0.0833627757071507	0.16666139583946998	1.9722020663497805E-8	
0.1666708222411161	1.4952649571031118E-8	0.16667675251297354	0.16665660360826226	8.441993153918911E-7	
0.08333938931212492	0.08333117983818378	0.16667537776668281	0.1666557601025035	1.801860180719665E-6	
7.395972754041881E-9	0.16666524255092835	0.1666704103129644	0.1666657437581255	2.2423596113930375E-8	
0.08334236335763358	4.7334252067361285E-5	0.2499500087121443	0.16665253741885808	9.222051495441094E-6	
2.3923596751051502E-5	0.08336161454409245	0.2499548195536049	0.1666530242913165	9.274030264385813E-6	
5.974791931861271E-6	6.296000614669671E-6	0.3333280138500731	0.16665298690036764	9.205649685965371E-6	
0.24997654998049737	4.781226291585938E-7	2.98027190350951E-5	0.24999485038007938	1.5227629410214257E-6	
0.16665598404812904	0.08332768997543252	3.898169173996471E-5	0.24997956486289413	1.2866779786816706E-6	
0.08334829377869933	0.1666636036035105	1.0015071757429183E-5	0.249978427435767	1.1566921019724134E-6	
3.295554008395701E-7	0.2500026336469066	2.5686818855257924E-7	0.249998113394292	2.3532999494816014E-7	
0.16667341187189721	5.73105132244667E-6	0.08332895578147144	0.2499961158239551	4.676364983114462E-7	
0.08334071120297337	0.08333247438066133	0.08333207909549756	0.24999482769725107	4.4871558794472675E-7	
2.0526540598082314E-7	0.1666689989599841	0.08332985273983189	0.250002537823373	3.4565010369929624E-7	
0.08333696202141709	1.2117051000406517E-5	0.16665581311648098	0.2499948998356573	3.6591313829994027E-6	
7.604198364388348E-6	0.08334110484237826	0.1666549578122885	0.24999867865044365	1.5733508329613095E-6	
2.972917477599907E-5	3.4747956495786226E-5	0.24999655684856184	0.24993981658604875	5.595821097373409E-6	
0.16667242503444113	2.149934196572317E-5	8.234666219226904E-6	0.33329734705207037	1.3156661851053908E-6	
0.08335243848321737	0.0833450098606393	5.10235030318507E-6	0.3332981230907295	2.803937576277086E-6	
1.8293760018800945E-5	0.16667574405980604	8.15971866156613E-6	0.3332974241410414	1.3596371001716972E-6	
0.08333811180999465	9.11294333088968E-6	0.08335587789097984	0.3332992334339509	2.823472219448793E-6	
9.119591794033796E-6	0.08333732380641333	0.08335509409401533	0.3332961046983652	3.2008801808543664E-6	
4.853544696326032E-5	5.1503193503290666E-5	0.16672006090837457	0.3331681227513088	1.6855460506457193E-5	
0.08342707691376057	4.96840416394484E-5	5.462103438673584E-5	0.41647048115465096	2.0195366722496265E-6	
1.3943275528492593E-4	0.08334124527254315	4.986685000215305E-5	0.41646759836989133	2.77791680089911E-6	
6.87333085997688E-5	6.682872817847885E-5	0.0833598292561306	0.41650215222296655	6.168814922929091E-6	
2.3938635064664533E-8	3.320266995334866E-7	2.3447545091109114E-7	0.4999996572175618	1.0501366352695908E-6	
0.4166633114017823	6.971102640803786E-7	2.802450359315757E-6	9.740301489191654E-7	0.08333392751140623	
0.3333270948318194	0.08333863309634969	1.974694652494885E-6	8.024826644019177E-7	0.08333298649682236	
0.25006236082662026	0.16657507916291134	1.4327161667183547E-5	1.712889871010073E-5	0.08333413668104644	
0.16666786635252193	0.24999837089452806	1.699143781416589E-6	4.978561473974411E-7	0.08333397004107874	
0.08335508233894985	0.33331000535607413	2.8930014133607696E-7	4.794916446208128E-6	0.0833343498229308	
2.7058206738879902E-8	0.41666939165218364	7.01745261872954E-8	8.660639241910343E-9	0.0833342180866905	
0.33330597245926225	3.8915899761655463E-7	0.08335942450720606	2.7167223098955803E-6	0.08333435245497395	
0.24997135330490408	0.08334234624658883	0.08335740873446881	4.483597507254111E-7	0.08333192253669636	
0.16665646809482063	0.16666887061212096	0.08333467808393621	1.7999486313111601E-6	0.08333979026071273	
0.08332520199646316	0.25000570044795817	0.08333624892804972	2.4059512076455984E-6	0.08333353064260396	
4.643793199444095E-8	0.3333326897562873	0.08333680607932338	2.866085714941097E-7	0.08333357509307641	
0.25000472941524793	1.06769928981076E-5	0.1666521479427348	8.024592154216168E-7	0.08333275656462953	
0.16666618037960787	0.08334225460870524	0.16666053872936076	8.0849769902007E-7	0.0833332214501212	
0.08334190470340111	0.16667298791371485	0.16665193155979724	2.4030971386818767E-6	0.08333404129642907	
3.5509834501912746E-8	0.24999287252680857	0.16667345099570935	2.4635408577255207E-6	0.08333397642901982	
0.16667386132575077	8.426004986146155E-5	0.24990617321324976	3.7296945685004705E-6	0.08333285792492034	
0.08333450413643996	0.08332368736908509	0.25000796646705165	2.4150443791570042E-6	0.08333281259200509	
7.131024327725027E-8	0.16665794173977877	0.2500074281410988	2.4432293097459998E-6	0.08333377916119737	
0.08333745152030687	3.744035184755746E-6	0.3333237566023864	2.644897536066734E-6	0.08333381961301295	
1.5793454325884323E-5	0.08334661489773577	0.33330378565483715	4.770651515453792E-6	0.08333024435856116	
3.953643119858085E-8	3.8879980344010085E-8	0.41666492914431164	2.5634806559884077E-6	0.08333394317666064	
0.3333343186766264	5.574696073347741E-7	2.394412437820894E-6	0.08333036061810929	0.08333387850670851	
0.24998247106422083	0.08334864684613125	6.763933471106114E-7	0.08334002762010197	0.08333190735135418	
0.166672087342466	0.16665856857533592	4.6459149742282666E-7	0.08333894428921013	0.08333330948443249	
0.08332442916706281	0.2500034298214359	2.3613199005757664E-7	0.08333949917631636	0.0833338026783526	
1.8479692290007807E-8	0.3333273508302467	1.611355865000004E-7	0.08334026823302408	0.0833338397669186	
0.249982210076535	1.9920105406332206E-7	0.08335722574940437	0.08333080949522022	0.08333162897360585	
0.16665396683220915	0.08332867036600679	0.08335650189234817	0.08332952255639088	0.08333388684099899	
0.08332920338985599	0.16664756418779006	0.08335542276615368	0.08333876537586885	0.08333212137642046	
1.4270894249456062E-8	0.2499761086339364	0.08336309791243171	0.08333008632883011	0.08333398655957129	
0.16667234076456006	2.657116720811095E-7	0.1666548864383389	0.08333703463074507	0.0833387030632645	
0.08333322153423617	0.08333878454064661	0.16665324001395956	0.08333665949711921	0.08333961920979478	
5.009412620456986E-6	0.16667466812171863	0.16665824355236225	0.08332968304296366	0.08333389532249738	
0.08335280390181406	2.1734019230924964E-5	0.2499603427766445	0.08333927808450159	0.0833306117824189	
1.8339685127017116E-5	0.0833445887127064	0.24998946350665724	0.08331012035913594	0.0833386471968122	
1.7969061247110994E-7	1.9681421060874103E-7	0.3333295329978391	0.08334133019311846	0.08333008516968123	
0.2500016118878576	1.1850961965421872E-7	5.180819952433261E-7	0.16666838124693137	0.08333353780018662	
0.16666767939494745	0.08333348417944085	9.786671806175469E-6	0.16665823653902864	0.083332705660044	
0.08333959637283414	0.16666801078818963	6.974818447648713E-6	0.166654494492689	0.0833341760492474	
5.928004762312632E-6	0.25000298748786287	5.5203732646328676E-6	0.16665439739704074	0.08333386537629263	
0.16667167786446266	3.055028271299246E-6	0.08332652605892331	0.16666775331551853	0.08333427387329505	
0.08333910892452241	0.08333086965561191	0.08333015009990415	0.16666792680792622	0.08333481999073486	
2.2512845305160327E-6	0.16667798902921116	0.083335370456187	0.16665521666248934	0.08333458058206265	
0.0833402612319904	1.1951828013700145E-7	0.16669255377478778	0.16665814259842826	0.08333868859586942	
9.426086103467176E-6	0.08334478587357692	0.16666600673316764	0.16665052335752642	0.08333307579033578	
3.2615357642078036E-6	3.2559367887532055E-6	0.25000940229092494	0.16665291935829346	0.08333498802491714	
0.16664886431026565	2.799217198163171E-7	4.40491930946531E-6	0.25001538448468086	0.08333406256482279	
0.0833309634385719	0.08332280554277806	9.138281083949622E-8	0.25001536907507316	0.08333419780858493	
1.865278193684326E-7	0.1666536799651933	1.3960118214245114E-8	0.25001539717497945	0.0833340991873391	
0.0833424581509345	1.1437576552177902E-5	0.0833442600122871	0.24997197354190323	0.08333418976988381	
6.321278607370848E-7	0.08333074668729712	0.08332173848807468	0.2500145632878225	0.08333395664635726	
6.51810396074353E-5	7.066173129143899E-5	0.16663556259653228	0.2498969408067953	0.0833328738731256	
0.08335245771555352	3.725578109835801E-5	1.0458479727728908E-5	0.3332700290187033	0.08333348009443918	
3.633960807393169E-7	0.0833130094896351	1.8941127174387276E-6	0.33335481970794667	0.08333417987137781	
2.5837917042490278E-5	2.4538443157252232E-5	0.08332826165963611	0.3332922353835446	0.08333361797082545	
2.5449437277826596E-9	2.9374201654838746E-8	5.5876934766910046E-8	0.41666895455853514	0.08333408379672251	
0.33333002059685357	5.7297185681947185E-6	1.0434987675209014E-5	1.577112984518773E-6	0.1666552140551657	
0.24998894209026806	0.08335022511988938	1.0544061633394177E-5	1.3118682073594598E-5	0.16664565926155503	
0.16667427239292792	0.16665020204518183	1.7633976598219996E-5	2.290987557320459E-6	0.16665726860435642	
0.0833242205492699	0.250005716923466	8.029497009291464E-6	7.22700501286874E-6	0.1666581762930401	
1.1050834102112663E-5	0.33333736150165394	7.347058451073258E-6	7.244966054476968E-6	0.16665737142346532	
0.24998836781074782	4.198397813300191E-6	0.08336083854576844	3.97777970136742E-6	0.16664618859656033	
0.16664385008616306	0.08332390761266205	0.08335160128956665	2.3008324948592044E-6	0.16668172755575922	
0.0833326959032344	0.16665364477762737	0.08335782379857307	7.4217272377672814E-6	0.1666510445700794	
2.423392791856456E-5	0.2500140318018148	0.08329770002544969	8.55258151887876E-6	0.16665784089206598	
0.16668913510532699	3.899383873193871E-5	0.16662900411356502	3.917903535437909E-6	0.1666427923647648	
0.08334569617523797	0.0833344683932475	0.1666623452957872	2.2895051270452217E-6	0.1666578740584794	
1.3389643861997147E-5	0.1666679765234524	0.1666618639890171	2.121494498698878E-6	0.1666583569238172	
0.08333807960568533	7.5693579261411165E-6	0.24999545490504319	2.4740126222654108E-6	0.16665785668159155	
5.563137826748193E-6	0.08334011224836903	0.24999553415970271	2.8528330834565074E-6	0.16665750882152117	
2.7242805748145237E-7	9.687503207967283E-6	0.3333316905695009	3.013183588072306E-6	0.16665780944801115	
0.25000870086653804	2.30069057696113E-6	1.1861557107324371E-5	0.08332610118415684	0.1666577188888689	
0.16668417393542737	0.0833323522404386	1.3112136604412351E-5	0.0833190401829336	0.1666560123748216	
0.08334125866584798	0.16667156752272566	1.3170765644460161E-5	0.08332012806471445	0.16665759595091081	
2.4021516033767372E-5	0.2499949461642164	2.9527033306554414E-5	0.08329671118320815	0.16665661022217923	
0.16668093624094982	2.7330445505043657E-6	0.08333678548471318	0.08332514335965077	0.16665819344008267	
0.08334731348987015	0.08334023186157738	0.08333852670125813	0.08332040063206105	0.16665722330719024	
2.294651778446863E-5	0.16667526319233014	0.08334374515509357	0.08332546687917175	0.16663971330954552	
0.0832968661009741	5.943794164063414E-5	0.16667890478706981	0.08332090116497431	0.16664717949886315	
1.9884850040441242E-5	0.08333386805869607	0.1666735770054816	0.08332910902762532	0.1666483970008695	
1.7221025464354658E-5	3.2877712734389126E-9	0.25000884623416036	0.08331784968259497	0.1666579387569734	
0.16667841659365662	8.126886358359801E-6	9.416846357309107E-7	0.16665943796598345	0.16665755666216922	
0.08334398728169728	0.08333687003860252	6.300219450483417E-6	0.16665907622043724	0.16665721387696605	
1.59991059306767E-5	0.16666060191382803	1.2009344245293617E-8	0.1666703457368031	0.16665567223670974	
0.08333180765658083	3.6725567185180914E-5	0.08332313221398563	0.16665316023916374	0.16665661999702078	
2.7062917424169E-5	0.0833354180310856	0.08331720644738398	0.16667387498330707	0.16665024683623111	
5.600029143925239E-6	5.890628215059623E-6	0.16667740657990032	0.16665605608214096	0.1666579825727513	
0.08335535089664962	1.0752139672951923E-5	2.636094707593096E-6	0.24997731427820674	0.16665711454617224	
2.7575590689750218E-5	0.08333749405401493	4.180088211007677E-6	0.24997884529438066	0.16665619883170535	
7.869379510676895E-5	7.4452906572772E-5	0.08343191234806299	0.24987875443243823	0.16653947165886732	
5.467630208404682E-6	3.33076179866898E-6	1.917888668262587E-5	0.3333255631787708	0.16665052682371803	
0.2500026303237465	2.2898395216924366E-5	7.752865551452017E-6	8.106756897674081E-7	0.24997436797834957	
0.16666882446226575	0.08333768011588907	1.3197540711592814E-5	1.0083616156185928E-5	0.249972439763696	
0.08334253888956152	0.16667572952916748	2.28864983337113E-6	5.5917053989109895E-6	0.2499771438530986	
4.45247429685678E-5	0.24997090766667426	2.288623872741279E-6	5.499383730093576E-6	0.24997895250193222	
0.1666299278634099	3.327907432433943E-5	0.08335846438869325	1.6372291055164476E-6	0.24997923978795877	
0.08333472308454817	0.08332912309114879	0.08335249385623311	1.2044376961682379E-5	0.24997482078450783	
1.434043288341606E-6	0.16664982014094912	0.08331560330702276	1.6325517730014752E-6	0.25003509835903115	
0.08338816799023335	4.297779874946859E-5	0.1666260560765718	2.872698103006197E-6	0.24994261047493385	
5.9020912271264614E-5	0.08337168507782643	0.1666249613021181	1.8857497845803158E-6	0.24994410007639736	
8.394392471935118E-6	8.567998987749155E-6	0.250002097339015	1.8548470044094114E-5	0.24997988032299936	
0.16668571664434442	3.388453899053304E-5	2.776371033105608E-5	0.08332810187386344	0.2499296462493693	
0.0833362373603249	0.08333063666788983	5.087069417515923E-6	0.08336296008279546	0.24997714933327198	
2.462769292339973E-5	0.16667708660904168	3.340396802656063E-5	0.0832976808599994	0.2499735941845978	
0.08336787215221758	3.318960560593015E-5	0.0833826516823462	0.08327841314857978	0.24994282193315387	
6.286129073433386E-5	0.08335779843792912	0.08331355943029724	0.08329697151221781	0.24997233425046497	
4.054785504540216E-5	3.838938781310531E-5	0.16669979278340463	0.08327684722213946	0.24994774582621287	
0.08339909196827625	1.1734192075559364E-4	8.133234172608081E-5	0.16653657355094487	0.2498694541982718	
1.5617859595172962E-4	0.08336031969257233	8.133240444142035E-5	0.166536701967237	0.24987215722781886	
1.1029105594315662E-4	1.2919240293473804E-4	0.0833735075757508	0.16652322041046944	0.2498699399110819	
1.777486133087931E-5	1.8825064863649967E-5	3.905832554396996E-5	0.24995458019375494	0.24998017577021858	
0.16666161849750882	3.2957950237144114E-5	2.862480341796531E-5	2.9889058077880614E-5	0.3332511703943259	
0.08335254602238949	0.08334735662667965	2.8846599461091173E-5	2.9366539834005104E-5	0.33324700559557496	
1.993192509139697E-6	0.16667564192170964	5.671520531778856E-6	2.4236268337554562E-5	0.3332986036299722	
0.08335549333886219	3.133271666596317E-5	0.08336988609603511	1.1869899985829456E-6	0.3332464641700613	
1.646084931097577E-5	0.08333096266451832	0.08333371122883586	2.950269466224495E-5	0.3332952863971178	
8.870355596662816E-6	8.88216343043225E-6	0.16666433342545825	2.417016120330741E-5	0.33329611515998403	
0.08334393267333591	4.099901431756562E-5	3.198966494409385E-5	0.08333534404307544	0.3332564271810299	
2.4863585790702443E-5	0.0833537700586249	3.762070491863102E-5	0.08333498184006997	0.3332543906773461	
2.189417058132675E-5	2.184557658884868E-5	0.0833413926306243	0.08336737185999436	0.3332500385797677	
7.589505362562127E-7	2.9292642181367596E-5	3.0227983481206295E-5	0.16669036450885288	0.33325320330131336	
0.08342575263792217	1.9930721440185272E-5	1.756421944290133E-4	5.835064683117229E-5	0.4163265534540363	
1.7393518327728175E-5	0.08340263276182304	8.553558073409237E-5	9.406698644253137E-5	0.4164077957231421	
1.1073866124043545E-4	9.931914867533915E-5	0.08336352457818112	1.053075644279909E-4	0.41632338827827914	
3.8489757582694125E-5	3.852044271361345E-5	3.982059067240603E-5	0.08333138819142243	0.41655722874343487	
2.0498238965640608E-8	4.854613911444945E-6	4.7591425834979875E-6	8.515258822179846E-9	0.4999951011711583	
