0.5000632633390577	7.848608284867436E-6	2.8445539035547448E-6	3.3611494711115545E-6	2.1510143535481503E-6	
0.4167726037002191	0.0832773068717059	1.9372475244157697E-5	6.886595135282034E-6	2.4763964435560505E-6	
0.33343033298827013	0.1666331241375661	5.074400550155398E-6	3.5704306853008546E-6	9.928145061373502E-6	
0.25013764858442483	0.2499170575904615	1.1816214482799824E-6	6.954359019767853E-6	1.0653030005451548E-5	
0.16666527876382534	0.3333977137541764	7.756722392493743E-6	2.7817830637617273E-6	5.769333356498865E-6	
0.08334678885949828	0.41672500796585293	7.516083422819469E-8	1.1246905756547097E-6	1.4063257534716073E-6	
2.756327567412535E-8	0.5000838870063656	6.417674140540149E-7	1.0940576178361786E-6	1.615628090280188E-6	
0.41673780487544837	6.6297399710292985E-6	0.08332847460514312	6.894095439549742E-6	1.8128893031795082E-6	
0.3334020665658048	0.0833479414878368	0.08332840185605281	3.966253684320499E-6	2.4239797064700663E-6	
0.24996989748492357	0.16676123052647238	0.08332581050738339	1.2677525549451217E-5	9.443948445985358E-6	
0.16667147646123961	0.25001249137878706	0.08338684642455571	5.200362535758386E-6	4.6207554151954115E-7	
0.0833137893840041	0.33337254625907425	0.08337346600648748	6.9647285249689135E-6	9.64172291101211E-6	
5.270102858792408E-6	0.41672425843380356	0.08334679249360041	1.8676551861573613E-6	3.527062969768675E-7	
0.3333891099351266	1.0232034497853685E-5	0.1666763180781232	3.355090270782441E-6	1.9683195215272973E-6	
0.2500574207989046	0.08333697049510799	0.16667384308708658	7.556545566085E-6	2.130830026366999E-6	
0.16671697740859487	0.16672749288534824	0.16663237289525212	1.2883030127330906E-6	1.8747369892967487E-6	
0.0834801247391982	0.24992278608165316	0.1666377174388074	3.6391065773474284E-5	1.3526842940966903E-6	
3.4933062402903047E-6	0.3333967510156258	0.1666932835890528	2.759381198228237E-6	1.7856853553627116E-6	
0.2500176605750946	8.726162295093252E-7	0.2500459772489956	4.926448072404997E-6	6.732401594435192E-6	
0.16668722859139537	0.0833541360326748	0.2500375328533731	1.2001371548727631E-6	7.172314793597731E-8	
0.08334157472607308	0.16669478600504326	0.25003600363960854	2.282133626919491E-6	1.8138161293473955E-8	
1.6817471509012906E-5	0.25001862246094514	0.2500324142304442	2.993432738746847E-6	4.087234481658323E-6	
0.16669198250788686	2.4578261981163723E-5	0.333353625618808	5.207044821607757E-6	1.926377710889389E-7	
0.0833441206186527	0.08335901780655738	0.3333693726928402	3.86976028854313E-6	8.352500413168095E-7	
2.7362418338878746E-5	0.16667244678049264	0.33336276495961814	1.3771439784253742E-5	4.635235849034277E-6	
0.08337415822884767	1.1725716329058093E-5	0.416684015054873	5.789742087168522E-6	2.6518281162111197E-6	
2.4770099881750835E-5	0.08336126784901286	0.4166852138145591	5.391293408811627E-6	1.7598338061248902E-6	
5.481170242243202E-6	1.7056528771380835E-7	0.5000710362636136	2.37372124089041E-6	1.0618346952160808E-6	
0.41671006840695	6.4052016830551E-6	3.8541111890636985E-6	0.0833534752093311	2.0359550860198964E-6	
0.33337547797004874	0.08334173634134434	3.4711452615388877E-6	0.08335314758769129	2.1407084541033063E-6	
0.25008808209603306	0.1666238065467503	1.5710750222648173E-6	0.08335401703380686	1.1300725418083466E-5	
0.16669200526888683	0.2500324981729747	4.986987592083384E-7	0.08335358006544175	1.3923738737338983E-6	
0.08333357194459472	0.3333898637926133	6.668255662883085E-6	0.08335223603556029	1.1599589376548155E-6	
5.849807509034621E-6	0.41674237347633875	2.4877176659354153E-6	0.08333598572873245	2.631796934069798E-7	
0.3333671315359293	3.556824980205999E-7	0.08335279341438122	0.0833549872127406	1.915850596417014E-6	
0.2500415104612157	0.08332618478265245	0.08335284833937391	0.08335585257565824	1.8116273912668718E-6	
0.1666639749544296	0.16670540095385286	0.08335327454063991	0.08334947340388629	9.114016511829755E-6	
0.08335043266471075	0.2500403157336698	0.08335848708976147	0.0833373654745232	3.2387488492171016E-7	
4.3729258745597166E-6	0.33338040200435787	0.08334364533577257	0.08335098390462956	1.17318384303237E-6	
0.2500346779557712	1.1357144322286326E-6	0.16668460483345215	0.08335344186239857	1.9196038894400364E-6	
0.16669032592567662	0.08336513898704884	0.1666819521260583	0.08333479205578444	2.194685235800115E-6	
0.0833183883368845	0.166739541929013	0.16666413731458823	0.08335465209904598	9.639965547763234E-6	
1.1061045011982783E-5	0.2500416819395181	0.1667005614960165	0.08332656203247946	1.1028562722142795E-6	
0.16672925019602308	1.2023616002840764E-5	0.25003038531793087	0.08331307495055022	3.210079764210645E-7	
0.08334612703429081	0.08334781766861854	0.25006031983839777	0.08330958700928098	1.191809175009264E-5	
2.1720840625351645E-5	0.16670177445226156	0.24999914730108588	0.08335398750006014	3.837639865446991E-6	
0.08340014422653719	3.891585921286526E-6	0.3333553630198692	0.08331063016517512	9.903000184688804E-6	
1.4225164241962463E-5	0.08338204330379359	0.3333306843561378	0.08335603885040095	4.526280486579248E-6	
1.6801970977925427E-5	1.6930034905257628E-5	0.41672543385579286	0.08330998544903646	4.6265940063530175E-6	
0.33335902213461716	6.243363687387156E-5	8.678895375668843E-7	0.16666189874927315	2.1236059908732382E-6	
0.2500325520109569	0.08335442108997553	2.668189561798751E-5	0.1666570423650455	2.7724276787018563E-6	
0.16668278006638532	0.16671740816665548	1.6438990212393555E-5	0.16665791601906182	9.080939304429283E-7	
0.08331522070832291	0.25000432671186046	1.2575060630877925E-6	0.16674481181871112	9.10037153617942E-6	
7.99433252998362E-6	0.3333095968757873	9.871418857439614E-7	0.16674621398956918	8.358941704506426E-6	
0.25002052773202993	1.1405969786119422E-7	0.08339480079157238	0.16665735763836556	6.950904925875677E-6	
0.16668487706546664	0.0833532892091609	0.08337773086196668	0.16665756984501898	4.890197087770223E-6	
0.08328799895064178	0.16668088803790104	0.08335513954280445	0.16675355760868008	9.176123745939687E-6	
5.535569263379115E-7	0.25000084137239564	0.08336597970764473	0.1667106109328537	4.355510533686667E-6	
0.1667005293617481	3.0337351658669077E-5	0.16668004559757588	0.16665494611175058	9.048572762075014E-6	
0.08335558566955054	0.08335630489819565	0.1667048261403913	0.1666604161663608	3.8099416847507026E-6	
3.2643728851737415E-6	0.16667347411880462	0.166673949546226	0.16672327840358636	5.528331661980593E-6	
0.08338273919787663	4.115495371957869E-5	0.25006234514559283	0.16657747798359002	1.0853575422111506E-5	
2.7009777289891118E-5	0.08336346409591118	0.2500236532282819	0.16665912429230265	4.342013513849175E-6	
1.0368662338624756E-6	1.0544392025872756E-6	0.3333187668543516	0.16674964418518584	1.1927981324211748E-5	
0.2500355080129965	3.609343788814957E-8	1.442595755029544E-6	0.2500374141768277	1.8526411921186608E-6	
0.16664367025945448	0.0834026515315125	6.925485219484667E-6	0.2500150025318156	6.901110330740091E-6	
0.08332772969466425	0.16671745493640694	1.1675070423164588E-5	0.25002230945854337	9.507989850499289E-7	
7.285193534882759E-6	0.2500278681340516	1.9600265533772923E-5	0.25001964128100485	4.567031644425035E-6	
0.16671225686271693	8.576369734622333E-7	0.08331877172393827	0.2500468829259319	1.6238856906308435E-6	
0.08335659611094315	0.08335550457621996	0.08331793631896553	0.2500439756783827	1.2788463927987726E-7	
7.914103456386677E-6	0.16670278433826718	0.08331675265759957	0.2500425523661079	4.420142023575153E-6	
0.08335482464315261	1.5131223045813684E-5	0.16668368585683685	0.25001715058290536	1.731682918129817E-6	
2.9120640229009904E-6	0.08335514574371534	0.16673643190472423	0.24997568873194126	3.3209489678164353E-6	
3.8183028949987295E-5	3.715294553048414E-5	0.25001636078886896	0.2499810319766912	6.739004744015362E-6	
0.16669545307679523	1.2416551066343618E-5	3.599333208965226E-5	0.3333328748657824	4.753470155531507E-6	
0.08336452817352166	0.08336343184232942	1.3224229618294577E-5	0.3333304588031522	5.9127796852468655E-8	
3.518583674367568E-5	0.16669747697859824	1.0840209114417869E-5	0.3333355013737254	1.5405658499873582E-6	
0.0833624250757809	2.0637443242535116E-5	0.08335842504582817	0.33333105350937214	1.7264333867395647E-6	
1.786022256195675E-5	0.08336369354686089	0.08336001593869177	0.333331636497671	5.533447411915491E-6	
2.958797205295326E-5	2.8807684786199686E-5	0.16668307179928815	0.33333100869427784	1.71183335101906E-6	
0.08330619211460061	2.5188108900468926E-8	7.242372849812247E-7	0.41676299536366407	9.117158660020866E-6	
1.1383065230559496E-5	0.08334365839913456	2.3689328338036636E-7	0.41671944089412344	2.2523974394518055E-8	
1.0371917751852757E-6	9.37690886373684E-6	0.08335157920514454	0.41671249744796346	1.731865047588564E-6	
4.643095338707691E-6	2.135807917404933E-7	2.5786304175402317E-9	0.5000768022788266	1.5373673367944263E-6	
0.416732666964934	7.113824758280339E-7	3.4212631322075547E-6	3.2392703462575152E-6	0.0833384114020927	
0.3333804918119018	0.08334694817920785	1.8570937000414735E-6	2.974407767936275E-6	0.08334514529178326	
0.25006338158624836	0.166669918569218	4.498524866047786E-6	6.8532083630016905E-6	0.08333537699571285	
0.1666916788232543	0.2500399223889127	1.556666060146861E-6	2.2974997463258957E-6	0.08334420493912473	
0.08330812309882789	0.333405400848869	7.596714836585069E-6	2.862425647534054E-6	0.08334797093846706	
2.8213745648704554E-6	0.41672193965719206	2.4617947076250987E-6	2.0283151232314336E-6	0.083342969986912	
0.3333747486850763	6.193170720884474E-7	0.08335514221554174	6.830552442260554E-6	0.08333776058819983	
0.25003236464791156	0.08334338221462453	0.08335486098066897	2.987053694242549E-6	0.08334456138201614	
0.16668307535216853	0.16669349847654802	0.083355075723335	8.366357176691879E-8	0.08334411179202875	
0.08334074867907428	0.2500234879754742	0.08336270266371155	6.232071684704282E-7	0.08334384121056203	
6.612582876439322E-7	0.3333723892401403	0.08335343453868213	2.364120873927176E-6	0.08334325676165112	
0.2500451436775208	9.715479343020164E-6	0.16667771368385928	5.733388667664604E-6	0.08333803964885077	
0.16666214336854066	0.08334166924282523	0.16672994465097749	6.20542882375181E-6	0.08333524178108255	
0.08331831821488161	0.16673964303362523	0.1666758857965324	3.025156587955649E-6	0.08334524076271198	
2.6258817077463504E-5	0.250036449193128	0.16666930457976678	2.349565605731032E-6	0.08334479620175761	
0.16668435664287892	1.617307535912013E-8	0.2500390951755632	4.662708763774331E-6	0.0833436590788623	
0.0833435688065248	0.0833454332615065	0.25004628260822837	3.5282263102046405E-6	0.08333508029046119	
8.715122241374922E-7	0.16668497274088578	0.25004208777974385	3.011991654586306E-6	0.08334401693217805	
0.08335106377309541	4.209025842436707E-6	0.33337870329565433	4.152576444740245E-6	0.08333500381485243	
1.0750876028798104E-5	0.08335476210062195	0.33337774653963465	2.105387456025674E-6	0.08333602188783129	
3.065081098019258E-6	3.1879033732574174E-6	0.4167282138551916	3.33868504298774E-6	0.08333659271752769	
0.3333892712655725	1.4936373456246271E-6	2.7370438554839118E-6	0.08334725610434249	0.0833385538545491	
0.2500326744342239	0.08335569540880441	5.441085590964441E-6	0.0833475666158449	0.08333676549632951	
0.16669755991067625	0.16668830230496368	1.2625165738465381E-6	0.08334590120939019	0.0833436971810511	
0.0833560281803738	0.2500259031700671	6.787213007253997E-7	0.08334782350119387	0.08334433031299117	
4.561047164034425E-7	0.3333854964548246	3.3517297782470306E-6	0.08334581986247559	0.08334451076886296	
0.25003529841957384	8.994791434414456E-7	0.08335533140435408	0.08334907082484114	0.0833347870649313	
0.16668370699893761	0.08335170595147398	0.08335510321840732	0.08334898252548593	0.08333711117894034	
0.08335820407733492	0.16666755809947975	0.08336155632593992	0.0833464041999235	0.08334522724936451	
5.0674939950657243E-8	0.25002281202372445	0.08336055322836171	0.08334494731663984	0.08334416262639915	
0.16669614821968107	8.945929159770083E-7	0.16669000108617263	0.08334812383286364	0.08333753128051033	
0.08335038480549779	0.08335116080433032	0.16668766675488864	0.08334529138705694	0.08334471043627979	
6.723129245470068E-6	0.16668627025720628	0.16669454354048427	0.08334594708307373	0.08334455283684142	
0.08333437610932701	2.988982415608075E-7	0.25005795991994006	0.0833495266452917	0.08333429333547068	
2.664240189184999E-5	0.08335791324308173	0.25000583904647256	0.0833496920548846	0.08333742778179887	
4.114187205320665E-6	3.7145223458315253E-6	0.33338548672374696	0.08334967817762536	0.0833391517650446	
0.2500366457696297	2.0944979006686906E-7	6.537044225707262E-7	0.166696115040288	0.08333694457954491	
0.16660145564680112	0.08342496583297493	2.628385982807093E-6	0.1666947932580262	0.08335432628107509	
0.08334755940643436	0.1666912543753499	9.47032659770227E-7	0.16669750754617432	0.08333549279452708	
4.248708185904544E-6	0.250030440973297	1.8547269621059767E-6	0.16669511267572015	0.08334967885364199	
0.16668138368207	2.862543038699582E-7	0.08335383833514345	0.1666995858345129	0.0833372234124323	
0.0833540855039261	0.08335915341770854	0.08333136072134784	0.16669707924925894	0.08333675070199993	
1.4162857924300233E-5	0.16670136063951188	0.08333250273225445	0.16669930295643304	0.08333871123843918	
0.08345379820750737	1.717423609177483E-4	0.16650038186491903	0.16661670189411054	0.08333783540515513	
7.163194248953523E-6	0.08332889655714826	0.1667171422857653	0.16670606605065286	0.08332372130789568	
3.7801766878024495E-5	3.5209720716357065E-5	0.25004757371705494	0.1666170984757343	0.0833365166302233	
0.16671456041972751	2.0543289606035796E-7	1.4182787001489203E-6	0.2499913127356832	0.08336477973121056	
0.08334578225866411	0.08337636158656672	7.035508813282593E-8	0.24998628144715018	0.08336212353951789	
2.1975082890095926E-5	0.16670151306521527	7.318322780375724E-8	0.24998833495390635	0.08336283242264887	
0.08334396427931673	1.3625015119273312E-5	0.0833695508651378	0.25000726101769594	0.08333741225704056	
3.194012401382797E-6	0.08335606568314018	0.08336647438421232	0.24999879354820617	0.0833480340986228	
2.6362633435915892E-5	2.553635349474579E-5	0.16669917485515462	0.2499889060895062	0.0833396629316018	
0.08334899893975177	3.828447994957623E-5	4.749778443827946E-5	0.3333088819837142	0.08332984668837673	
2.5129592681165355E-5	0.0833620096148359	4.825717278870759E-5	0.3333109809517753	0.0833303641905666	
5.826124936940229E-6	4.885883473349878E-6	0.08335173028847837	0.3333687766426998	0.08334961647477371	
4.845611491833443E-6	4.026554018703979E-6	8.955544135175177E-6	0.4167209634380468	0.08333891636788526	
0.33338399204558056	1.4986202386068132E-6	2.8604859216461058E-6	5.684946458627668E-7	0.16669092789321574	
0.25004815031993427	0.08333219682961424	6.602997676980195E-7	8.057625516614198E-7	0.16669256319636439	
0.1666792828089927	0.1667084632789066	2.2378667811896756E-7	1.1521173155182677E-6	0.1666962177865066	
0.08332941716330748	0.25004675241568847	9.818091229769207E-7	1.5436865803388832E-6	0.16669846374965266	
3.6906666096474984E-7	0.3333796423683506	1.1614922048387592E-6	1.2423797311892297E-6	0.16670029408865145	
0.25003244803786884	8.772396435529908E-7	0.08335424982125154	1.0085760797616197E-6	0.1666908046170078	
0.1667240248843442	0.08331616438258807	0.08334532344433586	2.461591312507555E-7	0.16669132237552003	
0.0833951856340699	0.16662948540493794	0.0833400150328438	2.2849311404969286E-5	0.16669050304961475	
2.5758952571450104E-5	0.2500677720971938	0.08327357207022903	1.7296063771890633E-5	0.16669373893616388	
0.16667269604666093	2.4532484559901696E-5	0.16669008715092057	4.042740336163825E-7	0.16669337776205467	
0.08336582191704404	0.08335212709519745	0.16666776552890664	1.8438284561655252E-6	0.1666932032822507	
6.28844176469642E-6	0.16668355650902558	0.16669076051542264	1.521975158891455E-6	0.16669324645082254	
0.08336598113463642	2.0318208355607166E-5	0.24999551882646243	2.0026930754153734E-6	0.16669669783087177	
2.478948461714645E-5	0.08336188090029523	0.24999663122523913	1.872626541910135E-6	0.16669754201426637	
3.441695824112683E-5	3.062987339344717E-5	0.333355033798202	2.924323453583097E-5	0.16663111500505953	
0.25004571182862106	3.8210274280174327E-7	2.4660837293806343E-6	0.08332503899507594	0.16670452839637506	
0.1667113001953206	0.08331467129137549	4.636087475448224E-6	0.0833547380123092	0.1666912156356813	
0.08328845331323392	0.1667311719932019	4.8752757600863574E-6	0.08335338164475228	0.16670366828743766	
9.30568459651525E-6	0.2500211056337168	1.5079318295247627E-6	0.08335517529640016	0.1666920901080681	
0.16665568940780626	2.745847753665677E-5	0.08335617289500973	0.08332438755853863	0.16671656499482232	
0.08333636145246892	0.08333688876662126	0.08335145366835378	0.08335853152366114	0.16669018782749503	
2.026263797876314E-5	0.16670516759371531	0.08333747052078519	0.08332284889521054	0.16669481258679372	
0.08338093826150966	2.013478395750655E-5	0.16666369560900357	0.08331886762166635	0.16669368374065205	
3.387398747703156E-6	0.08332864937623083	0.16673316562703908	0.0833221235914128	0.166695323876895	
9.810464972935925E-6	1.0898040378625131E-5	0.2500416327891745	0.08332135175465061	0.1666938453728175	
0.1667031856269928	1.7586642271964226E-6	1.1380407952819785E-7	0.1666798615776071	0.1666920537911849	
0.08332792676033658	0.08332845679927735	6.049859835120932E-7	0.16671936891183822	0.16669441741843538	
3.918596869817835E-6	0.1666983582012788	1.765496912147078E-6	0.1666809297753698	0.16669100127149808	
0.08335740245847231	1.9929795233753866E-5	0.0833173186334822	0.16667115512125258	0.166717676942911	
1.760922234011566E-5	0.08336385603508883	0.08331503259815365	0.16667340790547658	0.16671564242960557	
5.198126298762101E-6	5.7743838292457E-6	0.16663993140848152	0.16676778069617967	0.16665871573502913	
0.08337624014376317	1.0648216545086777E-4	1.2450497998762775E-4	0.24984480325917663	0.16663438360070254	
2.164791410544178E-5	0.08335882938420383	1.4358761964601817E-5	0.2500311965537931	0.16666377114898118	
2.0025498902833338E-5	1.7889893413417253E-5	0.0833959806293067	0.2499845802698506	0.16666127772471764	
2.2480199556492538E-7	2.2214081226235065E-7	2.2436995934352496E-7	0.333384630907793	0.1666906653727669	
0.25001977863072056	1.252902436065565E-5	4.199863706616376E-5	6.973493256857158E-6	0.24999745655781885	
0.16673351592544347	0.08332603562563431	2.5835131908345123E-5	1.2853889214722512E-5	0.24998280920357882	
0.08334742591826758	0.16668661216072275	3.806688753100308E-5	1.571218147798091E-5	0.25000497191820903	
1.7765145207951722E-5	0.2500234963938023	3.027535826884317E-5	2.7276482335062672E-5	0.24997906645203616	
0.16669624704319974	1.1528192300889837E-5	0.08335349684639555	2.5054453782713982E-5	0.24998912845231228	
0.08334881070485498	0.08336328361059683	0.08335573556408209	1.9321865820515263E-5	0.24999196855469055	
3.6000970095531684E-5	0.1666786031191994	0.08335717654209156	1.5754352801343792E-5	0.249991381228932	
0.0833679252123076	3.805210329180045E-5	0.16667290847295918	1.720216625226447E-5	0.2499849980094433	
3.264563086439596E-5	0.08336689139064117	0.16665886672810357	2.266933003138018E-5	0.24999901720760612	
2.1493686667016398E-5	2.080356691613649E-5	0.25001731701765095	2.1596311109080326E-5	0.249998148736995	
0.1667111903901035	7.280633743392019E-6	2.900041926534664E-5	0.08333017331914047	0.24999702391090298	
0.08334345066145833	0.08335020474401424	2.1661533365196225E-5	0.08336665220332397	0.24999843664280177	
1.053695363446964E-5	0.1666890041884002	1.5145240045998256E-5	0.08336706578569912	0.24999813384446995	
0.08336464823710063	1.2858040095666885E-5	0.08336967040076819	0.08332965827118989	0.24999935664991996	
2.0463871252934195E-5	0.0833522630225773	0.08334801870314414	0.08331644186048297	0.2500356984282251	
3.7452961573634824E-5	3.650730915552568E-5	0.16668605104319087	0.0833200689033817	0.24999767849256932	
0.08336076054718493	4.312072405792742E-5	1.2736081330900805E-5	0.16666019244403713	0.2499983338562448	
1.418257659512965E-4	0.08349235112031086	2.3161084315302324E-4	0.16640179919738232	0.24981430241109093	
1.8955439872446007E-5	1.8524420110263994E-5	0.08337818417510016	0.16665828778664948	0.25000155328399093	
2.3877104036981756E-5	1.0719724791839039E-7	1.470505130273216E-5	0.2500306612922882	0.250009242529626	
0.16668397050615097	2.5521198890033032E-5	2.5925264852678394E-5	1.4767124940135352E-5	0.3333325737294485	
0.08334844621634704	0.08336208422575364	4.624816745701088E-6	1.0595366040369355E-5	0.3333647559543222	
1.0677413965076281E-5	0.1666935492533452	4.803254055350838E-6	8.043596027249937E-6	0.33336859533568525	
0.08337588198375331	3.768067840250526E-5	0.08331451802743407	1.948329428401572E-5	0.33333374140672395	
6.320138120138028E-6	0.08334593585562096	0.08335276886933815	1.8788771871430047E-5	0.33335929665294556	
4.60228397866357E-6	9.423152529607386E-8	0.16670476928223196	1.4466374001355715E-5	0.3333598090988916	
0.08334811128471213	3.2439479981232886E-5	1.3060616079940165E-5	0.08332839678986201	0.3333575032432621	
6.367282582616874E-6	0.0833580792904568	2.401903909354244E-6	0.08334955123887332	0.3333684815273677	
8.06973189381589E-6	7.831417224261614E-6	0.08335368048832191	0.08335186925825891	0.3333561483959157	
1.3206182467611486E-5	1.3204731461384388E-5	1.6286700177164264E-5	0.16667954297144855	0.3333576979246565	
0.0833648836212202	1.4045407524044415E-4	1.1749069572112049E-4	1.2973064485716115E-4	0.41632775952094336	
8.03270501033253E-5	0.0833905459840143	1.5304078397478053E-4	1.3085711997077814E-4	0.41633875471689075	
1.8496409104363193E-5	3.713121332299452E-5	0.08339262298434903	3.225064112792158E-5	0.41660658088284647	
5.3747096785331376E-5	4.9618581368946296E-5	5.091344249811999E-5	0.08340036282983719	0.4165224620260028	
5.410119092650612E-6	5.3196108616258584E-6	1.072603038536808E-5	1.0658142273423264E-5	0.5000532564392938	
