0.5007991241107635	1.584328249636078E-6	2.979365702063572E-7	4.802706978386907E-7	7.923281778587432E-6	
0.4173674848534351	0.083403643386574	9.270330559591089E-6	9.561830319386554E-6	7.90988832706537E-6	
0.33390136536923537	0.16686918998798644	1.025364329027103E-6	9.160471808213413E-6	8.387023190487734E-6	
0.25039490039857476	0.25037564136629337	1.491106299921113E-5	1.2915312281754723E-5	4.344880615273779E-6	
0.1669428380623718	0.33383625764794483	7.6209542668295E-6	1.2081700963894616E-6	3.616064202764912E-7	
0.08350245876229005	0.41727970393921915	8.083726306794183E-6	4.540965975680844E-6	3.988550130443171E-6	
2.8011606653999714E-6	0.5007840121424015	3.7226400864520052E-6	3.96081187953642E-7	1.8432087192194025E-6	
0.4173364285878798	4.1384224431948975E-6	0.08344838354393648	3.3782983831826953E-6	4.070171152127423E-6	
0.3338265569415823	0.08350671606140701	0.08344701660471347	7.640997806754849E-6	7.782785845444086E-6	
0.25040703802687253	0.16691328475106704	0.08345574721774912	6.909952898780547E-6	3.7749287923885665E-6	
0.16694071526271861	0.25039069033321576	0.08345564868724192	1.0627749271243154E-6	5.423511419476877E-7	
0.08345164571732905	0.333871440284706	0.08345611067023043	2.7104365244709887E-6	8.42267984593982E-6	
4.184922429503836E-7	0.41732742513383414	0.08345076116348592	1.0834767725229484E-5	3.654850681021062E-6	
0.3338699341443015	1.10058025074359E-5	0.16690526583881155	9.100718186338946E-6	4.7072226342352767E-7	
0.25028502901933536	0.08342142853953864	0.16681237827356327	9.095555069599632E-6	5.1570672059318325E-6	
0.16689210164362747	0.1668786839491914	0.16699676244236897	1.2502462568384644E-5	7.62903828447627E-6	
0.08338815269552705	0.25038173145504017	0.16699613054394613	1.638592458913312E-5	8.333587143875694E-6	
2.2116835212854765E-5	0.3338661792520959	0.16689407652755775	1.1668953597590436E-6	8.849805580606704E-6	
0.2504249989525138	8.286132054106123E-6	0.25034994593259235	6.507711926058564E-6	2.9291853758276044E-6	
0.16695010228209187	0.08346163429821377	0.25037733977729276	4.545196333108072E-6	2.067958347001112E-6	
0.08348234921519412	0.1669340708871554	0.25036709024694204	3.5933332308759846E-6	4.070513945954296E-6	
3.794836965461531E-5	0.25038098510709966	0.25036960312623385	2.2217182965059405E-6	3.931293984097914E-6	
0.16691285080003748	1.7414562834317288E-6	0.3338769686980799	3.866118955748747E-6	1.511081533436361E-6	
0.0834017213247088	0.08338620979560671	0.33362351861638373	2.8456396012851E-6	2.497225898763888E-5	
1.753452059015328E-4	0.1667875072827342	0.3334885229961827	4.736004569388511E-5	2.5428335621217685E-5	
0.08345017733975905	2.668180683051062E-6	0.4173379659590959	3.688494250655979E-6	3.954043736718573E-6	
2.9192389412114602E-5	0.08348758558805892	0.4172754413628955	3.750328325601729E-6	2.3244816734185957E-7	
7.106907590646464E-8	8.411142301491027E-7	0.5004759611218398	4.8111853900461164E-5	1.303143314280207E-6	
0.4173168601598211	1.7664226296946265E-6	4.404697146575766E-6	0.08346601718951964	2.856412064069334E-6	
0.3338820685377773	0.08341914363430386	1.7458947440310225E-5	0.08346544339663152	3.864917061419706E-6	
0.2504063597822662	0.16690596225607549	4.440607096960694E-6	0.08346572195545368	3.875517595318087E-6	
0.16693169814372652	0.25037718765310674	1.2633942847955862E-5	0.08346676707119521	4.035398432269493E-6	
0.08341220225512636	0.33389569918980033	9.366165416767428E-6	0.08346690692066232	3.92009388706465E-6	
7.279247904370871E-7	0.41732274012104376	3.09908186828438E-6	0.08346689121007331	3.763628177773385E-6	
0.3338381964864724	1.0362332575171865E-7	0.08348555051346726	0.08346706113781767	2.861657822601867E-6	
0.25039926033993337	0.08343818770789284	0.08348533743168535	0.08346685687913852	4.015150396089074E-6	
0.1669268392169433	0.16694160739357167	0.08345294002024739	0.08346610649991404	4.006344840072573E-6	
0.08346492207622642	0.25037244464881087	0.08348629030445953	0.08346655999116091	5.622274698886173E-7	
2.2254708512159014E-6	0.3338383711596176	0.08348251404837967	0.08346650133414714	1.9090582682024158E-6	
0.2503873606190117	6.711820789154768E-7	0.16693815075824014	0.08346752694241154	1.5193602627443531E-6	
0.16693214355141345	0.08345884338588616	0.1669399921239394	0.08346859967660585	1.2407421505390453E-7	
0.08342635933163474	0.16681999391666605	0.16684368827085602	0.08342041992921014	1.8964553810755215E-6	
1.8379876016884136E-5	0.2503651611627097	0.16694329147883571	0.08346719197219654	1.922567260720537E-6	
0.16682605064985687	7.076185640694662E-7	0.2502627281147267	0.08341969590313371	1.493157783983495E-6	
0.0834246212329679	0.08341128343158419	0.2502464660644625	0.0834188935328117	5.1445399551974915E-6	
1.472937136160575E-6	0.16683910686664027	0.25025453835366623	0.08342144885277925	3.924047054622753E-6	
0.08346232460372668	4.255243235880198E-6	0.33386519786489416	0.08346780404094553	8.472991805369752E-8	
6.338424360722345E-7	0.08343477745053386	0.3336510910180406	0.08341843153370775	3.0572912379766144E-6	
3.1780149951065904E-6	3.0383134338559824E-6	0.4173205918923542	0.083466369677917	3.663254583121594E-6	
0.3338617010792927	1.4813797665583384E-5	3.0823384739279674E-5	0.16687996784830367	7.856964406220685E-6	
0.25042199469757165	0.08347722712726784	8.610553451273764E-7	0.16695530428484046	7.095878408126253E-7	
0.16690596301809482	0.1669440482199984	8.763897883521601E-6	0.16693386167459648	6.305857308338642E-7	
0.08346077294736921	0.2504048515501031	1.434311188691128E-5	0.16690627477264963	4.018032031998142E-6	
2.044878226071983E-5	0.3338526703297017	1.4345815591123933E-5	0.16691004390038358	3.5667243553630625E-6	
0.2503750267080646	1.6190783613082976E-6	0.08347389319793694	0.1669319490711643	2.4817044210772627E-6	
0.1669365001580754	0.08346054720199587	0.08345754761721848	0.16693677335434973	1.9457690381915876E-6	
0.08342995319218624	0.16683567452520381	0.0834204373431914	0.16682790573498504	2.0543496253813904E-6	
2.8214797200910697E-6	0.2504146192876912	0.08346626823932232	0.16690809196984652	3.773742057086432E-6	
0.16682456601667195	3.825706639000855E-7	0.16678914473159864	0.16681393180171314	1.4521391525041104E-6	
0.08342489723807471	0.08341240078911734	0.166828020445644	0.16684277851931256	5.157210279199084E-6	
1.1128212010468993E-6	0.16681586960613	0.16684762445159748	0.16684271166658968	4.96850113181611E-6	
0.08340405990748581	1.882639138278846E-7	0.2502165418804218	0.16681903769774675	1.4918405483521075E-6	
4.7046052807398166E-7	0.08340324254865684	0.25021490572198724	0.1668177319727655	2.491708492239128E-7	
3.91080242079865E-8	3.90417287482276E-8	0.33361081438306767	0.1668140886818444	4.0261410638889575E-6	
0.25024784760033675	1.8634144775185965E-5	2.2569922122847007E-5	0.25023620296922755	4.496396045107317E-6	
0.16683185345493526	0.08343033926548708	1.1834637430619089E-5	0.25019172608645673	1.4105994506723892E-6	
0.0834514437689333	0.16681566920635554	1.1831517122680844E-5	0.25017725613404934	5.962077201796567E-6	
4.2716898902123576E-5	0.2503544745210146	5.2860649617270145E-5	0.2503452633258321	5.4551048094704316E-6	
0.16682290349425274	1.5139380067491434E-5	0.08346037960515483	0.2502158502950177	4.460876207823557E-6	
0.08341785676247765	0.08340155414930053	0.08345105900513004	0.2501877609797692	1.4948367153022012E-6	
2.7912800835343643E-5	0.16693083430515063	0.08348613562572199	0.2503400960371003	5.008006432113596E-6	
0.08344753888137532	7.235760311222237E-5	0.16675752382247733	0.2501886942066205	9.676037683298692E-6	
9.629406519090928E-7	0.08338629521141343	0.16688136171683993	0.2501624999034172	9.951877992016691E-6	
2.1163792875335625E-7	5.343910467828656E-6	0.25025557867429843	0.2501547974425049	1.720869451246118E-5	
0.16684481343781074	3.44061042918162E-5	3.13580210696576E-5	0.33360983276340284	5.535595661227735E-6	
0.08344223805357669	0.08342245095571994	3.2020244810069625E-5	0.3335898183209124	5.8406665811813816E-6	
1.120102776020219E-4	0.1669060010654502	2.932771043011992E-5	0.3337762348811437	4.9517900682039305E-6	
0.08347621465417801	2.7441783735375616E-5	0.0834927078005375	0.333788934714395	5.4579342797291745E-6	
2.035126416626942E-5	0.08347116188033676	0.08343573593494731	0.33353338445719793	4.925165208209778E-6	
5.4144813553446414E-5	6.147182379201561E-5	0.1667720222442092	0.33356306201072505	5.875198610655846E-6	
0.08343357668849789	2.9297453924817216E-5	1.5860529501913856E-5	0.41703048956271094	1.3374604900752168E-5	
1.7623272606915216E-6	0.08346090018173515	4.013356618798606E-6	0.4173179621722051	5.322510000249732E-6	
2.84397234939972E-5	2.866953965699541E-5	0.0834105915813505	0.4169761961735973	4.290452658342676E-7	
2.7033194764647267E-6	2.7196450002331072E-6	3.0552478840748964E-6	0.5003862015126607	7.966789336305495E-5	
0.4173132221096226	1.3893564762321518E-5	5.736252084865524E-6	7.561376376062303E-6	0.0834539641293436	
0.3338807118574198	0.08344990107456646	2.571961613956313E-6	7.588505900716987E-6	0.08345391880809429	
0.2504159240835022	0.1669116317888785	5.464720312822084E-6	7.61858568563299E-6	0.08345238677803454	
0.1669409678916473	0.2503910678442153	4.674495677832044E-6	5.774031641704214E-6	0.08345074381648308	
0.08350576543958885	0.3338149197736261	6.742136828648176E-6	8.874144544653951E-6	0.0834528681250645	
7.482944137191345E-6	0.4173232182291231	5.684245467307733E-6	7.85751586652338E-6	0.08345429993194833	
0.33382897213861473	9.885559425352558E-7	0.08348439004181347	1.019112949993609E-5	0.08346732478216039	
0.25038177077134527	0.08346298963241103	0.08348667138622866	7.561134505688347E-6	0.08345364492051341	
0.16693042834375585	0.16691711112703791	0.08348873958497025	7.763914021330741E-6	0.08345302468236206	
0.08346759847720243	0.250384061959976	0.08348469614060701	2.338430498853507E-6	0.08345345530035296	
5.852321649386701E-6	0.33385819840920977	0.08346179404632155	1.3751318239408947E-5	0.08345401533821588	
0.25024887583777883	2.8574462974085903E-7	0.1668555174035628	6.023484348793039E-6	0.08340753052273182	
0.16683846214080636	0.08340533363013432	0.16685193962057776	6.026492398347341E-6	0.08340578028655242	
0.0834283715183388	0.16682401570118974	0.16684375535092777	6.079924663234071E-6	0.08340630992274486	
4.3837482195435865E-6	0.2503859175435406	0.1669477988793869	2.1500066656145843E-6	0.08345412488467237	
0.1668910928616646	2.656629397114263E-5	0.25018382109235465	1.3057979830407044E-5	0.08340403249734013	
0.08347360624505873	0.08346019407017649	0.2503933539817808	5.79928743796366E-6	0.08345247600291485	
3.35126118081488E-6	0.16681459682219243	0.2502130794065379	2.984630285715218E-6	0.08340427153139685	
0.08342125145490673	4.310211192366802E-6	0.33367439853164904	2.5303419336874E-6	0.08340408880892068	
2.9647270654011765E-5	0.08345204161454327	0.3338494104735917	3.0610751932915537E-6	0.08346470369455498	
7.57782811709438E-8	7.335163138403863E-8	0.4173133660016169	2.3781633729039155E-6	0.08347795555335498	
0.3338641928430238	1.1395128592163143E-5	1.3246845648837815E-5	0.08345473643326552	0.0834528630373671	
0.25039391207716166	0.0834577240022328	4.601514345287022E-6	0.08348081850743183	0.08345255662785259	
0.16693591980176242	0.16692307312845606	2.984524546089507E-6	0.08347821857196312	0.0834527255383904	
0.0834768112309562	0.2504115554781726	4.877577538941751E-6	0.08344666271259113	0.08345224073534845	
7.456985259852233E-6	0.33386195427054377	4.432166862549832E-6	0.0834418140488544	0.08347844180006332	
0.2503888426178005	1.1164475930229328E-6	0.08346284660489577	0.08347954327209767	0.08345163895576942	
0.1669447110615134	0.08346820087998659	0.08347049802285075	0.08345725301107489	0.08345355112514898	
0.08348235009671491	0.16692973024068591	0.08346920482730895	0.08345652185510148	0.08345225009951515	
7.059873218572634E-6	0.2503918745822924	0.08346088438901345	0.08344708777405849	0.08347830743506167	
0.16685857736515827	7.227202906392684E-6	0.1668257341037251	0.08340852964688267	0.08340581604417231	
0.08343921136362871	0.08342675485473298	0.16682574486879065	0.08340893834808959	0.08340583518016156	
5.437987162470563E-6	0.1669432182896694	0.16690840545960406	0.08345022805503163	0.08347867434159782	
0.0834620154908319	1.2623810688441536E-6	0.2504001815296994	0.0834778100470502	0.08345362910228732	
6.76869073734644E-7	0.08340218561676248	0.2502182972115887	0.08341727876526209	0.08339145425149513	
6.826868988135605E-7	3.3009702780898655E-9	0.33384340716132493	0.08347182463631213	0.0834749447931195	
0.25041297035464233	2.408564872364794E-5	2.3234592446661067E-5	0.16691515458390208	0.0834599253749713	
0.16692023367492984	0.08345886980499069	2.3113569362469874E-5	0.166936701487786	0.08345337661126404	
0.08346301448987369	0.16694097812502082	5.9386944905531884E-6	0.1669379708275383	0.08345343420022946	
2.0692111650950203E-6	0.2503844067916177	3.122145132214728E-6	0.16692768598140037	0.08347493901057398	
0.16681655299049558	3.8324904632432705E-5	0.08340859400434544	0.1668444750710875	0.08340601635351715	
0.08343748049747483	0.08342122108567877	0.08340965116438928	0.16684770221253317	0.0834080404279898	
5.582695805401662E-6	0.16692242277221636	0.08348723612170925	0.16692346785135095	0.08345209070726062	
0.08340719910351842	2.0011250270724446E-6	0.16679822444470663	0.16680559098210582	0.0834146951327177	
5.19456886164616E-6	0.08340654636311536	0.1667988576866383	0.16680778651206762	0.08341560395891591	
9.028878096419816E-8	1.1491030856819674E-6	0.2503801734746053	0.16692176552341262	0.08347265489697452	
0.16685860421301804	1.2435510806979078E-6	1.3028957658492835E-5	0.25023102346017717	0.0834055817761986	
0.08344125812341734	0.08342523331733949	1.303651873118708E-5	0.25021480963908826	0.08340365723261822	
1.9770051151568626E-5	0.16693282486861327	1.3395371363697323E-5	0.25037065012821064	0.08345170612097554	
0.08341044055946872	2.7426327867511865E-5	0.08341668027813934	0.25020349999311325	0.08339547149137883	
2.0478717494646466E-5	0.0834215181816741	0.08341989429666996	0.2502145125613187	0.08339964308274599	
1.4943122626667981E-5	1.467907263757081E-5	0.16683859416810987	0.2502255922130081	0.0834033701195196	
0.08342100075093863	3.5886514186362486E-6	3.4817774800088417E-7	0.33368148238340545	0.08339240513567148	
1.4405715518905129E-5	0.0834854131991646	7.707411888389816E-6	0.3338352244076239	0.08345238844741276	
1.8054594913462806E-7	2.2704461467122634E-6	0.08340513976860398	0.333613071577537	0.08338873753860716	
2.302046735822628E-6	2.3976073061427434E-6	2.7541571181067256E-6	0.41707053440595926	0.0833996637631603	
0.33384259811828826	2.166117735417516E-6	2.8400481720971583E-5	8.385786643103526E-6	0.16688936792594955	
0.2503938351215929	0.08344094848567336	1.7769220008973434E-5	6.005500645905001E-6	0.16693491980208008	
0.1669100294448754	0.16693697891719844	1.7820109507166097E-5	5.672449997519214E-6	0.16690539395383702	
0.0834932535543477	0.2503394623585124	4.885145162894873E-6	1.0177118613255002E-5	0.16693115673504644	
2.2113839263565935E-5	0.33386007989621336	2.1169329930094015E-5	1.0966603426361882E-5	0.16687114586857923	
0.2504071392757956	1.1544803593441482E-7	0.08346652124013179	1.007888570682703E-5	0.1669093780864658	
0.1669278995625619	0.08347614180804244	0.08346659280553786	1.1906292314142073E-5	0.16690674555887988	
0.08348115961705771	0.16692898964575198	0.08346453947692274	1.1344411617647637E-5	0.1669078047388283	
7.059860929394081E-6	0.2503942313675395	0.08346990073172404	9.937505473310084E-6	0.16691036948378216	
0.1669320957797778	2.6971347405694286E-5	0.16691496845810933	1.1998646355864882E-5	0.16691291030905434	
0.0834662956357611	0.08346592184260793	0.16690761008302338	1.8912169336815543E-5	0.16691855533935765	
2.0959734796124022E-5	0.1669322012685237	0.1669092674525309	6.658157819089443E-7	0.1669218858132121	
0.08344293801368834	1.3341352720799162E-5	0.2503798885449366	2.567629646383639E-7	0.16695544180732053	
1.1315254052062005E-5	0.08337869056600851	0.25018123400518855	6.540269437279713E-7	0.16684350918191135	
1.4733251206007336E-6	1.5472019525402085E-6	0.3338038589330907	2.8532710261390477E-6	0.16697707705702136	
0.2503666918243664	8.629735674208562E-6	1.8496894386646772E-5	0.08345226141475542	0.16692744973381043	
0.16669656704764557	0.08334408732928833	1.0309942449301627E-6	0.08333487348957251	0.166721444094422	
0.0834624189025182	0.1669388690251791	3.2785749914503884E-6	0.08345376258429896	0.1669353026599993	
3.005083943313505E-6	0.2502509253604348	3.3273895733029374E-6	0.0834046744477854	0.16683696388108918	
0.16694101658351634	6.434367808262598E-6	0.08347927875831708	0.08346114859754117	0.16691406677702278	
0.08342535159055198	0.0834081695829609	0.08343174457830387	0.08340729566365343	0.16684254864455858	
2.7878301288241747E-5	0.1668423489926995	0.08341576022167303	0.08341425979311108	0.166820533319272	
0.08345568988359438	1.65650164513122E-5	0.16691911988811828	0.08345143369078721	0.1669280320840735	
2.5228092758614004E-6	0.0834247060894364	0.1668290599280272	0.0834064313752236	0.16683761602586358	
1.7470488369676912E-7	1.5014321588416593E-7	0.2503854887455438	0.08344644809422107	0.16695815427046493	
0.16693421815772125	1.5863873378692376E-5	5.530815555230209E-5	0.16696779341599843	0.1668307356129022	
0.08348408145465094	0.08346204574387334	5.682571174215647E-5	0.16696972624918618	0.16683046573065208	
2.8648526067328277E-5	0.16686732908941498	2.1279058330831696E-6	0.16676315935221675	0.1668375945937584	
0.08347233649171258	8.841898349818245E-6	0.08345880880161603	0.16689975113751984	0.1669636592216432	
1.552536085382022E-5	0.08348510384801032	0.08347852452581422	0.16694750771148797	0.16688341397462106	
1.0051572007088789E-5	3.1061770625723004E-6	0.16693317096344243	0.16691334068860392	0.16693476140775432	
0.08339579597896873	2.6627698393441505E-5	1.9332367213978743E-6	0.2502173031760237	0.16686247821970196	
1.760556623515498E-5	0.0834101565055436	6.109479627118475E-7	0.25022934880830855	0.16683718574092082	
1.8574323954647577E-4	1.558222676438963E-4	0.08361722835813973	0.2500668027377967	0.16675956326319652	
8.852222360519152E-6	6.192016941241884E-7	4.1442164076095215E-6	0.3338436381130437	0.16690439622047337	
0.25035828503489577	4.9776239620480304E-5	9.594665806160734E-5	6.864788206381603E-5	0.25026737284887624	
0.16694309995431336	0.08347651375040485	6.36232027716659E-5	9.069216185281891E-5	0.25022136707772874	
0.08348995279779303	0.1668946973784791	6.997300791856995E-5	2.3838500392789478E-5	0.25031342255759603	
3.873337061951443E-5	0.2503627918645578	6.032733110164974E-5	1.5102326764800286E-5	0.25031185415121715	
0.16693809064711926	1.0125746615253573E-5	0.08343074465753482	8.703556656241669E-5	0.2503363383207893	
0.08349230084012083	0.08349204885186473	0.0834526229772871	4.340984221704867E-5	0.25031450668417576	
2.574918139071143E-5	0.16691563190180372	0.08350372126767511	3.519103144614986E-5	0.2503151283285373	
0.08347848790411452	3.942045637447024E-5	0.1669304919072782	3.2058568584951146E-5	0.2503150101093835	
1.9342005646941555E-5	0.08350475550181338	0.1669421424066967	1.1993747911285652E-5	0.25031280122423666	
2.4069832856699733E-5	2.42995833573338E-5	0.2503839790642956	2.3391458403936724E-5	0.2503373663691366	
0.16690647858820115	5.764023865027692E-6	6.257197461525784E-5	0.08349013485835333	0.2503360972029565	
0.08347671419055865	0.08347412339374795	5.344540615231052E-5	0.08347565063562137	0.2503176607295035	
6.649691552979428E-5	0.1667818646267738	2.4840510669804575E-5	0.08341045016199501	0.2502165765380736	
0.08349164157573931	6.599759766527215E-6	0.08347469656440269	0.08348465603046795	0.25034121997371395	
2.8608776073731366E-5	0.08346878922593405	0.08347361845673887	0.08348369791142655	0.25033806101125755	
3.547072740450291E-5	3.5486515572890755E-5	0.16694665072288378	0.08346304095837319	0.25031648833507747	
0.08342220252906121	3.799725424939325E-6	3.195620173696758E-5	0.16700638911756244	0.2503354956413413	
7.995202608660484E-6	0.08342257610201047	3.85740085849587E-5	0.16701567163310813	0.25031534385672616	
1.7655297860218826E-4	1.1680855026525742E-4	0.08346066829415526	0.16677994928676976	0.24996275197669313	
2.048214774615877E-5	2.1288027765939257E-5	3.915576461774925E-5	0.25039912896616817	0.2503158708644155	
0.16693449703984667	1.7101223816515337E-5	1.6348436999830426E-5	8.535472367556773E-6	0.33382001524512345	
0.08347586128164397	0.08347327051130429	2.1141213656759796E-8	2.842737861937393E-5	0.33382106427736846	
2.4643584067594725E-5	0.16692191034733245	2.384161665117231E-5	9.633971414224153E-6	0.3338246675781129	
0.08347809509015701	7.18248128609532E-6	0.08346150735355333	2.872686563472221E-5	0.333816725668826	
5.015144952081796E-5	0.08348472457425601	0.08342759124911207	8.628818395632991E-6	0.3338209142888395	
5.323089747961791E-5	6.0073258361417044E-5	0.16693030860969924	5.95791176940058E-5	0.3336872415826017	
0.08350155482695343	3.111680546421474E-5	3.833287075325294E-5	0.08340529153576468	0.3338185051863434	
5.041345663679239E-5	0.08347184097123696	2.3883381322328583E-5	0.08347917483645538	0.3337664339040928	
1.6354196829091294E-5	1.5587057811042505E-5	0.08348610324905821	0.08345322625333948	0.33381908967299845	
2.6157905735334995E-6	2.999583891742085E-6	8.310163035504912E-6	0.16695817206798827	0.33382083355586395	
0.08349925981619463	2.1867465088816742E-4	4.509904842687191E-5	1.3993234433915309E-4	0.4168978630096361	
1.2254001831139456E-5	0.08347385986938402	1.2074804390060818E-5	4.784572590814657E-6	0.4172874424113502	
6.953263258913024E-7	7.235391647575895E-7	0.08347061815248048	2.4349290167938846E-6	0.4173327155661531	
1.0880235307775436E-5	7.244376062415841E-6	8.903766266516047E-6	0.08347652310583305	0.4173004970008566	
5.504548516670802E-6	5.256183878216464E-6	7.3864261983973E-6	5.111617225719172E-6	0.5007691006323559	
