0.5001859782876363	1.306067638008203E-6	3.270605565156196E-6	2.300947571333492E-6	1.8296575242861583E-6	
0.4167753239893421	0.08338422876523192	3.2472792301878144E-6	4.5796068606246115E-6	2.212869326156801E-6	
0.3334106380082117	0.16674899241388733	3.6692275012112666E-6	4.309048441692492E-6	2.877180084084152E-6	
0.2500991454121807	0.250092283738818	1.0144068698389425E-6	1.3544151845748144E-7	3.4583732592101615E-6	
0.16677777778547928	0.33340130225711134	6.525965489912271E-6	5.018741545986287E-6	3.4199948683117567E-6	
0.08340405050298971	0.41676871922008896	1.1753655635657626E-5	8.207301143661395E-6	6.927687669843714E-6	
1.1974219318638603E-6	0.5001896283203126	3.7583551432372984E-7	2.474140968173092E-6	1.3747237815768226E-6	
0.4168087658393274	1.0810191233060213E-6	0.0833784895791076	3.8076845092451174E-6	1.7873674218239321E-6	
0.333423537006016	0.08335093896614693	0.08337545768169768	9.385575019731932E-7	2.30419615099122E-6	
0.2501063258421486	0.16669787861288646	0.08338140487102418	4.28692315431323E-6	2.6860608409484366E-6	
0.16673758206922007	0.250063487002671	0.08338077763934748	4.232798119921217E-6	4.751211822209503E-6	
0.08337271311277451	0.3334302017705552	0.08337946611235832	2.9787212763875816E-6	3.219841937408347E-6	
2.6063928027753776E-5	0.41677656443475825	0.08338088988908822	1.6124184493926325E-6	2.0905076149272288E-6	
0.33345441761984523	2.7163237673487506E-6	0.16670271071916545	2.021101452869832E-6	2.3026792307459474E-6	
0.25013861078128735	0.08333628372070116	0.16671255091778323	4.446824930404057E-6	3.4248940714480527E-6	
0.16668788233841816	0.16668491993677323	0.16681369935027365	4.242983058382782E-6	4.756160827641623E-6	
0.08338174645828138	0.25014812930576474	0.16665729235541626	4.2530130261205855E-6	4.7585612459135254E-6	
2.0877555959071972E-5	0.3334567834037538	0.16670914904052994	4.930890410091832E-6	2.057831306254239E-6	
0.250098240822229	2.1400475328473784E-6	0.25008898292521997	2.733053040315906E-6	1.667609079407083E-6	
0.16674299520746416	0.0833592862967153	0.2500908832148816	1.2806585517652398E-7	7.998181401826934E-7	
0.08338506881200532	0.1667172613090529	0.25008511217367324	3.093547308952927E-6	1.6967319962422987E-6	
3.4465786527895616E-6	0.250096863585848	0.25008297308143373	4.5841909344986665E-6	1.8676217731356138E-6	
0.166731586995241	1.3456541197077502E-6	0.3334591358115695	9.998672856067606E-8	1.5593622241646675E-6	
0.083369443619361	0.0833632613675854	0.33345867799012474	2.0268191529524024E-6	5.877127663616509E-7	
1.2566184526934248E-5	0.16673263317775053	0.3334415599286287	4.574918711352848E-6	2.4737326550848122E-6	
0.08336883638658649	3.088332080894638E-5	0.41678984146141496	5.791479133754681E-6	1.5796658010175616E-6	
4.770820120308906E-5	0.08340594057675112	0.4167422658753373	3.6075633263225253E-6	5.502326502817024E-6	
2.944792204351958E-8	2.9380962712963462E-8	0.5001958697095793	2.1209737830653826E-8	3.4989873546886243E-7	
0.41681312985196983	4.520478293778569E-7	2.3791328952310347E-7	0.08337615675538192	2.688517458998302E-6	
0.33346401505663076	0.08335110481810061	9.11840341895817E-7	0.08337385089638742	2.3020033394097794E-6	
0.2501106820604408	0.16670057209434105	2.7972772338838172E-6	0.08337608724994766	3.5083233120707952E-6	
0.16674457963861278	0.2500739886585055	8.40129798644693E-7	0.08336757143733389	3.385214782804972E-6	
0.08337802879323862	0.3334473353488429	5.231985175575862E-6	0.08335857092030619	3.453554927190757E-6	
6.566979213873644E-7	0.41682695519229773	8.433396371688157E-7	0.08336840080268576	2.1120944945671295E-7	
0.33344346975227884	4.043804912826005E-6	0.08336938574580036	0.0833743522516333	2.3116793047132345E-6	
0.25006016319632646	0.0833837519066013	0.08336848674872684	0.08337345263627058	2.304645326842197E-6	
0.16673413458665878	0.1667314515860586	0.08335359213133728	0.08336742011152395	3.547977363405652E-6	
0.08336080284777903	0.25008540386326816	0.0833697518675504	0.08337395530890883	2.4479128488027047E-6	
1.4106985524272084E-6	0.33346648872171486	0.08335507487020977	0.08336736604454291	1.3850280324201268E-6	
0.25009257535246104	2.3431641372928346E-6	0.16672130628074508	0.08337465033314606	2.243470887582137E-6	
0.16671657060993691	0.08338286347271465	0.16672407062786035	0.08336721839559076	2.26204873169183E-6	
0.08337372751445657	0.16672732057688738	0.16672471865151572	0.0833679179164646	5.900143480457996E-8	
1.1018525825368536E-6	0.2500972013422266	0.1667272767500701	0.08336795296034484	4.840814303198234E-7	
0.1667321121372703	1.96092521118151E-5	0.25007315430760946	0.0833677290476047	9.356399669222177E-7	
0.08337576528976175	0.08336938863740533	0.25007731298411695	0.08336710878040303	2.3016518823378396E-6	
1.1143016536955929E-5	0.16673383690191004	0.2500773318771717	0.08336724047412666	2.4512763835736307E-6	
0.08337182621932128	6.6517413509032535E-6	0.33347079067150265	0.08334468475520333	1.5806142786988954E-6	
3.503344170174435E-5	0.08338917086007909	0.33341839594801365	0.08334335148135798	5.2450790540086664E-6	
1.1717507688719523E-6	1.5813575468490323E-6	0.4168231338182277	0.08336737022290958	2.423018482899241E-6	
0.3334313192293306	7.960099370518185E-6	1.6063520018529446E-5	0.16673638067858942	2.2950114369694877E-6	
0.2501220047609586	0.08333369919067406	2.0784874565345217E-6	0.1667376405258174	4.037423699158007E-6	
0.1667346111915134	0.16673032948734623	1.861966267253704E-5	0.16671113529898388	2.2324198759689678E-6	
0.0833434455466913	0.25012711006027627	1.4268871490088615E-5	0.16670659403435947	3.2665518300957826E-6	
3.63208787307164E-7	0.33343335961073195	1.4176981694476021E-5	0.1667373856641396	3.2521093102273706E-6	
0.2501004787863326	7.695264973541965E-6	0.08333870294740782	0.16674450142061822	2.2985325662469964E-6	
0.16674043081322854	0.08337744445466723	0.0833426254177009	0.16672748211337274	5.525783965823491E-6	
0.08330383206608163	0.1667587211787693	0.08338739862117978	0.16673907544887473	3.954966050041233E-6	
1.8356776533720296E-7	0.25006469685173166	0.08338785128219588	0.16674064516982454	7.410918367166595E-8	
0.16673350820227703	1.3468983907071097E-6	0.16672181976099706	0.16673628755055975	1.2287736626165008E-6	
0.08336543588335528	0.08336402383037568	0.16672202869234018	0.1667398407846631	1.954569151840733E-6	
2.4071045385941084E-6	0.1667291350225479	0.16671513149316303	0.16674289484490243	3.953077727518334E-6	
0.08338554478392855	2.8244314623791148E-5	0.25007427271836963	0.16670531542868677	2.0639519748140913E-7	
1.2022357395816461E-5	0.08339710522510872	0.2501037816139786	0.16668317098436158	1.5957459383005455E-6	
1.3108155981620015E-6	2.6097517287551246E-6	0.3334615708726082	0.16672875049468272	1.2297889008413051E-6	
0.250074799493271	3.754964200400611E-5	5.4161275366202495E-5	0.24998837935675594	1.884896413762438E-5	
0.1667987022229783	0.0833251934484873	5.262454016998807E-5	0.24999838203027186	1.8759083823966764E-5	
0.08343643585332021	0.1666719725730365	1.0633107874587065E-5	0.2500735483320739	1.3615404964780573E-6	
7.352401063807776E-6	0.2500633749621388	4.916807771342477E-5	0.25007385925487824	3.3883652816311566E-6	
0.1667394873073978	2.6436483733866395E-5	0.08340597247060509	0.2500091853584838	1.2809053562539844E-5	
0.08339244809352689	0.0833886380345969	0.08338778238949088	0.2500169082666872	8.105215308701467E-6	
1.292902524767835E-5	0.16673675796234586	0.08337138720851035	0.250073476669068	4.8733055607951745E-6	
0.08335234510503274	7.406092915515094E-7	0.16681972462265945	0.2500173531400592	5.633068644883538E-6	
6.005248775372242E-7	0.08334480248378566	0.1667747176527154	0.25007065232348413	4.908978037419568E-6	
9.131052954887873E-9	1.4776284460912605E-6	0.25011835202807825	0.250069255261771	5.1073466383123775E-6	
0.16673438829335707	4.767733684187141E-7	4.552482514335882E-6	0.33346064109831164	1.3976412550001184E-6	
0.08334906468160462	0.08339574414308962	7.2313944382829576E-6	0.33343272085535736	8.155922331908992E-6	
3.074843693418143E-5	0.16674461789055153	3.279081985619608E-5	0.3333725379763334	1.2943068427738644E-5	
0.08335285510807826	2.677636350757662E-5	0.08337417585664597	0.3334363365475758	2.807937119718027E-6	
3.2465209169754764E-6	0.08337193041039682	0.08338359810222015	0.3334326777462872	2.3615185226015956E-6	
3.797269664417445E-5	3.5279970306880015E-5	0.1667260801657705	0.33338695928994244	8.123124303838271E-6	
0.08322848326198472	2.3772499304198858E-7	2.2753938277699483E-6	0.4169481529499698	1.3497391754628515E-5	
2.0225385984428993E-5	0.08337250363543744	1.7784388933165294E-5	0.4167753109989604	8.102708959429818E-6	
8.805093090666355E-6	8.901413529287112E-6	0.08339273053020335	0.41677492938516686	7.826350322923195E-6	
1.6619923275853573E-6	1.3785814292093149E-6	2.545743807070259E-6	0.5001847178406894	1.8860896407887064E-6	
0.41679589335094963	3.3730408557701357E-6	9.715503571840801E-8	6.013914861000953E-7	0.08336001025369942	
0.3334343605252651	0.08335594269768866	1.9674242065550664E-7	6.269209388565447E-7	0.08335825575043607	
0.2501033881902724	0.1666959206524595	5.319480804977539E-6	4.54953057804067E-6	0.083362405020105	
0.16669180686274182	0.2501272797652793	5.3734028885135785E-6	4.558881692333288E-6	0.08336621538523753	
0.08335557346539385	0.3334653616173886	3.3470782051331092E-6	1.656912027843077E-6	0.08336555038585178	
8.824631915868512E-7	0.41682422222336835	7.281445754440149E-7	4.418405355443773E-6	0.08336038198063228	
0.33344981371376226	4.274272468288448E-6	0.0833709936654667	3.5675233724633666E-6	0.083365821491878	
0.25010117743061777	0.08335108139391696	0.08337002949005942	3.1492334179496856E-6	0.08336612162957487	
0.16673712511770353	0.16673207365027412	0.0833552667083437	1.6473260680064332E-6	0.08336618749791633	
0.08336484608723597	0.25010259477330354	0.08335483277138282	1.6682729393623516E-6	0.08336646132072446	
4.908711886064903E-6	0.3334620725817432	0.08335740760163202	3.797533756934995E-6	0.08336026566189186	
0.2500938265156504	4.628867013181961E-6	0.16672799205256594	3.561208318519342E-6	0.08336603722723365	
0.16671530000713583	0.08338150837445736	0.1667266003457073	3.4631036162237682E-6	0.08336513530385269	
0.08338204984792677	0.16671588366510873	0.16672736580789457	2.3655361973757584E-7	0.0833650469893406	
1.8826153774335843E-6	0.25009936332860505	0.16672969244633284	2.369160012667028E-7	0.08336116639087503	
0.1667387232346285	1.1919956534121948E-5	0.25007277479803197	2.712956153704194E-6	0.0833662614818857	
0.08337631166691663	0.08336993360540422	0.2500780879732824	1.7106491790400638E-6	0.0833653335151371	
6.405053842131892E-5	0.1667392096404039	0.25002053593422874	1.936548362560051E-6	0.08336821614666387	
0.0833783433772812	2.0904852375588396E-6	0.33344497274737744	2.500459703169374E-7	0.08336591303917398	
9.464314168787398E-6	0.08337187526083502	0.3334485947634897	2.4517424944398034E-7	0.0833612578442015	
4.3642242494748046E-8	4.3636017763308614E-8	0.41682841130346443	5.784456850404337E-8	0.08336668727065003	
0.3334553683941522	1.1778622197150968E-6	4.0791615392249495E-8	0.0833391607256031	0.08335865312869539	
0.2501101512019669	0.08335552934092731	2.6474892853150285E-6	0.08334166583114617	0.08336201848681574	
0.16672342263514286	0.16672075733900552	2.4318301762241537E-6	0.08336253028831482	0.08336198503085446	
0.0833638592150896	0.25009622742394805	2.4152037449638746E-6	0.08336596894991354	0.08336583566285148	
4.820407024671827E-6	0.33345992231235194	4.314521722146386E-6	0.08335570834644147	0.08336542989719917	
0.2500724984880142	1.968981191528368E-6	0.08339471615389589	0.08335682677306133	0.08336517720869584	
0.16673295874292302	0.0833907577774369	0.08334501978600321	0.08335703813167994	0.08336518258570598	
0.08339493944127013	0.16672617347190688	0.08334569145188975	0.08337193472331138	0.0833609975369056	
1.739010455776634E-7	0.2500831950314334	0.08337497753107465	0.08336758738502412	0.08336589123688273	
0.16673386891776576	5.2811879138313536E-6	0.16673157300521374	0.08335748808305428	0.0833653764697296	
0.08336733023287099	0.08336584962321564	0.1667272806414711	0.08336693061117599	0.08336541332825993	
3.847342213039282E-6	0.16673519932498262	0.1667244847909046	0.08336958729327877	0.08336652214097201	
0.08336676960377706	2.6287265492346205E-6	0.25010763562080257	0.0833505207170484	0.08336536132828916	
4.3133302316683785E-7	0.08336648208181067	0.2500932931552683	0.08336653534521744	0.08336550699507159	
5.649588801972018E-6	5.6494884648770725E-6	0.33344906572512967	0.08336684714447246	0.08336537827041603	
0.2500921652252462	1.6199511670544254E-5	2.001946262096097E-6	0.16671875138753922	0.08336519592923912	
0.1667300471135575	0.08337242611524402	1.2979880178765204E-5	0.1667150466037443	0.08336479373158041	
0.08339374729479992	0.166717224534147	6.801212343023093E-6	0.16671646884301813	0.08335979535370235	
5.624993646314865E-6	0.2500871240193748	2.1632361320534818E-5	0.16671532909113368	0.08335925058915045	
0.16672441495862467	4.360979522351327E-9	0.08338563253323876	0.16671928395626887	0.08336531319247174	
0.08337494648324796	0.0833728383660793	0.08337091619974633	0.16671721339560194	0.08336133897958563	
6.974206293138437E-6	0.1667318008588141	0.08336592951305058	0.16672650721166532	0.08336091866847545	
0.08339038241934617	8.522402299428983E-5	0.16666886896524447	0.16668790016103038	0.08336093413531771	
4.9066565815420375E-6	0.08337221752538188	0.16672930134738256	0.1667280952415652	0.08336177291377324	
2.0814008594582325E-6	2.1497905591338565E-6	0.25009752525009077	0.1667250156542524	0.08336520050352209	
0.16672217807984666	5.35721079411483E-5	9.27968541474921E-6	0.25006083893286657	0.08336221931191198	
0.08336086715433101	0.08335860267952062	4.353790843345946E-8	0.25011291961703436	0.08336118954010453	
1.386469609119315E-6	0.16672308851862958	1.2114991317665312E-6	0.2501072669657264	0.08336096423831879	
0.0833573202560112	2.7514818448574157E-5	0.08337835005830886	0.2500687377364627	0.08336106775491685	
4.110864467680022E-5	0.0833926740563752	0.08332919555862621	0.25006843578252597	0.0833609660002699	
2.2749682022650822E-11	9.780620200068102E-8	0.16673309032865724	0.25009894966172713	0.08336118357102663	
0.08347339697638956	2.6927095931562564E-5	9.922135021251077E-5	0.33325610600669064	0.08333973408489918	
5.952648428875505E-5	0.08345597645080184	9.885700030893335E-5	0.3332190005600826	0.08335900163012407	
1.1493437867691867E-4	1.1846005994761198E-4	0.08338056433085585	0.3332440675295305	0.08333520877426498	
1.002733319139074E-6	1.0933726779571835E-6	2.559224960149593E-6	0.41682653638724343	0.08336152913161139	
0.3333844043889519	2.6666254808439164E-6	5.655256872761063E-8	4.687213811958707E-7	0.1667582724056743	
0.25008488004473095	0.08338844608839993	4.771529092079764E-8	2.423362401674967E-7	0.16672096326429134	
0.16671345306906876	0.16670839275576171	2.9730641079288764E-7	1.3196808044438426E-6	0.1667686961949718	
0.0833654226466648	0.250100931540931	5.523720119959259E-6	3.553757043995996E-6	0.1667180295723149	
4.812974992565034E-6	0.33346600110743446	4.151513242317579E-6	3.965601217752697E-6	0.16671727539239975	
0.25010252793630106	2.495331950006333E-6	0.08333056569686623	1.319967524254613E-6	0.16675607659633798	
0.16668779825669378	0.08336909771890148	0.08338878535140272	3.060925706012763E-5	0.1667186705767129	
0.08338860044180103	0.1667267134376526	0.08335985387845328	1.019105729367588E-6	0.1667180251301396	
4.421487882702802E-6	0.25007171561515573	0.08339606156956082	3.982740113577309E-6	0.16671802014363435	
0.1667305914166438	1.1817685343912642E-5	0.1667343129412597	2.1692004857349276E-6	0.16671348815965223	
0.08336735316094776	0.08337273387761102	0.16673430721194052	3.279343047871775E-6	0.16671479236735487	
5.156387936142717E-8	0.16673524040864557	0.1667297741336861	1.3303477627591412E-6	0.16672830964593588	
0.08338195897055825	1.910940809277734E-5	0.2500741248070207	5.249860844142849E-6	0.16671459835811114	
2.5046354232762644E-6	0.08338034436525883	0.2500938054194947	3.398198725957124E-7	0.16671839516629391	
2.5616708463533744E-6	1.346864349438481E-6	0.3334390671676754	3.48637225219698E-5	0.16671682527452192	
0.25009717031798673	4.577426892136292E-8	1.301829323235005E-6	0.08337789430996347	0.16672011326921954	
0.16675339796837818	0.08333803729683072	9.345303762845946E-6	0.08337134790400044	0.16672015299826193	
0.08338338617214416	0.1667162849820701	9.449479038321767E-8	0.08336580288336486	0.16672850465337466	
2.0507263635797992E-5	0.2500822484976038	2.7975973309205312E-6	0.08336982084940975	0.16671743809978412	
0.16673768739083344	4.007276659906723E-5	0.0833229327613703	0.08337521589967824	0.16671900916735966	
0.08336731312085519	0.08337267559205383	0.0833674476942069	0.083374690612677	0.16672081402879532	
1.4291477074101106E-5	0.16675422248195965	0.08333714853237124	0.08336983269310398	0.1667174662984609	
0.0833719945349386	3.698247185501459E-5	0.16664363196595006	0.08335640906832248	0.16668409295451425	
4.123625057739056E-5	0.0833996761482456	0.16669518633434674	0.08338729851408064	0.16666906891202632	
1.92232716568363E-5	1.912967307836529E-5	0.2500665523426866	0.08337403589923724	0.16671391868403665	
0.1667239494030007	1.7156250580451848E-5	3.47395886138026E-5	0.16673892764112191	0.1666772527984387	
0.08338336087156403	0.08338109912523112	1.1804161030722301E-5	0.16673745615210345	0.16667795802531918	
2.8587960310158653E-5	0.16673145219486268	3.6068869744424025E-5	0.1666833152462689	0.16671586796368632	
0.08337036622478353	4.241846549996792E-5	0.0834024496430643	0.16670534404702916	0.16668101781678102	
1.4248234940719345E-5	0.08339462326584222	0.08339856657244665	0.16670756158806074	0.16667823226818917	
4.722851025308136E-8	4.8041372200089576E-8	0.1667249547587146	0.1667541849676287	0.16671984627910585	
0.08339874487547094	2.118377255564617E-5	1.361738903029909E-4	0.24998660932274958	0.1666504992268941	
1.2593755738444408E-4	0.08341281659925211	8.469350404657517E-5	0.2499002789973675	0.16666869930942063	
8.910355538749604E-6	8.914138810265428E-6	0.08340357417911377	0.2500932494364136	0.16667855209653454	
1.688126526515676E-5	1.7746477375398704E-5	1.6074461003399082E-5	0.3334491705913413	0.166695610318489	
0.25009566009768003	2.8015893780023067E-7	1.6102944597990574E-7	1.794724113197229E-6	0.25009245339175246	
0.16675359773240694	0.08333418445903014	2.1894089576517884E-6	7.181578497105785E-6	0.2500926813444535	
0.08336367767105804	0.16671707842854108	1.234617948606487E-5	5.840631915385602E-6	0.25008975960279195	
5.498076344855464E-6	0.2500650037546407	2.3055482380732572E-5	5.866956418484354E-6	0.25009189413089267	
0.16675087305707972	1.7010551096869095E-5	0.08332130716015047	1.7951379439798645E-6	0.25009668865437673	
0.0833869256923455	0.08338711598994697	0.08332438559872	9.68047238733715E-7	0.250088234896395	
6.254434596595015E-5	0.16677211216027474	0.0833487227448705	7.747576035269419E-5	0.24994970820260087	
0.08336433008770244	8.504142560787133E-6	0.16671869117214363	1.0275529148692148E-6	0.25010063641691116	
4.881790133717551E-6	0.08337129911687056	0.16672610801122306	1.7549804399980105E-7	0.250091282005568	
1.621315407549274E-7	4.950315329606348E-6	0.25009582935285724	2.9525529288580194E-7	0.25009005469919415	
0.16671142642019457	2.4351767133761887E-5	1.5385751633050102E-6	0.08335361137812793	0.25009730904632926	
0.08338478444343611	0.08336885169925001	5.158523648823393E-6	0.08336423988314992	0.2500687557541981	
3.4548154566046325E-6	0.16673766255288447	1.7040576886495913E-5	0.08336403851565942	0.25006610746161223	
0.08336650164110028	8.4625200997648E-6	0.08336638597967563	0.0833556308444289	0.25009253800737247	
2.7992410989837293E-6	0.08337231961544563	0.0833665612155845	0.08335624236765918	0.2500972902595949	
1.0378960450893016E-5	9.67168988887194E-6	0.16672407689169041	0.08335745545523401	0.2500918739764652	
0.08344089063116646	5.5407752984303625E-6	2.2371582140753315E-4	0.16643112008208144	0.25008876548079395	
4.6262739031483984E-6	0.08340407001405369	2.9949855479789863E-5	0.1667193736019457	0.2500362550398101	
1.564191330531172E-4	1.715571137365807E-4	0.083072568746024	0.1667563684773303	0.2500351493030526	
1.7055123288698192E-6	1.542244792413021E-6	2.711513467609943E-6	0.2500955082665653	0.2500902214223513	
0.166747686786878	2.4508434663924428E-5	1.3512245261986856E-5	1.753499655826693E-5	0.3333925625786848	
0.08333876585723601	0.08334645300743998	2.9194037056678493E-8	1.1465063028917499E-6	0.3335101114301044	
7.062920611839917E-6	0.16672506809664978	1.2294612131225222E-8	4.002051431661067E-7	0.33346064924494895	
0.08338706451396123	1.2258824771799682E-5	0.08338954388140436	9.43694815439698E-6	0.3333956243270149	
5.915520010387475E-6	0.08336931553472376	0.08337304277831362	5.1224690803153676E-5	0.33339376626387807	
1.387762651302643E-5	1.3230389952001301E-5	0.16674257244797192	1.5048487834216112E-5	0.3334093664757699	
0.08337355369897823	4.969523415738969E-7	1.799297680044431E-5	0.0833413404278235	0.33346176547685635	
6.394654453719413E-6	0.0833682008991032	1.7808327691248407E-5	0.0833417999002029	0.33345947014837585	
3.508927483304497E-5	3.685947951788461E-5	0.08332254256912672	0.0833438834308537	0.33345969870152803	
2.6919462923841974E-5	2.433558914519295E-5	2.225945652317096E-6	0.16674816742996676	0.33339496563916154	
0.083452707211277	2.939047277599123E-5	3.463631382226887E-5	8.991054994216811E-5	0.41660055950383246	
1.327391491836496E-4	0.08336475220273952	3.579767439328042E-5	4.402276003371455E-5	0.4166144142308456	
9.130682243843644E-5	8.158598474807979E-5	0.08340712819443574	7.111278237486172E-6	0.4166078396202318	
1.3425586021563354E-4	1.3684047019197525E-4	1.34352586733707E-4	0.08339813306408381	0.41638811945247983	
7.110688631003132E-6	7.107784928224907E-6	7.111770405001805E-6	7.443139196217873E-8	0.5001724427650989	
