0.5000670839432633	1.0912682408240835E-6	1.2384153365090844E-5	5.502780897289519E-7	2.323405377902046E-6	
0.4169045590843633	0.08329133209384318	1.2690584556129276E-5	5.047030384559566E-6	2.135568961380721E-5	
0.33337698552353934	0.16669296958351942	5.511356064673797E-6	5.213594573771362E-7	3.7386425969828965E-7	
0.2500203498423359	0.25004346930956023	2.154172154620542E-6	5.186813093311402E-7	6.023646967249943E-6	
0.16660319775604993	0.33345122322676024	1.0926725365450187E-5	3.887999385056155E-6	6.265070335637125E-6	
0.08336199339686788	0.41677586529474425	4.7367420352629225E-7	1.3043834315420053E-6	1.2877096108656415E-6	
1.591901866392804E-6	0.5000659547915647	3.887457480548134E-7	2.310215792073558E-6	6.293768450207046E-6	
0.41672040687111844	2.9273642621257543E-7	0.08334563907930116	2.6930387171857277E-6	5.98487987583324E-7	
0.3333901722156726	0.08333799314305161	0.08334285563036989	4.0096587044555407E-7	2.647566618410336E-6	
0.25002800463657615	0.16669620202309096	0.08334628774329599	1.8702791999323386E-6	8.927694529055285E-7	
0.16669397499890343	0.2500443288339129	0.08333093671519413	3.257115834928839E-6	1.3959233147940647E-6	
0.08333005328412918	0.33341328735523673	0.08333112044220724	2.8897251030705233E-6	5.9975282242276076E-6	
5.394351229883271E-6	0.4167384146012223	0.08333206108691366	6.332246529991677E-8	3.209512993968754E-7	
0.3334229707135983	1.8954650137516117E-5	0.1666156312970854	4.41561460869951E-7	2.0192228898336025E-5	
0.2500236427032701	0.08338286368784435	0.16665705656552587	1.518030197115741E-6	5.049668134745059E-6	
0.16670903543828183	0.16668933050495002	0.16666559728958436	4.019479453536078E-6	4.909027529878641E-6	
0.08338864350246188	0.2500244616466491	0.16666023688668755	1.2699400488842972E-6	1.2718594568802673E-6	
4.84241524154931E-6	0.3333378706948857	0.1667104892942104	1.272632250197853E-6	2.191722002149617E-5	
0.25003497159145627	1.659691295532022E-6	0.25004743676267027	3.0372732042418157E-8	1.8544906478861256E-7	
0.16664802982822383	0.08341885983265232	0.24998783137624297	1.378996860480689E-5	6.93304905726716E-6	
0.08335983137738248	0.16669322774128834	0.2500122280553123	1.033891668702215E-6	3.5559122854017343E-6	
3.945400334304949E-6	0.2500461217919896	0.2500185895846433	2.109161973682025E-6	4.792077347307666E-6	
0.16667422022644054	1.6804208236465675E-8	0.3333968368237224	1.4270282179777621E-6	2.807595397837331E-6	
0.08332705532340555	0.0833666659660182	0.3333736595265352	1.5092575656006453E-6	5.108840316458185E-6	
2.7525135233155206E-6	0.16669187396298688	0.3333786770642275	1.44304603199106E-6	2.7948307590961936E-7	
0.08340745980841392	7.330494273123382E-5	0.4166857339767281	2.144871911123717E-5	5.718466099674748E-6	
1.3746328439075133E-5	0.08335686575804577	0.41669877299364433	1.4398160040543923E-7	5.2999715067415696E-6	
2.200122737908601E-7	1.7464645399463131E-7	0.5000683765495432	1.363220521858777E-6	5.912993211144758E-6	
0.4167226842773667	1.7776278372918306E-6	9.963547734890978E-7	0.08334614391431378	6.655359248088504E-7	
0.3334257757666988	0.08329103497130258	1.0935511821121158E-5	0.0833465911119136	4.929399079298527E-7	
0.25002743296464774	0.166700203135837	1.4088632706838806E-6	0.08334335505105304	2.092178494247121E-6	
0.16670981066637305	0.25000656707231883	9.112519211562234E-7	0.08334496636623555	5.489193876082907E-6	
0.08337489368881545	0.33334863001475995	3.0270249734463654E-6	0.08334661084317734	6.22326977419554E-6	
2.176671866173669E-6	0.4167292489535877	3.7613637059631526E-7	0.08334766726783492	1.014988590659752E-6	
0.3333587825542259	2.3459073401078716E-6	0.08336160364383216	0.08334598222042297	6.144493884691662E-7	
0.25003870992691407	0.08334069762032938	0.08335026295699804	0.08334337265787607	4.0129089062859365E-7	
0.16668909091728268	0.16669656301422478	0.08335179904007926	0.08334719458708136	1.4471364650815007E-7	
0.08335897700931379	0.2500044076945414	0.08336029714709457	0.0833462461912775	2.253163318713893E-6	
2.775473490161943E-8	0.33336512213642433	0.08336073854691511	0.08334488776590901	4.0272965862267614E-8	
0.2500319605009528	4.722795185902508E-6	0.16668396581703548	0.08334514528556426	1.7861396714119542E-6	
0.16669620365271964	0.08334628496663653	0.16668563339864598	0.08334668527850563	4.882980070904822E-7	
0.08337500097095404	0.16665922987978143	0.16668213305871662	0.08334397131418272	6.902530396411478E-6	
4.077058758237365E-6	0.25003250323589576	0.1666904342685043	0.08334686557257596	1.6471904666273424E-7	
0.1666892843964062	3.0594965976017084E-6	0.25003209895607625	0.08334595807306355	4.881909248531745E-7	
0.08335300843618537	0.08333719596975658	0.2500295038219383	0.08334504431828402	5.082912229681162E-6	
7.652778164574411E-5	0.16660761371509042	0.25002858058073024	0.08334384778748413	1.7726748355489857E-5	
0.0833523156066035	3.2394702954469504E-5	0.3333347391045108	0.08334496069772451	5.352930349826566E-6	
1.9865376150057644E-7	0.08338449368817118	0.3333344953963476	0.08334354502785307	6.087693464464479E-6	
2.4407995463758117E-7	2.0410246228428312E-7	0.4167242708353962	0.08334598365156919	5.7658817532285705E-6	
0.33337763349247024	1.9740660642404356E-5	8.694143177597513E-6	0.1666607609626446	5.028175245887395E-6	
0.2500421188790061	0.08334182788002392	2.1154569709482943E-5	0.1666602696827593	4.512412082445907E-6	
0.16673658067256225	0.16662900641792305	4.3957083108994305E-7	0.16670390132711227	6.367090581392218E-6	
0.0833630743255477	0.2500067086406668	1.636398388721033E-8	0.16670425379121975	6.628505472435156E-6	
1.505043828338255E-5	0.3333493169306332	2.300060717305982E-6	0.16670453440326014	5.953950912417945E-6	
0.25006768253507955	1.47952126696987E-5	0.08332603589023106	0.16666198325773862	4.831706037410069E-6	
0.16670351635399022	0.08335101109895149	0.0833519260096	0.1666609534312333	4.89399074872856E-6	
0.08332401901748994	0.16670005317888714	0.08334178168315362	0.1667048745550575	5.226851650138761E-6	
1.3257838906575962E-6	0.25002546371494816	0.08334273685174194	0.16670423964931408	1.0265718854735804E-6	
0.1667089292320889	3.917040108251408E-5	0.16664652446894165	0.16668238681603176	5.940813250109406E-6	
0.08334763286608075	0.08332632152552553	0.16665035555220195	0.16674762208426921	3.938059823728615E-6	
2.771979197226325E-5	0.1666814137655024	0.1666815771469598	0.1666813787782565	3.6073288835377973E-6	
0.0833667930068194	1.9470545715458916E-6	0.25003204340536106	0.1666849843809171	2.4829542859730578E-6	
1.2205947647064006E-4	0.08335274450684912	0.24990782907870285	0.16667814129429342	1.2657839341497914E-5	
4.3240682956666705E-6	3.4924939244468264E-6	0.33338047682477795	0.1666825412081675	1.982695801492729E-7	
0.25001533353334177	3.051689656014312E-6	4.4069401750504024E-7	0.25004658933318336	5.186693204085732E-6	
0.16668668417107782	0.08334258919798262	4.3373879267658025E-7	0.250034265138281	3.95804965437309E-6	
0.0833267022687437	0.16673660704571605	5.483754993112473E-7	0.250069759104744	3.579715449663314E-6	
8.095903500797745E-6	0.25003795811522717	1.7751294512146502E-6	0.25002563544358375	3.96746709069908E-6	
0.16669968710415323	3.3860768859372707E-6	0.08331673515692208	0.25004744808217094	3.9580806530891E-6	
0.0833237035131203	0.08339453113702083	0.08332519013276324	0.2500212388201723	4.895657230580201E-6	
1.2775548906439323E-5	0.16674823581966458	0.08334869354318257	0.25008751307141147	3.998565324897582E-6	
0.08331015803855259	4.0821401289293564E-7	0.16671621828427222	0.25004131422652776	5.4051569626360666E-6	
1.4127340765044803E-6	0.08330919506965713	0.16671628187828302	0.250041421657343	1.836095086392868E-7	
2.027347023239379E-7	1.828611155181356E-6	0.25002302022283623	0.2500397068784635	7.609689747983411E-6	
0.16673496346937608	1.072020490125427E-6	4.309256074505109E-6	0.3333313319474372	3.759408366508637E-7	
0.08338542806426173	0.08335180650771033	2.5478281915281774E-6	0.3333300851735119	3.683270761559432E-6	
4.214078642217892E-6	0.1666955434671961	2.613876364762156E-7	0.3333816426289165	2.62980180708136E-7	
0.08334557056289262	1.8160274487892562E-5	0.08333068619894078	0.33336987326384265	1.340116936948009E-6	
1.5307061310785165E-5	0.08337450734367306	0.08335159341878444	0.3334638389947867	6.3890218529952775E-6	
1.3564033270385582E-7	3.597561186979008E-6	0.1666894903923829	0.3333719479263274	1.6236941073942954E-6	
0.0833885500344054	1.4320622193178908E-4	1.5029078085644865E-4	0.416530262060703	2.6134835241253003E-6	
2.638450891248201E-5	0.08331766946999256	2.744662284448199E-6	0.41673298158441374	2.616338483109494E-7	
7.4121328829823365E-6	2.878405440017314E-9	0.08335479454732962	0.41676725389110086	2.6636941736775797E-6	
2.6260332011523652E-9	2.5137586817281674E-9	1.8655241719041877E-7	0.5000757671575864	1.578986533850728E-6	
0.41672111286831615	1.3274890211573614E-6	2.2256678634470644E-7	5.049670019459309E-7	0.08334682857496438	
0.33341177987564224	0.08329724425572473	1.0285792915599201E-5	2.7890656129774865E-6	0.08335051791277324	
0.2500301288261316	0.16669679548925267	1.0791189466684358E-7	1.1298347718390537E-7	0.08334764689632922	
0.16667819173823833	0.2500458286015628	1.4019389149237559E-7	1.1653462295159749E-7	0.08335039230077224	
0.08332431051639864	0.3333989073354276	7.77462856099366E-8	1.1662255818600414E-7	0.08335027911565192	
5.922891082446833E-8	0.4167260648022263	4.988156185750641E-7	1.880106607874191E-7	0.08334720390357032	
0.3333610678543692	2.098304289829289E-7	0.0833616293379183	2.229278190761666E-6	0.08334722430979613	
0.2500045038496873	0.08333174211329257	0.08338619249361563	4.3642873403354E-6	0.08334615653872397	
0.16669297895373364	0.16669565641577	0.08333878113166107	1.8287182662284783E-8	0.08334772608331244	
0.08332364643333173	0.25005957659377714	0.08333967465640921	3.2749983879821992E-6	0.0833481742204174	
5.92130359158006E-8	0.33338265885315366	0.08333729942057971	1.689008346109274E-8	0.08334982743845781	
0.25003492254208864	2.712216915452314E-6	0.16668458671844394	3.3661935572929653E-7	0.08334677849992705	
0.1666953884559854	0.08334588807320212	0.16668482529706996	1.7612446665869612E-6	0.08334573029416675	
0.08333887487051907	0.16669817715463828	0.16668398805376056	1.200348056085609E-6	0.08334743423848538	
2.9880950099626185E-6	0.25000941123259723	0.1667086073291537	3.31372828536399E-6	0.08334665286805049	
0.16669633219564062	3.4251857619658525E-5	0.24999456946139414	3.242710725225711E-6	0.08334596322033239	
0.08334931688126046	0.08334630820561004	0.2500267575146579	4.1703441336322746E-7	0.08334585514631748	
6.929589655994449E-6	0.16669511050338615	0.25002764699722396	1.7718411747339898E-6	0.08334812845435202	
0.0833525185058893	3.2817110324345174E-5	0.3333369186877851	1.1674306282200667E-7	0.0833457876327497	
3.77022864699827E-5	0.08336650734630838	0.3333117108164365	9.454578395776733E-6	0.08334538756382022	
7.748820783664308E-7	7.750103249680204E-7	0.4167223210649782	4.099372605927973E-7	0.08334495779072082	
0.33338149025478925	1.4252355605795126E-6	1.6256419694502097E-7	0.08334479456948521	0.08334592472859681	
0.2500351106222774	0.08334195021802479	1.6443129838513796E-6	0.08334357095804168	0.08334478918350102	
0.16669251595830395	0.16669149921815155	1.1261216977265913E-7	0.08334621688590188	0.0833483731586136	
0.08332272998022285	0.25004761137240594	7.50374395112287E-6	0.08334471537992354	0.08335005157791019	
4.504078433562412E-6	0.33337728579169906	3.958156325641452E-9	0.083345709295622	0.08334741126677989	
0.2500431934579624	5.510453546134836E-6	0.08332916428913967	0.08334339026423365	0.08334651676801075	
0.16669853904257423	0.08333715924836496	0.08334519038319001	0.083340630716476	0.08334630296712478	
0.08341727262377391	0.16660845450585196	0.08335591358873994	0.08333991515891188	0.08334632923611954	
3.3832986192126616E-6	0.25004698798316877	0.0833379631137203	0.0833413649897461	0.08334784955303878	
0.1667023110377593	2.4749039185755375E-6	0.16667768976202896	0.08334005558152206	0.08334582098252802	
0.08334667324677464	0.08335565469996875	0.16667727790901982	0.08334193603716118	0.08334611663248012	
2.7040651252813887E-6	0.1667023986201751	0.16668006198480526	0.08334167589996017	0.08334756485051453	
0.08335031725102911	3.5100848903261074E-6	0.25003737462056475	0.08334227371446357	0.083348538853957	
1.5080953854659002E-6	0.08335022765365056	0.25003111957347285	0.08334018547430105	0.08334641820462943	
4.431640395703342E-6	3.299910508267534E-6	0.33337949576529397	0.08334128104400554	0.08334598540251052	
0.25001896861837297	1.0713728814051602E-6	2.0230255256192094E-7	0.16670574805661162	0.08334644815224433	
0.16666728275463474	0.08335457037633706	1.043397157042106E-7	0.16670733995162312	0.08334801456254788	
0.08332079586527429	0.16669372434727903	1.6065575989630364E-7	0.16670248054342995	0.08335790547047818	
4.251876515017491E-5	0.2500345284282308	1.4641904139543834E-5	0.16663826873318302	0.08334856612525621	
0.1666954750850411	1.5459955857631022E-6	0.08332438944380902	0.16670722370047356	0.08334792262412853	
0.08338108689408744	0.08336389364237431	0.08329386116705484	0.16668745884931827	0.08334606391802515	
3.6178602976801518E-6	0.16671693424835696	0.08332846950604879	0.16672348371167683	0.08335707379749506	
0.08330740496117259	7.12399256442475E-7	0.16671228662923682	0.16670650071261905	0.08334690016091384	
2.843758945818747E-7	0.08330609297168479	0.16670746357552227	0.1667086645470395	0.08334673589654355	
1.1172557695950623E-6	9.134006326356418E-7	0.25003684931129483	0.16668783733199463	0.08334560278143195	
0.16666363835007003	1.27588953797168E-7	5.7636495300544055E-8	0.2500600776939186	0.0833470382185795	
0.08333282232121128	0.08333322773903912	5.078072336734277E-8	0.25006503865788915	0.08334706898242819	
3.1415707514786826E-5	0.16670993532037814	1.3902756854406003E-5	0.2500070116142581	0.08335783943320764	
0.08334582292211933	1.5005405065904652E-6	0.08331563483156595	0.2500587576589326	0.08334660040051636	
2.5530903954728184E-5	0.08336248045114704	0.08335619609681974	0.2499856961920102	0.08334801553166891	
1.1398101188710853E-4	1.1580518412625455E-4	0.16666716254609115	0.24982665355743613	0.08334761671696578	
0.0833621240193403	2.5579492593171504E-5	3.1617233713811907E-5	0.3333075062907877	0.08334734776417779	
2.5517006379389665E-5	0.08336172359064098	2.7361971020035352E-5	0.3333171462572072	0.0833483598053703	
1.1777403829757075E-4	1.1558886261330787E-4	0.0833997625833063	0.33308844125996606	0.08334960636953047	
3.190561280315427E-9	1.3714100308296825E-10	9.047179973776304E-8	0.4167288385699564	0.08334830052897378	
0.33338331821547623	6.497422364352754E-7	1.7796879557959102E-7	1.3256684491646127E-6	0.16669050039289876	
0.25003686067027203	0.08334260770945089	1.1610430424915617E-7	3.693138765080061E-7	0.16669002227618715	
0.16669518790987428	0.16669418128864286	1.7640581984985664E-8	3.228216661477719E-7	0.16669467524478684	
0.083324194809106	0.2500520096582365	1.1247851731858543E-7	2.642465380214837E-6	0.16669000342278112	
1.1867239662799443E-6	0.33338457934709637	4.246351787821175E-8	8.038373534691928E-7	0.1666937321529658	
0.2500234159473465	4.342375211487863E-7	0.08335556644994922	1.783861491493233E-6	0.16669111156163316	
0.1666987883059887	0.08333694161871892	0.08334514395902949	7.177852188041634E-7	0.16668858644991577	
0.08334708221905303	0.1667018371267531	0.08333255527792237	3.6990634941489145E-6	0.16669217512675338	
1.123528555038955E-5	0.2500345499017299	0.08333115629491655	2.057110373608041E-6	0.1666901354559599	
0.16666361241851846	4.724862341247815E-7	0.16671837401941525	1.8100456740444848E-6	0.1666926661868479	
0.08331870559280632	0.08330799262636063	0.16673919000696955	1.0585541516667688E-5	0.16670213157289457	
7.834677147956074E-7	0.16669649737153205	0.16668185248174933	2.057223615207708E-6	0.16669123536141672	
0.0833856772956332	8.287201126348716E-5	0.24994542307316645	2.427286160159388E-6	0.16665715448969823	
1.397311562031779E-6	0.08333741044393454	0.25004326721157183	5.371463211276918E-7	0.16669119987113495	
3.077141914111442E-10	2.844176907336818E-7	0.3333792363811938	2.6484867218192742E-8	0.16668761907711657	
0.2500467109522817	3.3916552917146203E-6	1.278691701285304E-6	0.08333613760876392	0.1666936275061273	
0.16670486626731987	0.08333976770908207	3.6946055386347543E-6	0.08333518278754319	0.16669146518055145	
0.08334440504445012	0.16669540412534067	5.5685966645372104E-6	0.08333419792351648	0.16668949691743964	
2.037697271580375E-6	0.25006909363637037	3.161145231935604E-8	0.08334264149074087	0.1667258252427842	
0.16674364240924838	3.1920574743012684E-6	0.08330233905433687	0.08333540191398091	0.1666921557707932	
0.08333199841924227	0.08334103296956218	0.08337105130237259	0.08333384904029016	0.16668867701327483	
2.1807326513157643E-5	0.16670615972877492	0.08331628195832702	0.08333465176325947	0.16668925076327	
0.08338354076360399	5.829091274975218E-5	0.16664713991030114	0.08334956213501551	0.16664537113645758	
3.647168781644361E-5	0.08339711620639749	0.16662662755725802	0.08333997829857216	0.16667136855585923	
4.897253997987952E-6	4.565066165542966E-6	0.2500351015423456	0.08333500896137384	0.16668873341562604	
0.16671362850355473	4.159556287367114E-5	6.849160538468367E-5	0.16663380685906953	0.1666343519389715	
0.08333928043124428	0.08335176058583371	1.715307483510173E-6	0.16669578396314969	0.1666870287567775	
1.217118395758174E-7	0.1666793915001634	9.595864110750246E-9	0.1666920998931749	0.16669960920981666	
0.08333033297813298	9.568915414162321E-5	0.08329401968373983	0.16671847284723315	0.1666448769384653	
8.701065652873166E-7	0.08334687949022167	0.08333384416346765	0.1666941198172733	0.16670443828273207	
3.505640148176543E-6	2.8411560298541434E-6	0.16667879336039684	0.1666947648980182	0.1666894710586167	
0.08335158316830071	1.8203141155469032E-5	1.1571698200315609E-5	0.2500040317391359	0.16670811229247431	
1.3227251041454945E-4	0.08338554061463604	1.0440219521654663E-4	0.2498930179151272	0.16666159580916817	
1.5683620970135317E-5	1.484206074159577E-5	0.08335935802399631	0.25002960245265105	0.1667090599141385	
6.326151987403233E-6	6.3268404931269766E-6	1.484744540501492E-6	0.33341206249485483	0.16663990998133904	
0.25000987365565847	1.061790445114108E-5	1.0180291760164337E-5	2.1300565920217635E-6	0.25003693210463557	
0.16671131971754383	0.08335385605894353	1.3357926977226187E-6	9.666473636275836E-6	0.2500012552265751	
0.08335529071262879	0.16671677772043583	2.558192191530065E-6	2.797209037018768E-7	0.24999973882295265	
1.2057731746941025E-6	0.25003028646084274	2.745945995281607E-6	3.960436396830451E-7	0.25004095468010606	
0.16668858231317668	1.0528744958385952E-5	0.08338069619902572	1.9099616893995253E-6	0.24999052357747256	
0.08333071317509189	0.08332603160303018	0.0833609131332488	1.7787489826721785E-6	0.2500546987582505	
4.700353540423286E-5	0.16672802325743788	0.0832968897664153	1.8885372396428805E-6	0.25000086164855645	
0.08342821101939596	1.0312392857429533E-4	0.16661049281482418	2.6105978225486393E-6	0.24993516910031746	
2.499801458926208E-5	0.08341097728048236	0.16663556861151899	7.937130541965088E-6	0.24999553245730574	
1.9281979353217616E-5	1.4402209687276542E-5	0.25003613040530526	6.670039386940202E-6	0.24999504825281485	
0.16670925979814105	1.0822663519137148E-5	8.049963025658194E-7	0.08331824599581032	0.25004030275841277	
0.08336992352275592	0.08335297463867421	2.4439957002378857E-5	0.08333134698813749	0.25000348770323105	
1.6214889110649218E-5	0.1667111624692374	2.1440657118376258E-5	0.08332688906793514	0.24999982294944878	
0.08334342253768015	2.903368516534992E-6	0.08332844824123688	0.08334574210887565	0.25005578899136677	
8.004736319665921E-6	0.08333614060230603	0.08333835262527278	0.08335110337897542	0.2500348590993302	
1.9152855672207757E-5	1.8310675242386917E-5	0.1667091315859467	0.08333256356614578	0.2500031004900661	
0.08338230427004102	4.5225099584258816E-5	1.262616761300529E-4	0.16662514857763372	0.24989651530145257	
4.0645825287956655E-5	0.08335129907898774	1.2733503459725474E-5	0.16667047249649902	0.24999955952125613	
1.6506710492863494E-5	1.642030458126712E-5	0.08335117720302394	0.16669578166696572	0.25000140866211906	
4.199806152548493E-5	4.2000102106446254E-5	4.9109427621495275E-5	0.24994573885282137	0.250004364484606	
0.16665661418738353	2.9418925986789026E-7	7.089118571034702E-7	1.316077432281876E-6	0.3334154097778416	
0.08334884239458631	0.08336184585256802	2.3794506456246315E-5	3.3168898454924857E-5	0.3333078419686227	
4.6198510537688786E-5	0.16666630944110758	2.2760331316558545E-5	3.315124208250806E-5	0.33330535669781985	
0.08340320758552056	3.455009603682147E-6	0.08336653551134086	3.041671847807194E-5	0.3333561299831494	
2.238441399340632E-5	0.08335767446327033	0.08335681594966082	3.267159412777632E-5	0.3333066452658185	
2.8936225842113716E-5	2.71773980220378E-5	0.16667905737546068	3.3156275853973926E-5	0.33331092022600467	
0.08336041283282908	2.7658379001372168E-5	2.773946704881843E-5	0.08335683780766473	0.33331282019909597	
2.9791484762763388E-5	0.08335728804102019	1.3084392936860196E-5	0.08334120467024055	0.33333373589358384	
2.4685874129341435E-5	2.4576428360148764E-5	0.08336732160232588	0.08335786974494107	0.3333159657047362	
3.1516889868404374E-5	3.1510637193218655E-5	3.9859000587296995E-5	0.166687162519917	0.3332975865901585	
0.08336180501872945	8.31051904119488E-5	1.067182311045597E-4	1.6875811976053035E-5	0.41650635386335094	
2.226559923516588E-5	0.08341860151483099	1.1237907340213393E-4	1.6573975526897698E-5	0.4165134558140967	
9.43730178613303E-5	9.27117811069843E-5	0.08334648743823653	3.9206839758701714E-5	0.41651843614911993	
6.738557908493099E-6	6.5500557174828795E-6	1.1455522222561931E-5	0.08335367096799327	0.416698978020423	
1.6412413903060786E-4	5.333460591850087E-8	9.854077791439882E-5	4.11172113835778E-8	0.49981284342517407	
