0.5000282815502062	3.1094440038046486E-6	2.7410441136470115E-6	3.942594226965653E-6	3.3681635983142324E-7	
0.4165372983609701	0.0834426779146421	1.166263510056125E-5	1.054525886748131E-5	3.377976838086612E-5	
0.3332437486058746	0.16675043097534129	1.2847719345093141E-5	6.667593102395933E-6	6.238272609769527E-6	
0.250023605938422	0.2499781332579851	1.5621471375860664E-6	2.975074010553812E-6	5.326306648456195E-6	
0.1666175843460104	0.3333795921997857	4.918436040135532E-6	3.691602851799682E-6	7.175991835148593E-6	
0.08336842231324978	0.4166315210810583	4.954796544705683E-6	3.725744372524236E-6	5.643862340286617E-6	
4.189950582590039E-7	0.5000062727585721	1.929016842570353E-6	3.736464909757344E-6	3.9301447729376105E-6	
0.4167062192227389	4.486937310193267E-6	0.08331684136841344	1.4425955313536883E-6	6.2263580920743655E-6	
0.3333545716053189	0.08335279382412042	0.08331617460119015	6.419387274854914E-6	6.245410963991172E-6	
0.2500012018638827	0.16666048259761293	0.08334856129977727	8.161358570166746E-7	2.54921324225216E-6	
0.16671538181212378	0.2499898362982016	0.08331907679356039	3.2594547843386427E-6	5.743419553526683E-6	
0.0833309012570369	0.33332861106945383	0.08334922490529532	2.0950663637621515E-6	2.3704931992921476E-6	
4.799977701000254E-6	0.4166531968773577	0.08334895367691551	3.636104611426562E-6	3.9499536570025405E-6	
0.33335506509072826	8.727045010724883E-7	0.16667805226791743	8.985337961423307E-7	3.2297828430277777E-6	
0.25001191134386946	0.08334131632865513	0.16667732675188698	3.269385319658181E-6	2.9444667366900866E-6	
0.16668316817379772	0.16665700617761028	0.16666947320844386	3.5168623973530323E-6	3.944725005258724E-6	
0.0833336910426255	0.2500191882536423	0.1666771483631473	7.589250116416934E-7	2.4686583995040436E-6	
6.376586122116854E-7	0.33321301272169185	0.16678972677141646	5.164454960732868E-6	5.6104888142986056E-6	
0.2500312754614013	7.732452538204597E-6	0.24997368584363266	3.8020505793618507E-6	3.1987293160084136E-6	
0.1666695679144232	0.08334624767968972	0.249977938994088	1.6249907781447807E-5	6.080528307982716E-6	
0.08334240365579601	0.1666568245131517	0.2500118050288084	2.1317974903293324E-6	6.130529220768178E-6	
5.54617600678744E-8	0.25000008185939554	0.2500118047813769	8.878923502025643E-7	1.0050483172089083E-6	
0.16666329126188562	3.880956061456564E-5	0.3333029091882259	3.090206880537884E-6	6.2240756117280816E-6	
0.08335781579668536	0.0833507666501245	0.33331452032837355	3.948347779127692E-6	4.261241783009423E-6	
1.1705547364707463E-4	0.16666035942778662	0.3332552759358404	2.3545560712398004E-6	1.0055231800274082E-5	
0.08334853950156638	2.057626614335193E-5	0.4166333981676202	7.5671351854602895E-6	7.642926954309032E-6	
4.108599222723202E-6	0.0833638993248271	0.4166278617688661	7.804762709751496E-6	1.2483235292893204E-5	
7.948663804022512E-7	1.0591663649177476E-6	0.5000145880044508	8.431616779416461E-7	1.4578513489672375E-6	
0.41666897619588256	2.0094623992491955E-6	8.205371059684447E-7	0.08336094179005361	3.9173034969681525E-6	
0.3333265605817862	0.0833457516622075	9.661750056974744E-6	0.08333588950784837	3.6536025403458664E-7	
0.2500229506335512	0.1666749866075311	7.86486933532812E-7	0.0833382453006271	2.5527708378253546E-7	
0.1665884707242264	0.25005171982119445	3.624580834712914E-8	0.08336465106416711	9.531991252972575E-6	
0.08333243274876459	0.33333471967034234	1.3354011266849386E-8	0.08334616366478444	1.5771717329346048E-6	
1.702086510490583E-6	0.4166638880794221	7.00841889511904E-7	0.08334596346512303	2.2978872605545593E-6	
0.33335187470799477	1.6030231625423864E-6	0.08333945273012956	0.08333808923144137	4.334847121095109E-7	
0.2500029611752803	0.08333974820417814	0.08333686688630365	0.083334416179332	1.287625757518735E-7	
0.1666987561311955	0.16667707946643734	0.08334524389641804	0.08331493459850053	3.9234554728589855E-6	
0.08333028460744007	0.250007075728244	0.08334050742223496	0.08333406898475593	1.570018723211813E-6	
6.000086815862668E-7	0.3333384753300016	0.08333986009835341	0.08333342820347732	2.2725874265290208E-7	
0.2500087396973683	2.7943509397388664E-5	0.16664185451078514	0.08333670431908806	3.9354680120013555E-6	
0.16665566671039816	0.08338090999393827	0.16664351940841202	0.08333400298537857	1.92664611577107E-6	
0.08335632377528122	0.16668451024687622	0.16663986455767102	0.08333378080942899	4.977757174412158E-7	
8.536453975746856E-6	0.25002087133163864	0.16664971227105393	0.08333410115233406	2.9211770920930487E-6	
0.16669110132185577	4.515437683857424E-5	0.2499401532362792	0.08333188169327573	6.285242305757809E-6	
0.0833449262496013	0.0833343269427256	0.2499981894598019	0.08333262315448886	4.232944054761841E-6	
3.5416869582450095E-7	0.16667918278404556	0.2500047963421834	0.08333361820110666	2.956741909564767E-6	
0.08329308974728256	3.6008114770449256E-7	0.33338176852623186	0.08333215427250353	6.439709975043798E-6	
2.1311131991156053E-9	0.08329365214963345	0.3333833718155348	0.08333388582743355	6.394981749233819E-6	
1.6954560475064435E-7	4.625554362673085E-9	0.41667930714063306	0.08333254512586258	3.4507899337038385E-6	
0.33333996765955787	2.4599563119326046E-6	2.0010290124194203E-7	0.16667104767745014	1.1618858040236862E-6	
0.2500015502377468	0.08333973188086825	1.59564958131253E-6	0.16667266075962966	3.653153941976859E-7	
0.16668429632178083	0.16666254953192716	2.7896839438228017E-7	0.16667535877256232	2.439853929147795E-6	
0.08333485139098229	0.25000354594521423	4.8652322650392496E-8	0.1666710211634729	2.257190482490972E-6	
1.6755834818824936E-6	0.3333249962877479	3.2167044272523753E-6	0.16667623369354637	7.24706323762959E-6	
0.25001023751803064	3.199101701898439E-6	0.08332780579345625	0.1666723765294434	1.1895667479812898E-7	
0.16667183183114895	0.08336590232731941	0.08329900303435075	0.1666761993342165	1.541245900426479E-6	
0.08333849487886534	0.1666466570110232	0.08335651974137684	0.16667164298663847	1.9915534042610683E-6	
8.67542671707349E-6	0.24997658136810177	0.08335655472149396	0.166671714984457	2.4657750005074597E-6	
0.1666525870721847	1.2238290891565975E-6	0.16668402941763208	0.1666719238626007	5.21430210226374E-6	
0.08333824479915813	0.08332735810560576	0.16666923077169707	0.16667509887940593	5.063813434965804E-6	
5.9617972894370584E-5	0.16674609668340615	0.16653467430213192	0.1666710122051419	6.2581048731902585E-6	
0.08345319868906992	2.1259880152874836E-4	0.2498126222568987	0.1665177270141932	1.5543758683420683E-5	
1.0630219421079527E-6	0.08334377928331321	0.24998595521611836	0.16668617827226057	2.789582596821619E-7	
3.0479631478824776E-11	2.020675751917099E-12	0.33333840223597017	0.16667492944306014	5.533114230270953E-7	
0.25000419335832175	2.6126458921269337E-5	5.239012349773304E-6	0.24996570603966567	1.097406500762259E-5	
0.16667898204359552	0.08333284752437024	2.549627360404951E-5	0.24997283398024595	5.235928547769366E-6	
0.083358687542986	0.16667447460232745	5.925077693297228E-6	0.24997448548285447	2.183579615091491E-6	
6.81408544697958E-6	0.250009284806848	5.7262831721658356E-6	0.24998835444911785	2.4303378670417156E-6	
0.16666973996964252	5.500663938215588E-5	0.08332346987440868	0.24998091647308798	6.6689582892610486E-6	
0.08333379987456499	0.08332494333003926	0.08334250175356249	0.25000911925413344	1.4661344020679758E-6	
4.374164895580167E-6	0.16666533620878754	0.08336840293811225	0.24997360918857603	7.2955719011603185E-6	
0.08332447862903494	4.375907886185874E-5	0.16660521880347315	0.250050904678566	6.3768395190811E-6	
7.137892753368483E-6	0.08342507234481482	0.16659823788867711	0.24996612924527342	1.5291416211638315E-5	
1.4067707158478916E-6	1.214151977303426E-6	0.25003438369761327	0.249970855193556	4.728478279585447E-6	
0.16668530014922192	4.5430665335515886E-5	2.844400629683554E-5	0.3332508057187893	5.359439065886085E-6	
0.08334052071916975	0.08333006508848331	3.820336104311772E-6	0.33333511347448863	5.287200591634003E-6	
2.2651667469847866E-6	0.16667173381488065	1.6855395104270648E-5	0.33332004971298923	5.290150405504072E-6	
0.08333761217268254	2.3552857143261667E-7	0.08333947207997196	0.3333365265947707	1.8266318282073616E-6	
1.1347120313594668E-6	0.08333629705068514	0.08333739168348588	0.3333359207030546	1.8472270401858474E-6	
4.763480122778926E-7	4.788442624748863E-7	0.16667289866559473	0.33333377408372084	7.009189827810409E-6	
0.08336118292995325	2.244328905377932E-5	1.556217909900688E-5	0.41660801373329975	8.290969840547842E-6	
4.801788583241318E-5	0.08334805230608965	2.287774206774668E-6	0.41660485375250667	5.956694726385999E-6	
2.532503172550627E-5	2.465317743669803E-5	0.08333847667725869	0.41661604533299146	7.048726032031475E-6	
1.9694218777260876E-8	1.000577401941934E-7	9.223724959814665E-7	0.5000046845316861	6.1973825930776535E-6	
0.4166915796830225	5.184542586548843E-7	2.3295046573100523E-6	9.00746042060239E-8	0.08334373727294465	
0.3333273703210192	0.08334596091293107	1.6541804668433372E-6	4.268803386572079E-6	0.08334107539641063	
0.25000626026351647	0.16667216564730858	1.5847304130359863E-6	6.780017821997376E-7	0.08334091342791171	
0.16667351843834882	0.25001549948228596	2.3256993563491247E-7	1.1965650557714896E-6	0.08334294292857358	
0.08333678779146851	0.33335121680625623	1.1267847331991746E-7	2.2971833041400313E-6	0.08334286199160358	
6.437493144931828E-7	0.4166711160186617	1.380109769245884E-7	2.6177608544771597E-6	0.08333964916915376	
0.33334271859547226	1.3673923833506488E-7	0.08333625841105118	8.085676460347235E-8	0.08334071553909786	
0.25000809358908055	0.08334145867424939	0.08333792875735542	1.435012029341775E-7	0.08333195707245777	
0.1666659236724967	0.1666359072407584	0.08336967155059091	3.1242716825791303E-6	0.08333993730440098	
0.08333089650967443	0.25000854033668646	0.08334001613834421	3.7645170914901343E-6	0.08333152552757843	
5.406028286759959E-7	0.3333315206473171	0.08334021167505544	2.620316019187853E-6	0.08333975895254903	
0.25001741423046075	2.1231021099319622E-5	0.16664496146617985	4.032621538343423E-6	0.08333205919801195	
0.1666577298167726	0.08337944411035972	0.16664398086255233	2.3288049433214828E-6	0.08333122847395764	
0.08334014267148955	0.1666919703831187	0.16664060015406182	1.8583413716577229E-6	0.08334009428637022	
1.392101631620093E-5	0.25002143923789305	0.1666360094942386	3.238558750265839E-6	0.08333996567921954	
0.16669069368118028	5.900317346769908E-5	0.24993257882437517	6.4479202287827675E-6	0.08333227781904134	
0.08331322011088839	0.08333164133992049	0.250025334547861	3.773802936901031E-6	0.08334084744342413	
2.267825059397721E-6	0.16667412432198703	0.24999387273617166	2.332694945875469E-6	0.08334161271984104	
0.08337184654178566	5.031409203622679E-6	0.33330470122746214	6.443167947526462E-6	0.08333298570942932	
6.106658659706611E-6	0.08337016740211226	0.3333012245236089	6.4738920668177525E-6	0.08333194862931942	
6.726692486714697E-7	8.683620918827445E-7	0.4166801874162835	1.6634820332460052E-6	0.08333203334491147	
0.3333429833265918	3.7472296089158422E-6	4.329517034067883E-6	0.08332741533187607	0.08334051466462802	
0.25000620594612605	0.08334080942061836	8.106612566956776E-6	0.08332033323513975	0.08333994288327908	
0.16668439294168363	0.16665189050380752	3.2350292734095795E-6	0.08333579516358094	0.0833398744699367	
0.083331909647841	0.2500119309027512	2.573842092770486E-6	0.08333612436604868	0.08333153453504115	
9.24757695726795E-7	0.33333677911964893	2.209156452924256E-6	0.08333431542954312	0.08333960498575664	
0.2500107018658582	5.881174872895357E-6	0.0833332179122745	0.08332481300341425	0.08333986386168006	
0.1666892771922347	0.08332855978063941	0.08333268143645649	0.08332487235456687	0.08334001913710223	
0.08333250188233852	0.1666771682495163	0.08334006242174677	0.08332440085334748	0.08333906384194464	
8.480406152732067E-6	0.25001331268485966	0.08331701634339031	0.08333428479703714	0.08334109178554348	
0.16667089867503182	8.288663591335676E-8	0.16667913469261866	0.0833248011898432	0.08334108181862951	
0.08332289215911776	0.0833472654672267	0.1666784273213711	0.08332531477352817	0.08333943964006077	
1.8921860833254015E-5	0.16667524952497728	0.16664520678463565	0.08333463493239478	0.08333946014403275	
0.08334028165110506	5.1077227985722785E-6	0.2500081647604326	0.08332602609554547	0.08334056453437505	
6.111087328354212E-6	0.08333733188772775	0.25000232621786583	0.08333623089964655	0.08333135839126173	
6.230278593697866E-8	1.2359068451242767E-6	0.3333392992712652	0.08333493778418706	0.08333951772630338	
0.2500076891243609	2.7980245453868066E-6	1.3685801309806427E-6	0.16666632671602113	0.083340859112872	
0.16667577789659885	0.08333222569241906	1.2096672042888212E-6	0.16666531178397762	0.08333973235155624	
0.08333063263858279	0.16667614767423117	1.5528713837354945E-7	0.16666315749211563	0.08334557549675843	
7.56269665757141E-6	0.2500016510123583	2.4811955262522926E-5	0.1666404942176715	0.08333964967584385	
0.1666734927076497	1.894766318607095E-6	0.08333944929953827	0.16666835668540264	0.08333265526897644	
0.08334081631580917	0.08333197464494732	0.08334224422454228	0.16666923780469198	0.0833318559950901	
4.8485726442455914E-5	0.16666903379218193	0.08336750772925171	0.16659719982499635	0.08333124035105922	
0.08337516644893557	1.0332432237147528E-5	0.1666379094467432	0.16666060132783564	0.08333179669838511	
2.7255318715077817E-5	0.08335559391061928	0.166640224442164	0.16666036112630886	0.0833316800470352	
1.4917884167365565E-6	1.4819775490788346E-6	0.2500157178998714	0.16667097464041936	0.08334252006349065	
0.16668745428956536	2.0898157344604477E-5	8.252943525135684E-7	0.24997210603251302	0.0833349399597811	
0.0833224906000312	0.0833297131520659	1.0379910046248481E-7	0.25001716145066594	0.083343649146171	
6.492245193522285E-7	0.166651897619889	6.634707964731335E-9	0.25001753040001745	0.08334350673079254	
0.08332659306953996	5.391723375802147E-8	0.08332838891121835	0.25002126917902096	0.08333396126853841	
2.3696386290733701E-7	0.08332479040655748	0.08332680680156226	0.2500164532079578	0.08334338215797335	
2.6526971189786534E-9	1.3728608962423878E-7	0.16665453882001274	0.25002052224771204	0.08333944824614381	
0.08335397707748522	2.7847787867428836E-5	3.401968461325338E-5	0.3332548789071517	0.08333861090612031	
5.7651051550073205E-5	0.08335273340425188	8.563074703073023E-6	0.3332632624598603	0.08333339786872872	
1.0655624537678125E-5	1.105453262975621E-5	0.08334406512561232	0.33330119606519737	0.08334209109650662	
2.1540994542658764E-7	1.898566461639785E-7	4.0191350627452427E-7	0.4166792380216708	0.08333433582122601	
0.33335233857584506	1.3197800730307251E-5	7.809824441493493E-6	1.1632788499867699E-5	0.16665574357278332	
0.25000476414739575	0.08334032878999297	8.103731335598394E-6	2.117225391552385E-5	0.1666627830249674	
0.16668307914784333	0.1666564744038674	8.57000185247388E-6	2.161294188810934E-5	0.16665847293107675	
0.08332234880783673	0.25003925719043324	3.6135114371932596E-6	2.5008878304337602E-6	0.1666574827651748	
3.826056681098143E-6	0.33333575279201116	3.222432613871694E-6	1.743395386448207E-5	0.16665547526270977	
0.24999871139279803	2.05403897855146E-5	0.08333334202381276	2.0972723632822363E-5	0.16664078814954922	
0.16667206083907993	0.08334908039603035	0.08333364231163774	1.1027077777927373E-5	0.16665015375067357	
0.08335843282876501	0.16668640946445876	0.08332235853203493	1.0893416667508851E-5	0.1666627722191778	
2.860860424451347E-6	0.2500273599280028	0.08331661156956846	1.8235780787781046E-5	0.1666494802465574	
0.16668282449919303	4.031620691629675E-5	0.16664240054192508	4.0773618235417795E-6	0.1666577988165157	
0.08334751119566852	0.08332575768158795	0.1666839226279329	5.264464863225069E-6	0.16665228979082639	
5.342927936683364E-5	0.16666347538677628	0.16664507598440878	1.683519311748338E-6	0.16665226033478464	
0.08334169403578594	3.69011644286319E-6	0.25000814909730384	5.80208697504727E-6	0.16665292943326987	
2.6551853772289622E-5	0.08332809281267826	0.25003735846824954	1.2156936805120568E-5	0.16667219828884056	
2.660059506788554E-6	3.5915261257325294E-6	0.33334222770950767	1.2192038922209286E-5	0.16665378227446984	
0.25002566027846385	2.788377310354031E-6	5.934072312281697E-6	0.08332436686370114	0.1666568378770835	
0.16666173244064436	0.08337491975529843	6.04703991530778E-6	0.08332735831649282	0.16666106512013268	
0.08332496581432813	0.1667154017441393	1.6714722917750603E-6	0.08332608112208394	0.1666597723440912	
8.695030395194034E-6	0.24999332622835685	6.301873118018063E-6	0.0833581859377891	0.16665862876078028	
0.1666770628997133	3.8117623181860393E-6	0.083356485364952	0.0833252974272968	0.16665695930571392	
0.0833380757328148	0.0833454626581794	0.08335067590392486	0.08332417963917857	0.16665553486792528	
1.918776124714469E-5	0.16664214665887214	0.08333969909792496	0.08335700591745968	0.16665535688685856	
0.08337074000302205	9.212427816758687E-5	0.166604758218487	0.08332716337830107	0.16663585763499383	
2.7407500667729386E-5	0.08337218331310524	0.1666654803130288	0.0833263130759105	0.16663415377808447	
5.018818893707615E-5	3.42103545082204E-5	0.2499777683955943	0.0833067558463579	0.1666579237652295	
0.1666841150294018	3.633047203012471E-6	4.052100568841142E-6	0.1666676341354092	0.1666557333154152	
0.08334074616843462	0.08334794679597017	2.7332366682358216E-6	0.16666789291068296	0.16665600719788765	
4.372651115725358E-6	0.1666864421027734	4.0345955164735165E-6	0.16667238650161506	0.1666592591026326	
0.08334581333747773	2.261430099039217E-6	0.08334462497394035	0.16666525468098004	0.166654631622287	
1.2781242345617282E-5	0.08334748344816191	0.08333017658028208	0.16666837769972634	0.1666550582780343	
1.3611580562550203E-6	1.3740892927536535E-6	0.16669365612395412	0.16667432655262196	0.16666100709126758	
0.08334996705568598	2.7386853744692643E-5	2.7358630901058814E-5	0.24997470574767916	0.16665221964262003	
4.1108564258320115E-5	0.08332131715018619	5.553648882210734E-5	0.24993887845988372	0.1666552835746856	
4.7409274526782816E-5	4.792572853515975E-5	0.08334388191533627	0.2500028276538677	0.16656906519088796	
1.3165824677028948E-5	6.41874330144958E-6	1.8982569439616238E-5	0.3333305826418196	0.16664204977622316	
0.250009417227585	5.028661111735485E-5	5.7349016357526305E-5	6.736292131374131E-6	0.24990757916093756	
0.16667265182516366	0.08334829744995918	8.15479024968178E-6	1.5879862763549945E-5	0.24998459991603833	
0.08332707252061299	0.16671838519050652	1.1530848491916017E-5	5.5338270062230396E-5	0.24990195573052754	
9.265359622182938E-5	0.24994783360839515	2.8825461164102432E-5	1.3674642883374377E-5	0.24998359512503535	
0.16666399253210054	1.6603040733995333E-5	0.08336104468426299	1.789394998403791E-5	0.24996230191489574	
0.08334799327186419	0.08332780762357699	0.08334660146751474	3.120365936956321E-5	0.24996028141696197	
1.616828680081288E-6	0.16660723494561533	0.0834595958566941	2.632145175233983E-5	0.24992023105003847	
0.08336243989287681	4.2921517291228175E-5	0.166641591312891	1.696800341682298E-5	0.24996609235496647	
3.090628743112968E-5	0.08337463307732051	0.16664194694062584	1.6681544864456828E-5	0.24996478314615825	
1.4143424384414981E-5	9.015698047723576E-6	0.2499924896706728	4.5157249895669046E-5	0.24996143263776294	
0.1666772227725565	3.365897584573798E-5	3.7149073752535796E-5	0.08335205918209203	0.2499315184959704	
0.08334886989282189	0.08335718422340142	7.53870133055431E-6	0.08333463000064424	0.24997181339737748	
1.0906652191735358E-4	0.16668621745921136	5.645801034398245E-5	0.08326116587476422	0.249902876528088	
0.08335453444096604	3.6042691046388025E-5	0.08335056639058583	0.08334862043994103	0.2499245579938815	
3.654897805347898E-5	0.08336338584971567	0.0833654573023807	0.08328136677942022	0.24997899357937128	
1.3495719336642028E-7	4.888294364785322E-5	0.16667347617935932	0.08333913222632129	0.24995784369544435	
0.08333605862024436	3.503534070343931E-5	2.064507064124442E-5	0.16664797183311833	0.24997565026836924	
1.4091457650234152E-5	0.0833494704635866	3.066009003314231E-5	0.1666657815647087	0.24995466000934505	
4.3654393661332115E-5	4.0002974978805604E-5	0.0833053628899857	0.16665636218153515	0.2499694112799546	
2.341956996566776E-5	2.3623753907184444E-5	2.71779645783579E-5	0.24997941324276332	0.2499776656328461	
0.16666488194860107	2.8491596906257626E-5	9.502359062851063E-6	3.9482166157053874E-5	0.33328053348112685	
0.08336064374994019	0.08333932455586567	1.886997080436263E-5	2.0883513350215994E-5	0.3332753555456418	
1.6729952862986534E-5	0.1666716085208552	3.724582794536546E-5	1.9313159997502964E-5	0.33328390311870393	
0.08335019209838834	3.0851722241212705E-5	0.0833412867020547	2.088751433426176E-5	0.333284214178192	
8.863687215992896E-5	0.08339302295396271	0.08326230442920272	1.931227264252997E-5	0.3332623195297499	
7.215905440469068E-6	7.264466518274967E-6	0.16668048157809678	1.7537110804237803E-5	0.33330186678458684	
0.083313761278812	3.8408432257661965E-5	2.9393979375033618E-5	0.08333662284761473	0.3333104359088864	
8.210821145050193E-7	0.08334127932974549	1.9510145084449552E-5	0.08335121253060787	0.3333012377596454	
3.386121238268008E-6	3.3804885563578787E-6	0.08337366902117974	0.08333733282580963	0.33330945790913336	
1.1636370580057855E-5	1.1629202715222004E-5	1.0261546725668472E-5	0.16668418851761954	0.3333125035190476	
0.08329457555086536	4.5681095868887626E-4	1.6444467431806634E-4	1.2888383450300217E-4	0.4159826237281802	
1.7730788095711404E-4	0.08335490258836292	1.6401547387842488E-4	3.503728634090466E-4	0.41599194146578816	
1.3930829672812746E-4	1.3918648097039206E-4	0.08334654452925382	5.8795335548401106E-5	0.41634311947616964	
6.523750133552038E-5	5.6912617096629194E-5	6.306753161034128E-5	0.08339293885384232	0.4164532798812103	
2.9606139472588102E-8	3.590579796820141E-8	1.69046771393275E-8	1.0591841632582816E-5	0.5000187021729515	
