0.49997197637372615	2.168927789680923E-5	9.222118055433385E-6	5.951334945317069E-6	1.9820449958450668E-7	
0.4164788820958317	0.08351571510458998	9.622295503851088E-6	6.00663542957654E-7	1.1670097807700848E-6	
0.3333767252696615	0.16660792323821833	9.233162677101852E-6	3.8911176821029275E-6	9.209930342105095E-6	
0.2500200829628129	0.2499456521940919	1.8445900187261338E-5	1.0946910074695801E-5	1.0816035367863189E-5	
0.16667141634657784	0.33333242775512745	1.256106411767061E-7	7.708528721119313E-8	7.1294705348343E-7	
0.08324280917467387	0.41673407552425695	3.500032923314266E-6	1.6195078608377115E-5	9.55018196222252E-6	
4.444219075575365E-6	0.4999864332314053	8.767064511532484E-7	1.2367851311690006E-5	5.700216763732365E-7	
0.4166712870952967	3.2887270772172975E-7	0.08333244747531249	4.346258658363548E-8	1.1484486480524618E-6	
0.33331218691715914	0.08336069774477976	0.08333261095723726	1.2560031161893335E-6	4.0426808605387874E-8	
0.24999483049638258	0.16667651133977265	0.08333229671129987	2.68850342052489E-7	1.036278471178885E-6	
0.16669986195907233	0.2499670881292989	0.08333217452561024	3.751851393179186E-6	4.749764495207401E-6	
0.08334283613523961	0.333327748311793	0.08333289315089609	3.785238800989771E-7	1.0563993810077628E-6	
2.2583828211010926E-6	0.41667171246393014	0.08332975003650707	7.32449829689834E-7	7.125327804548593E-7	
0.33334159553219156	1.1770380962129393E-6	0.1666623684437568	1.2944401897145185E-6	1.2439490567683357E-6	
0.25000670194210467	0.08333408151774714	0.16666137394234973	1.8109938616270002E-6	1.1591064038312151E-6	
0.16666955187017812	0.16667370627011155	0.16666150200132457	1.8196116252387018E-6	1.1021911300363343E-6	
0.08326129272603908	0.24996696268594235	0.1667575419128821	1.1667480751423824E-5	7.400611787313001E-6	
4.3254169609809E-7	0.33320953403081244	0.16674838962202623	2.472573788017882E-5	2.199030870095781E-5	
0.25000080448726825	1.4512674919647477E-5	0.2499875369716549	5.2767619575777105E-8	2.1675846133735824E-6	
0.16661842245504777	0.08339443080639893	0.24998167690279835	4.696664491903851E-6	6.371117280901471E-6	
0.08332838797878431	0.1666850108770445	0.24998484972879692	4.38681857673007E-6	2.562976390971332E-6	
1.0224204305002531E-5	0.250003226817283	0.24998934526943925	2.5914737349061555E-7	2.563425107029206E-6	
0.16668213454187855	4.256697555939688E-5	0.33326326584103644	1.0133930562244441E-5	6.913614877646705E-6	
0.08335379121629016	0.0833560981029405	0.33328352286750557	7.112414460210089E-6	6.101500781781443E-6	
5.074515005039964E-5	0.16667699475684636	0.33326162561105743	8.802046584201765E-6	7.137521787382684E-6	
0.08333432756839917	3.967057915823179E-7	0.41667071166206504	2.4659852974893447E-7	1.186346189673155E-6	
2.552631686636399E-5	0.08335626390517911	0.41661313806753625	7.172157100773708E-6	3.746648747587148E-6	
7.756325798007233E-7	7.767974109634277E-7	0.5000022418116098	2.4758031784949525E-7	1.3076020077143626E-6	
0.4166674338004513	1.2145388492459589E-6	1.9188648557424786E-6	0.08333522071224175	1.3356965899715784E-7	
0.33330082804963446	0.08336326164119431	4.250632846653982E-6	0.08333485676749404	3.099256940037452E-6	
0.25001982175039905	0.16664730353653417	2.0295828543068227E-6	0.08333492121702746	1.4860720518258755E-6	
0.1667489207545266	0.24988332650226694	2.983253021166154E-5	0.08333305478687848	1.7333741119014284E-5	
0.0833323695430986	0.3333369775398436	7.841489800561951E-7	0.08333521946574682	2.584631999859522E-7	
5.368233837056047E-8	0.4166691824278828	2.599011309303001E-7	0.08333509241403651	1.389736613076477E-7	
0.3333346436287995	1.1890607099509684E-6	0.08333418361137583	0.08333519196187943	4.739369682599469E-7	
0.2500027758239317	0.08333276321032933	0.08333409428070092	0.08333511384654445	9.716621303804305E-7	
0.16665100189871465	0.16665500112341874	0.08336120197176224	0.08333466179596954	3.38440516918443E-6	
0.0833435688239421	0.24999271233510867	0.08333166201179576	0.08333486396661129	2.0162004045772166E-6	
1.994860712528364E-6	0.33333498418976143	0.08333094957220996	0.08333487905211244	2.0160434284977723E-6	
0.24999233699087495	5.123371516799139E-8	0.1666756892295673	0.08333472456797816	1.999594835186545E-6	
0.1666353713782905	0.08337136886732051	0.16665908356431153	0.08333538328791221	3.8360876789958465E-6	
0.08331237921217538	0.1666934783905794	0.16665813690953504	0.08333781959223276	3.616184984363607E-6	
1.0106961787641855E-5	0.2499995984325273	0.16665726855000307	0.08333565047211715	1.9290951326759967E-6	
0.16667054718999366	4.287225671077087E-6	0.24999803170016063	0.08333148384113037	6.632106141955448E-7	
0.08333638800260232	0.08333846589942429	0.24999788703007572	0.08333174291903363	6.659799145557218E-7	
9.641189210158822E-8	0.16667516241811628	0.24999861904040777	0.08333168066568106	2.3144324328638377E-7	
0.08334471550509766	5.8255204332722235E-5	0.3332659682786409	0.08333035582802134	5.6855683677554725E-6	
1.8869256636676904E-5	0.08334055799183507	0.33331095642067526	0.08333098187134816	3.74722074147193E-6	
9.220076474287105E-8	7.811049911170586E-8	0.4166688243429265	0.08333616612171495	3.7824316034579676E-7	
0.3333367375747236	2.1539060916490754E-6	1.7924209438341918E-6	0.16666337951206323	1.2165093429968156E-6	
0.2500050030954902	0.08333302393248226	2.9479321712830403E-7	0.1666655265570016	1.2172846314299963E-6	
0.1666637601929137	0.1666745747127719	3.2288401196784937E-7	0.16666564947398735	1.1575475852687513E-6	
0.08332014598941553	0.25001725625719395	7.694557565041986E-7	0.16666454941546524	2.334335380326063E-6	
3.078148313956953E-7	0.3333385641647638	6.689730841114368E-7	0.16666477913686026	7.40789998085812E-7	
0.2500047555858416	8.855917327677243E-7	0.08333522006589032	0.16666390708017773	1.3984498460920572E-7	
0.16668286853972014	0.08332271187391739	0.08333553034822427	0.16666307471441022	1.1049606165153044E-6	
0.08335688649214044	0.16664607073121232	0.08333465606306507	0.16666425804293042	3.400482350075538E-6	
6.913751617055174E-9	0.24999676530559403	0.08332247043387829	0.16668243025472335	3.5857404583448244E-6	
0.16666891654402974	3.066581285663869E-6	0.16666948619319805	0.16666310262123257	3.585673677067388E-7	
0.08333873732682544	0.08334081617738771	0.16665867882314034	0.16666181226289212	5.1219758626193566E-6	
1.777746893411265E-5	0.1666746639105741	0.16664251958796286	0.16666375837096883	6.961833581800057E-6	
0.08334493374983093	1.3657956149122019E-5	0.24998211389545552	0.16666304967521509	1.2125544735997435E-6	
1.445174257317276E-5	0.08334520113909036	0.2499798365998785	0.16666213288295606	3.72663634420702E-6	
1.695958467943546E-7	2.0385609615594893E-7	0.33334131787496724	0.16666323602544303	7.53008539488776E-7	
0.24997917178113044	5.397016377757655E-7	8.348576402321644E-6	0.2500160755803471	2.6368130366614334E-6	
0.16668699558701858	0.08330314970206501	6.227799144919709E-7	0.25000845297890834	6.045955860041813E-6	
0.08330298616832522	0.16668685650675896	6.332890705109411E-7	0.25000816085340083	6.035422683601349E-6	
1.6794988442259893E-6	0.2500037345207943	4.984596562589193E-7	0.24999826644901674	8.034319461604665E-7	
0.1666584416370291	8.464218838743839E-9	0.08332883308966954	0.25001528725506494	2.2700503325270107E-6	
0.08332948245295511	0.08332656960413497	0.08333656369135864	0.2500103073026709	2.3675860975816836E-6	
2.952097552468572E-6	0.16667547976235111	0.08334787365917493	0.24997491918706954	3.581509055597625E-6	
0.08335388633600166	1.3124172258384484E-5	0.16666315678458477	0.24997249879402333	2.1187946450663526E-6	
1.912239450715649E-5	0.08334352717210275	0.16666628107247886	0.24997372110709887	2.120919230840132E-6	
1.9142624255920903E-5	1.8389959737893246E-5	0.24999303795683933	0.2499751913536334	3.84348855570212E-6	
0.1666636718837887	2.344333168920817E-5	4.844991420689051E-5	0.3332621040926054	8.042463323127354E-6	
0.08335047576352575	0.08329580410447271	5.051203637870741E-5	0.3333018913523949	6.146902078571484E-6	
2.5210516970557235E-5	0.16666878709122152	4.274220750200715E-6	0.3333055578134424	2.3642928911411865E-6	
0.08336212835875055	1.1256907143595825E-5	0.08332251777637593	0.33330080122366096	7.924532036082713E-6	
2.438804897966579E-5	0.08334942939262381	0.08332294968840769	0.33330252892740875	6.296635289014009E-6	
4.4569191383354036E-5	4.3264193730804E-5	0.16664943717044806	0.3332657716965778	2.485607585503038E-6	
0.08329964374030413	5.41535730129853E-5	2.6931333527661552E-6	0.41664227076829397	7.721307732572571E-6	
2.442789466413949E-5	0.08333051931640498	1.6286617358005363E-6	0.4166466367710558	1.999304079171884E-6	
1.1443494940769982E-5	1.2180819717718386E-5	0.08333334980448538	0.4166485063258165	2.3912441179419425E-6	
4.951515172547814E-6	5.401603114109431E-6	4.955418838731048E-6	0.49999231177742776	1.847067347501962E-6	
0.4166689929055964	3.496632585949912E-7	2.029536826294657E-6	9.995031075316727E-7	0.08333399400871094	
0.3333133097301255	0.08335302807787101	8.012533561970755E-6	5.005275012063237E-7	0.08333187577675837	
0.24998932547258004	0.1666793808583034	2.1492916729750384E-6	5.028943988190824E-7	0.08333366490601127	
0.16671294867022166	0.24994048376131642	9.12441527769933E-6	8.608501973319226E-6	0.083334039020502	
0.08333324472523604	0.3333370667935784	7.237970524450651E-7	5.401566809740733E-7	0.08333336250174823	
7.554690162570344E-7	0.41666848376991455	2.5973225287498766E-7	2.0968284831121155E-6	0.08333334778489707	
0.33333740402918355	2.67681644429705E-7	0.08333361565606552	4.823038097425216E-8	0.08333366030361858	
0.24999748384715553	0.08333951304506872	0.08333338015191866	1.3267010588716807E-6	0.08333336497970471	
0.1666585685679861	0.16667933053023382	0.08333185933341601	1.5887281921002507E-6	0.083334073364246	
0.08332965731663795	0.25000893211189834	0.08333211863942865	1.2247865067493259E-6	0.08333330052055048	
1.0082148602227373E-6	0.3333380805135693	0.08333226068860192	4.4878600675218494E-8	0.0833333066505336	
0.2499932143349469	2.4130116992644417E-7	0.16667652158808668	1.5140024283975117E-6	0.08333365716956637	
0.16663520024405398	0.08337147008358432	0.16665865103512117	8.776605559912622E-6	0.08333127646266977	
0.0833242315657727	0.16668408260645315	0.1666598291731971	3.3944351100505875E-6	0.08333342941980693	
5.482618206371367E-6	0.25000480876874553	0.16666109482786937	5.437541501276183E-7	0.08333342584446575	
0.16667887554213598	1.398448464626132E-5	0.24997793264920576	1.545762130031605E-6	0.08333311175133731	
0.08333440307369167	0.08333959145803088	0.24999659454757045	1.425146520584851E-6	0.08333305096081212	
3.834877467525412E-6	0.16667272866201488	0.24999420541789755	1.22817065827131E-6	0.08333343599298153	
0.08330800361908561	3.876859311702569E-7	0.33335812019713223	6.0234994879801615E-6	0.08333314800704887	
4.559895207618412E-5	0.08336130440419717	0.333265551999923	6.080439882352404E-6	0.08332700755205735	
3.0279611188447505E-7	3.828212166326148E-7	0.4166714939662291	4.1242764355178343E-8	0.08333318622879278	
0.33333465625885833	1.894053535219378E-6	6.851915264865924E-7	0.08333408154369464	0.08333378315064902	
0.2500040958569311	0.08333271767624256	8.297349308493701E-7	0.0833336761821761	0.08333389086594228	
0.16666136427465017	0.16666369674167306	1.2493145993222212E-5	0.0833336951932422	0.08333387930575922	
0.08333630162674105	0.25000265163551144	7.148337689153028E-7	0.08333107177916052	0.08333395748522983	
6.234880376751108E-7	0.3333389057687132	5.572318690391674E-7	0.08333116896564761	0.0833340515241003	
0.250002672841961	5.399630901087184E-7	0.08333475410267514	0.08333321214204961	0.08333375892674065	
0.16668766670954133	0.08331687711574161	0.08333519809269957	0.08333413063057654	0.08333124811058212	
0.08332114734710908	0.1666836165803103	0.08333492338701222	0.08333420298927645	0.08333116394073717	
5.193002348894739E-6	0.2500055966939231	0.08332745878786169	0.0833307651370834	0.0833359988431376	
0.16667083639065697	4.817428717614791E-6	0.1666733713861148	0.08332509265887987	0.0833312806106755	
0.08333072464432675	0.0833328084282884	0.16667537681825936	0.08333015896357802	0.08333631047346393	
8.420921214107747E-6	0.16667081778280848	0.16666322890674015	0.0833317821716648	0.08333160182916773	
0.08333921684397087	2.005473336359531E-5	0.2499841269820326	0.08333059647198235	0.08333126468118278	
1.440328583044777E-5	0.08334476408029551	0.24998381382116955	0.08333049224349091	0.08333116500751368	
7.570084384642422E-7	5.824233741537813E-7	0.33334123814715744	0.08333106567650701	0.08333134872588457	
0.25000386871151936	2.0946144507194964E-6	1.5887984884568603E-6	0.16666368249600166	0.08333376822585481	
0.1666904224013087	0.08330488268677368	1.577047439412579E-6	0.16667291699574344	0.08333616302385995	
0.08331965209106482	0.1666761128414549	2.0223005232120483E-6	0.16667365571082823	0.08333384305554481	
5.960193688777829E-6	0.25000330777441654	2.496403013355586E-7	0.16666408477562514	0.08333160298548144	
0.1666664486887766	3.6836330742727484E-7	0.08334064345643706	0.16666479382366667	0.08333311898462595	
0.08333242415277965	0.08333370199720512	0.08334171450107837	0.16666434063428176	0.08333309161916812	
8.367597685845225E-6	0.16667936878242934	0.08332065288524543	0.16666347303944953	0.08333302090724673	
0.0833454201722556	1.1119757802909321E-5	0.16665265479970384	0.16666265310807013	0.08333302506060786	
1.6982769767602032E-8	0.0833247855047141	0.16668411581347153	0.16666248907290676	0.08333344884867305	
1.2963097093215288E-5	1.3370857525370607E-5	0.2499848874465122	0.1666623928106958	0.08333129705836394	
0.16667918918856006	2.347824722562776E-5	5.879925953072364E-6	0.24996460456785558	0.08333182031977349	
0.08335132397991317	0.08335179715777659	5.388550029493077E-6	0.24996454807551977	0.0833317954071599	
4.220622886903537E-6	0.1667010827637831	3.4270063205915924E-6	0.24996605318704815	0.08333226786654348	
0.08332767012331006	1.0939321138733431E-10	0.08334445090697958	0.24999563485608747	0.08333689669006626	
1.2623344539003902E-5	0.08333409660100688	0.0833261876273877	0.2500010395383231	0.08333190474556468	
2.7157434364748565E-6	2.7707623659873045E-6	0.16666783065867277	0.25000357003921564	0.0833291418539178	
0.08335346368136382	3.4851111363977226E-5	3.6703758795356305E-5	0.33326161358682227	0.08331996319229171	
2.439066333453617E-5	0.0833640034272902	3.6585756956700496E-5	0.33326141629261474	0.08332110867483994	
1.3572967620540843E-6	1.3847945786283412E-6	0.08329862970606482	0.333375044976303	0.08332892838585096	
1.5039667292753848E-6	1.4435663571703803E-6	1.4076334420353071E-6	0.41666912739160517	0.08333230334477872	
0.3333289290442718	1.4569794496051097E-5	9.575382140715631E-6	2.0538515610145226E-5	0.16663163093644387	
0.24995100244802973	0.08339030360997739	6.452865185418358E-6	4.936408811933855E-6	0.16665341313532747	
0.1666721486986473	0.16667266709914652	1.252186895441253E-5	1.61279914615018E-5	0.16663243648669648	
0.08331843416166235	0.2499841413441198	2.1864111759390387E-5	1.5484437115047472E-5	0.1666650491050497	
7.329313156407422E-6	0.33332291023407573	2.21597701026968E-5	6.286458220499456E-7	0.1666526056194658	
0.2499991738340569	1.5308419495816264E-5	0.08333849576903768	3.942675358019478E-7	0.16665235736617875	
0.16670134476348755	0.08331211033690276	0.08333814279042796	4.3832063043517455E-6	0.16665035808072673	
0.08331407803479461	0.16667152355939763	0.08334334190222391	2.3276815240572897E-5	0.16665307659987488	
3.6888124031375433E-6	0.25000328648118236	0.0833517781062371	2.7545165049011992E-5	0.1666193483814167	
0.16667061289568713	9.314342741307524E-6	0.1666657496510805	4.797895806167339E-6	0.1666572545793443	
0.0833359759276544	0.08333718730909591	0.16666017158243435	6.787228548204475E-6	0.16666484598785009	
9.055001975607986E-6	0.16666438010609977	0.16666042042268056	1.550838667397679E-5	0.16665649044534242	
0.08333110927093428	6.575625908603272E-6	0.24999952386022845	1.2578745742413205E-6	0.16666719654299483	
1.8210694080874502E-6	0.08333598242585372	0.24999936494911326	1.2809737108321057E-6	0.16666718677902317	
4.46329678905801E-7	6.446844434534284E-7	0.33333726949082665	1.7986052133568165E-7	0.1666677750758551	
0.24999082370364437	1.737641260655535E-5	4.665228432026877E-6	0.08333029987779916	0.16666549510246398	
0.16662664984953912	0.08338915655626157	6.992240360382692E-6	0.08333299863568014	0.16664973518202364	
0.08331113681011867	0.16666371795801166	2.2969629285414274E-5	0.08334338224723459	0.16666415417877925	
6.8511721067190945E-6	0.24997875882803292	1.843377130871103E-5	0.08334535469541288	0.16665638502806618	
0.16667878563175806	1.700367410977553E-5	0.08332591213775783	0.08331905532552805	0.16666492030836544	
0.08334651153878662	0.08334768871471498	0.08332701758563046	0.08331963177324786	0.16666496276775283	
2.3217309636118474E-6	0.16666397387038212	0.08335320394858237	0.08331904379686263	0.16666691095430897	
0.08334416694918159	1.8955877251221203E-5	0.16665635230314418	0.08332070703921879	0.16666504646650668	
1.849583901571415E-5	0.0833446456325611	0.1666563969348275	0.08332072843597677	0.16666516244246285	
7.861658856139807E-8	6.897646195229053E-8	0.2500207362979572	0.08331968902515813	0.16666481096810593	
0.16667129429648211	1.4757365064698119E-6	6.804253441819937E-5	0.1665995738644712	0.16666519247603542	
0.08333314308078735	0.08333564650116125	5.394503008801179E-6	0.16668144213454492	0.16664937784499384	
9.357423189957647E-5	0.16667922308246189	1.2782019643617435E-4	0.16652779670496923	0.1665771890807266	
0.08332048698136232	7.13919612426911E-5	0.08338369136760974	0.16660894531201467	0.16662148849759412	
7.831620066855465E-6	0.08334062989565717	0.08334025018325039	0.166652324539103	0.1666650744514769	
1.9245788745818722E-5	1.997894771636815E-5	0.1666664386150383	0.1666358770901632	0.16666415725407374	
0.08339423471508647	3.2459610745069533E-4	3.635189522752789E-5	0.24982892240313326	0.1664220670134612	
3.510270894311989E-4	0.08336759103701591	3.6329252755149524E-5	0.24982822042413272	0.16642159939427947	
2.6856891901324648E-5	2.5791890416283523E-5	0.08336152363842139	0.24999942676445264	0.1665912767411821	
2.8923130131775054E-6	2.7998843722115204E-6	5.312529949456089E-6	0.33332747141999586	0.16666761124046314	
0.24999803180753666	7.852938168399177E-6	8.83859861400117E-7	4.669704814876642E-7	0.24999913586927888	
0.16647960578793763	0.08353206041849849	6.107065129204184E-6	1.1220969180350453E-5	0.24997631561434333	
0.08336697606210797	0.16664355923655058	9.143807716825651E-6	9.528293079366283E-6	0.24997660866355426	
1.165962768374266E-5	0.25000896157037056	4.1727355286725363E-7	9.858276828100224E-6	0.24997510723141136	
0.1666630836406577	1.0079936615947021E-5	0.08333926578787357	1.5155990486555374E-5	0.2499781231957756	
0.0833222450940943	0.08332332757217356	0.08334807975236805	1.4343110347202002E-5	0.24999954782060632	
3.898629405096483E-6	0.1666608186594489	0.08336101757253551	6.126877415983916E-6	0.2499757055821422	
0.08334342361984363	1.9364645792330605E-5	0.16665981491732473	5.30963654537011E-6	0.24997877322816497	
5.3480019810225586E-5	0.08331237085321722	0.16666091292448143	2.037568855584748E-6	0.24997668694899328	
2.565767183345729E-5	2.5969775592062703E-5	0.24996469151964615	1.1206879294774042E-5	0.24997838921487434	
0.16670462574167164	1.6750995658959868E-5	1.9633374898627815E-7	0.08328567962980883	0.24999869063435776	
0.08335501661694066	0.08335755684680615	2.3044048095443184E-5	0.08329343608299852	0.24997628791781365	
9.117727389401518E-6	0.16666907953740243	2.3736587332746983E-5	0.08332860938641447	0.24997587190125817	
0.08334182086501506	1.8940753641485303E-5	0.08333906832121535	0.08332737393880234	0.24997807421386659	
5.738351390227544E-6	0.0833458906736711	0.08332997525145897	0.08331844732515115	0.25000516194365735	
1.735691803677748E-5	1.7516048576096426E-5	0.1666650557996846	0.08332742548728694	0.24997823418084195	
0.08337740106916863	1.9713080316459784E-5	3.6547403013031924E-5	0.16659166165023473	0.24998063059863018	
9.898640223941016E-5	0.08324584964106875	8.500199964420692E-5	0.16660611671073455	0.24996988768342498	
3.947995148454417E-5	3.9970512860990626E-5	0.08335064876973253	0.16660688771319782	0.2499709529719351	
1.6887394675703973E-5	1.6252006246022796E-5	1.5293957817949345E-5	0.24998086206325387	0.2499764290027629	
0.16666738089216845	2.252908123588845E-5	2.0509003079274072E-5	1.0195707157891165E-5	0.333285263819465	
0.08334052652293698	0.08334169161212467	2.1932184182674018E-5	1.0656459137286107E-5	0.33329095523635044	
7.738331570173938E-6	0.16667057915348446	1.223085972123197E-5	1.5712637329980164E-6	0.33331446857797636	
0.08333079500256674	1.745452252160702E-5	0.08333965323298417	3.2396976287394724E-6	0.33331430200753454	
1.1536917556639481E-4	0.08334654155605883	0.08333831688677554	8.493257710600038E-5	0.33312050519274067	
5.192993709589628E-6	4.736934219006458E-6	0.16666791031659464	1.5263747561170881E-6	0.33332664973950954	
0.08329222660380117	7.927521596852304E-6	1.1630204991508345E-5	0.08335152457852489	0.33334228446231845	
3.2364200546342456E-5	0.08336533090986437	1.1161254581496262E-5	0.08329853377737566	0.3332983829142427	
3.3904863258963715E-5	3.429514973411114E-5	0.08335228874767683	0.08330091767470965	0.33328354657719833	
2.760139039155181E-6	2.762013274335304E-6	3.244175364442707E-6	0.16667576386563857	0.33332311561391526	
0.08336576344826799	1.9366126952551154E-5	7.151213118212158E-5	4.2685205520547956E-5	0.4165070024991165	
1.4996995265251805E-5	0.08336275999509292	7.31492284219042E-5	4.350974626116514E-5	0.41651143779594585	
6.024558323745341E-5	3.853745457824457E-5	0.08334254229642038	4.507861289373279E-5	0.4165197512277733	
1.4569058048132722E-6	1.459383845165787E-6	1.45786796856773E-6	0.08334065912808354	0.4166599463685424	
1.3930231632901469E-5	1.3394879975495535E-5	3.412754217864114E-7	1.587133839366613E-5	0.49996260835701917	
