0.5001443804593362	1.1656040624536629E-5	1.9237076018799565E-6	1.8420798038463994E-6	2.3201251061557654E-6	
0.41673667666522723	0.08339036468579625	6.2843231805119805E-6	4.9931987191200805E-6	2.2322553693085266E-7	
0.33339409749261656	0.16671568655876273	6.858104706201139E-7	1.1672551682198485E-6	2.333392722664718E-6	
0.2502402017235025	0.2500351300127832	1.7323933306468107E-5	3.039096233341558E-5	1.7708234516580301E-6	
0.16667207254357655	0.3334609082889467	5.791803181280203E-6	3.4741149694499023E-6	8.344424011753488E-6	
0.08329814772190228	0.4167975028654861	2.1039572594185975E-6	8.980480256854747E-6	1.3585626937220147E-5	
1.0223999030710418E-6	0.500118628448799	5.5988649713759284E-6	2.292134214436535E-7	2.7168162147746423E-6	
0.4167058932636245	1.1827744665966594E-5	0.08337948810245352	9.25247249186098E-6	1.0864863697607674E-6	
0.33339713499598383	0.0833375663017663	0.08337397152116988	2.213767432319459E-6	3.789134877645747E-6	
0.2500664136393114	0.16666715123801615	0.08337352854622199	1.9147779927026397E-6	7.865833352197128E-6	
0.16669658042193328	0.25005457146333004	0.08336330849297234	2.0827978582692721E-7	1.2918900756205511E-6	
0.08342007064502828	0.3333423550971718	0.08336590615040412	8.527512341175226E-6	4.08201043762096E-6	
4.6948227752502394E-6	0.41673900023421795	0.0833631932629332	7.441814300846159E-6	9.496811995748245E-7	
0.33339029030151074	1.0097146559574907E-6	0.16671391054694962	5.071926777632822E-6	3.2685203894140266E-6	
0.2500628601734505	0.08335815014257536	0.16672867917745343	1.7762353374319644E-6	3.156729797885504E-6	
0.16669225770874274	0.16668793132718762	0.16670794543579115	1.0217100271300719E-5	2.690170091575595E-6	
0.0833502710719699	0.2500369515457599	0.16670767865215386	1.0583913126830644E-5	3.3163699122173608E-6	
4.372364572065561E-6	0.33338555806697756	0.16670826292396734	6.374957105266042E-7	8.249329805668366E-6	
0.2500843235452527	8.02716834567918E-6	0.2500764269451198	5.994240779025969E-6	3.4048064255657586E-6	
0.16668662448987076	0.08337917937391559	0.2500516277357922	6.650990123880026E-6	5.741662801433298E-6	
0.08335911791839795	0.16669336311061797	0.2500387546463528	4.5021513494521E-6	3.236473903196786E-7	
3.656058092806416E-6	0.250058369209067	0.2500461233741132	7.438198442453719E-7	2.7280611301173285E-6	
0.16671051842836718	3.1898470697154287E-5	0.33337806740811227	5.81800410476229E-6	9.107186955015222E-7	
0.08334455945480493	0.08339778143000226	0.3333779154282705	5.818001452460206E-6	1.1391741463782272E-6	
3.4287685581748895E-5	0.16670738259172801	0.3333761868268754	7.954608626390275E-6	3.1186962486194435E-6	
0.08342195384089567	6.553385831328634E-5	0.41661875674365484	2.8836384927664185E-5	9.333661642168175E-6	
1.6903929828437618E-5	0.08338686372663305	0.4166494358789397	9.318726370477866E-5	8.587743174710063E-7	
8.225501593638503E-7	7.675709475021159E-7	0.5001404924290226	2.306247909133721E-6	1.6458504715154227E-7	
0.41675435613358086	4.184554681097009E-8	1.2684104430956888E-6	0.0833519894638279	1.9958723006392186E-6	
0.33340871681413714	0.08335038380391449	1.1393852293431722E-6	0.08335183005289865	2.011899435960058E-6	
0.2500717666589766	0.1666705047952566	1.2863639329810803E-5	0.08335084632528801	3.504369628798678E-6	
0.16669738766993802	0.2500557831688669	9.081049444015326E-7	0.08335166246178487	1.6440771052205184E-6	
0.08334346609501611	0.33343303830718546	4.829322538512211E-6	0.08335766815251756	1.649315923498677E-6	
8.611376113093391E-7	0.4167578136689883	1.821739129175684E-7	0.08335260386562902	1.7502436174907134E-7	
0.3333954625862069	1.1134469694944155E-7	0.08335660587635584	0.08335129214020282	1.0522799441273874E-6	
0.2500712220601032	0.08334463941154327	0.08334515595140214	0.0833519990727949	1.9856270034044768E-6	
0.16671367954695518	0.16670151368793304	0.08334569929248621	0.08335362792426051	1.974462569103232E-6	
0.08335683472931976	0.25004407353047764	0.08334598751482383	0.08335022488796727	2.042974357756194E-6	
3.7739840858428287E-6	0.33341140292712407	0.08334560074098102	0.08335300176518809	1.2351663890688854E-6	
0.2500281267955056	2.4606096344223195E-7	0.16672685613239716	0.08335174698462791	2.905665182846146E-6	
0.16671244354364514	0.0833125235188932	0.16672589642405866	0.08335084347998771	2.6516858016155325E-6	
0.08335951318006139	0.1666891431067988	0.1667076723833295	0.08335199069566195	2.0687546151021105E-6	
1.4029013982107938E-6	0.25004689020640936	0.16670611653394732	0.08335151790431375	1.1906815083095803E-6	
0.16665755406138463	1.8077542331564805E-5	0.2500788552193228	0.08335440439138116	2.923619238565492E-6	
0.0833595936347459	0.08335341028580295	0.2500457380892536	0.0833554274143184	2.226681477376484E-6	
4.0205719790043785E-6	0.16671702014937442	0.25005781323748244	0.08335634110803997	5.8797643633099594E-6	
0.08339481246925724	9.579251055833349E-5	0.3332819903375086	0.08333113638134802	6.1338216979966874E-6	
1.7084941678763874E-5	0.0833487310450562	0.3333876258714919	0.083353950135258	2.2234815675605606E-6	
1.0825055504095822E-6	1.310447896116769E-7	0.416784756197055	0.08335699063792686	1.4993627123805652E-7	
0.3333957238399872	8.872039077684115E-6	1.041414806187488E-5	0.16671102840323412	3.56822722313105E-6	
0.25006970758387526	0.08335850043288928	9.09584998756734E-7	0.1666940781688978	3.1332060406048614E-6	
0.16671579605127468	0.1667035274758663	1.0295871095604927E-5	0.1666851748377285	3.48680366439455E-6	
0.08334979065431379	0.25006173596601833	3.936820562818879E-6	0.16669590909990767	6.487459773396362E-7	
6.889102302362841E-7	0.33340631926519987	7.1982968936089335E-6	0.16669507936746977	2.0702848963607592E-7	
0.25003994494114284	4.34096004507359E-6	0.08338828629615481	0.1666957908758639	1.273520263317938E-7	
0.166684845944759	0.08335648473062553	0.08338760425905344	0.16668595968172212	1.981902569755399E-6	
0.08337117925746287	0.16667943373958793	0.08335950856758546	0.16669404281541825	3.4544448193549767E-6	
4.837295398405915E-7	0.2500385994096527	0.08335567356725952	0.1667127041819967	6.553406761780013E-7	
0.16670974825025117	1.8988465722367003E-6	0.16670056290402163	0.16670988249722002	3.01583482843263E-6	
0.0833075899604805	0.08334734816353097	0.1667392854152334	0.16671878114860728	6.0264193408346805E-6	
6.468216623113059E-7	0.16665825914373464	0.16673417651153546	0.16671468354066968	7.724181890540807E-6	
0.08335621367775041	2.6221491311882144E-6	0.2500632739200301	0.16671583054274852	3.526195221838015E-6	
1.8615200261276988E-6	0.08335814887733921	0.25006832976776944	0.16671994385142544	2.3043772986495546E-7	
6.479759083778392E-6	6.001303386102618E-6	0.3334104078966829	0.16671716703846678	3.2769441626201296E-6	
0.25003209815996946	2.425359236784014E-8	3.422066109823155E-5	0.2500337599583883	2.028740923082773E-6	
0.1667034720177275	0.08336898523305082	2.799062442956856E-6	0.25003561932532614	1.3222145941422683E-6	
0.08337313160772483	0.16668987312175113	1.2790685069996194E-5	0.2500360522632813	2.1615281597635737E-6	
7.484890270072943E-5	0.25005671437106924	1.0502064917976331E-4	0.24985677751314755	1.4649559072807865E-5	
0.16667580188096853	2.918811059838613E-6	0.08340272687137502	0.2500294090834269	1.8654638375452148E-6	
0.08334868154568369	0.08334507290255781	0.08334058682027574	0.25007994561959207	8.399535506498121E-7	
3.457254769255322E-5	0.16667556043048717	0.08337094930411308	0.2500290538779783	2.148436682557713E-6	
0.08339955591885724	1.5190204685485166E-4	0.16660803298646773	0.24994183873200018	1.4003249734379936E-5	
1.1534436613293795E-4	0.08338868012626517	0.16656591736219442	0.25003895449010727	9.647723038250328E-7	
4.0389330502247913E-5	3.91607248848172E-5	0.25003142649506416	0.2500037894049173	5.9858057549440655E-6	
0.1667180445452786	1.8976542744344428E-5	3.2469785940658315E-5	0.33334846105845806	8.22123384877335E-6	
0.08338633665033746	0.08337075844653608	1.705031420303584E-5	0.33335736916992714	7.910099197564043E-8	
8.2255932547164E-6	0.16667229304408118	9.324440246243473E-6	0.333441953264443	1.5813054058790843E-5	
0.08338934495113765	1.255793052608483E-5	0.08336753089390093	0.33334136709487616	1.6067135126919227E-5	
4.282532569891597E-5	0.08335828528770912	0.08336708247384887	0.3333425488429694	1.4503508727035165E-5	
3.305042097405588E-5	3.371800627506254E-5	0.16670310821033693	0.3333460033269424	1.3929835669439512E-5	
0.08341314656648635	3.688342598115942E-5	8.99529556106522E-5	0.41657117205109967	5.989689904894286E-7	
6.687799990984353E-5	0.08340736346267737	1.0112233990056296E-4	0.4165434895981757	5.7362554395041695E-6	
1.7883708722199117E-5	2.136669647180747E-5	0.08341111758924988	0.41665369578855777	5.69171009235097E-6	
1.3644488192296969E-6	1.3571560806653023E-6	2.694996565274575E-6	0.5001054259331524	9.277725243478196E-8	
0.4167633791430852	3.2666291581253993E-6	1.4802757947665988E-6	4.708404658667903E-6	0.08334606737479824	
0.3334118773589295	0.08335117522308087	1.1420091709646757E-6	9.736490110889172E-7	0.08334571953921072	
0.25007044885156876	0.1666695848517731	1.0675236347188698E-6	4.572986245861128E-6	0.08335826515686615	
0.16666105543159507	0.2500775991669303	2.00781829792828E-5	6.992830210269199E-6	0.0833424176333995	
0.08334883990415952	0.33340207117389403	4.181976274127923E-6	3.457949671405979E-6	0.08335353724157502	
2.0112319308859536E-6	0.4167582990999213	4.846199433079319E-6	3.8798332242585835E-7	0.08336150693049027	
0.3334192606729872	2.6659732930096388E-6	0.0833467132594009	2.9538999214745123E-6	0.0833549686948772	
0.25006192264461785	0.08335570106967473	0.08335064202614526	1.422082052233203E-6	0.08335444459207945	
0.16672522603119477	0.16671306772259298	0.08335140558938527	1.7598107214781626E-8	0.08336645844876234	
0.08336832276773984	0.2500362329872019	0.08334716862806482	2.9195516741097884E-6	0.08335184548908724	
4.5795168731661096E-6	0.33341571800372527	0.08334686806051476	6.328097622558338E-6	0.08334765955528707	
0.2500240117376076	1.962008300178297E-6	0.16671970258230603	4.591796131549929E-6	0.08335067908144918	
0.16669752902354162	0.08334344513496185	0.16673013589988994	8.871673963499728E-7	0.08335500488037531	
0.08333088852694998	0.1667012187657611	0.16672890343060118	4.96511079882353E-7	0.08335384112065322	
4.868282282658965E-6	0.25001365213449794	0.16673409230956993	2.9230841440383364E-6	0.08335196815563464	
0.16670726838807728	2.3251189405592087E-6	0.2500562069278316	1.422184890354504E-6	0.08335413629957407	
0.08334470043607398	0.08336497589063914	0.25005577188503686	2.8987938475738008E-6	0.08335437052440695	
3.2176223526996497E-6	0.1667017975661207	0.25004938290225887	2.88428348663826E-6	0.08335231190556576	
0.08337191693909678	1.0179029373965093E-5	0.3334077553711588	1.3392137708762503E-6	0.0833497062046825	
1.6996796487402597E-5	0.08336637439217161	0.3334157790233174	1.4641149566521994E-6	0.08335232771405425	
9.255854817498569E-7	8.426916186393975E-7	0.4167860990043978	1.012761535944476E-6	0.08335845198638679	
0.33340116871017805	3.1465391493569455E-6	3.914233223914722E-6	0.08335408551162156	0.08335275495228738	
0.2500676620274135	0.08334304356719718	3.8796125219776404E-6	0.08335577703136568	0.08334811527592308	
0.16672175295937702	0.1667113612907834	1.6932625791460702E-6	0.08336008689395753	0.08335139601761059	
0.0833482542678568	0.25005752252986524	8.788098805616238E-7	0.08335344435297375	0.08335347404424667	
2.7694621452939168E-6	0.33341710571168787	5.963819746953325E-7	0.08336188943487666	0.08335786560533927	
0.2500719774528487	3.6480021435079033E-6	0.08334656460595653	0.08335741622695583	0.08335664609040871	
0.16671620839107398	0.08335294683139399	0.08334299687149861	0.08335516120440098	0.08335407675888297	
0.08336525903512265	0.1667016693235547	0.0833655409395066	0.0833430163522667	0.08336355498006955	
1.0222064474138145E-6	0.2500552993779026	0.08335305481432366	0.08335315048848536	0.08335426531350716	
0.16670687476835958	4.1402644153607856E-5	0.16665333827579581	0.08335221042545421	0.08335143420367683	
0.08336342023358304	0.08335824152262641	0.16668830108793753	0.08335336400446083	0.08335421626689975	
4.685785738007796E-6	0.16671565517136006	0.16671010912061737	0.08335924578819175	0.08335947893971206	
0.08335830007378432	9.476460279549302E-7	0.25007642155359855	0.08336205071274899	0.08335225878595282	
2.7710957646781993E-6	0.0833598485960705	0.25008036190676586	0.08336171005903437	0.0833530766631278	
3.9689674000880056E-8	6.27290719151892E-8	0.3333699563449904	0.08338163535668687	0.083351143030505	
0.25005585308875444	8.754120667793184E-7	4.487118728318314E-5	0.16668341372448248	0.08334931988230088	
0.16674627660204167	0.08333718664006345	2.086167902271619E-5	0.1666831552650477	0.08334976481256805	
0.08337861702463215	0.1667097306571028	7.152557857712094E-6	0.16668884899154157	0.08334914295528181	
1.709423437975437E-5	0.2500735924017621	3.6535018710405157E-6	0.16668946143737448	0.08334874264949711	
0.16670525964172644	1.491412270877792E-5	0.08336886500637118	0.16667539625907998	0.08335343886138356	
0.0833634423288449	0.08335969290507159	0.0833579731359121	0.16668013381556987	0.08334526664928674	
1.1926080915993148E-5	0.16671447854072138	0.08335948762569759	0.1666832198609674	0.08334580821375615	
0.08335133686410477	8.808850307719527E-6	0.16677070494976245	0.1666392124514188	0.08334670482629968	
4.686668308501825E-7	0.08334315536829232	0.16673761846873206	0.1666819881340257	0.08336099239335831	
1.0127269132687476E-5	1.0109886595987104E-5	0.25005975207970255	0.1666812834055325	0.08335324121570012	
0.16670400254068873	1.7192447036542015E-5	3.0065461185800043E-5	0.250008899844081	0.08334148788936806	
0.08336846444833595	0.08335188469049767	3.06032757098266E-5	0.25000984693764056	0.08334152690412867	
2.64149753716305E-5	0.1667017882178392	3.1167057343648786E-5	0.2500223883315835	0.08334673802144163	
0.08337124899553795	2.0285960345931734E-5	0.08337405640016021	0.2500303851258671	0.08335125005749298	
4.62952427711562E-5	0.08336361092028743	0.08334556125297808	0.25001522970584034	0.08334229867195588	
1.7771935926080655E-5	3.1700616673080606E-5	0.166715642579557	0.25003054633765154	0.08335117879245298	
0.0833713654185431	3.6960986905468384E-5	4.910168055264999E-5	0.3333432662781765	0.08334866691463398	
1.3801833476015444E-5	0.08337135470913376	1.5245430844508879E-5	0.33338656165062236	0.08334778335150081	
3.3189061344203017E-7	3.3193917163089725E-7	0.0832960700543532	0.33348186976831024	0.08336854751133885	
3.4486376086254046E-6	3.4537140727211584E-7	3.4717374020171843E-6	0.4167492293055213	0.08335128155956291	
0.33342051001404005	9.043589608986285E-6	4.165171990946136E-6	1.4589209699677469E-6	0.16669407055247124	
0.25005654355474355	0.0833725914530361	9.420545195021906E-6	1.775062391349467E-5	0.1666858777190577	
0.1667175280131458	0.16669901407913798	1.2353477024113732E-5	2.0781656515675763E-5	0.16668271306304142	
0.08335313569708552	0.2500717967266521	1.9597750935248424E-5	5.299621406283241E-6	0.166682521967514	
4.610858525461451E-6	0.3334080161278076	1.6487701759140913E-5	5.253866778519764E-6	0.1666762597622141	
0.2500053512056913	7.923819075505773E-6	0.08341192320420061	1.785854576597895E-5	0.16667938657556994	
0.16670790463458882	0.08331579797976223	0.08341428849697308	6.8559469183390665E-6	0.1666992479382257	
0.08338461358597934	0.16672772501954702	0.08332511820720258	1.9723355342475406E-5	0.16668631368699346	
5.1298779042789086E-6	0.25004020827262996	0.08338531699908287	2.1978575363386416E-5	0.16668389060792493	
0.16670802174158605	1.796231106437739E-5	0.16671539896097298	1.3108057232451646E-5	0.16668518273308913	
0.08338781265155532	0.08337888823515138	0.16666936934201648	1.0700845263457302E-6	0.16670343047607036	
2.3299260819274456E-6	0.16662999132447825	0.16678998700447253	2.146699903701934E-5	0.166704647548201	
0.08332978150658293	8.657120664149419E-7	0.25008873005417875	1.070532958737113E-6	0.1667172904657571	
2.137832735394556E-6	0.08336113014855029	0.2500797512392321	1.2485306192307589E-6	0.16670499227964253	
4.998640204363792E-7	4.643978132103438E-7	0.33341630243914955	7.806615956999025E-7	0.1667327191833799	
0.2500708226073008	6.692583848077275E-6	2.187263990391901E-5	0.08334557548904067	0.16669928611115073	
0.16668486140412372	0.08340175137987225	2.032981928205943E-5	0.08334809311649677	0.16668564762382204	
0.08337647235034756	0.16671285769257904	1.1361426631990088E-5	0.08335683301493321	0.1666863110981082	
1.9719920046991384E-5	0.25005766176852284	1.2316411087138482E-5	0.08334275313734875	0.16667387916010368	
0.16672558692022718	1.6870310386267482E-5	0.08336785756621255	0.08334951766144195	0.1666878360490652	
0.08336759363362811	0.0833611083581609	0.08336097982698631	0.08334252432700892	0.16667381649643692	
1.6497269723302254E-5	0.166715843383467	0.08336275196186611	0.08334432875726268	0.16667736531546806	
0.08336086173060037	4.138301573640533E-5	0.1666765705364926	0.08333890739483688	0.16668678756514918	
4.791224948314804E-5	0.08336252934926659	0.16669301273286005	0.08334725716708054	0.16668291441293437	
1.4360661543824007E-5	1.4371612262518152E-5	0.2500696349969031	0.08334542334691705	0.16670482787379812	
0.16672955979780718	2.184326852045235E-5	2.2756095529856964E-5	0.1666949495651404	0.16670162685538537	
0.08339431123672722	0.08337801891899593	1.7383454088658045E-5	0.1666685594990544	0.1666867077189658	
1.4437337908565741E-5	0.16672597872378825	3.5135355476434965E-5	0.16669560164648595	0.1666772533076217	
0.08337071912215102	1.7309643182071015E-5	0.08336979428790058	0.1667177598813599	0.16669339708014286	
1.983196876917084E-5	0.0833688219307177	0.0833735159134295	0.16668074833150798	0.16668864328759087	
2.5598379819393318E-5	3.150635689268273E-5	0.1667175303135831	0.16669566285339688	0.16669120141138466	
0.08335434920052454	2.970963776421319E-5	4.886595153341454E-5	0.25002001582057654	0.16669404347570366	
3.32789594706925E-5	0.08338395206847667	1.513786938174377E-5	0.25001823914856314	0.16669257174533098	
2.814803186488033E-5	3.486631180331167E-5	0.08336880972272706	0.25001451568097244	0.16669035259696474	
2.425739850484645E-6	2.3571187321213176E-6	5.731944136960054E-6	0.33344433033634335	0.16669618154893712	
0.2500455483438325	1.4572822983573971E-5	2.0497973879261096E-5	1.3393343861548866E-5	0.2500294110668223	
0.1667134624117847	0.08336244556329553	1.8665187979411647E-5	1.1170236692528588E-5	0.25004070292513686	
0.083375218135119	0.1667101390713967	2.292146161451893E-6	1.6290147702703094E-5	0.2500394992901987	
2.2192497050592522E-5	0.250049371397547	9.271944595329879E-6	1.079361094773998E-5	0.25002744283278183	
0.16670137253847153	4.8876668204362255E-6	0.08334972572652347	9.96182341333514E-6	0.25007032977776283	
0.0833624484167324	0.08335934133926431	0.08335727538136029	1.607737494239193E-5	0.25003072952524913	
1.3680740141974938E-5	0.1667323035256737	0.0833239012917747	3.5858518879615356E-6	0.2500802800383172	
0.08332505013326304	3.368217608986678E-6	0.16671899046230523	2.1864617928723997E-5	0.25007606269398425	
9.612871110807518E-7	0.08338322789155538	0.16670370206980314	1.5438482439715734E-5	0.2500382582726789	
1.5220607879220477E-5	1.408689185477757E-5	0.25005108427079287	1.356797412432106E-6	0.25007084884938513	
0.16671036343146664	4.3747830538887555E-6	1.1226182782911591E-5	0.08337863179237383	0.25003967328406795	
0.08335475538657812	0.08334824637551556	8.279591438830687E-7	0.08336684986683543	0.2500747858816412	
1.3677091237053433E-5	0.16668725011929328	1.129129790000242E-6	0.08336579016863763	0.2500728408947689	
0.08339216960810909	3.055742636333899E-6	0.08334366949122596	0.08336281538305122	0.2500333003019134	
6.840751416252411E-6	0.08336810501324411	0.08332549916742579	0.08336626210817397	0.2500706611684146	
3.664123077430865E-6	2.8186511061627757E-6	0.16669849360073496	0.08335799982492317	0.2500686671150739	
0.08334867304195065	2.1639531769270647E-5	1.9895647399291482E-5	0.16671793741626678	0.25004360086659866	
1.9961931216278642E-5	0.08335400663348756	1.513179520410507E-5	0.16671518154220308	0.25003973826523646	
4.769687297944251E-5	5.877239374222566E-5	0.08343742911513959	0.16662695950730874	0.2499590536541751	
1.7264221286803862E-5	2.9515423666519904E-5	2.377850259583105E-5	0.25001532054714487	0.2500218536572343	
0.16671735618798345	2.0953753786267787E-5	4.928275487177408E-6	5.445865310319539E-5	0.3333652328977615	
0.08336913558425128	0.08335196471185168	1.0726221264274113E-5	5.7122279983302737E-5	0.33334703277935934	
1.3536049688172509E-5	0.16671486873332855	7.102232397145437E-5	9.63443767869379E-6	0.3333381144356693	
0.08338415789380306	6.700783714756032E-5	0.08334010691582695	1.5316200032106443E-5	0.33335893187951543	
6.901646994884572E-6	0.08337745478222303	0.0833348734964811	3.653890815451103E-8	0.3334218777208433	
7.329728966634352E-5	7.328043581414927E-5	0.16673725688626706	1.2782745541895127E-5	0.33325636587483737	
0.08333347062527399	1.0361819223944087E-4	4.217629549996368E-6	0.0833774048500972	0.3333526784800542	
3.3812868824415245E-5	0.08336730411755118	3.6022029604434886E-5	0.08337324061054463	0.33333625693330327	
2.8421835548243442E-5	2.8548611438373408E-5	0.08338002870318646	0.08337309779213126	0.3333351597672451	
1.9445349493745887E-6	2.1194540822026813E-6	2.055097962590482E-6	0.16671321957239554	0.33342262744503803	
0.08335878297669164	1.0476890075242347E-5	3.546993389265054E-5	4.818430932690801E-6	0.4167573964530619	
6.350437018774997E-5	0.08329171611659712	1.68234605257599E-4	8.913362445798862E-5	0.41654226480763645	
5.8994009108079625E-5	4.732722248839965E-5	0.08330085120017698	4.203301525239323E-6	0.4167521979906449	
1.1005245600921967E-4	1.1260094725459902E-4	1.10943502740555E-4	0.08327817033839073	0.4165381973835206	
3.1423157446163367E-6	2.8064756584165976E-6	1.1770537522621868E-5	1.3363788773533206E-5	0.5001061867165558	
