0.5000007576916767	1.4834416440489737E-6	6.956360102732142E-7	1.0267855834252828E-5	9.176818473603961E-7	
0.4166592906713866	0.0833416862474557	2.5698754353793273E-6	6.106133145862375E-6	3.5181519148110276E-6	
0.3333936214912944	0.16660144739239457	1.323555194092811E-5	3.3050520942526127E-6	5.484406731904841E-7	
0.25007245266902894	0.2500715252583749	1.2970519391663143E-5	1.4658901717464908E-6	7.777588494820557E-7	
0.16665923416146794	0.3333386065874679	9.897004697646582E-6	7.506267744254952E-7	1.67319570599596E-6	
0.08332415928550437	0.41667908834107553	2.284362143680483E-6	6.4307310852631665E-6	6.104338648950373E-7	
1.288641905350529E-6	0.4999902136274737	2.1621024897828715E-6	2.354635223193648E-6	1.7785308376490908E-5	
0.41666519210157144	4.379523969816131E-6	0.08333365938292178	6.1367494927181615E-6	4.33557695552151E-6	
0.3333003944651678	0.08332818676368414	0.08337231107749676	1.149693443714109E-5	1.1686896813797044E-6	
0.250009143433538	0.1666590274164858	0.08333338700824225	4.241829493571991E-6	3.5932009294293386E-6	
0.1666580896925206	0.2500195179546319	0.08333031326402421	1.2118453615050272E-6	1.451641308919946E-6	
0.08333880850354666	0.3333369034549617	0.08332993295636339	3.2657451785784165E-6	1.3148950633553698E-6	
5.484055614808656E-6	0.4166639579259919	0.08333575016360019	3.3438580773764466E-6	1.501282296135063E-6	
0.3332686538154048	6.930511828135941E-8	0.1667177451639703	1.3364775696336844E-5	1.3164761784510547E-5	
0.24999993985944133	0.08333357912498447	0.1666732751516455	4.561068878165169E-6	1.1903996058182542E-6	
0.16666883756831416	0.1666601156197612	0.1666714290585481	1.1100539065584006E-6	1.3421647990552613E-5	
0.08334461821474451	0.2500006007199963	0.1666637419336652	4.1684703662508355E-6	8.22127521149875E-7	
1.492887955061365E-6	0.3332625842111881	0.16673704349637236	6.329781888205269E-6	6.032238553381054E-6	
0.24999594443420436	1.6998742148227722E-5	0.24998976046602506	7.105517758214627E-6	3.5466042253258617E-6	
0.16665853209887038	0.0833556005532045	0.24999373626784957	1.7399230864518783E-6	2.9582354335848394E-6	
0.08330551761222314	0.16668364538754382	0.2500079359162563	7.714997613960075E-6	2.958285824538353E-6	
1.879648873585645E-6	0.25000016672122244	0.24999529198447443	5.710318784256766E-6	9.062601650386728E-6	
0.16671600188759209	1.2838216967373382E-5	0.33326971305902525	7.1775017057266484E-6	4.31035152755157E-6	
0.08338229727914928	0.08340075524019594	0.3333507326576367	9.301653352660344E-6	1.0545409617376501E-5	
5.3463688328899656E-5	0.1666800227425295	0.33326554860339386	2.5708735193752796E-6	9.05776901436581E-6	
0.0833154285507334	1.0596450953114573E-5	0.41668329948768806	4.56829273835173E-7	4.4547765021092194E-7	
2.823209196473758E-7	0.08332514290020057	0.41668030573325704	3.6338968236478884E-6	7.470378140368657E-7	
6.918722425918746E-8	6.9413086816701E-8	0.4999988525216598	9.114064256182548E-6	2.5766025597820063E-6	
0.41668701103308137	1.4325287754539956E-5	4.346531171989578E-6	0.08331474933087062	4.441742089521015E-7	
0.3333434510004626	0.0833390482141703	4.975071329706038E-6	0.08332850005698583	1.207959032834436E-6	
0.25001721024315526	0.16666297239115838	2.1289553775893495E-6	0.08332757277945944	1.7312484726357701E-6	
0.16667818263960732	0.2499971428204354	2.1367555915907584E-6	0.08333095568092452	3.970908922357572E-7	
0.08333895637674163	0.3333375109392021	1.9036052609307927E-6	0.08333107079882456	3.746398290971505E-7	
9.592444018939618E-6	0.4166432547505937	2.700898224157976E-5	0.08332948540017251	4.134553140652764E-6	
0.3333459743722108	8.752941235805518E-7	0.08333319917607875	0.08333142139773937	2.6372449189549024E-7	
0.2500117160435782	0.08333640179372606	0.08333363709090988	0.08332461013221511	3.5414618844609847E-6	
0.1666748607411769	0.16667196153247285	0.08333284601869943	0.08333230329484516	3.674323894988718E-7	
0.08333929650433382	0.25000641769346793	0.08332749210363184	0.08333296681645021	5.787357257327901E-7	
3.6884490696619903E-6	0.33334648002305406	0.08332952689650842	0.08332942980407877	7.814427726413176E-7	
0.2500056477072198	5.75455884250744E-6	0.1666641920521793	0.08333386102854572	3.9861497506952075E-6	
0.16666221701991596	0.08335291860964049	0.16667043470931267	0.08332594764105886	7.027453926473056E-7	
0.08331341528457903	0.16669825424090529	0.1666657285435925	0.08333035442454961	2.7148041576868793E-6	
5.050079534247298E-5	0.2499583179182471	0.16666357928774725	0.08332743196603445	9.053299284291785E-6	
0.1666849001219602	1.0981892482655866E-5	0.24999225635605685	0.0833195742312275	4.326513533048363E-6	
0.08334269194207905	0.08336474469293836	0.24996846728722208	0.083327871349768	4.32997104704497E-6	
2.6765665180265373E-5	0.16667981337328996	0.24996775318969125	0.08333393742779646	3.028906305654996E-6	
0.08332879845781847	5.76351677679311E-6	0.33331534415932007	0.08335772292689878	4.319305704273329E-6	
5.943894070771732E-7	0.08333680163098482	0.3333488624124639	0.08332732829683608	3.733063685486547E-7	
2.808524733133009E-7	1.6841199727517502E-11	0.41667480598732604	0.08333435375705465	6.346942704269244E-7	
0.3332992919837405	1.120405104989902E-5	3.486279906238865E-6	0.16669534003219671	3.977744490509547E-6	
0.25001363580545694	0.08333704313356734	8.745818408774718E-6	0.16664688804927555	3.9369194258886E-6	
0.16668353696360808	0.16668066256986583	9.100395116435885E-6	0.16663387002956354	3.920810638404506E-6	
0.08335757274414861	0.2500094562222379	9.183834046398112E-6	0.16663580870942432	7.593092569102362E-7	
2.780897387600115E-6	0.33334373016749497	2.188608172077976E-5	0.1666313910479524	8.97502324016676E-6	
0.2499778726555001	5.833254699824412E-6	0.08333005751401563	0.16669438810415657	4.823514179387289E-6	
0.16663318218778636	0.0833484520953739	0.08332851256383994	0.16669442338413357	4.482591890792816E-6	
0.08333305455617449	0.16665133820410974	0.0833301316995047	0.16669110811981624	3.898431042149923E-6	
4.450360077333408E-5	0.25000419319524075	0.08332184497734335	0.1666321000881029	8.83344759815122E-6	
0.1666821766582295	3.806982293080213E-6	0.1666718776356253	0.1666470364553512	3.927310487067685E-6	
0.08331545706337289	0.08333750270267186	0.16665889399008496	0.16669110894519024	4.779797277904861E-6	
7.576279504617927E-8	0.16665496394750465	0.16666087500096935	0.16669314137996422	7.747169786970814E-7	
0.08335892733923579	2.7215224828848345E-6	0.2500304890515168	0.1666151843994818	5.11769954742438E-6	
4.692222451907351E-5	0.08337338278662332	0.24996905705247674	0.16662036067365893	3.762758730761653E-6	
8.06217036318112E-11	2.0346781307231312E-7	0.3333224666481913	0.1666892807530177	3.7485546306073035E-6	
0.24998980044395266	3.137842567132975E-5	2.571396540776912E-5	0.24996167048069404	4.7632206819036575E-6	
0.16669191534774916	0.08333237984767425	1.2040843239752836E-5	0.249969213273023	3.895265478629227E-6	
0.08334273935097834	0.16670280965421763	6.854493418548388E-6	0.24993993078400686	1.812641657434383E-5	
7.330333618090147E-6	0.25004278477496994	1.654521487670118E-5	0.24992794740355	1.7883622140300792E-5	
0.16671707640711123	3.888232978146299E-6	0.08331648168903957	0.24995390644451193	1.6785348490887632E-5	
0.08332549797702246	0.08332356611582661	0.08338681376695206	0.2499680104431114	5.308125861539059E-6	
3.0696471335021114E-6	0.16671461200987006	0.08331558772798257	0.24996792261608972	1.2024369499923153E-5	
0.08334462808693402	2.3271219862834476E-5	0.16667562925119445	0.24995883022270216	7.657653122326288E-6	
2.2081514567356258E-5	0.0833451804087882	0.16666385428755184	0.2499640188318971	1.2092534132439776E-5	
2.3466412953172846E-5	3.9473577127555774E-5	0.2499909559115966	0.24995183714381114	5.1081897099786605E-6	
0.16669126488094962	2.9137125670734265E-5	2.3366633375965715E-5	0.3332631753619272	7.940209212897982E-7	
0.08330271028896036	0.08331895053641164	4.917611997426764E-6	0.3333710027345413	1.1995091116263072E-5	
2.6417068713354608E-5	0.16669486418297802	2.42565347010937E-5	0.33326617747960596	6.662455065276774E-7	
0.08331148547205905	2.72753509180315E-6	0.08331374680044877	0.33337406534986047	6.792249699889793E-6	
2.2645318355419223E-5	0.08334783517979913	0.08337233893682028	0.3332604158446854	5.295664957165243E-6	
2.09474941455497E-5	2.10088276744466E-5	0.16664605419960105	0.3333094892280357	1.2226161109003416E-5	
0.08332981964351366	1.4565798806594586E-5	2.4588960169440714E-6	0.4166532621756318	8.900959065145832E-6	
1.1618999734696266E-4	0.08340720417108763	1.429827455137588E-4	0.4163224848090517	2.5371755484678578E-5	
1.3484526310141904E-4	9.090869336761023E-5	0.0833216295162109	0.4164508914202467	1.2002958443313197E-5	
2.338277642565444E-5	2.332081349423079E-5	2.4233445717017907E-5	0.4999302052493509	1.134272657006654E-5	
0.4166743274163064	4.369255797250662E-6	2.0977830954186022E-6	3.765753808919241E-6	0.08332607966157662	
0.3333321250135838	0.0833460695518585	2.9436559248610578E-6	3.3494995055340323E-6	0.08332623821615483	
0.24994085617578096	0.16672419041730022	1.1260295100986632E-5	6.809408872922133E-6	0.08332639354190564	
0.16668604728766884	0.24999259453681463	2.1863511194547904E-6	3.0319836983462297E-6	0.08332608684898245	
0.08333384917035601	0.33332859909996304	1.4436212493825575E-6	5.953912887064426E-6	0.0833401495431608	
4.446987407361399E-6	0.4166576104799547	5.336233302880297E-6	2.7423956425484867E-6	0.08334021164133695	
0.33333202748676133	7.013458234312707E-7	0.08334814212662404	3.1880088726711442E-6	0.08332656268658545	
0.25000806497439226	0.08333492915231419	0.08333174375395389	7.680146546518388E-7	0.08333449090460618	
0.16667158830432058	0.1666716414494595	0.0833318918073879	2.511300658840365E-6	0.08333525293202734	
0.08334391795509667	0.24999754261832552	0.08333102732820863	3.4993079846086794E-6	0.08333467218353055	
1.1949104941049458E-6	0.3333422946349281	0.08333155692575482	7.781370307424797E-7	0.08333489562227332	
0.2500004417293406	8.622253351419708E-6	0.16666263373519644	7.804077019852515E-7	0.0833389213973796	
0.16665610752097101	0.08335428809876153	0.1666634999193674	3.5315557439257764E-6	0.0833333432948917	
0.08334356993072	0.16669773715348848	0.16663385210928608	5.946767824075018E-6	0.0833343415762416	
1.879813971761962E-6	0.2500074557020751	0.16666553826476463	3.6943417245061006E-6	0.0833353073628913	
0.16667099951478423	1.8246832543746482E-5	0.24998192410501716	2.3353562109794582E-7	0.08334135218126576	
0.08335446393919554	0.08335202883773135	0.24997231838275774	5.599778117577136E-6	0.08332414316158214	
3.1770543391323605E-5	0.16668330460988648	0.24996157412916892	5.617868484149783E-6	0.0833358984056836	
0.08333678141386781	1.9694725999395727E-6	0.33333177972807404	3.352404231419619E-7	0.08334106109179859	
1.712815178350248E-5	0.08334833183084216	0.33330813170738854	3.1464773040255903E-6	0.08333345704815356	
2.403998698156284E-10	3.537639671346903E-8	0.41666670861901306	1.7549303749248276E-6	0.08334023189866434	
0.3333391495236432	3.449259609527381E-6	2.354925044590479E-6	0.08333925122634028	0.08332618166614186	
0.2500061141113042	0.08332777946624076	3.887727056361618E-6	0.08333745027588688	0.08333454944776579	
0.1666660410929829	0.1666631470871378	3.794123132214428E-6	0.08333620620610406	0.08333974674913171	
0.08333589028541125	0.24999619896104547	1.0986065393241087E-6	0.08333625452933605	0.08334047021423367	
3.6915020347187465E-6	0.3333281424611603	1.3735625881002507E-6	0.08333625951830383	0.08334048236663055	
0.25001641177337053	1.4777701850143032E-5	0.08331187548736148	0.08333965114985017	0.08332610139713463	
0.16667002405214879	0.08336111086405719	0.08331300698249432	0.08333900099028418	0.08332556922835416	
0.08332932281201283	0.16666740882679762	0.08333442381928116	0.08333578329243682	0.08334129152735303	
2.732981144461959E-6	0.24999861329725045	0.08333596211199928	0.08333728046186466	0.0833346129246815	
0.16667048680140625	3.271465680432168E-6	0.16666066749855124	0.08333719023619089	0.08333871007252229	
0.08333785154926761	0.08333652453636521	0.16667313010579463	0.08334047675747779	0.08332614282751	
1.9926776702089734E-7	0.1666540185452819	0.16667814384365376	0.08333649315193753	0.08334205366050998	
0.0833441866856923	1.0194589698801887E-5	0.2499786382626525	0.08333683794474975	0.08333956059561266	
1.3383406447002959E-5	0.0833335089664848	0.24998584667881182	0.08333685654978414	0.08333954076560172	
1.4010354283061564E-8	1.8640273437863075E-8	0.3333311535942882	0.08334437148124739	0.0833415054924969	
0.2500092197898708	6.37504079604188E-6	6.789821546822342E-6	0.16666124746331415	0.0833256666106168	
0.16665284072898273	0.08336225970674103	6.653198080528348E-6	0.16666083736480633	0.08332561567695071	
0.08338290608784941	0.16663094401226386	9.091060592356073E-6	0.16666066942465196	0.08332568484857603	
7.457754897575358E-9	0.24999433752613265	6.233377120300649E-7	0.16668880054699942	0.08332581401064672	
0.16668968786699193	3.88732035603343E-6	0.08332550211006955	0.1666645273306895	0.08332566324103177	
0.08334877061892368	0.08334667828840933	0.08332718386865844	0.1666607948185759	0.08332582134526892	
6.9668419798531086E-6	0.16668310226155653	0.08332449462967155	0.16665541613317936	0.08333953202826239	
0.08331299662973599	7.339482468938988E-7	0.16667367762461377	0.16668319004551682	0.0833397251675644	
6.527709573582728E-7	0.08332236363092126	0.1666922544235128	0.1666564201609221	0.08333996621591215	
5.105086887436525E-6	4.498969194426629E-10	0.2500078569053188	0.16665655853565123	0.08333944665532615	
0.1666509680632116	4.412643067514867E-6	8.08271242832947E-6	0.25002202547064667	0.08332652332702302	
0.08332041196700492	0.0833366606176794	3.471598649521111E-6	0.25002627134448235	0.08332671396522078	
6.731999943834937E-5	0.16664608368932216	1.0381324941182685E-4	0.24988228029040854	0.08331076968278467	
0.08333021600930757	2.694827719540585E-6	0.08333222912736322	0.25001862614861825	0.08332565850545481	
2.281648453809093E-5	0.08336215625191794	0.08334075661143765	0.2499575279383628	0.08332598883396856	
6.155921117715433E-5	5.4545738109665416E-5	0.16667805471557035	0.2498899147284332	0.08332625909677327	
0.08333859835448333	2.206357121760414E-6	6.987244358643342E-6	0.3333364649242985	0.08332630323873917	
7.01329797070525E-5	0.08334965835850316	1.5564031155365524E-4	0.33312255773845584	0.0833116414589223	
4.135265225207224E-5	4.135584025725677E-5	0.08334695950129159	0.33326017777577527	0.08332495843766169	
9.451706258948822E-11	1.3642977050430698E-7	2.94894023827235E-10	0.4166832450973314	0.08332602400428478	
0.33333974658552673	3.496536734622627E-6	1.4549486307051897E-6	4.23021563857261E-6	0.1666614321296388	
0.250008258721299	0.08332861213358676	4.022789649488187E-6	2.5196766241784822E-6	0.16666550677789996	
0.16667033152438188	0.16667069717799105	2.4209550319280006E-6	1.978753390087293E-6	0.16666620465531545	
0.08334250251209782	0.2499932593586154	5.6189182167436455E-6	6.365102775068255E-7	0.16666529141713576	
4.954600737865612E-6	0.33331927664816985	7.191760344450011E-6	1.2482461059840456E-5	0.1666662839146682	
0.2500241675091406	1.58270636664762E-5	0.08331460978311686	5.866537985015926E-6	0.16664974644586528	
0.1666782162216114	0.083364937163702	0.08331586556030864	2.38264511173133E-6	0.16665020856810056	
0.08335692648161998	0.16666029921055697	0.08332919407905924	1.0345668988699811E-5	0.16665386242312	
4.78044224699859E-5	0.24996521175505554	0.08332779107387672	4.494836249942376E-6	0.16666598587500128	
0.1666754515006599	3.415759896196537E-5	0.16664389272598176	5.456530593908185E-6	0.1666546902149202	
0.08333425631482533	0.08333292854510232	0.16667398165197314	3.2865975061327047E-6	0.16666714896735904	
5.302565735663409E-6	0.16666546380657635	0.1666669326710946	3.325013645036064E-6	0.16666775025382624	
0.08341654441055686	4.4883308549671656E-5	0.24999001074520805	1.2301963670856326E-5	0.16666376424132626	
3.100881466379518E-6	0.08334495860466895	0.249989522543546	4.268073932522371E-6	0.16666828725982374	
5.867552363532432E-7	9.142017812788203E-7	0.33339720213396773	2.8946477054642024E-6	0.16669475042671067	
0.2500013065843705	8.481039125918791E-7	8.024969204246059E-7	0.08334605399541864	0.16666149806560673	
0.1666503568346255	0.08335702692248079	3.7826748731347464E-6	0.08334667241122083	0.16665396338848057	
0.08338223035662805	0.16662660174865493	3.431920614808692E-6	0.08334920022256617	0.16665070276506608	
4.087919779920895E-6	0.250008204822195	1.218870239118939E-5	0.08333868541017153	0.16664897421672187	
0.16665721350295612	2.105036405404316E-5	0.08334013597978245	0.08333741174162435	0.16665340551421973	
0.08331835963569033	0.08331759135583415	0.08338196484350449	0.08333734798869151	0.16665310659454913	
2.634696371242484E-5	0.1666942262142009	0.08329768637592648	0.08333742456231177	0.16665297689255865	
0.08329249388638776	1.2890621648633293E-6	0.16670409942829104	0.08334561028881475	0.16666665875884254	
1.9233894880542953E-7	0.08329578392938988	0.16670824687743163	0.08334772418117888	0.16668053470007446	
8.481483946257965E-6	5.461119781817807E-6	0.2499982570075125	0.08335035584467357	0.16664712885574962	
0.16667937691509227	2.0897165070029413E-5	2.5642515402512782E-5	0.16663164384554965	0.16665334222716485	
0.08333225061368436	0.08335592652795618	1.7255486377485315E-5	0.1666341801723831	0.1666704146504685	
2.940293732536385E-6	0.1666834044143714	1.744269825033784E-5	0.16666032966824362	0.16664762636739874	
0.08335457803590621	1.6718840783640005E-5	0.08335224465153157	0.16663328252973017	0.16665353151546944	
2.2813501794421566E-5	0.08333960172416434	0.08336049775356875	0.16663266704089696	0.16665264232344795	
6.908760192282035E-6	6.146275804013869E-6	0.16670209837564925	0.1666476177785386	0.1666498669721547	
0.08329685515190292	8.379488188654519E-7	3.3984509155560654E-5	0.2500231923740644	0.16665327149323952	
3.1354433026036996E-5	0.08336746753323712	1.218675252225966E-4	0.24987746810986938	0.1666111439396489	
7.935544600350424E-5	8.506812083994442E-5	0.08339933567960887	0.24993159790169742	0.16653406352596944	
3.6403402073986616E-7	3.637476291555375E-7	3.6714241248798453E-7	0.3333409163074034	0.1666681876384605	
0.24997526788657382	4.7822636591361626E-5	2.8674139381510704E-5	9.867290729891576E-6	0.2499508595269292	
0.1667040568232882	0.08331565540405894	2.5608332444430924E-5	1.4650940411767818E-5	0.24994902626472984	
0.08338145698528653	0.1666245492061353	1.7816011461892714E-5	3.5719739617719915E-5	0.24995157996706965	
9.126172932153571E-6	0.24994234509006727	1.7818006593947226E-6	1.0814952990465567E-4	0.2499499126195142	
0.16668331587589072	3.1888097204051425E-5	0.08330971524373151	2.247834290017863E-5	0.24996564734995932	
0.08333958048092219	0.08333777159541811	0.08335312195825671	1.8673023523248222E-5	0.24996073810554517	
1.6321818270183682E-5	0.1666445805055518	0.08334445579634482	1.0578054084938091E-5	0.24999812060575485	
0.08336656430952735	1.6685189193249358E-5	0.16671265706155816	3.0222317854658453E-5	0.2500164032380207	
5.812240166554246E-8	0.08336341540889716	0.16666744496719663	3.0204937850247197E-5	0.24995143056984448	
1.3302975774682665E-5	1.3353876887353974E-5	0.24999702692468298	3.0211176853205484E-5	0.24996563722794016	
0.1666770260361569	3.352040686689702E-5	2.5665790243347728E-5	0.08331086503121529	0.24996252719305798	
0.08335319074228799	0.0833583392847854	3.329106382812617E-5	0.08331530493856548	0.24994858565825978	
1.5498925877192806E-5	0.16666482289178308	1.207597073415631E-5	0.08336785946663818	0.24994876779163297	
0.08337328991344548	1.6599984809939582E-5	0.08334865724587903	0.08330657996665197	0.24996305690374634	
3.1934725936510803E-5	0.08335925492297114	0.08334828642971014	0.083306402101279	0.2499631846122644	
1.629293980771322E-5	1.6642461117893017E-6	0.16670758553661089	0.0833742003351889	0.25005260729536943	
0.083379732536368	4.40897057592583E-6	1.8065985171975537E-5	0.16667030260595725	0.24993807197661005	
3.2098985420485374E-5	0.08335663602784874	1.6337628233990335E-5	0.16670213740582804	0.24990132442744012	
4.1339196773446074E-5	4.137597483182451E-5	0.0833566661995806	0.16662265881585173	0.24995056122723003	
3.282883191803912E-5	5.0168643044989264E-5	4.077508087125139E-5	0.2499211241390652	0.24996460415751645	
0.16665524071009044	1.86500703486333E-5	4.088483127872525E-6	6.800327481090934E-6	0.3333228111540511	
0.08333174921378561	0.08333791406051515	4.807782001819048E-6	1.1291161345870313E-5	0.3333240343884557	
1.29643074945175E-5	0.16666144132641533	4.0884957571434845E-6	6.800348487213665E-6	0.33332384078385935	
0.08333336879242731	5.255672624419265E-6	0.0833358629950698	9.993802665604553E-6	0.3333275265807768	
1.727817795730278E-5	0.08334116883887514	0.08335810967459772	1.000115910599867E-5	0.3334036708377858	
3.0080111029007167E-6	2.8918554083299856E-6	0.16666605801519901	1.1210466732691415E-5	0.33332606244368773	
0.08335510506826484	2.3130246726288008E-5	3.3492415062971044E-5	0.0833216875249636	0.33327843615390323	
3.15778379436417E-5	0.0833491647569602	3.3359952407111933E-5	0.08331837504041928	0.33328075710641036	
7.964378796646905E-6	6.9497111163912596E-6	0.08336306423377438	0.08334301461616446	0.3334007722418191	
3.378897058052347E-6	3.3910975297002437E-6	1.527212586676192E-8	0.16667175420105615	0.3333302922739237	
0.08335475630547366	1.363979129824488E-4	1.664823171826793E-5	8.135231444570171E-5	0.4164231524098595	
1.2809393446017332E-5	0.08333991432609814	2.4056959515648743E-6	4.213220633395114E-6	0.41665257279451307	
4.562491925054967E-6	4.350693322162324E-6	0.08334382124045885	7.4389031708140125E-6	0.4166575595857265	
7.68783656078179E-7	6.105369452387445E-7	3.9429614701758025E-7	0.08336327651191383	0.4166509488005415	
4.1830566933423895E-6	3.3498378657554387E-6	3.552184588748264E-6	6.0372032329550375E-6	0.49999234445501317	
