0.500070113592737	3.225984570514835E-7	7.602842353568565E-7	5.606699024485051E-6	7.725528250074637E-6	
0.41677219229240603	0.08330864933860949	7.674756516126414E-6	6.339430599340711E-6	7.746835797667878E-6	
0.3334367758785571	0.1666260458662297	2.8463630601449515E-7	5.604659371578596E-6	8.52272451914249E-6	
0.250056758922378	0.2500329002467653	5.065719590450275E-6	7.894239732157065E-6	1.7853114719703295E-6	
0.16673128315598587	0.333360639380329	2.541998355958042E-6	4.415293436846896E-6	9.345379981465302E-7	
0.08334825796913578	0.41672019691509266	5.06453273379296E-6	3.7934794963281185E-7	3.445955583155826E-6	
4.406814354471796E-6	0.5000807928506497	2.547551755820245E-6	3.753387072347165E-6	1.8562883736087574E-5	
0.4166394460257697	2.8552640798476943E-7	0.08342542881436738	6.543218116605053E-6	3.5048585005193433E-6	
0.33334852947976457	0.08336853384337058	0.08334912040018279	3.835165936962583E-6	7.5896342639328565E-6	
0.2500492577937717	0.166691445885895	0.0833505543519086	1.1588647430354531E-6	1.887253859432092E-6	
0.1667069272356053	0.25004162910210825	0.08335209707547277	1.642452389390696E-6	8.533435449676283E-6	
0.08333283578429881	0.3333104208205205	0.08343874049005941	1.463071335684718E-5	1.772772804933717E-5	
1.4213778086614635E-6	0.4167615848790972	0.08335930570872532	1.7268180317682817E-7	1.2268265638820334E-6	
0.33341005965025694	9.52277358704736E-6	0.1666771556968589	5.6669149571685204E-6	4.1957725206361454E-6	
0.25007947879270176	0.08334550426148657	0.16668004848977006	1.270711510624098E-5	3.503107295249188E-6	
0.16671625327438705	0.1667004160855104	0.16671981594579488	9.913040068633939E-6	4.462405963309071E-7	
0.08335068495710438	0.25004019227620394	0.1667079498543295	3.4412144335314877E-6	2.7520410380334144E-7	
2.4248333628795723E-6	0.3333831878672962	0.16671018777754526	4.394220289493111E-6	2.1934076329865856E-6	
0.250050198124366	8.153991621583345E-6	0.2500372381731032	3.038674370362702E-7	8.515536852220025E-6	
0.1666826110309319	0.0833618052686186	0.25003424794017776	3.4370431120820288E-6	3.7740189181183974E-6	
0.08336700737923379	0.16667682923973878	0.2500262952217692	3.327176921255859E-7	5.893783793016445E-6	
1.108136524557213E-5	0.2500551674949197	0.25004815170731676	6.417002088225296E-7	8.433599084709269E-6	
0.16667244294257205	1.6259487600184396E-5	0.3333878247148307	3.084907144298263E-6	3.91741910370744E-6	
0.08332906885977416	0.08336099615708104	0.3333917056298344	3.356241386982159E-6	1.1680416162207433E-7	
3.081812411009615E-5	0.16665169278678263	0.3333940723854089	3.5409580723628588E-6	5.8508911622216025E-6	
0.08337241632056397	2.938238713966062E-5	0.4166900218720086	2.8089998789599593E-6	4.0386579891591735E-6	
9.963068320672053E-6	0.08338644912768071	0.41666977933126975	3.0910789402699792E-6	1.6278955002447605E-5	
7.696596927572742E-8	6.822371563156357E-8	0.5000938258221783	1.0160154715846631E-7	5.7178710876466366E-6	
0.4167073858570536	2.8365418110152055E-7	6.132814388830232E-7	0.08336358568792414	3.692165897519195E-6	
0.333357994891072	0.0833735335089434	5.305396477917653E-6	0.083341947202318	2.6521303144677315E-7	
0.25005371813062316	0.1666944176577222	4.341089312339966E-6	0.0833435872439834	8.470225795256811E-7	
0.16667142426372072	0.25007066787354926	6.139340818080098E-6	0.08334329663718046	7.5916904725296605E-6	
0.08339500652323131	0.333351009705419	1.0833044279463549E-5	0.08334280433774029	8.665290956031957E-6	
1.8615400454174798E-7	0.4167827472231227	2.799379792579661E-6	0.08335071650770458	6.356481670464565E-6	
0.3333709647953294	3.826149440619256E-7	0.08335927322239194	0.08334062507414973	4.295851127168335E-6	
0.25004192911097245	0.08332233780442003	0.08335750396963486	0.08335515646531219	3.5311524095935653E-6	
0.1666903324721153	0.16669968751374611	0.08336393197499475	0.08334438208601198	7.272097361370138E-6	
0.08334863210660706	0.2500562453486566	0.08335908519462601	0.08334629545222434	5.616281973863769E-6	
2.2949751835488146E-6	0.33335042595669556	0.08340464786882548	0.08334519264374818	8.06143640280999E-6	
0.25006762585432263	3.679746178933075E-6	0.16664933776829122	0.08335449840150386	7.974777931193126E-7	
0.16674128649207828	0.08335887168563759	0.16665414034681997	0.08335731234473562	3.5856133925648193E-6	
0.08337457641472105	0.16670488471213446	0.16665536153208493	0.0833409252767463	1.0577941338655155E-6	
2.8153293206279495E-7	0.2500118424436209	0.1667420790588723	0.08334443607905723	5.623078174800306E-6	
0.16670346166742142	4.092149942189022E-5	0.24999972373917428	0.08334151140523437	1.683515582356156E-6	
0.08335201060863152	0.08334399746422395	0.250062457461021	0.08334565449839641	9.988332947664555E-7	
1.951509566582205E-6	0.16670408692839828	0.25007550731582157	0.08335027199031249	1.0185400513126375E-6	
0.08335348600936193	6.3395878802768895E-6	0.33336498663565983	0.08335544264729544	4.226089622283967E-6	
1.240889467590958E-5	0.08335481936116465	0.3334079319560104	0.08334557878013187	1.0393763842757933E-6	
2.273765095184914E-7	2.4302238009409077E-7	0.4167433136115415	0.08334393200649383	9.661601793563329E-8	
0.3333829782498415	1.0800785571257932E-6	3.884118423450598E-6	0.1666863898986847	4.004392167667476E-6	
0.24997417877598715	0.08340397762075419	2.7711345623110693E-6	0.1667185209166436	1.0478456964812808E-5	
0.1667192834881317	0.1666499018114868	6.10305093501298E-6	0.16671696940804384	1.1052421546681012E-5	
0.0833385577808817	0.25003210150000776	1.4344890112645943E-6	0.1667104188131809	9.57531871603831E-7	
3.5046939907907155E-6	0.3334033297251702	1.4171158181108274E-6	0.16671055802904694	3.0106795368715185E-7	
0.2500557905529288	9.500027742665498E-8	0.0833362943400194	0.16668817159946617	3.5806382869128993E-6	
0.16670613392790212	0.08336390728267651	0.08332580430699929	0.16670324029466524	3.886571088101187E-6	
0.08337661283865704	0.16663144652607442	0.08336373195326353	0.1667096225962199	1.8785041697941144E-6	
1.2014458986103092E-7	0.25003600223845024	0.08335292237111747	0.16671182336558882	5.867110330098735E-6	
0.16671987155714185	2.0164354782649746E-5	0.16672741408667024	0.1666692122634121	3.946628879334126E-6	
0.08335827569491165	0.08335347222467208	0.16669993408578096	0.1667118713197116	7.575977680219742E-7	
1.5354570442534195E-5	0.16667910568801866	0.16668249015224548	0.1667050991679804	1.8763479212140677E-6	
0.08334858354232759	1.7330656771295978E-6	0.2500461523489018	0.16671480484419754	3.2277567538054185E-7	
2.1363130283276997E-6	0.08334084152457176	0.250047793653356	0.16671192850770097	8.504176733762319E-7	
4.3403718778753677E-7	5.119720146177155E-8	0.33337796491448973	0.1667052882880229	4.912315825371362E-7	
0.2500468458580629	2.3589582619805727E-5	3.0257588383861058E-5	0.2500035600731067	4.137741371708059E-6	
0.1666874229956329	0.08337315932154345	3.4030742483634668E-6	0.250017534621769	1.5905004681650234E-5	
0.08337131597574697	0.16664326115813952	7.605213459646478E-5	0.25001142432239565	1.5234270677729378E-5	
8.323412459804782E-7	0.25005288089783084	5.689853092640672E-5	0.24999894516355609	8.630635905213608E-6	
0.1667139008473866	1.1310422690375289E-5	0.08335080122947383	0.2500296590087431	3.5251720263321565E-6	
0.08339001469420805	0.08336210551175118	0.08330531394211335	0.25001108263832195	1.2115512043597108E-5	
1.1786804420313921E-6	0.16671992515631487	0.08334356178486999	0.25001694936585384	1.6544819278912184E-6	
0.08335633018206276	1.942328534124929E-6	0.16674800273188858	0.2500598212213107	3.386435429860376E-6	
1.1447435807013975E-5	0.08347787999807536	0.1665742504350185	0.25001719730643135	1.843201739525706E-5	
2.494524010174024E-7	4.942830148886244E-7	0.2500584960254841	0.2500128880794706	9.58330787699774E-6	
0.1666555333424681	1.0042721138124351E-7	2.0170554342227793E-5	0.3334423047427191	4.1396131937454754E-6	
0.08334547659702783	0.08340470458516482	3.7096775745752335E-5	0.3333125223313349	2.242931041275671E-5	
3.4127196481115774E-5	0.16671029644298452	3.678487409289727E-5	0.3333022540587038	8.591118629861188E-6	
0.08333776565313115	4.772142584406554E-9	0.08333463068887281	0.33342783824730743	4.1625351849454405E-6	
4.371361881235122E-8	0.08334234103053934	0.08334084768444464	0.33344940248223404	4.2315658929835296E-6	
3.4848402122922766E-6	6.195176782275724E-5	0.1667256333832252	0.3333202537926877	1.9906550029369522E-5	
0.08334583632215223	9.40840706633778E-6	7.12934455351041E-5	0.4166619065437417	1.6212379514732862E-5	
1.6291434414506984E-8	0.08333283523491118	1.618611337957935E-7	0.4167838739320971	3.1880456291659034E-7	
1.1560819522887006E-6	1.0196123413905491E-7	0.08333102312128422	0.4167741765848095	4.619071927504099E-6	
3.6675597972719807E-7	3.4210581959619077E-7	7.533533182021075E-9	0.5000985320904365	2.119191208159094E-7	
0.41671777879786664	5.902354923563188E-6	5.281354940774107E-6	4.722164649196487E-6	0.08334296269882532	
0.3334176232015099	0.08332824398472398	5.1630120857280325E-6	4.670863038938639E-6	0.08334750003471025	
0.25004284800264426	0.1666871744147173	1.6200647633919238E-6	3.2322413539007506E-6	0.08334333821868839	
0.16669987051397675	0.25004527298342694	4.588779004332706E-6	1.2356069294047694E-6	0.08334813415053065	
0.08335281640849677	0.3334026262774284	2.1794041436156817E-6	5.807400557430832E-7	0.0833495758374662	
3.672625870615591E-6	0.41676583343193496	2.123121995294274E-6	3.1280615327823514E-6	0.08335088527301447	
0.33337097699423646	3.992099882202205E-7	0.08335927509381505	2.6480437486808656E-6	0.08334314670503774	
0.25001660301871564	0.08335730242848864	0.08336019373003814	6.043951923409135E-9	0.0833430036617732	
0.16669556108763373	0.16668910425842443	0.08335335935699667	4.986164273582482E-8	0.08334556661150974	
0.08335455161913122	0.2500527302173751	0.08335786127364571	1.2267747106086927E-6	0.08335111341298303	
2.0721949354864573E-7	0.3333963491796975	0.0833563067959665	1.3352801920131897E-6	0.08334712305101939	
0.2500564607225997	1.8328271971642183E-5	0.16667044184331353	1.7303077459403408E-6	0.08334750141147898	
0.16671151499151582	0.08336553125304792	0.16666990329136444	5.889835867757901E-6	0.08334872043623412	
0.0833740666119828	0.16668591494871468	0.1666746353065822	1.40727980225738E-6	0.08334524988611049	
1.1551598561454772E-7	0.2500241922621217	0.16670995518348086	1.397524714535772E-6	0.0833451714223305	
0.1666976975618061	6.1056570214588E-8	0.2500505614451651	3.983142149412841E-8	0.08334759360569324	
0.08334567006905033	0.08333903872975423	0.25004630554810414	2.528458427261337E-6	0.08334508115565026	
6.899831115389692E-5	0.16663613458720822	0.25004924581394955	1.1794638919840743E-6	0.08334617044550058	
0.08336053393639224	1.1859094134616581E-5	0.3333644313150315	2.4732864885084737E-6	0.08334603545805828	
9.958261073798068E-6	0.0833625032096665	0.33336310737944086	1.5216188304428067E-6	0.08334559774521969	
7.704480983239941E-7	8.737225119852596E-7	0.4167378793971005	6.68222066668526E-8	0.08334628282932918	
0.333389738303645	5.413133062647851E-6	7.505689638609638E-7	0.08335491214976498	0.08334715624013744	
0.25002085014293907	0.08334831619178537	2.2953540724535886E-6	0.08336224587223112	0.08334290581634753	
0.16669547401994453	0.1666913593580762	4.23622753652285E-6	0.08334107182451933	0.08334296367992129	
0.0833503673533919	0.2500399366900633	4.0345326994045084E-6	0.08334113065296435	0.08334356457695845	
2.3134285807702524E-6	0.33338301211624105	1.708526948642997E-6	0.08334006141209978	0.08335157994634491	
0.2500484195701492	2.0620644149160958E-6	0.08333300297189475	0.0833513919082481	0.08334391716531804	
0.16668780027176816	0.08335472719967398	0.08333047426346799	0.08336278314807788	0.08334633610888528	
0.08335867401608203	0.16668259884405748	0.0833540023040628	0.0833421215195173	0.08334541237731091	
1.7295298816894344E-6	0.2500327266766834	0.08335173093535325	0.08333984969683311	0.08335136820167027	
0.16669759161600445	1.0543679312325128E-7	0.16668510063161923	0.08335068576487972	0.08334370892053303	
0.08335516039385811	0.08334578204334016	0.16668838022625157	0.08334859049599382	0.08334352694228545	
4.641788436112398E-6	0.16670385572836297	0.16669322162175587	0.08335143824564493	0.08334714566286822	
0.08334210151745007	6.411134336488018E-6	0.25004070808464446	0.08334856501386406	0.0833455717691697	
5.658302434101044E-7	0.0833350703210332	0.2500540827372613	0.08334905804098047	0.08334593015307429	
2.95542170946273E-7	5.9711883328302E-7	0.33338393586222315	0.08334748024333258	0.08334467421462977	
0.2500293357524952	2.2331757943658736E-5	3.2888481737186804E-5	0.1666710506176627	0.08334754373558195	
0.1667024749337777	0.08336203563657535	8.403376305162904E-6	0.166672627111097	0.08334047246739157	
0.08339029447101332	0.16668164360675702	8.404373182695408E-6	0.16666849964810052	0.08333539831021695	
1.1568837943306837E-5	0.25006121838317236	1.1475671731665882E-5	0.1666786046007662	0.08334927555110361	
0.1667027353844912	1.1285044478709301E-5	0.08337011550947945	0.16667106234509835	0.08334760474392088	
0.08335997661657603	0.08335080658442982	0.08337188162652509	0.16667008091345778	0.08334745124696227	
9.06442542145217E-8	0.16668768541589143	0.08337948177083501	0.1666681083859376	0.08335024780992746	
0.08337349034621937	8.267058314030348E-5	0.16669512352791507	0.1666161490663452	0.08335170893898684	
1.4036637013133022E-5	0.08339556180524248	0.16660462337139822	0.1667369516564074	0.08334824971815442	
3.4138265481523575E-7	3.446050745504046E-7	0.2500319854375078	0.1666995931378767	0.0833442031188504	
0.1666977752165241	3.6499971039364754E-6	2.1884991360863883E-5	0.2500401911839057	0.08333881112050341	
0.0833435933217081	0.08335701369829776	1.3566159748130665E-6	0.2500596287847238	0.08335507189159508	
3.27611276528789E-8	0.16669605504270835	1.3445028790034292E-9	0.2500529432204103	0.08335258146029081	
0.08335309863316999	9.874549739711357E-8	0.08334994198923676	0.2500614415349276	0.08335611157766688	
1.433474405185673E-7	0.08334968965250997	0.08334668951713593	0.2500515152738792	0.08335280279180733	
6.550313635919486E-7	6.053497953891677E-8	0.1666881581330394	0.2500420298798051	0.08334932342380885	
0.08335685673490131	9.39694003875437E-6	1.961682300405211E-6	0.3333852789735538	0.08334200501585859	
4.684068992123204E-8	0.08334045739594172	2.5022136778586512E-8	0.33342938435159614	0.0833566296951585	
4.539520742763679E-6	5.892458226873813E-7	0.08335506177984653	0.33338817390347775	0.08335281780277558	
9.335826132351538E-11	2.110080446163737E-7	2.6133693464004174E-7	0.4167488427252669	0.08335298059292778	
0.33338462042667394	8.606986307450628E-7	9.544511858855237E-8	1.5399878195167604E-6	0.16668756729694623	
0.2500296553038977	0.08335767984299146	1.5249628471676806E-7	2.1178216947797586E-6	0.16668883058158918	
0.16670147022434845	0.16668538380062148	4.273903177920806E-6	2.805569073020979E-8	0.16668961153003842	
0.08338235832024088	0.2500318042502145	3.022742217219878E-6	1.0550525724911048E-6	0.1667022450871256	
4.7930013192156105E-6	0.33337953030045386	5.336148838917015E-6	2.304814482279803E-6	0.16668910598421946	
0.2500584894342723	6.467748956948341E-6	0.0833397835268726	3.85384868331822E-6	0.16669728155406954	
0.1667010285105863	0.0833624460394382	0.08333928974707171	2.3112006931927045E-6	0.16669568252369238	
0.08335698264484638	0.16668026206082986	0.08335345084994576	1.1141700995348487E-6	0.16668809577000968	
1.649725304719689E-6	0.2500508362314553	0.08334531535372094	1.2751436467546948E-7	0.16670686939219206	
0.16669163958630612	4.398808338913367E-5	0.16665251364255362	3.574262032493223E-6	0.1666887610992216	
0.083371160224002	0.08336452697044487	0.1666525865911741	1.9116720807688944E-6	0.1666879996614772	
2.462246532137089E-5	0.16671162398599132	0.16665314556930788	9.25203564099544E-7	0.1666880655419153	
0.08330690455360969	9.013346989405835E-7	0.25008498479385843	9.035030416675474E-8	0.1666963495822481	
1.183548828697815E-6	0.08334989313255453	0.250050262383636	3.407688578016906E-7	0.16669993770193114	
4.01184676575647E-8	4.0116073585201776E-8	0.33339934683862454	6.485177782429659E-8	0.16669880270762313	
0.2500383167327364	4.265769612633629E-6	5.678786108813261E-7	0.0833520532785654	0.1666906997072057	
0.16669288154258466	0.08337549529038302	2.6703364019959213E-6	0.08333067265252882	0.1666930940239427	
0.08336563211166019	0.16668051541714698	2.3863738562048106E-6	0.08333959400608236	0.1666873834536616	
3.2457367163528853E-6	0.2500519277991614	4.6415505213701374E-6	0.0833424442514904	0.16669560388372578	
0.16668899768162582	3.6895788550314815E-6	0.08336898784738735	0.0833275563871627	0.16668771276060276	
0.08335439016381403	0.08334948088291107	0.08335462718183757	0.08334317829755333	0.1666941380145855	
1.838821955412762E-7	0.16669548543917642	0.08336539693713049	0.08334402719092461	0.16669545103246874	
0.08338585103137386	7.183277918005119E-7	0.16668891022892696	0.08333200496256855	0.16669571275479544	
4.8656887964681395E-5	0.08338029542070065	0.1666431761023247	0.08333148347000513	0.16667661638570158	
4.157350385138349E-6	3.845152071784286E-6	0.2500513062966794	0.08334371564636506	0.16670065969244072	
0.16670247188288648	2.172925409910105E-6	1.2122727536693125E-6	0.16670722509179436	0.16669895007525634	
0.0833637311820522	0.08334287389548373	5.516338543127931E-6	0.16668186834217608	0.1666913596734448	
2.2615161526014233E-7	0.16670207367207235	1.4270752609999008E-5	0.16668639084023334	0.1666964041466244	
0.08336034279079206	3.438288387829983E-6	0.08336063239866258	0.16669520818431985	0.1667028108549844	
1.759879473433808E-6	0.08336022820061612	0.08335679525071815	0.16668852767568515	0.16669697463101046	
3.2193683914084586E-6	3.313323349622883E-6	0.16671653746724763	0.16669273988106378	0.1667074703799977	
0.0833362699421178	1.4316446620670134E-6	2.468424920516642E-8	0.250065036195841	0.16669554875327242	
2.089865532669501E-6	0.08336273765918803	6.110640807704802E-6	0.2500697894523177	0.1667145283966429	
1.7471036144223318E-6	1.9753275537194294E-8	0.083323314266572	0.25004549160879863	0.16672974084105407	
1.2954070639014572E-8	2.7727982468269974E-6	3.870688829218306E-9	0.3334075632946859	0.1667400452115029	
0.25003044034782157	6.900376772412645E-5	4.0662650800993375E-5	7.079039237047998E-5	0.24992501003038556	
0.16675518700067568	0.08326280372458675	1.0054432209685519E-5	8.129231602956851E-6	0.25006485375268844	
0.08337986249549223	0.16670922917969805	2.395102207559468E-5	2.0991261150583505E-5	0.2499883447464423	
7.578679695170748E-5	0.25000845778267045	4.066111994139136E-7	2.308648790099821E-9	0.25002202896126174	
0.16671331156684022	4.737285234755639E-5	0.0833237176982339	4.990262937121508E-5	0.24998754318477387	
0.08338519914433278	0.08337375398839965	0.08332496386218972	1.68131902379381E-5	0.24998200156158212	
6.957270247530102E-5	0.1667154976457734	0.08333801090033534	3.221041908888145E-6	0.24997964309144122	
0.08341784188386388	9.467989142198028E-5	0.1666177903374986	4.883054497623652E-6	0.2499827090022122	
7.833457336638925E-5	0.08342221633817544	0.16662567010508253	2.8416993531644406E-7	0.24997984194796122	
3.0604545399820944E-8	1.5050098574653174E-6	0.250058215935027	3.2605762494137183E-6	0.2500400332982034	
0.16666855330380098	4.311283768187987E-6	1.8805827623140228E-6	0.0833763253070437	0.2500856181745775	
0.08334154026298295	0.08333214301663293	3.870040094501191E-6	0.08337924818797046	0.2500772949323157	
1.4277722598689381E-5	0.166714368645328	5.608689095860189E-6	0.08329879874976259	0.250061991839768	
0.08335872365674976	8.183638457479349E-5	0.08335777052752022	0.08332880659260793	0.24998171420993046	
3.338303496265139E-5	0.08338015770479049	0.08333138198994615	0.08330212445980988	0.25007878610876094	
7.285124720599977E-5	6.618781378347147E-5	0.16665041736898217	0.08332795067302998	0.24997200621419308	
0.08336465710259545	1.0686830309183663E-4	9.06233952416558E-5	0.16658382527594542	0.24996901967475768	
3.215753814200264E-5	0.08340630500000433	4.5516008800185376E-5	0.16667272523257207	0.2499797563618903	
4.615167549855635E-5	4.743315260317661E-5	0.08338211097514056	0.16666118410225808	0.24996389687630802	
1.4612268010070954E-7	1.5803631986904637E-7	3.6941933280228024E-9	0.25003769518198227	0.2500783805620728	
0.16668606889592305	1.1361135757564865E-5	2.8587300894760357E-5	6.789812777595095E-5	0.3333394959264311	
0.08337810569328816	0.0833666612222787	2.939502405796792E-5	3.25036738402882E-5	0.3333632059716	
1.3101804829907532E-4	0.1666264327676425	2.769127832607841E-5	9.441572514876783E-6	0.33333906019501686	
0.08338496771124398	2.3207127568097805E-5	0.08333793083498717	4.714045258652325E-5	0.33333757956767	
6.900125283621731E-5	0.08337594614805185	0.08337470674147524	7.06760663913947E-5	0.3332101017095826	
3.2472662028033364E-7	6.881380261543973E-7	0.1666988272955446	2.14725216346644E-6	0.33339770913612893	
0.08336442089084516	6.281774745774639E-5	9.300594996792713E-6	0.08334775275926443	0.3333173679083332	
1.930186667913378E-6	0.08336012914930087	5.0162873162276984E-6	0.08334835742385115	0.3334190786318591	
6.974367328299688E-7	4.930450738951784E-7	0.08336183469733552	0.08334286051929776	0.3334005889824987	
3.102537130398437E-5	2.8658118088090795E-5	3.2408331577522314E-5	0.16670064783141042	0.33332925983226797	
0.0833769670206154	9.909221181828642E-6	2.8890033896776424E-5	3.3994643223463045E-5	0.4166547173577349	
1.3854375899408433E-6	0.08327740452100274	1.3904298257291861E-5	1.9824440294688884E-6	0.41684672312110516	
1.3572604601334639E-6	9.624692938612174E-7	0.08341478464542082	3.706775548207337E-5	0.41666532493753927	
8.975799308460836E-5	9.154463490511836E-5	9.767030335037457E-5	0.08337730452902062	0.4164616363620343	
1.3400400241816335E-6	1.3541120241856905E-6	1.3393323566768008E-6	9.795108054085993E-8	0.5001184194534624	
