0.49997649711516645	1.923173640270607E-5	6.191851353641857E-7	7.4399984928438675E-6	1.570923457187908E-6	
0.41671846374241767	0.08322341808747438	1.327262869676867E-5	2.691782276278061E-5	2.3508378671426117E-5	
0.3333173680383715	0.16668209313271706	3.715531037011037E-6	3.6678859746478013E-6	4.344543796517943E-7	
0.2500008768408155	0.2499967184182391	4.384934777143795E-6	4.19954159957005E-6	1.4899207676630427E-6	
0.16668824881623778	0.3333057020652753	4.3762508355090376E-6	6.947251866584121E-6	1.4896528930207085E-6	
0.08333848962809955	0.4166478516352202	5.610097395586993E-6	1.2244816152085496E-5	1.9169762717766755E-6	
2.5572862700982783E-6	0.500002920783177	2.3831034413859846E-6	1.1155256722486909E-6	1.5210648978585305E-6	
0.4166451614015813	1.3837472392167904E-7	0.08335122826293118	6.397142318360988E-6	2.0918074472640634E-6	
0.3332573300810854	0.08337337326042106	0.08334533038493942	7.604049028371924E-6	2.342427871168366E-5	
0.2500178879021737	0.16663023706262506	0.08335162061477223	3.7318585536525204E-6	2.00112312444564E-6	
0.16664286939209375	0.24999589209777925	0.08335478978727169	4.912582300278352E-6	8.49483568624683E-6	
0.08334882780045566	0.3332998941218245	0.083351707629922	4.93359765486484E-6	1.020346763206063E-6	
2.8359937943181956E-7	0.4166445589094199	0.08335601723745872	3.125592017240612E-6	1.965367874753149E-6	
0.3333326504020369	2.110059939684455E-6	0.1666603200002544	7.831508524369144E-6	3.3383265910894495E-6	
0.24999980293210594	0.08335374572494393	0.16664190623567116	7.563506163149024E-6	3.3313233749709455E-6	
0.16671951981985056	0.16669509544864836	0.16656926587212442	1.3322357407012742E-5	8.261144530259071E-6	
0.08339517897156491	0.2500139577332608	0.16657666046397968	1.1291639117271975E-5	8.167667998576E-6	
1.4453126578489066E-5	0.3333511124333084	0.16663871941884106	3.3312228816659723E-6	8.258642811596139E-7	
0.24998672930192456	1.0501517083635818E-6	0.25001527211783214	3.791163442157819E-6	8.223351380545871E-7	
0.1667059644815083	0.08336115375051453	0.24991898329525972	1.0201817676043061E-5	8.717582715051116E-6	
0.08332758546735361	0.16662253643156005	0.25004368823165685	5.0786146655977555E-6	8.746313704490187E-6	
2.1323680614996755E-6	0.24997748404009273	0.25001349323460753	3.5048767560720394E-6	8.492911093866456E-6	
0.16657634086124898	1.5777669566007878E-5	0.33339348279802006	1.04075804863927E-5	8.748967881887645E-6	
0.08335443043255121	0.08335848225017564	0.33327686776261123	7.49881013334365E-6	8.246222603623645E-6	
4.310925693386412E-5	0.16666907339138873	0.3332779864899069	7.149699744587881E-6	8.757913128207917E-6	
0.08333313977492672	3.8682217062998496E-5	0.4166143184364073	1.0330428092707575E-5	8.686496632622655E-6	
1.4721137787428705E-4	0.08338335529058227	0.4164709661616226	1.0379331627414164E-5	8.765070486493219E-6	
6.348349724854933E-8	1.7859165561065473E-6	0.49999485891787293	9.13847595515092E-6	5.727902274093797E-7	
0.41664437290012096	1.0698620142903417E-6	2.996048509477081E-6	0.08335236417964442	5.90954490515538E-6	
0.333270685912883	0.08336614867030805	8.7529040319237E-6	0.08335235635287772	8.634020200193037E-6	
0.24995054717655416	0.1667090899952803	3.0761276397998194E-6	0.08332877914983525	1.3990903839872763E-5	
0.16657461774894392	0.2500731597058781	2.9147300817224975E-6	0.0833500909741834	4.308118623364097E-6	
0.08333196780689892	0.3333408705833573	7.290187093547376E-7	0.08333110395787324	1.0210497881446364E-6	
1.3099572348724533E-6	0.4166744690542736	5.634888257769209E-7	0.08333274281559762	5.322978846341751E-7	
0.3333092754761817	8.42229289099017E-7	0.08336107144805947	0.08332837452891438	6.0614728302318814E-6	
0.24999293001922904	0.08333172487867728	0.08332733307226792	0.08335237629480452	2.474825248731592E-6	
0.16666631686500427	0.16666433184965052	0.08333134121500968	0.08332976096885647	1.3419561628000257E-5	
0.08335554925753397	0.24997792708846478	0.08333216485008019	0.08333871568664619	9.354751157024965E-7	
1.8933487970812724E-6	0.3333371374780783	0.08332684566760794	0.08333848064667522	1.0459864756058515E-6	
0.2499785911456882	2.681907905294403E-6	0.16669289675702817	0.08332967547872919	3.3167342455754407E-6	
0.1666385619946425	0.08332752305199312	0.16669702105053705	0.0833381095496781	3.3054206696501296E-6	
0.08331804697022258	0.1666712422146572	0.1666760538903559	0.08333813994883991	2.020006933084065E-6	
8.571965093706007E-9	0.24996466349498228	0.16670170859577546	0.0833386416205169	1.0692872971350745E-6	
0.16668244530085535	7.003408832437086E-7	0.24999070346039412	0.08333002574650875	1.3577950991777065E-6	
0.0833321280366043	0.08329844950098216	0.25003184949680524	0.08333792096691697	3.2876114799090196E-6	
2.0693296924280675E-5	0.1666749811502119	0.24997515154585867	0.08333158765746015	3.7114458863062625E-6	
0.0833386733251422	2.335615946535113E-6	0.3333333782994042	0.08333229185885134	3.5905871206956494E-7	
1.9344519061268207E-5	0.08333811758385994	0.33331676495905316	0.08333232848976807	1.8611361681178913E-7	
4.028553704530495E-7	1.0719055970802339E-6	0.4166715394918899	0.08333202715669898	1.3348073766118315E-7	
0.3333453576963792	1.330118190082154E-5	1.8061903535732864E-5	0.16663370343623718	2.6247586017990954E-6	
0.24998636600529803	0.08334007346662284	9.207665106722096E-5	0.16658546533409077	1.6070572391311989E-6	
0.16666343963412503	0.16666082032872678	2.532424572182902E-6	0.1666664481222504	1.3467668294215938E-5	
0.08332954878865816	0.2500035854967709	2.2247862319970827E-6	0.16667073054631582	7.205243398774677E-7	
5.639050815596566E-7	0.3333322691756284	2.399804841020866E-7	0.16667226807524546	6.837315427699028E-7	
0.2499860042981596	2.664693406853062E-6	0.08334526762925933	0.16667233943143023	1.370740010085746E-6	
0.16665417152567302	0.08334311742066368	0.08333586647274255	0.16666931032672827	2.660189113438358E-6	
0.08329040846328495	0.1665497240617527	0.08348348642043761	0.1666648714906074	1.6650665905957903E-5	
5.205833662489013E-8	0.24999605631247135	0.08333714814651302	0.1666723598064634	6.832562732366471E-7	
0.16667379695234932	8.76386129614184E-6	0.16667221669492055	0.16664513478877882	4.487100745394995E-6	
0.08335325933621565	0.08331957238198359	0.1666928753260325	0.16668469505151562	2.5820654000421497E-6	
4.018687120073473E-5	0.16667674940699018	0.16661227951510837	0.16666905948787689	7.142720959713157E-6	
0.08334869725430595	1.470706694677202E-5	0.24999242750956469	0.16664427862132655	4.5411227590844565E-6	
2.014740458581273E-5	0.0833433489060589	0.24999270336983692	0.1666446082412644	4.491285193823709E-6	
4.580360532472317E-6	4.256350423937693E-6	0.33334765892415863	0.16664484844030603	3.3942554621664067E-6	
0.24998791282039032	7.255625819380961E-7	3.2493991945015003E-6	0.2500211026116736	9.86131962986581E-7	
0.1666263715922593	0.08333998180678602	6.84942012060728E-5	0.24996331781562958	7.393925106562326E-6	
0.08333731997650595	0.16664065322104823	1.8900028901239677E-6	0.250023362530106	1.7209824888261903E-6	
1.309065921878662E-6	0.24999525289137975	4.963637091288921E-7	0.25000810458269423	8.229791954579333E-7	
0.16667993839615272	2.5251069483060355E-6	0.08332295792999986	0.25003358287418764	1.7443125675546716E-6	
0.083348825318823	0.08334922461439596	0.08333076615343138	0.2499666833225684	8.766046503231206E-6	
1.804554548266942E-7	0.16666764176386267	0.08331101642919586	0.25001759217488	9.082755622163119E-6	
0.0833129856765555	1.0380425909713968E-4	0.16657112301097063	0.2500068358774844	1.171791827831736E-5	
5.7217356723445926E-5	0.08337385628261303	0.16659922850316308	0.24996249332854062	1.2052509865432546E-5	
1.0697178844770906E-4	1.1838201526274291E-4	0.2500026651707766	0.24977226808202307	4.5922147435360605E-6	
0.1666530899457812	4.416366813846156E-5	6.919526041456324E-5	0.33322597374983987	1.1705828028205066E-5	
0.08333441511016144	0.08333342753737165	1.9625913363664157E-5	0.33332102228962845	2.406202956511258E-6	
5.2580209283929286E-5	0.16664867436535505	4.654273039815775E-6	0.33334759058648106	1.066240972249184E-5	
0.08334336091603171	5.113404773176079E-6	0.08334315613650561	0.3333130426017334	1.7458499604773459E-6	
1.95942649359952E-5	0.08332987094307352	0.08334235734589733	0.333312411338114	7.839419497288572E-7	
1.0044122730013285E-4	1.0739663274804641E-4	0.16663954591643015	0.3331513150522539	7.119916353486259E-6	
0.08342949666803103	2.4269245882998455E-5	1.6426289861436733E-4	0.4163775165988594	9.032198503329465E-6	
2.671486561252971E-5	0.08342153778214689	1.6423633613721233E-4	0.41637194016414963	1.9988278200732615E-5	
1.1265878871903891E-4	1.2031908390206597E-4	0.08338594162917135	0.41638195180247634	5.53307373698198E-6	
1.3231282706951776E-5	1.5345007529164883E-5	1.22497973214946E-5	0.49998702051972077	1.2347109565278878E-5	
0.4166727205334032	1.5127669397799913E-6	1.3077441099534148E-6	5.395099015845949E-6	0.08332476013455828	
0.3332896465198666	0.0833746674940566	8.75348548590388E-6	7.733180604097604E-6	0.0833250149480104	
0.24995963960210105	0.16669288362078688	1.1418449288943497E-5	6.404612859520502E-6	0.08333602779986797	
0.16669115145942953	0.24996594275423936	6.5310725168838084E-6	7.43761315116066E-6	0.08333487801469049	
0.08332414622116241	0.3333426037243346	2.614187735049947E-6	1.1400394010558677E-6	0.08333550024726152	
1.2447058237500347E-6	0.41666676605904485	2.007669375937138E-6	9.561620880549315E-7	0.08333536723743669	
0.33333765304244994	1.2141869179058402E-6	0.08333040831265136	5.292797007611483E-6	0.08333513113979331	
0.25000123356521486	0.08333448279552566	0.08333019321244593	5.332258083654576E-6	0.0833338547597458	
0.16667177352305734	0.16666487251576434	0.0833285498638388	6.2803093717709415E-6	0.08333496067245982	
0.08332644063470965	0.25000873504277354	0.08333266440787097	9.714001710565202E-7	0.08333745065310462	
5.795958410230072E-7	0.33333615363942304	0.0833333256919102	7.737707481689702E-7	0.08333543787844686	
0.250006460613959	4.5553043334740604E-5	0.16661102922411625	7.76360031063921E-6	0.08333376300400253	
0.16668815110616877	0.08336418208158217	0.1666112525647541	6.3441335713624326E-6	0.08333509915990328	
0.08334923334113793	0.1666650460492244	0.1666687590913912	1.6517863196922845E-6	0.08332489082144857	
1.2532243539728617E-6	0.2500054850691069	0.16666341478637475	1.0541649496787246E-6	0.08333507072358212	
0.1666694445710968	1.7736312439134712E-5	0.24998270416350485	7.579564769549684E-6	0.08332768973824757	
0.08334631185589723	0.0833503172246164	0.24997371800318233	5.209761670837078E-7	0.08333462311129919	
1.3643578271339318E-5	0.16668066347694227	0.24997026702303435	6.357049047644423E-6	0.08333451435756742	
0.08333617429852855	2.1200558182007306E-5	0.33332390092585984	9.634461955546744E-6	0.08331347547312974	
1.6290145212811476E-5	0.08333994880170058	0.33332463689974556	4.448026022686319E-6	0.0833242667960664	
5.933054739256957E-10	8.295114263476544E-8	0.4166697316805983	6.316300960624203E-7	0.0833347886055447	
0.33333815608835854	2.3085464218146866E-6	4.6809419173308347E-7	0.08333110005965977	0.08333431547559357	
0.2499987887347784	0.08333366704909088	4.6278101909268426E-7	0.08333879560686776	0.08333394715884815	
0.16666896767739411	0.16667014103736297	4.615926448262675E-7	0.08333188932099309	0.0833352001765792	
0.0833256879168937	0.2500117480910138	2.152892874493065E-6	0.0833308660231666	0.08333531153656056	
1.057608276505228E-6	0.3333388552340929	6.649043497198713E-7	0.08333110382891629	0.08333514352462727	
0.2500007011336267	1.7189322260350667E-6	0.08333696389320758	0.08333157913022167	0.08333410404760581	
0.1666614784291164	0.08334629293512927	0.08333856386176582	0.08333331728262548	0.08332540673540895	
0.08334507475946039	0.1666576535003827	0.08333739118018145	0.08333100398947615	0.0833350901507274	
7.375811719340561E-7	0.24999174210685784	0.08334662629378786	0.08333065833732184	0.08333425580038666	
0.1667335484336039	3.146049235777759E-5	0.16657469412908227	0.08333162159393986	0.08333569409149386	
0.08333093242540703	0.08333016033593814	0.16667855284946934	0.08333077590695744	0.08333449949289368	
1.7120093778178051E-6	0.16666052033524473	0.16667758433285032	0.08333074950954031	0.08333456944988032	
0.08333132458857458	1.0071910091300598E-6	0.2499980094563406	0.08334371844134428	0.08333566055912496	
8.35280802561732E-7	0.08333656405413137	0.25000436650181906	0.08333034507650644	0.08333525119788346	
9.323498584319388E-8	9.138078866399602E-8	0.3333401750642316	0.0833304062645087	0.0833350102690371	
0.25000697892425944	1.7186525204122692E-6	1.9856890996046787E-5	0.1666418457450945	0.08333564679455772	
0.16666465152251295	0.08334788122484561	1.3285111645598652E-5	0.16664439068455833	0.08333512632960294	
0.08334487645352222	0.1666564301617367	5.573837650375024E-7	0.16666894428119292	0.0833356636451787	
9.657041267669503E-7	0.2499893445810065	1.6709146914999093E-5	0.16667018214616983	0.08333634812403094	
0.1666806282970251	1.7497826031451585E-5	0.08333397676273945	0.166644226263153	0.0833348782318078	
0.0833447599993216	0.08334364468949114	0.08332051468791142	0.16666216505547735	0.08333512139689359	
7.181555800526943E-8	0.16663990013648805	0.08336860904879878	0.1666623125730539	0.08333508355675837	
0.08335207405265911	2.3929051659366157E-5	0.1666574984992329	0.16664529033342435	0.08332693110675211	
4.743321745672098E-6	0.08336248036141539	0.1666321810296739	0.1666699660650279	0.08333564270203504	
1.439973908527219E-8	1.4402082082776219E-8	0.2500012740282837	0.1666712290766797	0.08333469179378653	
0.16666280286540894	1.0188376344413152E-5	3.8815840428798224E-7	0.2499966387971317	0.08333416261520689	
0.08332884614785827	0.0833412583693692	4.02224283537153E-6	0.24999565458172882	0.08333441001471464	
1.4514008030860941E-5	0.1666733227038219	4.2751808859715554E-6	0.24997859493531147	0.0833345024596177	
0.08333352868322469	1.0922822254087575E-6	0.08332938795415877	0.25000753174527157	0.0833344661159701	
2.593469905816965E-6	0.08333761252271235	0.08333420908566645	0.24999676869126303	0.08333457855995481	
4.914726025128294E-6	7.143342663122637E-6	0.1666629432584703	0.2499974651934913	0.08333476669026924	
0.08336309046569147	2.3972557000777614E-5	5.405678958507103E-5	0.33325032735727345	0.08331293788352546	
4.157624740788558E-5	0.08340330548043494	1.7853565527859442E-4	0.33308619438934567	0.0833158401268322	
5.142202735891548E-5	4.942491203933943E-5	0.0833404880371028	0.3332511540189362	0.08331309446492344	
4.7373486793834285E-7	3.0994639312933223E-7	4.318616192360537E-7	0.41666823586462765	0.08333412707378114	
0.3333349324773822	1.7851698254099843E-6	4.540894040244754E-7	4.350321942573738E-6	0.16666417720672774	
0.2499772076081203	0.08334319747191488	1.9414938552048245E-5	4.32656397426093E-6	0.16666430096436713	
0.1666724599827131	0.16666895119208466	1.452975224197714E-7	4.784237098958773E-7	0.16666355569182928	
0.08331926685851145	0.25001139090118235	5.06665666616206E-6	6.390912456790956E-6	0.16666382869725463	
5.708784536298339E-7	0.3333393546196492	5.090750090119202E-6	7.145842473216039E-6	0.16665357094537975	
0.24996792470606402	8.19925190295908E-6	0.08336056893819103	4.2676858575395994E-6	0.1666638616636095	
0.16663535571560767	0.08333345100375737	0.08337284110124701	4.160874718463864E-7	0.1666635508833923	
0.08332968252248732	0.16668530706883983	0.08333351426321829	3.7381559150727376E-6	0.1666533584824978	
2.792173705891719E-5	0.2500246717447189	0.08328399394353575	1.5938853313341074E-5	0.16665375294486987	
0.16667836705448355	1.7709300960161428E-5	0.1666393551327084	6.3966727693132615E-6	0.1666639046424662	
0.08333098390358533	0.0833308035152512	0.1666800376975529	3.324111673651896E-7	0.16666294729247652	
1.7142246087946174E-6	0.16667155958488714	0.16666555967567226	3.823159880090599E-6	0.16666622667574185	
0.08332433077304191	9.86093715793257E-6	0.250002805075932	3.5541930123272794E-6	0.16666456340848035	
6.766953382769002E-6	0.0833282874959713	0.2500053932973318	3.5581186337226402E-6	0.16666628991983817	
3.697933899661944E-9	1.223031275857881E-6	0.3333380138347131	1.2364063545369095E-6	0.16666460283003634	
0.25000065023937906	1.3400514869821026E-6	7.889931676462378E-7	0.08333894620805771	0.16666412895869942	
0.16665543254380485	0.08335926610454816	5.2595660605849446E-6	0.0833221033163812	0.16666369764340946	
0.08333037149351498	0.16668659953287424	3.790620977012662E-6	0.08332233122016677	0.1666631950410164	
1.7280088261675135E-6	0.2500134362198271	1.4083733183754144E-6	0.08332605768961285	0.166664006922394	
0.16667757424836108	2.9708804542460057E-6	0.08332519462762003	0.08333995204459019	0.1666659787673084	
0.08334415138567244	0.0833418334444356	0.08332884465340884	0.08332548964677851	0.16666440995398435	
9.907194754052715E-6	0.16667712585070113	0.08332936862304301	0.08332601347399039	0.16666386388050186	
0.08335997961625181	1.0297173100301216E-5	0.16664647923662057	0.08332621767267483	0.16666285818139806	
2.5504353638593447E-5	0.08334185269888832	0.16664340708734043	0.08334140395723132	0.1666536246790712	
8.521727176379384E-7	2.934535668472983E-9	0.25001551076693096	0.08332367185752958	0.1666647721272417	
0.16666033280069698	3.0288319270206564E-5	1.1465347869410025E-5	0.16664962228527944	0.16665346664326208	
0.08333379427707367	0.08334843243024041	1.1426869853714693E-5	0.16664864559951842	0.16666182293414422	
8.335539293602755E-5	0.16657624827406703	3.375445013765097E-7	0.16669132505828202	0.16665370743730418	
0.08334750939358077	1.5191890364342019E-5	0.0833344285092677	0.1666457252026403	0.1666635422933342	
4.8754511861604085E-6	0.08334000361688683	0.08333979075810218	0.16666041902295334	0.16666520145019523	
1.1304512197905657E-8	2.7304921427372614E-7	0.16666543156479413	0.16667678496630564	0.16666604964359236	
0.08331221897951012	1.5146153939058553E-5	1.822445560819633E-4	0.24984429602550362	0.16665054195941623	
1.0005132181266114E-4	0.08335309569669934	5.2162002716695067E-5	0.24983142927342009	0.16666892295522012	
6.0503432570152874E-5	7.011330198293905E-5	0.08337550482011415	0.24983505782248353	0.16666670233781877	
7.328553543211128E-7	8.611051241589824E-7	1.3386698158978078E-6	0.3333364419128308	0.16666452806893056	
0.24999668445731188	1.526632108683882E-6	1.4513965347352455E-5	1.241116393511824E-5	0.24998084057284753	
0.16658302202120787	0.0834378871241523	1.832430940525059E-5	1.1177040555954025E-5	0.2499568866354449	
0.08337027538436403	0.16668559155484253	3.097189782866536E-6	1.1900961552383324E-5	0.2499356346561546	
2.6121538540890954E-7	0.25001547749438047	3.494918940051491E-6	1.1808786144076147E-5	0.24997464538942196	
0.16667403099444905	4.585319644570552E-7	0.08334050762984202	1.2411469326290425E-5	0.24997729676200883	
0.08333760863830181	0.08333512666116646	0.08333963082996278	1.2147363844554375E-5	0.24997996345469228	
4.778459294145245E-7	0.16665819517378874	0.08336081916611715	1.1952469617442485E-5	0.24997504880631552	
0.08334613168759075	2.4120454586366335E-5	0.1666459960813082	1.2644835618909065E-5	0.2499776300690223	
2.482115519986541E-5	0.08333937484562631	0.1666539267950456	1.179884195930581E-5	0.2499775902198382	
3.101123829159575E-7	5.397330173833979E-6	0.25000788681020236	1.2404601101301426E-5	0.2499913984968996	
0.16665487429635234	2.4045952876500622E-5	1.4281893150708988E-5	0.08333527990776879	0.24997834838846636	
0.08334084814552994	0.08333836529645372	5.827045642110946E-6	0.0833312337034714	0.249990252431967	
1.0025985956491043E-5	0.16667612742368906	2.860365818210298E-6	0.08332757119039554	0.24999006762679524	
0.08335510839643884	1.2651652479000098E-5	0.08333252205907928	0.08332785964439128	0.24997811939405737	
1.4180533021850935E-6	0.08332751987481535	0.08333739005637793	0.08335071516654448	0.24999004631330896	
1.7011864559202594E-5	2.120285203518323E-6	0.16666829914999226	0.08333221048847184	0.2499850512466228	
0.08336857590846687	1.1039053237725025E-5	1.9585585039626732E-5	0.1666255344326393	0.24998018811641412	
4.143681001400767E-5	0.0833559319321529	1.959428832467056E-5	0.16660092515513678	0.24998665457609398	
3.136732780522838E-5	3.2112018339862825E-5	0.08336608848454541	0.16661122068609932	0.24996712914546929	
6.507064974229347E-5	7.85045686662679E-5	2.3902294518566326E-6	0.24988078201601724	0.2499817752368897	
0.16662404823802573	2.6042797687613922E-5	2.4314767012252826E-5	1.2672112025559581E-4	0.3332215796753093	
0.08335121679584383	0.08335163617030038	8.743682062828587E-6	7.980144804901886E-6	0.33328684404080827	
7.16583963560073E-5	0.16666277691144385	6.150537976194028E-5	1.110417340741033E-5	0.3332013046236456	
0.08335665234455995	1.2290671815605336E-5	0.08333370471248726	1.089077509218734E-5	0.3332953371574952	
2.3318151441349588E-7	0.08335520511450141	0.08332020570028961	4.276405759614442E-5	0.3332861005025599	
1.7923961144837877E-5	1.7972027992186257E-5	0.16668435807340515	3.7899107915530598E-6	0.3332848533530086	
0.08334136772258781	2.30261174563148E-5	1.9090698416671486E-5	0.08333530337603352	0.33328806518532667	
1.1762303675232232E-5	0.08335646197743078	1.9642387851907227E-5	0.08333658803744096	0.33328067416799295	
2.801385654291363E-5	3.130147067836966E-5	0.08332739766510155	0.08333693602559872	0.3332837713568819	
3.136672482553471E-5	2.9774604807495586E-5	1.0041161223791566E-6	0.16665866931658108	0.3332875311984304	
0.08332804330090497	9.273434714458651E-5	8.155609603070226E-5	2.473358149416455E-4	0.41625825220866436	
5.701747955490331E-5	0.08347562542425778	8.103479917383037E-5	1.38274329426661E-4	0.4162694924924094	
2.1239239727708155E-5	1.5257752926592084E-5	0.08334064680256242	6.211975943722149E-6	0.4166224544177918	
1.539307898617509E-5	1.5323419331688197E-5	3.063655017836238E-7	0.08335268590270922	0.41662421814863987	
1.1572270222269855E-5	7.275060786451666E-6	9.201078859371246E-6	1.480844327756624E-5	0.49997389822719973	
