0.49999803606026033	1.4145001681394084E-7	2.3337587852709923E-7	7.536161089963978E-7	1.2990687391302897E-6	
0.4166493658869959	0.08334528357019659	2.7551000287497133E-6	1.3173551082394906E-6	1.492377101176966E-6	
0.3332883723381906	0.16669537128889814	2.9809242500905307E-6	4.350137776276278E-6	9.353091717886165E-6	
0.24975972576133543	0.250145512986158	3.0712783408334914E-5	4.179195241208234E-5	2.2776601727858218E-5	
0.16667150882398074	0.3333274746948746	3.2674392571689004E-8	7.041006282703899E-7	5.329649155391315E-7	
0.08336104574929937	0.41662437601046454	4.45286641637126E-6	4.149178404545972E-6	6.217577795979821E-6	
3.193796824744514E-5	0.49995683302826305	4.491768877858024E-6	1.0498332757556292E-6	6.213832989753038E-6	
0.4166436567418913	4.790110263566035E-7	0.08334935197918246	1.8072172880688539E-6	5.856961223170305E-6	
0.3333246889784562	0.08332221445373603	0.08334990596631275	1.8003355497866757E-6	1.493335631400976E-6	
0.24999893238788928	0.16664413998001615	0.08334914180470444	2.7588349605629562E-6	5.401371579503714E-6	
0.1666276892269539	0.2500051123320974	0.08335612530643646	5.531009294089023E-6	5.74657065648303E-6	
0.08331473729309949	0.33334786155345497	0.08332554667314787	3.326081388718551E-6	8.772496140337888E-6	
5.130841750861383E-6	0.416664626225983	0.08332699513106785	2.360925550563223E-6	1.1362127764732574E-6	
0.33323877557697945	1.1112458600033446E-8	0.1667246069256324	2.1851418464583895E-5	1.5185381990406054E-5	
0.2500002149448472	0.08332234976909837	0.1666678383454776	8.329100892168895E-6	1.5935936862465436E-6	
0.16669001762614877	0.16668198526829198	0.16660798466505178	1.591562723126568E-5	4.353370984656285E-6	
0.08325401008178235	0.2498704391061199	0.16681129577158182	2.2300079452535114E-5	4.2248161416279634E-5	
3.6695736526727925E-6	0.333302151565834	0.16668455484739833	4.242048572451133E-6	5.780468705515147E-6	
0.25001774189923487	9.133622991462917E-5	0.24985081925061756	3.2273037693654934E-5	8.201699987200917E-6	
0.16668324352854266	0.0833187282570452	0.2499913709793437	2.6433846429513217E-6	4.249841874093967E-6	
0.08332868903492778	0.16666695691715852	0.24998207249184706	1.0244286708727068E-5	1.2301356332461218E-5	
3.3126822299831963E-6	0.24999662540670223	0.2499922747886977	2.4225377807115745E-6	5.778801960917575E-6	
0.16666136688467612	4.791139082098339E-6	0.3333274952151192	2.0487822973853447E-6	4.578783626851768E-6	
0.08333542460589628	0.0833312080838322	0.3333284803650893	7.867882339396396E-7	4.3527294445627496E-6	
3.643403241373422E-6	0.16666455304430572	0.3333318061340316	3.489222683612807E-8	2.1740204816233042E-7	
0.08330607057851952	1.4883078033824286E-4	0.4165159071343254	1.8294582638809552E-5	1.1862607133856694E-5	
1.5256294491752508E-4	0.0833836840073486	0.41643780098951616	1.566769970372469E-5	1.0868700999488942E-5	
6.414461507695738E-7	6.165146809894073E-7	0.49999797966631204	3.151130286810645E-7	7.884801683998343E-7	
0.4166583118524181	1.8612192617006872E-5	1.2130643943899635E-5	0.08330653937343116	5.897171881410228E-6	
0.3333283519394699	0.08332581735316745	2.215917358249645E-6	0.08334231660966082	1.5505054376857945E-6	
0.24998774216440542	0.16664947688633377	1.7821713263800407E-5	0.08334055872227085	4.698835004911821E-6	
0.1666366960659001	0.2500185151905672	3.5473817488639287E-6	0.08334082939072478	5.688477484706057E-7	
0.08331384113956011	0.33334313440750013	3.4797312877068782E-6	0.08333817157794181	1.6080929258421792E-6	
5.406834044652043E-6	0.41665616422099855	5.514859178822069E-7	0.08333751483515284	7.949657372928324E-7	
0.3333241449695493	1.0139533977851265E-8	0.08333191785895792	0.08334155625631377	2.6642537756475903E-6	
0.25000686422444973	0.08332467846041584	0.08333344074812897	0.08333424055517644	1.0476302012668993E-6	
0.16666139192662285	0.16666273796238276	0.08333692608790225	0.08333941320057547	3.16255302192993E-7	
0.08332970366428392	0.24999791108806804	0.08333289939239116	0.08333905816031838	5.962227079922721E-7	
8.88347442440317E-8	0.33332306539863615	0.08333698125590813	0.08333898268798505	1.1443363373100454E-6	
0.2499795347547723	6.218874122827511E-5	0.16660993080205405	0.083340741233582	7.873605342756548E-6	
0.16667812872506557	0.08336635760729164	0.1666202710346353	0.0833344477312096	1.120090385061804E-6	
0.0833502340287977	0.16669008386244727	0.16661757113270637	0.08333808888883909	4.407449751422432E-6	
1.4316924288869327E-5	0.25002367954069504	0.1666173899637797	0.08333757988592568	7.26326828552952E-6	
0.16666677260310164	3.3318292333041875E-7	0.24999727856410822	0.08333436709573815	1.5747305922476216E-6	
0.08333719985379691	0.083329822046609	0.24999733076486816	0.08333436642680578	1.5336711971382945E-6	
1.77324873640754E-6	0.1666686465138257	0.24998570864339006	0.08333838436699743	5.617863041337871E-6	
0.08336177801407033	9.033478050463745E-6	0.33329416497948783	0.08333449494525155	7.88912275866251E-7	
2.575637834768328E-5	0.08335095490146277	0.3332800408184081	0.08333785304227889	5.640941146506595E-6	
1.8475252051448868E-7	1.8349178406315769E-7	0.41666071912181496	0.08333848913589681	7.894310453089488E-7	
0.33327715371101885	8.616567308257488E-8	1.3139660016666493E-7	0.16671452454233082	8.483271405504633E-6	
0.24998158829745462	0.0833176662660476	6.792670949361169E-8	0.16669681473911446	4.634456056090745E-6	
0.16665259180377823	0.16666504741504448	9.989705410995125E-6	0.16666018278674155	1.2371680326928853E-5	
0.08333441373504376	0.2500132844907373	1.9805388518862787E-5	0.1666265434910965	6.100338527346965E-6	
2.124032789425179E-5	0.33321591708485854	6.221619114160008E-7	0.1667465688522041	1.5801564661957888E-5	
0.2500050032653455	7.908724814818641E-6	0.08330325263788615	0.16667985782136566	4.266719987404634E-6	
0.16661112834240024	0.083332862155971	0.08336990808360523	0.16668183948107856	4.8202147689452035E-6	
0.08333547868018341	0.1666637269156109	0.08332373879636065	0.16667661469828035	6.474522143419695E-7	
1.80028067648235E-6	0.2500016360170811	0.08332525259093929	0.1666664691397406	5.058240654074741E-6	
0.1666372122766932	9.477058183021536E-6	0.16668158773838285	0.16666742516062072	4.818309728437377E-6	
0.0833274286600244	0.08333319616748494	0.16665830241791943	0.16668019551506727	1.2899030072935297E-6	
1.9264215794592133E-6	0.1666663915767893	0.16666367113366115	0.16666697950722822	1.1361244062374858E-6	
0.08336363511339452	3.434613974594775E-5	0.24996141076707273	0.1666337326227227	7.014111361036018E-6	
9.655983069177135E-7	0.08329506480005243	0.2500331693171877	0.1666665302385959	4.395398563004371E-6	
1.5017938142317137E-5	1.5776460714611538E-5	0.3332989090188403	0.16666611465971778	4.406346309018949E-6	
0.24998078799848517	1.0905195852648566E-7	1.7038991670932492E-6	0.25001402854090216	3.7251015316871058E-6	
0.16661683776388664	0.08346751514811078	1.352674265159954E-5	0.24989803197490287	4.634453671242054E-6	
0.08334450324917973	0.16663765153148222	4.918756129493356E-7	0.25001405642690727	3.7503864351654532E-6	
1.59362105549195E-5	0.24996736115827953	4.890885200437806E-7	0.25001519637120034	1.4694460185020296E-6	
0.16662681361767398	1.1995904675007444E-4	0.08340015436607429	0.24983906913119983	1.4351934964447447E-5	
0.0833336442949224	0.0833393866166157	0.08330968153918153	0.2500144190126813	3.4276640989515435E-6	
3.738421463509525E-5	0.1666670072549862	0.08332514691537597	0.2499656684382168	5.050464177344254E-6	
0.08333211368171203	4.681081134578008E-6	0.16663294269131718	0.25002544585822933	5.526025040118438E-6	
4.1178569616715345E-6	0.08333368696209144	0.16663258008358914	0.2500259568972438	3.83902977632903E-6	
7.36709031220606E-5	7.740692227855796E-5	0.2500032049652344	0.2498427668831921	3.14461955418629E-6	
0.16666447239875756	5.726450471244877E-5	5.321210764620391E-5	0.3332068720748295	1.8487141631043544E-5	
0.08332865748842438	0.08333506005526364	4.376234194102936E-9	0.33333290915434566	3.760569649475967E-6	
4.156218979081569E-6	0.1666595122426019	1.108481824012993E-6	0.33333176234264533	3.8607351214279956E-6	
0.0833780972109288	4.237868117440779E-6	0.0833199336472911	0.3332956058018796	5.495599648702433E-6	
5.610924949246085E-5	0.08332802904530992	0.0833193566956073	0.33329264667729097	4.0220800258556175E-6	
3.2134897028820806E-5	3.0386362532280034E-5	0.16663788743867858	0.33329321781590426	6.547894432506706E-6	
0.08332017778147606	3.4947423003095557E-6	2.129291509828501E-5	0.41658230084288794	7.339450472958448E-5	
2.2923838704063854E-4	0.08333848852286936	7.216524017873093E-5	0.41634170828176803	1.8700969846871097E-5	
6.0747204478212025E-5	6.239950264993606E-5	0.08341711287675861	0.4164451126324258	1.5158567593134527E-5	
1.559396099571369E-6	1.0319273176328246E-6	1.0887432912988307E-7	0.49999664114803294	9.616618841500316E-7	
0.41666519465496166	5.113471308441637E-7	2.065921836198733E-7	3.323146528547762E-7	0.08333401108869407	
0.33334245787616695	0.0833270379034941	3.112228599317284E-6	3.302439706050956E-6	0.0833243673444893	
0.2500044086800013	0.16666050100719226	6.666258613381179E-7	5.817238406806663E-7	0.0833340114831913	
0.166644236817484	0.2500159024463609	1.4885107284350537E-6	3.598063289095124E-6	0.0833349896227647	
0.08331701865649364	0.3333347049243538	1.1048846550634671E-5	3.4549901477984204E-6	0.08333399532161453	
7.683300218471838E-6	0.41665748717728207	1.4541209084658825E-6	1.2152797719712154E-6	0.08333247957348411	
0.3333319015958948	5.774440187703624E-10	0.08333408121132105	1.9848399496750213E-7	0.083333982359665	
0.25000676024260954	0.08332431820975486	0.08333387518113115	1.2066521873840936E-6	0.08333406001853631	
0.16666057967228123	0.16667190154540462	0.08333280809125054	3.4458697946482053E-6	0.0833314506982716	
0.08332994916871211	0.24999723763243878	0.08333555705028038	3.4448345259545674E-6	0.08333399184954038	
1.654212765616464E-6	0.3333259408181271	0.08333865795895228	1.1343826587768564E-6	0.08333286857165098	
0.2500023379016206	4.0131878680785344E-5	0.166623053651765	3.578887632980538E-6	0.0833311934690719	
0.16667545102221829	0.08336588923011976	0.1666223009580382	3.587194674793483E-6	0.08333300609803257	
0.08334138210743179	0.16670186590854888	0.1666195704432202	3.3978077511777462E-6	0.08333403494454403	
2.8876062935437192E-5	0.2500199083940335	0.16661501617909083	3.4351078889682054E-6	0.0833331090156499	
0.1667169471661824	1.9065280927128753E-5	0.24992330912873315	7.102059970005961E-6	0.08333376462594906	
0.08333791617534633	0.08333064630911624	0.24999792549862118	6.871413737752723E-7	0.08333303469339441	
1.4318457481289842E-6	0.1666664702229297	0.24999679314733078	2.172942045445567E-7	0.0833352590129381	
0.08337087875956375	6.47384395747442E-5	0.333218316695188	2.1947387015716544E-5	0.08332437235199436	
5.346645325491163E-5	0.08337950211781896	0.3332327772707229	3.885144471584895E-7	0.08333419729832647	
1.4256019222792897E-5	2.061011200130121E-5	0.41663009482468943	1.327840420496309E-7	0.08333508940589844	
0.3333331217739705	8.025620981668381E-8	2.76974401367408E-7	0.08333275967183756	0.08333392349692222	
0.25001220324254875	0.0833131506532336	2.4920502996836823E-6	0.08333744902170531	0.08333487095828555	
0.16665853935364214	0.16667024235918423	8.475188223230614E-8	0.08333753703346117	0.08333386668641606	
0.08333207322887928	0.25000356369781535	5.18409269620273E-7	0.08333159332511796	0.08333242811262456	
5.665212892491591E-6	0.333330537743174	2.039506467738905E-8	0.08333165503831177	0.08333249063896486	
0.2499913913000455	1.0979790318042518E-6	0.08334255537320366	0.08333280030587711	0.08333229309390063	
0.1666227788889637	0.08333959537706398	0.08337057591802581	0.08333239244675028	0.08333501330958447	
0.08333577048341685	0.16667294772960456	0.083326423433506	0.08333128426212488	0.08333386125404134	
4.365692912982482E-6	0.24999797216384737	0.08332594470418889	0.08333949437042652	0.08333255723625108	
0.1666302551177823	4.897407668325815E-6	0.1666634533916643	0.08337027408562898	0.08333131842364257	
0.0833381048589013	0.08333112152012735	0.16666478099516135	0.0833324410594477	0.08333374831249282	
8.005129350065866E-6	0.16667155229982555	0.16665534117091158	0.08333154715028407	0.08333380594278395	
0.08330957731978213	3.3442126036487947E-7	0.2500194175468404	0.08332931448467892	0.08334155752570513	
1.282685207890353E-7	0.08335741923876339	0.24997738546502726	0.08333155196142521	0.08333377944269521	
1.2294262333653205E-5	1.2231036099875783E-5	0.3333066368858239	0.08333554118508445	0.08333353920923751	
0.25001071621969007	3.019281356202088E-5	4.855033737193601E-6	0.16662046318011017	0.08333409322152999	
0.1666402250226856	0.08335090530442962	1.798023192311267E-7	0.16667493463560099	0.08333402073685171	
0.08324465303027095	0.16673508259622843	1.0718426365009794E-5	0.16667542645468658	0.08333430463403994	
1.9917077740610027E-5	0.25000152671908643	7.116201459438407E-5	0.16657269064624183	0.0833350648895555	
0.16662173414813308	1.1137130492470477E-5	0.08335655538994291	0.1666766900196078	0.08333398580708044	
0.0833313516050294	0.08333716649941204	0.08335772890162507	0.16664183045385492	0.083332183841237	
2.7009211176727775E-5	0.1666826707490044	0.08331555360349782	0.16664145168614436	0.0833335679368039	
0.08334064484003871	4.996054451466418E-6	0.16667048323286957	0.16665181214919011	0.08333245084160991	
1.7289644341085953E-5	0.0833350601802307	0.1666603737388367	0.1666539476842925	0.0833335210671297	
4.251981080193738E-7	4.2609087048367466E-7	0.24999358135476707	0.16667242627763265	0.0833333674158818	
0.16665284633176716	5.631203744823566E-5	5.63877054527873E-5	0.24990218566800296	0.08333381317490052	
0.08332046458792328	0.0833518260720054	5.318646661568403E-5	0.249942283013141	0.08333270272357343	
8.818377970218627E-5	0.166664060940892	5.502882575841229E-5	0.2498625321471284	0.08333070448268699	
0.0833612322772218	5.154968745895886E-5	0.08332487215928606	0.24993027250408548	0.08333215749847568	
3.966312011917696E-6	0.08332056171649993	0.08332095919053835	0.2500207743262758	0.08333386070577213	
3.542964983800528E-5	2.903855418454717E-5	0.1666636912366831	0.24993970307048266	0.08333243525981952	
0.08336321750522983	1.1031615684796363E-4	7.205648787469536E-5	0.3331580606236576	0.08329668972295418	
5.399199233613056E-5	0.08340231283353647	8.779423956518404E-5	0.33314994290362165	0.08330615824745059	
6.256937626183862E-5	6.0371308629654116E-5	0.08342225903724691	0.33315836406188265	0.08329666475156941	
4.654904490353124E-6	3.471185466824825E-6	4.1134321610910395E-6	0.4166544318560649	0.08333358154381132	
0.33332839410520654	8.197949593061851E-8	2.427310087852401E-6	3.0135277818447547E-7	0.1666690298720441	
0.2500045676025056	0.08332358745292369	2.4960000106997976E-6	1.3221458273079061E-6	0.166668252433266	
0.16668537863127622	0.16664650869439343	1.400522608365061E-6	2.1200414535587046E-6	0.1666649760800577	
0.08336739426965001	0.24996831401532063	1.1456421614654932E-5	9.357492763620778E-6	0.1666439490566631	
1.0696892444071008E-5	0.3333273459923037	1.1445763962411362E-5	6.312010583162102E-6	0.16664458137435587	
0.2499903628290194	5.828278772571602E-8	0.08334085772889371	7.263524382574386E-7	0.16666817789143065	
0.16665119233294742	0.08335366574617219	0.08332514253602454	1.1526242133961927E-6	0.16666899184480935	
0.083330365062546	0.16666233785503612	0.08334270160936069	1.6943908128292223E-6	0.16666313470731917	
8.09535463455471E-6	0.24999122476480357	0.08334904997090312	7.906756456993858E-6	0.16664408069302172	
0.16666572520611525	2.0223287287922242E-7	0.1666604994982173	7.207590671982569E-7	0.1666730053445962	
0.08333712031935503	0.08333217917778857	0.16666479213627317	5.045906937014548E-7	0.16666545682221243	
1.0306884099881172E-6	0.16666587316390666	0.16666178767516832	3.1687199605994626E-7	0.1666713323203269	
0.083299841557174	5.915781247301077E-5	0.2499818309473977	1.763190172131124E-5	0.16664178358132534	
5.1028949914143506E-5	0.08325645089226617	0.25001244621145163	9.834298046710273E-6	0.16667173299057125	
1.398322041268804E-5	1.3912204782223073E-5	0.3333207462680458	1.2409100029481793E-5	0.16663922234704015	
0.24999955363906512	6.8952526921529595E-6	1.8792935245691949E-6	0.0833225872039141	0.16666924367285646	
0.1666487863914499	0.08335244074520938	1.65124612000029E-6	0.08333195008893303	0.1666654094984646	
0.08333318886276052	0.1666683073276655	6.674654478699579E-6	0.08332259075948893	0.1666694023873599	
8.56453347797519E-6	0.2500039310813427	6.675122345409392E-6	0.08331767612566157	0.16666347963435713	
0.16665784263896855	7.036545504058228E-9	0.0833523446377809	0.08332237403796157	0.16666761685192963	
0.08333294712012451	0.08332801465060957	0.0833499985668819	0.08332381341466996	0.16666546896813558	
1.2715448930695977E-6	0.1666476516093517	0.08334522281861886	0.08335894502460756	0.1666473132970378	
0.08334274603499477	7.155293986477584E-6	0.1666787091996456	0.08333010656577437	0.16664151690894882	
1.1404263682037594E-5	0.08335777231478837	0.16665879197739367	0.08333059677426649	0.16664172741121178	
5.856653917293757E-9	3.1290590387637604E-6	0.24997859219064839	0.08334746284866075	0.16667104234872998	
0.16667167061197452	3.695680899083394E-5	4.844959718345967E-5	0.16662225676119152	0.16662088225709287	
0.08336418407110271	0.08335452313283956	3.5312461928694714E-5	0.16661959606891033	0.16662661060709724	
3.546466655268542E-5	0.16667722680615243	2.8346561221001745E-5	0.16661181045649845	0.16664759348785166	
0.08335086981537049	4.9100529590185135E-6	0.08326783124555787	0.16670751994363112	0.16666908684662068	
7.639454416854237E-5	0.08334357408208992	0.08332341891825755	0.16661420466496535	0.16664258429053325	
8.168862578243676E-6	1.0856690399772609E-5	0.16660345033996907	0.1667063841510128	0.16667150129704167	
0.08334500103203157	1.875917386464958E-5	1.6546286807988828E-5	0.2499514895165819	0.1666683571026815	
7.035203026793928E-9	0.08332835930069483	4.0484583157622724E-7	0.25000096134354793	0.16667054817947094	
2.1658861337295743E-5	1.9060447784629214E-5	0.08334304484978178	0.2499775688456686	0.16663895871256706	
1.3602046048900917E-9	1.1016981587293274E-9	5.051771964593658E-11	0.3333257457577504	0.16667434487087954	
0.25001492111091445	2.5531507807011816E-5	3.9286643121211544E-7	9.80104550659203E-6	0.2499500102822115	
0.1666587827836439	0.08334660917612721	9.382957781375734E-6	7.480640133682255E-8	0.249985504011798	
0.08334974185372117	0.16665069140858055	1.1777457459271775E-5	2.069945679047885E-6	0.24998595297477827	
2.092972400648286E-5	0.24997656157876247	2.0856124369876483E-5	1.565439536289917E-5	0.24996651912380657	
0.1666733004575268	1.163753333491767E-5	0.08332773234700608	4.128350293585512E-7	0.24998714273053213	
0.08334783032304086	0.08333329377245086	0.08332582573544671	7.319816550678426E-6	0.24998596226531103	
9.040101625011093E-6	0.16667013552017756	0.08332762820411553	9.062857219556773E-6	0.24998447878069763	
0.0833557328266345	9.466054702443427E-5	0.1665669281998101	7.523877462127439E-5	0.24990788001276862	
1.2390322337358173E-4	0.08333396894851391	0.16655180324584196	8.185169015211991E-5	0.24990888765047942	
1.0310232234223408E-5	1.025744294904301E-5	0.2499817549458543	8.319540606132767E-6	0.24998969433549753	
0.16661855941400575	5.382987870810114E-5	2.1625098731821466E-5	0.08331925285372252	0.24998725282690606	
0.08333295442780934	0.08334020366716419	2.263439458965651E-5	0.08332014160673018	0.24998423146882381	
6.7675760123917765E-6	0.1666623214466072	2.3868921998905096E-5	0.08332460899709129	0.24998277474949884	
0.08334984082945546	5.32230874932736E-5	0.08331845595721153	0.08333197529917312	0.24994680052311175	
8.583849634889271E-6	0.08334152293733782	0.08334253323029908	0.08332427152348133	0.24998334936236824	
8.937149889858862E-6	8.979107519059645E-6	0.1666713155915768	0.08332843474451958	0.2499826127380748	
0.08340489137377703	5.915001943811242E-5	1.3516585946647176E-4	0.1665053660960052	0.24989577963189133	
8.438786949097242E-5	0.08340215789789203	1.230360359686787E-4	0.16653252291572354	0.2498580280065775	
2.040294490399652E-5	2.0320046844086666E-5	0.08333213214871087	0.1666430518952559	0.24998420568189816	
2.1322795524891797E-5	3.2283954975117616E-5	2.6857485645035986E-5	0.2499559725676625	0.24996404150292	
0.16667012804856035	5.38920043953555E-6	1.3386079581831351E-5	1.3338263801410541E-5	0.3332981737674079	
0.08336102726002471	0.08333094691204009	7.152414539794438E-6	1.4941915790834766E-9	0.3333013149469961	
1.0802374602341381E-4	0.16663529254603476	1.1040438016864512E-5	7.633383286587948E-5	0.3331700351016542	
0.0833166636135067	2.6886695234340987E-6	0.08336524636155875	1.3421194632266378E-5	0.3333023467909717	
1.6036097983647177E-6	0.0833271056407719	0.08337459467463067	4.218737019269215E-7	0.3332966384730875	
6.071422952992749E-6	6.081309986199865E-6	0.1666629815434272	6.00759518676181E-8	0.3333250147668926	
0.08334518991312984	2.498498832489445E-5	7.455710229098123E-5	0.08332268689331329	0.3332329037679468	
9.819561353325475E-5	0.0833621241901421	9.066086458156467E-6	0.08340346358140309	0.33312741951693936	
3.2147752679604954E-6	2.794970974812068E-6	0.08332795985292547	0.08334122088113216	0.3333250070234463	
5.22595847802491E-7	4.3660820485999047E-7	6.107110332388069E-7	0.166665972331209	0.3333325725586262	
0.08333143772417825	4.352732965816223E-5	6.640811256481837E-6	3.878482526176248E-5	0.4165799567979057	
5.437075025281684E-5	0.08331386095372502	7.275054476684762E-6	3.808801917292517E-5	0.41658665064658684	
5.684758595499717E-7	7.0029795830941865E-6	0.08333368470187305	3.579511710448512E-5	0.4166232440859382	
6.73748763772096E-5	6.394963664958608E-5	6.601626429954008E-5	0.08334832326177583	0.41645475862187076	
4.284156149160713E-6	1.0875135415558127E-5	9.95037706650809E-6	1.000901367875647E-5	0.49996510545044687	
