0.5000641700603388	1.992872649458788E-7	1.5642569212492527E-6	2.15030169290296E-6	5.185966795492157E-6	
0.41663912236266215	0.08340391853388644	4.1135013126412036E-9	1.3786331264437115E-5	3.916224107974095E-6	
0.33332187172759337	0.16672340083239384	7.517506217834366E-7	4.9887782260102135E-6	5.199966664326307E-6	
0.25004316558207584	0.250010947781527	1.680765290589543E-6	2.7659527340196365E-6	5.021069472057669E-6	
0.16675738714127436	0.33327411828591064	1.5158513950707386E-5	1.2027546064137583E-5	7.459277754764224E-6	
0.08336724839105836	0.4166880891641124	5.936211436958101E-6	1.1888392422933123E-5	1.7893342479206956E-6	
5.798447138457618E-6	0.5000627159256645	1.2055585635217497E-6	2.7621491352612654E-6	9.903813904297467E-7	
0.41672328036355827	5.854831141978142E-6	0.08332994539388586	2.656200967613267E-7	4.6639659001008724E-6	
0.3333792263268349	0.08335576880609455	0.08331593216656626	4.9026206740549535E-6	4.849662255558047E-6	
0.25004186650220817	0.16669887293700708	0.08331708059959549	2.2678143980340144E-6	4.824119121849676E-6	
0.1667346402669044	0.2500044747276601	0.0833193882809114	3.308523437588148E-6	4.844341649224793E-6	
0.08332023802481962	0.3333339132651332	0.08340576578821665	1.835189867748777E-6	7.1357719018780496E-6	
3.40576452779916E-5	0.41662387696476577	0.08339676987297216	1.1331527576855284E-6	7.294821266269053E-6	
0.33333199011802633	2.353515550705846E-7	0.1667231679235661	2.9048569697550867E-6	3.3463021454802784E-6	
0.2500345059614909	0.08333573667038215	0.16668720281919522	1.9022811243928775E-6	1.7293274394301591E-6	
0.16667254206275717	0.16665059487448608	0.16673362151451832	2.754461837254789E-6	4.715357014300942E-6	
0.08333679333396718	0.2500148595192883	0.1667137161479652	1.845482461726608E-6	4.8831069263299784E-6	
2.310760772973634E-7	0.3333707277030216	0.16669247918444458	5.101605458677411E-6	1.528793931900906E-6	
0.2500138913248943	9.75698472626788E-7	0.2500515053222727	4.796823149600588E-6	1.2125766081545978E-6	
0.16668805946317472	0.08335505066490018	0.2500108594061292	1.8236883560658607E-6	7.362099969741927E-7	
0.08335142742191728	0.1666935840510833	0.2500128121780775	1.8055641758584714E-6	4.077409965608526E-6	
8.057958331349161E-5	0.2500237168595349	0.24992827637607717	1.4602001123535262E-5	1.8386088697251797E-5	
0.16671972690187892	2.3419329591027248E-5	0.33331051733383116	1.8895143362110793E-6	5.860581763454784E-6	
0.08337078752000295	0.08335657895859301	0.33332625705438296	3.5426168681564597E-6	5.850770768004162E-6	
1.97861165829403E-6	0.16674172856193367	0.33330984223055	5.0131386609065865E-6	3.7177812062837167E-6	
0.08330816652340815	7.024237321668985E-6	0.41675063754418235	1.6036810662803712E-6	4.986119844728544E-6	
5.31673192171554E-6	0.08330922307666373	0.41674738141863427	6.062116042320749E-7	1.189316099202356E-5	
4.84689902336727E-6	4.3851688287621145E-6	0.5000579740718448	2.100464593518737E-6	1.0981747585192945E-7	
0.4167255555767101	1.59624194887549E-6	9.771767859508513E-7	0.0833361162765877	1.1158344056488568E-6	
0.3333734055848985	0.08335431398112078	2.5557486021656258E-8	0.0833356028324207	1.942722981777933E-6	
0.2500474656723904	0.16667621785731312	1.0009331211146551E-7	0.08333499399468658	1.7590702269453991E-6	
0.16674923229698313	0.2500022018123669	7.051164546079715E-8	0.08331791095819208	1.7832110538060415E-6	
0.08333632961208662	0.33340134598657084	1.2510404163136434E-5	0.08331610032211202	4.834088759062161E-6	
4.3843505267597184E-7	0.41667328211838156	2.1833182435296852E-5	0.08336899255988756	1.788550170175239E-6	
0.33338312274958715	1.973281944428493E-6	0.08333721470469105	0.0833346801407224	3.155069989020251E-6	
0.2500423478262709	0.08333704544575136	0.08335786293757153	0.08333266491122583	7.496350943260249E-7	
0.166702369288686	0.16666932323463948	0.08335593643961545	0.0833300759389589	3.748849787546843E-6	
0.0833989947439987	0.25000134401495827	0.08334205479199165	0.08331454281623289	6.855881501945246E-6	
1.0422852486849522E-5	0.3333982303497984	0.08334251335801118	0.08331751953764954	1.4804607062627755E-6	
0.2500533851312708	3.3703535362785366E-5	0.1666400581600016	0.08333027914907702	5.916336572005614E-6	
0.16670497606452475	0.08335926984029603	0.16663254084686324	0.08332601760393914	3.936867643281894E-5	
0.08338355047182289	0.16665764362709887	0.1666875727136189	0.08333033229012299	3.6171912279077643E-6	
1.1107036532697595E-6	0.25003468860184774	0.16669757180014144	0.08333096804994124	2.7663612485710064E-6	
0.16670141242663708	5.065631813598273E-5	0.2499712399168955	0.08332951300502096	1.1194274347500028E-5	
0.08333272259095462	0.08334726782275628	0.2500468731599977	0.08332995171166403	5.144090568431596E-6	
4.052431679865393E-6	0.16667681120488279	0.2500515172798546	0.08332983390707066	4.134451475184226E-6	
0.08335387586867501	1.0527865619422932E-5	0.33336615016466997	0.08333068595160498	5.075266517174321E-6	
1.188844107219713E-5	0.08335178116511165	0.3333632307113231	0.08332995537736948	3.6202997800806913E-6	
4.20404700423301E-6	4.343838234689859E-7	0.41672574111838184	0.08333281314828843	3.765025392208416E-7	
0.33338499950433353	1.288908962771793E-5	7.816769560315078E-7	0.1666653745955479	1.2187840187169218E-6	
0.2500269703312906	0.08335418325477739	4.6941475377144045E-5	0.16662575128500864	4.6546947575466285E-6	
0.16669031159637884	0.16669586212505563	2.821173156950705E-6	0.16667412551679323	8.032778461061858E-7	
0.0833497126598509	0.250034956043631	1.0339586264817216E-5	0.1666771173491162	2.7384067664780507E-6	
9.859940935147797E-6	0.3333774297644029	7.31075328085606E-6	0.16667297189327546	2.7385064855825476E-6	
0.2500237776039874	9.664392372387564E-6	0.0833647591482843	0.16666519597694401	3.1726017012276723E-6	
0.16671733846323927	0.08332758903260255	0.08336728219704914	0.166643423850797	3.2093185392075586E-6	
0.08334657702056432	0.16670590841200106	0.0833453095322213	0.1666753357666218	1.041595449781403E-6	
5.319718640102728E-6	0.2500219583869951	0.08336221086089554	0.1666714116218589	3.6542809264902647E-7	
0.16668272260219677	1.4471817359616619E-5	0.1667201424069714	0.1666422449399197	9.135990326207402E-6	
0.0833553655289847	0.08333937938007904	0.16672103456849738	0.16664967187972007	3.949949242656176E-6	
2.140187603644617E-6	0.16667979560156618	0.16673104885927356	0.166656035122943	2.7993781743707472E-6	
0.08341580307876238	2.5272438042329233E-4	0.24981125209241634	0.16653972246556936	4.0455155122335175E-5	
2.9500193610787425E-5	0.08338782907601704	0.2500011969606135	0.1666389200217338	9.347096787929548E-6	
5.7496845949941295E-6	6.05420444779288E-6	0.3334003140063006	0.16664774949568817	5.167507501558087E-6	
0.2500407914865571	2.6924241313797488E-5	3.1736149120931494E-5	0.24996187947597498	1.8075735202757642E-6	
0.16672630068239427	0.08333208308860161	3.7984306318877314E-5	0.24994926635501777	1.9652552730116733E-5	
0.08335683494184003	0.16672350228859006	1.0659754087026882E-5	0.2499614470602711	1.8560080546712843E-5	
1.986144311594273E-4	0.2498745841312267	9.211317036803864E-6	0.24995023301128952	3.4498638601566634E-5	
0.1667174083667416	1.6536345414693768E-5	0.08336352681922762	0.2499607312396997	4.709500308850844E-6	
0.08335753696265916	0.08334233049811843	0.08333134160095046	0.2500424385490613	5.681420243719701E-6	
9.00056648182253E-5	0.16666595294267386	0.08335938521058095	0.24994719224819653	2.7708333962764714E-6	
0.08343846464662863	8.730106957709938E-5	0.16658530646770406	0.24994287443676483	1.8333580083419395E-5	
4.985457464135259E-5	0.08335941000914017	0.16667448977328728	0.24996311638672267	1.1457729149022663E-5	
1.1515617040043943E-6	2.5440918229351207E-7	0.2500171209697804	0.2500407490200417	1.4733681033657304E-6	
0.16668194686153284	1.8520356744071088E-6	9.579902731801525E-6	0.33337781406782657	2.562496183992083E-6	
0.08335321912556103	0.08333706836124376	1.4913183209252172E-6	0.3333744386536058	2.6632468966857054E-6	
1.0221431182029144E-4	0.16668120940777315	2.5393576906389155E-5	0.33326273071474216	4.639636044464876E-8	
0.08334795773265453	1.5797041105628505E-5	0.08332828961005596	0.3333751452494895	3.025977975180968E-6	
1.9984172000708182E-6	0.08333402107747699	0.08335452340342228	0.3333717633756833	3.0260475035198135E-6	
7.299813121445118E-7	1.0283797555027728E-6	0.16668800546356435	0.33337004174088525	1.475890037240867E-6	
0.0833753565011755	3.5541690064420784E-5	5.855205204382439E-5	0.4165813781464706	1.9086066470079508E-5	
5.090441234262388E-5	0.08335978700825443	5.855190689677879E-5	0.4165803454660747	1.9086019156858825E-5	
4.73920022948622E-5	4.303937669998774E-5	0.08333579973048541	0.4166332967254171	1.251762772059768E-5	
4.926434045844599E-7	4.946957117633048E-7	1.707110886547452E-7	0.5000587407108635	1.6623310998775956E-7	
0.41671518009497127	3.467845164137668E-7	9.937686206578802E-8	1.9887242311336486E-7	0.0833468382441621	
0.3333636871164828	0.08335184269335369	1.0079701946751285E-7	2.1616184391556346E-7	0.08334648331550519	
0.25002715806189696	0.16668951963616982	2.6065138245739084E-7	1.8976871899210408E-6	0.08334448436250709	
0.1666460077417278	0.2500614410578438	1.1507694830112996E-7	2.714919819517343E-6	0.08334569696768455	
0.08333100112395282	0.3333812897192628	4.930798580572349E-6	2.2565108343851857E-6	0.08334750595602919	
8.017580017352629E-7	0.41671759399165686	4.5607457921822943E-7	1.5422648692661E-6	0.08334858783990631	
0.3333789710510552	9.120236359773868E-8	0.08333631384412951	1.4266580527650337E-6	0.08334690524043313	
0.25002834388461953	0.08335487366504696	0.0833367156584964	5.667217363571097E-7	0.0833474177121001	
0.16670152473185718	0.16667530238510975	0.0833362126497136	2.0276540554961906E-6	0.08334670235748969	
0.08333330279592864	0.25004281969911146	0.08333603507898801	2.7498349159990436E-6	0.08334679565886662	
4.746879975463986E-6	0.3333764774587199	0.08333728025595558	1.4660061134156093E-6	0.08334317813991673	
0.2500089876635046	1.95595797480593E-7	0.16670605905641464	5.232947585349521E-6	0.08334017223292291	
0.16672175847814708	0.08329773265909675	0.16668579704081768	5.287170576408797E-6	0.0833466227933183	
0.083343712813612	0.16667803497292502	0.16669070223961432	5.94315388752789E-7	0.08334556839183785	
2.300886256845564E-6	0.25002938874727476	0.1666818020912638	4.5108390314986327E-7	0.08334574801145475	
0.16667514667902944	8.097991931724421E-9	0.25003961694098203	1.187001587214208E-7	0.0833468510008819	
0.0833298190507639	0.08334458938515922	0.2500385018975732	2.961654834012882E-6	0.08334712819878126	
3.6505429572403944E-7	0.16667733445187952	0.2500433680631725	9.198399013143427E-7	0.08334744887058804	
0.08335536598907356	7.002897731655382E-6	0.3333584182699521	1.38438083911987E-6	0.0833439603521901	
3.071880512385097E-6	0.08335898520460755	0.3333571340645372	2.9946009577636214E-6	0.08334386234815308	
2.561753068435403E-6	2.052156532519557E-6	0.41671449700393837	1.7410678970037353E-6	0.0833436394452959	
0.3333619884763717	1.140255711052299E-6	7.713789747182964E-7	0.08335212655268996	0.08334698935994063	
0.25003363015468394	0.08333371853797247	8.141156103270945E-7	0.083347674751914	0.08334674399202631	
0.16667900510351574	0.16669600694358727	3.5359763934463134E-6	0.08335002720400735	0.08334516121584734	
0.08333240000239897	0.2500390930109588	7.752889530739416E-7	0.08334844149085237	0.08334461886221102	
1.3919025093517678E-6	0.33337168891182445	1.4795694764981652E-8	0.08334964210041206	0.08334501166833305	
0.25004494302404157	5.5422749616739684E-6	0.08331236621244571	0.08335194585444351	0.0833486244079846	
0.16669432179274202	0.08331479604207231	0.0833608099675074	0.0833464360440774	0.08334693525138649	
0.0833415744937005	0.16667203897792351	0.08335672825298096	0.08334681443099505	0.08334285143312019	
3.6240704929366137E-6	0.25003376970252555	0.08333397873007713	0.08334713823956293	0.08334312336320492	
0.16666557348962827	2.468296991313779E-6	0.16669862315822115	0.08335477984456503	0.08334769311888156	
0.08335620472907643	0.08333980983798572	0.16667247759524742	0.08334647414616746	0.08334242243536895	
6.695808834801259E-6	0.16669112646796191	0.16667428376438578	0.08334730812532794	0.08334335330568714	
0.08334289951186734	1.2900093377205546E-6	0.25002478078378065	0.08334652408549248	0.08334244585865372	
5.681958118822668E-6	0.08333624091590801	0.25003034924176554	0.08334307254280748	0.0833424939277649	
1.3409374499701263E-7	1.8037309837056485E-7	0.3333685978696652	0.08334651891427816	0.08334244027065486	
0.2500316412335433	3.918820928333616E-6	5.747898825417648E-7	0.16668760070146682	0.08334452469665962	
0.16670676036824747	0.08332797284582602	7.166830006719007E-7	0.166679116087253	0.08334224736676316	
0.08333270337722892	0.16669767600258656	5.760907904673178E-7	0.16669262139407243	0.08334515471041963	
1.2472359125381718E-7	0.250015280620663	1.245550908735404E-8	0.16670645804660325	0.08334494137516688	
0.16669510773584484	2.7853036202574974E-6	0.08333632758028241	0.16668629415937558	0.08334348379744848	
0.0833559379145291	0.08333956861921922	0.08333513791779679	0.16668904239710744	0.08334320298308975	
1.7097715127548418E-7	0.16669486294334568	0.083334901646938	0.16668856885918237	0.08334426315256131	
0.08339191504649536	6.276656020323545E-5	0.16658551750979253	0.16667455195874487	0.08334235103722472	
1.1835290524510295E-5	0.08339322206108582	0.16664211512293156	0.16667157561776744	0.08334562480741253	
6.7966239081053355E-6	5.969539792258799E-6	0.2500281111329691	0.1666751316119163	0.08334256968410188	
0.1666938645714194	7.2689750382581685E-6	1.559559885305482E-6	0.25001272445028133	0.0833440909848036	
0.08335502542721647	0.08333881300158986	9.228412386627664E-6	0.2500133380853111	0.08334660020491912	
6.177632735194798E-8	0.16667803728614367	2.5274426059299765E-5	0.2500133488961126	0.08334382389707869	
0.08335442116994965	1.5734497203793954E-5	0.0833347141931392	0.2500144519283695	0.08334536868240668	
4.172600252407215E-6	0.08336641557954434	0.08333517202313911	0.25001692672307074	0.08334410359550685	
8.318186007627546E-6	8.69062164369796E-6	0.16668566154002068	0.2500111612451199	0.08334614670469227	
0.08334862733864609	5.533779275765047E-6	3.0725499692190174E-6	0.33336241350109436	0.08334475585566117	
1.988736778568791E-6	0.08335215427261969	2.0525546220827503E-7	0.33336085069829235	0.08334924380716718	
4.191326002073207E-6	4.230481815453489E-6	0.08334452962217696	0.33336439554856817	0.08334687508226225	
9.543316687357023E-7	8.681898920182202E-7	9.463914415488789E-7	0.41671826314519533	0.08334478134870436	
0.3333720730400305	9.138542802829333E-8	8.523928190177539E-7	1.1311262652032245E-6	0.16668641631897269	
0.25002141789932714	0.08335188807165818	2.5876040696823655E-7	1.2548606686851574E-6	0.16668977895942474	
0.16670347708927707	0.16667036312262457	7.510182388152672E-7	3.1703098825492894E-8	0.16669061163330934	
0.08333207649714844	0.250036926096235	1.1398812720075931E-6	1.973648931592182E-6	0.1666887688040015	
8.27424950932138E-6	0.3333714429462415	4.258677119001972E-6	7.661129328032338E-6	0.166675969026977	
0.2500621470099377	1.1821420041130932E-5	0.08331432489065906	2.0909807257497388E-6	0.16667436700641872	
0.16671956226135207	0.08334590879767569	0.08331739078244295	8.504789892759423E-6	0.16667701922117284	
0.08334387481241773	0.1666783640666653	0.08336467127531663	2.1769237731904067E-6	0.16667670419421274	
1.8700672467795766E-7	0.24998644777705434	0.08339641109120237	3.430311995233733E-6	0.16667563307990851	
0.16669814923697934	2.468789475356592E-6	0.166676196884533	8.478867707846692E-6	0.16667349038763912	
0.08335963997835433	0.08334394778260362	0.16667846574135342	4.190857078403573E-6	0.1666792075328274	
9.22856238144113E-6	0.1667038347797996	0.16664292768970368	3.4385074442548626E-5	0.16667309107611564	
0.0833518397840402	1.02314746000491E-5	0.25002042421814274	3.6608254501827587E-6	0.1666728795433123	
5.1608849081428476E-5	0.08337085638411913	0.24998421771214252	1.672364151684811E-5	0.16664071743141312	
7.272522246779023E-6	5.787750722898921E-6	0.3333776760829475	2.380241102498719E-6	0.16667479671191238	
0.2500442749663598	6.49597044443807E-6	2.9547430668220014E-6	0.08332230285233307	0.16669038731310823	
0.16670743132677426	0.08331867772907611	2.4400249908216455E-7	0.08335312582263861	0.16669206609322362	
0.08334843307760166	0.1666803049442409	1.1370201597885474E-10	0.08335364506940021	0.16669300331101833	
9.216900982376742E-8	0.25002996436415686	3.658439070697478E-8	0.08335868728005935	0.16667753416728934	
0.16667764333571608	5.698106844148066E-7	0.08337621882565262	0.08333567358151006	0.1666766333274806	
0.08336008975671963	0.08334304724768318	0.08335376854624693	0.08332581765033459	0.1666780127975129	
6.843104932152519E-6	0.1666919492859045	0.08333709847600154	0.08334909100428364	0.16667845109926566	
0.08330127533995865	9.164817686997499E-5	0.16665935612439048	0.08333495627392865	0.1666743980152116	
6.25037478922413E-6	0.08334134436717541	0.16674745603952779	0.08332432765508585	0.16663867118351033	
3.066015569140319E-5	3.346783788748915E-5	0.24993551323664867	0.0833847483711843	0.16667291454623737	
0.16668788887911234	1.6126241614854167E-6	1.3802826593521445E-6	0.16669473831102163	0.16668272532783146	
0.08335301865662788	0.08333614979419875	1.380279901490891E-6	0.16669440524811108	0.16668239228892331	
6.214207350863401E-8	0.16667647283946949	1.9464151143860064E-5	0.16668954911311143	0.1666821371258647	
0.08336700458514903	1.22561157649806E-6	0.08333260487664061	0.16667706449754915	0.16668257560914843	
1.2796886900226544E-7	0.08335227255579808	0.08332105874001736	0.16671409775914284	0.16668290798973018	
2.876743408998673E-5	2.7847179769884725E-5	0.16669657246850958	0.16663785549755541	0.16667371937107708	
0.08337189287132772	6.217698763347624E-5	1.0680234709138772E-4	0.2498583063635392	0.16667067363407392	
7.838831388353319E-5	0.08334032465001187	8.99939178610612E-6	0.24999318599112133	0.1666650407005867	
1.7251351830907132E-5	2.9340098204333957E-5	0.08337562670968961	0.249971882268095	0.1666749806775051	
4.16002771693857E-9	6.007840176904397E-12	1.4110885857062666E-6	0.3333885061981268	0.1666815787619786	
0.2500284409274151	2.639669278826282E-6	2.6358611721790394E-5	3.053070060895403E-6	0.25001274003129526	
0.16664100650557018	0.08340616297021468	1.2648023743543872E-5	3.956236174345367E-6	0.25000135409640234	
0.08337079609165213	0.1666734831368801	6.67216376036871E-5	2.8084400613153213E-5	0.2499354206652971	
7.544669741725547E-5	0.25005440671014606	1.2177305364792596E-5	3.4805305573634006E-6	0.2499348744667805	
0.16668152464645503	5.8945662544702416E-5	0.08336988788939352	5.153550519446075E-5	0.24990370694026276	
0.08334719232822453	0.08334340565270908	0.08334553075711355	2.078656355133038E-5	0.2500095265911003	
8.094753469967232E-5	0.1666629500718093	0.0833716231342188	4.7331339941919135E-5	0.24990422240276444	
0.0833668116952517	2.691610251234775E-5	0.16669210138088703	5.166298601951069E-5	0.2499299165050866	
1.1791901866507896E-4	0.08338233512962355	0.166614055245435	4.693348036096827E-5	0.2499026151612195	
2.6336019938013863E-5	2.6063773139980762E-5	0.25007370639039184	4.9282429534177425E-5	0.24991605515346613	
0.16673581633035062	2.0265189967370935E-5	1.7548308986619093E-5	0.08338487171775742	0.24991420337195652	
0.08333865076782059	0.08333576569741087	2.9517708533064746E-6	0.08332094855648081	0.2500635273601223	
4.158977232575947E-8	0.16655920430485255	4.086110788030343E-7	0.0834374541011774	0.25006611535216483	
0.0833600624126832	4.307054115438523E-5	0.08336795295720041	0.08336639546047281	0.2499341933966542	
1.7688399343562905E-5	0.08330673663578197	0.08328930695344965	0.08337993896904392	0.25006414822222484	
2.1091220264202133E-5	2.302870875959545E-5	0.16667065180877655	0.08344652862494505	0.24990268427542017	
0.08337886895143329	5.068871101989895E-5	5.824952530715507E-5	0.1666527578911593	0.24993918286794875	
1.181569346250948E-6	0.08332629780207973	6.16807506469584E-7	0.1666728635775166	0.25007251991558677	
5.6297767529163395E-5	6.206669029181684E-5	0.08336948137783551	0.16664224207212547	0.2499285317157733	
1.7989386126151127E-5	1.8327013362262593E-5	1.033489784000659E-5	0.25005972464485465	0.24998362911375854	
0.16667822289301198	2.1649489079703784E-5	1.9156875267870732E-5	1.7617549638432703E-5	0.3333381268071913	
0.08335431199330207	0.08335072732958615	1.22665889549004E-5	1.7941708882620843E-5	0.33332977158653687	
1.297642059255794E-5	0.16669443938041734	6.358469200829061E-6	2.1027044889483458E-5	0.33333833604178165	
0.0833646793092408	9.798485809155775E-6	0.08334002803070147	2.10848909428374E-5	0.33333169591326245	
4.554443307221947E-6	0.08336796160608932	0.08333737768403965	2.1012087117499546E-5	0.33333054667169676	
2.2292606949963802E-5	2.153725817964496E-5	0.16667477353125318	1.3152907476542584E-5	0.33333291306764296	
0.08333984203016988	7.0284614254391E-6	2.0415976516115516E-7	0.08334407626949447	0.33337421616968543	
4.545807216494248E-6	0.08336130347457738	1.1860378324766235E-6	0.08336502394380134	0.3333332196480042	
9.612699631889927E-6	9.063212662996714E-6	0.08334990056234115	0.08336303152931808	0.3333331935287635	
1.2713530462341152E-5	1.4034529727447508E-5	6.4937758117022894E-6	0.16668354844519795	0.33334115761612565	
0.08336423422857946	1.0765910657085325E-5	7.414618381570847E-6	1.7458864547263886E-5	0.41668446684035965	
3.718497014562854E-5	0.08338644403284275	9.619466247452438E-5	6.950550046120203E-5	0.41651021374159275	
6.600760489891943E-5	6.60725227187734E-5	0.08333187760283453	1.7871440005617315E-5	0.4165888079305106	
1.6324016278129677E-5	1.5458153053138604E-5	9.667094935566613E-6	0.08335522861323312	0.4166704892303312	
7.511407980249582E-7	9.420461688908899E-9	7.57680294877456E-7	7.582957663988725E-7	0.5000810209844037	
