0.9999941004660738	0.9999974486458827	0.9999981335337438	0.9999978958109865	0.5000018989985804	0.5000016884553096	0.5000014273512463	0.4999999794690933	0.49999970442057656	
0.9999931573140842	0.9999478468530703	0.9999897822882545	0.8337231974747736	0.5000017453542372	0.5000016928430411	0.5000009917054757	0.499999971426036	0.5000002615120598	
0.9999975961946559	0.999996954001938	0.9999981367018644	0.6666555019009681	0.5000018686116084	0.4999993808199408	0.49999888397931624	0.4999995298745446	0.5000005799970673	
0.9999963712309557	0.999995479904128	0.9999995654765885	0.49998774363818427	0.5000015946085725	0.49999997658409856	0.49999992598198834	0.5000001087586192	0.5000002816782861	
0.9999936766434129	0.999989276639678	0.999994163337855	0.33326801160949177	0.5000015968265089	0.5000012836882399	0.5000069222842454	0.4999998156179476	0.5000006177001631	
0.9999777204059551	0.9999729833009989	0.9999958003118835	0.16676704008757381	0.5000016895107474	0.5000003375855985	0.4999998819809476	0.49999959488106527	0.4999996624297546	
0.9999949267196295	0.9999724090101312	0.999993803980702	1.2670482806637893E-5	0.5000049826689459	0.5000017629941063	0.5000067257831466	0.49999931974935474	0.49999887577755475	
0.9999951521307532	0.9999952686418183	0.8333450667307845	0.9999963559621668	0.5000015680573944	0.5000000275105024	0.4999988572293993	0.49999950196989745	0.500000579408347	
0.9999937384240574	0.999994047049971	0.833275621204846	0.8000282546781906	0.5000015480822392	0.49999945882955954	0.49999867100897866	0.49999993621364347	0.5000005956289927	
0.9999949025658529	0.9999915265022952	0.8332756211585174	0.5999646119198009	0.5000017958730155	0.4999999971357108	0.49999881966302345	0.5000002086047248	0.5000002870028386	
0.9999772012906004	0.9999646783109462	0.8332765845454249	0.39987049704909444	0.5000056759267419	0.4999996884969768	0.4999986992148076	0.5000002128589364	0.5000000551973932	
0.9999923078867605	0.9999956519087781	0.8332766256412409	0.199986577301423	0.5000016811786185	0.4999996836211633	0.4999999395395554	0.4999995282640902	0.4999999635708968	
0.9999922883615618	0.9999960315691554	0.833279621611032	5.163114533295225E-7	0.5000018358571331	0.4999997773656418	0.49999869593441104	0.49999952969942035	0.49999996813543557	
0.9999936008020109	0.9999993798295341	0.6666640192095679	0.9999979786917232	0.5000017657017258	0.499999438339083	0.49999882785960353	0.4999999887868293	0.49999976788413897	
0.999995093168597	0.9999991607624098	0.6666640192095679	0.74999517982898	0.5000015687441914	0.49999914116477406	0.4999989284732741	0.4999997824565807	0.49999947295626146	
0.9999786976226437	0.9999970436477713	0.6667597658018428	0.4999908744807008	0.5000017043069029	0.5000016274931759	0.5000012148202665	0.49999977792236233	0.49999964525437735	
0.9999786977269884	0.9999958032536578	0.6667570074057718	0.24995993511131054	0.5000017070264882	0.5000016404468175	0.4999999424506357	0.5000003417799503	0.4999996434501745	
0.9999815799608006	0.999980433727709	0.6667613057500726	4.683640673155164E-5	0.500001693929682	0.49999957189309996	0.5000011916033983	0.49999981336372384	0.5000016205733699	
0.9999834948351042	0.999989982519493	0.49999129308496815	0.9999964753616722	0.5000044825801735	0.4999991911465842	0.4999986555584408	0.49999417418151004	0.5000035832770684	
0.9999950426021639	0.9999985645291833	0.5000348540688114	0.6666432712446966	0.5000027532939935	0.4999991338306115	0.49999896221035556	0.5000014914826738	0.5000008445378692	
0.9999788325299012	0.9999999760963394	0.5000379094679603	0.3333509271369696	0.5000014242324109	0.4999993515546878	0.5000007003022985	0.4999997259844502	0.5000006102399589	
0.9999777337856521	0.999999094313287	0.5000380416360054	4.587375300634978E-5	0.5000017677912516	0.499999367713078	0.49999999507032467	0.49999965525609374	0.5000016138559329	
0.9999919157034912	0.9999799741225992	0.33331781422930407	0.9999980237341106	0.5000027584142407	0.5000004302969583	0.500000049327775	0.49999952449052815	0.5000008489519951	
0.9999917929467138	0.9999898384550815	0.3333411515584345	0.5000118683340722	0.5000018758272544	0.5000004694839646	0.500000064391948	0.4999999073220966	0.500000810053859	
0.9999938023544933	0.9999991172388291	0.33331762956967054	1.8940506349033603E-5	0.5000019665555497	0.49999974835912525	0.50000009725386	0.4999996050770521	0.500000887297181	
0.9999688958997464	0.9999797294316395	0.1668558910333582	0.9995563643717805	0.5000026819750961	0.5000011429773777	0.5000013116563854	0.4999996026169098	0.49999903519074745	
0.9999825441592981	0.9999797890899632	0.166855942382195	6.568118451784426E-4	0.500001670258726	0.4999995545547307	0.4999999992938368	0.49999992051996894	0.5000012548613478	
0.9999839096634838	0.9999979611284487	7.786744301893633E-5	0.6716107800233058	0.5000016572020203	0.500000698544906	0.5000073211031713	0.5000013510608815	0.5000012737229141	
0.9999964044530191	0.8333091813636554	0.9999994359040937	0.9999898930189318	0.5000017639569115	0.4999994026084676	0.49999882280702274	0.4999996935422904	0.49999972000673176	
0.9999963172300594	0.8333028525704778	0.9999995164111992	0.800028347846639	0.5000020393829646	0.49999945364744264	0.4999992169875071	0.4999999319056031	0.49999964381021333	
0.9999915875613656	0.8333525383916839	0.9999938855536235	0.599964735162475	0.5000009071770799	0.5000004013626934	0.5000006358313691	0.49999992228020945	0.4999992665050154	
0.9999893290283324	0.8333183891627386	0.9999938421899025	0.40009791112695703	0.5000017443830156	0.49999952843799467	0.5000002785906184	0.5000001177551391	0.5000006343188632	
0.9999711994136202	0.8332998606386688	0.9999729559926814	0.19976501845430347	0.5000010111489425	0.49999996754078807	0.4999996358404437	0.4999998989450355	0.49999975447520634	
0.9999983561041723	0.8333538882783476	0.9999950758956384	1.2672508626886868E-5	0.5000016902094118	0.5000017548548614	0.49999848243689343	0.49999939944360017	0.49999891299898314	
0.9999977697818543	0.8333097686030643	0.8000008199012385	0.9999959061450681	0.5000017516193582	0.49999931883912835	0.4999989232846794	0.5000001874467317	0.500000637164871	
0.9999899594149408	0.8333345932271116	0.8000008484838766	0.7499937901809599	0.5000019892151735	0.4999991480855511	0.499998653442387	0.5000002023358168	0.5000008669312646	
0.9999951037177571	0.8333346328829191	0.800000771243672	0.5000147303346537	0.5000014664163707	0.4999995284989996	0.49999865468212407	0.5000001077896863	0.5000000141608183	
0.9999772207891628	0.833352364318915	0.8000013604545696	0.24998803128553906	0.5000016506626617	0.49999968535137246	0.4999997467893859	0.4999998082040682	0.5000000507386377	
0.9999950261265727	0.833354857115209	0.7999899316472852	9.684742257345967E-6	0.5000017453003684	0.500001263594104	0.4999998547401029	0.49999976997472684	0.4999994787448901	
0.9999902506473771	0.8332894708690654	0.60002413775878	0.9999535752967504	0.5000028555861372	0.5000004141775125	0.49999875538149474	0.49999953578365575	0.5000009257495299	
0.9999910030613937	0.8332847059686169	0.5999833382901893	0.6666926941767936	0.5000018365393885	0.49999963179510104	0.49999859718082235	0.4999997074200986	0.5000008468525743	
0.9999954719233929	0.8333514120249323	0.6000371312819096	0.33350479149597734	0.5000017476212729	0.49999952427016	0.4999987344894373	0.49999981081173334	0.49999943016854964	
0.9999930265006943	0.8333545707441765	0.6000371312804736	5.4039820000260756E-5	0.5000015313438514	0.5000016103472691	0.4999986967696734	0.49999962310621765	0.500002215165772	
0.9999935446278098	0.8332894852818121	0.4000405527986249	0.9999809762745019	0.5000028865298988	0.5000004102778727	0.4999986294150842	0.4999995193838136	0.5000008134542526	
0.9999930936454958	0.8332878210516055	0.4000435467084016	0.5000104383690814	0.5000018635896301	0.4999996248064515	0.5000000730285089	0.4999986280324703	0.5000009392465024	
0.9999915790108297	0.8332828576038953	0.4000449492823543	2.0997453541572817E-7	0.5000014161652763	0.5000014422265245	0.49999992100742047	0.4999999142602227	0.5000013381767915	
0.9999952793599212	0.8333773370437476	0.2000910871558896	0.999500712883943	0.5000019031212	0.4999996011274265	0.5000016086895501	0.5000003067420564	0.5000012053140501	
0.9999830882110664	0.8332878147472665	0.2002354550197381	6.655698282287776E-4	0.5000015837639084	0.49999971368652996	0.5000016036668007	0.5000003067709143	0.5000013363156292	
0.999983352846287	0.833287770856447	1.3074275056756957E-6	0.5822514038157781	0.5000017302106763	0.5000021116863921	0.500001668713734	0.49999862830891756	0.5000013908100529	
0.9999899580483564	0.6666839781450868	0.999999978360164	0.9999745991800152	0.5000015156926834	0.5000000144218634	0.5000009528012715	0.4999995047219863	0.5000001864647361	
0.9999956905337958	0.666646407356635	0.9999897091523869	0.7500256848585173	0.5000010038927856	0.4999996396995842	0.49999993534729553	0.49999997161290016	0.4999992077040545	
0.9999964769002055	0.6666858090045695	0.9999968085839365	0.5000125989338611	0.5000018868490509	0.49999974156334237	0.4999987483654782	0.4999999211065145	0.499998755032427	
0.9999827198551903	0.6668106414043596	0.9999992107643051	0.24998770329800685	0.5000018746792636	0.4999996663098117	0.5000009431990214	0.4999998130916053	0.49999867906098294	
0.9999913889924037	0.6665963486335186	0.9999482940458072	5.262448212844725E-7	0.5000025501413314	0.4999997777986267	0.4999989806653925	0.49999955598539914	0.4999999637727926	
0.999993117029007	0.66664257248286	0.7500388966675743	0.9999984314239331	0.5000020415266023	0.49999929164270346	0.5000009396436706	0.49999994620712207	0.5000002639487034	
0.9999953461852074	0.6666792771530924	0.7500359489023302	0.6666937531041988	0.5000010093867214	0.4999995190114764	0.4999999389514664	0.49999997131690704	0.5000002587054737	
0.9999879852481944	0.6666839876381122	0.7499333637707795	0.33327354494775474	0.5000010083917475	0.5000002634450724	0.4999986658789537	0.4999998417038267	0.4999991469320844	
0.9999711129241194	0.6665881173799356	0.749944967198243	1.3182491002377886E-8	0.5000015658364065	0.4999999955533171	0.5000009038617995	0.4999998532971215	0.49999877808737353	
0.9999909508582523	0.6666733987757019	0.49999218239548354	0.9999861576036578	0.5000019855889305	0.5000002376220541	0.500001271843598	0.5000002342135046	0.5000002839309207	
0.9999923433991736	0.6666738005222582	0.4999451425070429	0.5000099379151596	0.5000022368435165	0.5000002590760353	0.5000012742060649	0.4999998679960691	0.5000002205389915	
0.9999763434271095	0.6670442017976979	0.5000310232744125	5.281330826068039E-4	0.5000017366416027	0.5000014682625482	0.5000072286834328	0.4999998305807144	0.5000002893956986	
0.9999888428284794	0.6666292193912909	0.25011342467687603	0.9999222355021474	0.5000013493055004	0.49999967671628787	0.49999989894202274	0.4999997766522759	0.5000013652120786	
0.9999730159702482	0.6668155606879543	0.25017167617876557	5.424103334189523E-4	0.5000015865160591	0.4999995901619733	0.5000016033585186	0.5000003099996769	0.5000012482741132	
0.9999911601616067	0.6666377696615354	1.935031118263296E-6	0.4950930212139936	0.5000015778891406	0.4999997853356976	0.49999997374878896	0.4999996926866202	0.500000840649327	
0.9999931647710739	0.49996947509912565	0.9999978614360644	0.9999867087812245	0.5000020491791186	0.49999958132783995	0.4999999933854461	0.4999994520777944	0.5000002199758408	
0.9999993844410664	0.5000319846044387	0.999979290751698	0.6666874453259594	0.5000020658398159	0.4999996188076437	0.49999829059243767	0.5000011142936145	0.49999869549617976	
0.9999955335359577	0.5000264313097258	0.9999922384346457	0.3334449881081948	0.5000018826686592	0.49999957447145743	0.5000001948253203	0.49999981309180364	0.49999945920146016	
0.999992339656887	0.500029755166184	0.9999956746658526	6.264802573253069E-5	0.5000018432110879	0.5000003337072039	0.49999975077344755	0.4999994581792741	0.49999918915667385	
0.9999924978402763	0.5000273959335474	0.6666748643280069	0.9999861017682138	0.500004207204994	0.5000002280657571	0.500001225434669	0.5000004664715012	0.5000002808318592	
0.9999979416000946	0.5000274599048289	0.6666763994492021	0.500032926981194	0.5000016247945807	0.49999948685207457	0.49999915380562354	0.500000364896122	0.4999994924907748	
0.9999919858895407	0.5000308391094207	0.6665785271195014	8.202509358958559E-7	0.5000015460139846	0.4999996360927775	0.4999999824337744	0.4999993832040593	0.4999994467580461	
0.9999906640236488	0.500119504809832	0.33352730084328974	0.9990070181670493	0.5000021875428026	0.49999953018966764	0.4999986057548578	0.5000012956994827	0.5000008408330137	
0.9999913129142662	0.5000326298840324	0.3335276112715864	4.4265832361485807E-4	0.5000016210914034	0.5000013107008764	0.500000572887613	0.49999958041732534	0.4999993705076987	
0.9999953582814213	0.5000302226142112	7.910701612594273E-5	0.47155623571392086	0.5000021835192296	0.4999992935524655	0.4999985850697486	0.5000003217269385	0.5000014301436427	
0.9999931185848857	0.3333626409959211	0.999994096902149	0.9999426922638864	0.500002188026768	0.4999995212365961	0.4999999768283271	0.5000003586149094	0.500000150878647	
0.9999894090025963	0.33335922027390075	0.9999871096563308	0.5000343089284904	0.5000016607625684	0.49999961546449667	0.4999999824237474	0.4999994014278982	0.5000013746897786	
0.9999959415535182	0.333359262176325	0.9999973483647906	5.1124346675808076E-5	0.5000029123753963	0.5000000238560629	0.49999989433137837	0.4999994444813685	0.4999986734347847	
0.9999998948237805	0.3333626366551198	0.5000366732601865	0.9999198813082627	0.5000020176058295	0.4999997196860512	0.5000000034460782	0.5000017067295902	0.5000001380251116	
0.9999937248705398	0.3333626397377533	0.500031008739605	8.291554633050403E-5	0.5000015446448557	0.4999996779805478	0.49999980856829856	0.49999989562807373	0.5000001822330373	
0.9999927372994942	0.33336284850235837	5.494708681560973E-5	0.9202403178888842	0.5000021877518354	0.4999997440342277	0.5000000124199186	0.5000006040203858	0.49999925287418356	
0.9999755984172732	0.1671871318989418	0.9989997856604362	0.9986741834609703	0.5000013908106572	0.5000003200102506	0.49999988968675074	0.500001066040134	0.4999998952808268	
0.9999928748424647	0.16656291334272832	0.9997132451710629	1.4834665801359223E-6	0.500002915146572	0.4999996206440836	0.5000001121585805	0.49999978312544313	0.49999867305828705	
0.9999928544305962	0.16672537867214898	4.543229725768634E-4	0.4716805918098495	0.5000013783472943	0.5000012131727763	0.49999998916500443	0.499998573755782	0.49999946214285174	
0.9999931548537238	2.617180459263391E-5	0.6627873979354533	0.008003752346686016	0.5000013848823663	0.49999967370386705	0.4999997235966479	0.4999985221927568	0.4999998671284763	
0.8333255276599834	0.9999983205890867	0.999999799427121	0.9999998788580589	0.5000019961729212	0.5000000136408097	0.49999981462850324	0.5000004734234141	0.49999949205806987	
0.8333261759773783	0.9999985769037637	0.9999939224692483	0.8000142842782253	0.5000017571449858	0.5000001174141406	0.49999899211616267	0.49999963062340325	0.4999997071473185	
0.8333353147493726	0.9999861298195932	0.9999954104769778	0.5999516861336041	0.5000018391600951	0.5000004669716979	0.49999870864650153	0.5000001843809548	0.500002545212076	
0.8333360678290896	0.9999956395408054	0.9999938416761525	0.3999839853539193	0.5000017475804471	0.4999994957289084	0.4999999384874036	0.49999994779339396	0.4999995218275204	
0.8333360515141655	0.9999976953164553	0.9999961218866612	0.19999110795379316	0.5000017486369085	0.4999999676105861	0.499999599566243	0.49999989863733674	0.5000000507944506	
0.83333615690509	0.9999956723509889	0.999999300909935	3.2605249660347314E-6	0.5000016811489423	0.4999996982536962	0.49999952000908765	0.4999995267444623	0.4999999199175873	
0.8333354328887707	0.9999989747120429	0.7999996321236014	0.9999999099221251	0.5000019718868367	0.49999942279847737	0.5000005283501522	0.49999969005717076	0.5000001828623108	
0.8333353981608678	0.9999989920340042	0.7999997043719299	0.7499978887262972	0.5000019889856033	0.5000003320330989	0.4999993009341664	0.49999962412573207	0.5000007902057764	
0.8333353345649103	0.9999965405388936	0.7999907838412086	0.4999880112975822	0.5000015241913246	0.5000003276740788	0.4999993302804587	0.4999996213882541	0.5000002839635768	
0.833335649907507	0.9999965235994808	0.7999903812805867	0.24996102683766389	0.500001526323785	0.5000002949455752	0.49999982438850615	0.5000001080542794	0.4999994758811515	
0.8333365563127163	0.9999989287479499	0.7999904351939409	3.3462595143091653E-6	0.500001528776268	0.5000003396468072	0.4999995621767099	0.4999995892938573	0.499999671348143	
0.8333460438892196	0.9999971752921468	0.5999994799556032	0.9999925215698695	0.500001764150084	0.49999943657676615	0.4999987773813061	0.49999998551828706	0.4999997570417586	
0.8333368591321964	0.9999981901657774	0.5999834178962894	0.666655009353889	0.5000026976249076	0.49999967153276315	0.4999999649685617	0.4999997068334888	0.49999944894364884	
0.8333366134343118	0.9999987790763927	0.6000367264163624	0.3333511289291565	0.5000016149702544	0.49999947616962576	0.4999997997976065	0.49999983215519417	0.49999955075370717	
0.8333404647847771	0.999996806557084	0.6000368354347076	3.429363824790371E-5	0.5000019717209908	0.5000010785580848	0.4999999465198415	0.49999983458316416	0.4999998777167448	
0.8333358756919469	0.9999897331558063	0.4001036897787972	0.9998090005444332	0.5000013490575375	0.49999935234634657	0.5000015696195758	0.4999996168580806	0.499999208085653	
0.8333360226668918	0.9999896148328927	0.40004410587248973	0.49986995123664757	0.5000015224237071	0.5000004870820357	0.5000009040740032	0.49999959067853594	0.4999996254243385	
0.8333455053300757	0.9999841963276567	0.40009894362765525	1.321795673190284E-4	0.5000013866012847	0.49999959086779167	0.500001274078362	0.49999959148932877	0.5000013241198823	
0.8333360889805205	0.9999842533230673	0.2000844921911763	0.9999196163034831	0.5000014633757482	0.5000004462033641	0.5000010144353669	0.4999998410238432	0.5000013703803792	
0.8333360860631887	0.9999843621590134	0.20004770143180842	8.883866770753807E-5	0.5000024161343477	0.49999975717302286	0.5000010393249517	0.49999984126344116	0.5000013910829789	
0.8333368605070147	0.99999811725561	3.904133670834515E-6	0.9749686726612445	0.5000015870247757	0.49999956721535027	0.4999999443214416	0.49999959568231606	0.49999953416259846	
0.8333364071551999	0.8000011907980484	0.9999950399786559	0.9999764834719763	0.5000010218473366	0.49999956329078277	0.49999897362784834	0.49999969634042457	0.4999996853022739	
0.833336370872461	0.8000011907212582	0.999995037937516	0.7499119308597312	0.5000010034043751	0.49999941136754933	0.49999867792345654	0.500000185409733	0.499999065358809	
0.8333357299756357	0.8000004216180153	0.9999998262613673	0.5000097068806927	0.5000015229055834	0.49999957806723594	0.5000002748696638	0.5000001198799618	0.49999923334316854	
0.8333356865759141	0.8000008711009168	0.9999999958486078	0.2499983853099078	0.5000014845441205	0.4999995956210633	0.5000007998746316	0.5000001086095781	0.4999992375726012	
0.8333404170628799	0.799985161668662	0.9999983934154566	3.302624245614603E-6	0.5000017273291189	0.5000000102749963	0.49999993884758254	0.5000002314372085	0.49999992327259296	
0.8333353461747508	0.8000013442413416	0.7500059205955741	0.9999962525555242	0.5000009972320651	0.5000003368591156	0.49999873373638526	0.5000001593257262	0.49999904780659266	
0.8333353344248705	0.8000013474770356	0.7500059209463502	0.6666554172756632	0.5000010147258561	0.5000003216928395	0.4999986827753778	0.49999985689794124	0.49999916994729315	
0.8333355591270726	0.8000006156762608	0.7500047199202627	0.3332609464492251	0.5000010313852533	0.5000004416433111	0.49999982270444154	0.49999982396797665	0.49999892155120085	
0.8333362009395385	0.8000011592011528	0.7499393016602709	1.4925267081385894E-7	0.5000014264605214	0.4999993544533951	0.49999993853638225	0.5000001017338537	0.4999994820311264	
0.8333355935018828	0.7999904841326939	0.4999966535898355	0.9999998452346726	0.5000021887770967	0.49999929803647364	0.5000015672885216	0.5000001886025403	0.5000001323670938	
0.8333369021460039	0.8000009341160443	0.500037108923346	0.5000104759793615	0.5000013153353186	0.5000004174335765	0.4999986354967106	0.49999961453179764	0.5000006243137396	
0.8333361621716693	0.800001043206343	0.5000370810337842	7.276810767042743E-5	0.5000017356929553	0.49999979363865293	0.4999995975292976	0.4999995927773807	0.4999994806705556	
0.8333456316413859	0.8000009058909994	0.25011343083855925	0.9997948896772066	0.5000013854733336	0.4999993464916808	0.49999994430776906	0.4999997767028385	0.5000012753830664	
0.8333454001750478	0.8000008828474167	0.2501136229601118	2.8183699503080205E-4	0.5000013884224316	0.499999788379668	0.49999992834341556	0.49999991517070896	0.49999950052296044	
0.8333368291911202	0.8000008741650911	1.878880754308316E-6	0.49866634608084504	0.5000015815292176	0.4999995653778166	0.4999999724734769	0.49999991753976103	0.4999995844774223	
0.8333377097178204	0.6000786372154037	0.9999148267697848	0.9999686460761746	0.5000016076746833	0.4999992492079657	0.4999986931178321	0.4999995444181959	0.4999995907112723	
0.8333249653288672	0.599897285441038	0.9999972763543769	0.6666946871445681	0.5000014703929111	0.4999995710650171	0.49999984695716826	0.5000002666090585	0.5000009735397796	
0.8333250490336702	0.5998978008212277	0.9999999994000652	0.33326773703004714	0.500001523247904	0.4999995578942809	0.5000002361627585	0.4999998123026488	0.49999921893096844	
0.8333409416489382	0.5999243000476084	0.9999997585642467	2.8839208967026405E-6	0.5000015134440563	0.5000000134686351	0.49999997750985037	0.5000001218765434	0.4999995190629063	
0.833336410569561	0.6000810527359517	0.6665749255662328	0.9999376330052564	0.500001547700951	0.4999995594983464	0.5000002672265089	0.4999997101453196	0.5000001779305118	
0.8333405347635875	0.6000857190117348	0.6665681683990817	0.49988723311277006	0.5000015130278109	0.4999996965128353	0.5000008677860625	0.4999995722225072	0.5000001747840965	
0.8333408972674932	0.5999254616798414	0.6667123879801704	1.5600006813367294E-6	0.5000016140694141	0.500000307272597	0.49999976228798637	0.5000001769140103	0.49999948559916796	
0.8333455642195484	0.6000810813360027	0.3335275081237139	0.9995522817428352	0.5000015502593526	0.5000004473487923	0.5000010093976863	0.49999969922540805	0.49999862990068583	
0.833345725339372	0.6000922148382164	0.333527508035076	4.403831413905472E-4	0.5000028320947325	0.5000010543669431	0.500000987692645	0.49999947200832323	0.49999861666611906	
0.8333340627372398	0.6000032852953265	5.9345311724173176E-6	0.140759639977265	0.5000015890281663	0.4999995321974956	0.500001307784551	0.49999993026508655	0.4999992909272458	
0.833334244322367	0.40005751021687563	0.9999989644022549	0.999957735863209	0.5000014965006355	0.4999995786945934	0.5000002775786596	0.5000002456070736	0.49999944923210066	
0.8333484807971301	0.4000628786680497	0.9999394787188626	0.500033273298099	0.5000014362639904	0.5000003012646407	0.4999998705591855	0.5000002131776854	0.49999942707101597	
0.8333450730787462	0.4000641642930571	0.9999249919997808	8.30081541534155E-5	0.5000017444937592	0.4999996973223783	0.4999998316951883	0.49999963793861085	0.49999928088617496	
0.8333354042583473	0.40006287930081097	0.5000366721390426	0.9998574003385643	0.5000020948059326	0.4999997201996998	0.5000009094666742	0.5000002452850141	0.4999998877437291	
0.833340830896227	0.4000628787029601	0.5000306256197883	8.296605407857207E-5	0.5000015445939893	0.499999673927508	0.5000008876515758	0.4999996184207533	0.4999992966724082	
0.833350672089185	0.40014398385240235	4.4278457126370235E-4	0.5002109480046433	0.5000019365733206	0.49999951248617885	0.5000009563688768	0.5000009107747607	0.5000000277297629	
0.8333342112758518	0.20009713067050894	0.9999802399878861	0.9999500844506299	0.5000016296354044	0.4999996160649818	0.4999999071950623	0.5000002225043294	0.4999994492790194	
0.8333359526919857	0.2001274544562159	0.999985048053741	3.1172197354884027E-6	0.5000017773354705	0.5000000148936404	0.4999998943355423	0.5000002084662671	0.4999986739280571	
0.8333506652117473	0.1999728497739565	6.069001081067675E-6	0.49261125466296785	0.5000014529800142	0.4999997233342751	0.5000008294315063	0.4999999305769724	0.4999994303411052	
0.833334161816373	2.3993466448577285E-5	0.932466683110045	0.4761103610747937	0.5000015544986658	0.49999961998734394	0.4999998493390154	0.49999795100512395	0.49999939185030046	
0.6667314204119809	0.9999846452828685	0.9999353034536256	0.9999704679735875	0.500001964552439	0.5000000584014437	0.4999989820643155	0.4999996902656236	0.5000012806365929	
0.6667313105643393	0.9999573710567287	0.9999694799065432	0.7499082194485602	0.5000020334862859	0.49999972902021106	0.49999984939072123	0.500000106440592	0.5000011107793396	
0.6666396137254037	0.9999947404445447	0.9999999485316005	0.49998911592617673	0.5000015258573186	0.4999995803721682	0.5000005820808378	0.4999996828169819	0.5000024640294068	
0.6666816682887508	0.9999705203146012	0.9999761282174975	0.249959122820071	0.5000015037829234	0.5000003054188694	0.49999927364478647	0.5000000850860448	0.4999994728933883	
0.6666839439457624	0.9999978272890298	0.9999952560378432	5.933469316750964E-6	0.5000017338473207	0.500002268257816	0.4999999585326906	0.4999995556448951	0.5000021320718293	
0.6667292746881973	0.9999426788650134	0.7500053634756358	0.9999391777987867	0.5000017456851161	0.49999986001704383	0.4999992384582868	0.5000002054290111	0.5000047909800246	
0.6666415219902462	0.9999709209661648	0.7500054505602751	0.666656882582718	0.5000022280690554	0.49999979357171687	0.4999995249875049	0.5000001938361004	0.49999911954867665	
0.6667317295749903	0.9999714642084143	0.7500026578903621	0.33326903982072764	0.5000017339571423	0.5000021098032515	0.5000004439650962	0.5000003676416749	0.5000012552073575	
0.6667508867576302	0.9999690660739607	0.750006961348773	1.1521399099716123E-4	0.5000015558719234	0.5000010489522245	0.49999951461990977	0.500000109034861	0.4999995462439137	
0.6667319178501392	0.9999725043689532	0.5000320972751724	0.9999676105902612	0.5000019585194853	0.4999997300040535	0.5000002203807915	0.4999995731040643	0.49999988197049033	
0.6666445506414168	0.9999725367841791	0.5000335420329384	0.4999887588171845	0.5000018014571401	0.4999993717289123	0.4999998036998795	0.5000008441626015	0.4999998822804128	
0.6667319062984387	0.9999727417193508	0.5000323035070524	1.0641792825405951E-4	0.5000017977652426	0.5000018412783084	0.5000004083271599	0.4999998005803891	0.4999991367512427	
0.6667299416208131	0.999955012331081	0.2501654245566773	0.999489497928561	0.5000023670623772	0.5000010379472853	0.5000011148160582	0.4999991500059265	0.5000022439187168	
0.6667431797018157	0.9999554777825941	0.2501662600453154	4.154680966825247E-4	0.5000013857957989	0.5000010208906254	0.5000011073937461	0.49999846262671915	0.4999991017315994	
0.6667431396154606	0.9999848794539388	4.642735796137614E-5	0.49991329519413036	0.5000013710600687	0.49999935127059614	0.5000015826334838	0.4999984626349276	0.4999990807625498	
0.6667295668463274	0.7499874789173024	0.9999418169014817	0.9999922222164065	0.5000020003807807	0.500000334347526	0.49999898182554176	0.4999998580721881	0.5000012712807131	
0.6667292049426059	0.7499878275198248	0.9999484011338245	0.6666353582698769	0.5000020237156089	0.49999953604518005	0.49999927885762785	0.4999996968932176	0.5000010785149281	
0.6667293422433187	0.7499874500683295	0.9999761958025385	0.3332815005897743	0.5000020258721457	0.5000017653566301	0.5000009617000799	0.5000001759700373	0.4999994792570703	
0.6666842176629756	0.7499443117494544	0.9999950768528173	4.868928752523888E-7	0.5000009998958823	0.4999994784734735	0.5000002781060717	0.5000006068540017	0.4999999154253451	
0.6667292051410456	0.749984932106721	0.6668310754846392	0.9997537657299207	0.5000020939955739	0.49999954409353514	0.4999993048162696	0.5000005082563558	0.500001353210398	
0.6667318843054406	0.7499878172696701	0.6667054829673197	0.4999891060507037	0.5000015307975804	0.5000017467503836	0.5000006721518768	0.5000001840638382	0.5000004506577306	
0.6666846876617597	0.7499868761763325	0.6667049875495269	4.000376277949631E-6	0.5000017375215089	0.5000003163214453	0.5000003626968289	0.5000005954394945	0.5000020200707378	
0.6667293156291243	0.7500344705886336	0.33344263253241774	0.999509041962563	0.5000020926535472	0.5000013020187077	0.4999993054185139	0.49999947174133025	0.4999990869966363	
0.6667319062292381	0.7500344705886336	0.3334201620310844	3.1837640883886076E-4	0.5000030766551324	0.5000018515443065	0.5000003341713561	0.49999948162326724	0.4999991222542168	
0.6667403092974433	0.7499872458594189	1.3377459136482858E-4	0.4816719579240903	0.5000029580600523	0.5000003490403065	0.5000009215281233	0.4999995863294284	0.5000012916142157	
0.6667308992388663	0.5000233312399655	0.9998827919896226	0.9999365399769365	0.5000020202383689	0.4999994615247073	0.5000012154199311	0.49999974036911465	0.4999996698534887	
0.6667373206404629	0.500106885187463	0.9998800352172601	0.5000215587218686	0.5000021381604965	0.5000003039898039	0.4999999569599695	0.500000099793781	0.4999994819021846	
0.6666807677539385	0.5000463401192957	0.9999580649887655	6.741950883507015E-5	0.5000015232450077	0.49999981955942624	0.5000000242108766	0.5000001025331078	0.5000014644527698	
0.6667318075142382	0.500023893122053	0.49998526363806217	0.9999901421786244	0.5000018010254331	0.5000003511165474	0.4999998374539938	0.49999947683388135	0.49999854174933267	
0.6667331812846551	0.5000463413801766	0.5001363605903685	2.641545813095006E-4	0.5000022216214447	0.5000003468565908	0.500001355805183	0.5000001694222287	0.4999983776547607	
0.6667303233510731	0.5001056998840426	2.1155726097680779E-4	0.49664336967318273	0.500001936923003	0.5000010380610498	0.5000015771819709	0.4999996243557569	0.4999990820130268	
0.6667336251457047	0.2500460768225685	0.9999398202887357	0.9999189297945261	0.500001460129871	0.49999971601833315	0.5000009092703868	0.5000010342813681	0.499999076918785	
0.6667308949921618	0.2501303154308801	0.9999149035385984	4.490104426253485E-5	0.5000014611433469	0.4999996934387627	0.5000008495894264	0.4999996328980421	0.4999994802766486	
0.6667334746052956	0.25004568192589444	1.4608831059985145E-4	0.561241645021604	0.5000019756855926	0.5000002979514668	0.49999986859917783	0.49999834606737775	0.4999982502937407	
0.6667309531198216	8.418074286831654E-5	0.6575867221375531	0.47620991815097097	0.5000015533457944	0.4999997406779989	0.49999984928109625	0.5000010319998524	0.49999939125648446	
0.5000199142937768	0.9999802136178007	0.9999939445684222	0.9999760163074569	0.5000048746659195	0.4999998618678948	0.49999901599617913	0.4999994986108652	0.5000003782205534	
0.5000162579459363	0.9999861189810682	0.9999884127009958	0.6666390349847815	0.5000019193582995	0.4999994842206041	0.49999917568636715	0.4999998143007784	0.49999953032830435	
0.5000157968861311	0.999971244821562	0.9999729497438393	0.3332627220812466	0.5000013651173817	0.4999994615700501	0.4999993645129713	0.5000003424906789	0.4999990602836689	
0.5000311183851851	0.9999774876828647	0.9999993922286127	6.707858636646073E-5	0.5000017282681559	0.5000022537951716	0.4999999579281347	0.4999999370967819	0.49999956144427454	
0.5000198806157998	0.9999845719452195	0.6668490514757768	0.9998025927383702	0.5000019665538514	0.5000000906999607	0.4999991535716944	0.49999980847205955	0.4999990315333776	
0.5000134595790041	0.9999844954368564	0.6666966766755879	0.49998851974967357	0.5000022742675073	0.5000004366885011	0.5000000052577653	0.4999997840987536	0.5000004749831677	
0.5000157369448165	0.9999827917682157	0.6667052405748121	6.702757900154248E-5	0.5000017275634034	0.5000023301543679	0.5000000036410162	0.4999998052271082	0.49999955993203027	
0.5001086417499466	0.9999608549780236	0.33345398651047253	0.9994511475478918	0.5000013002668823	0.5000009698743041	0.49999980363302804	0.5000001928416248	0.5000003739117168	
0.5001572344970788	0.999820997572854	0.333420583355108	1.315903963189369E-4	0.500003008754421	0.5000010694265197	0.5000015140765923	0.49999849286689024	0.4999991008728297	
0.5001086416945439	0.9997821136317234	1.9031367948049824E-5	0.9928964620049275	0.5000023631806354	0.5000008961729778	0.5000002589322093	0.5000017632146133	0.500002043277252	
0.500019590241523	0.6668806800977575	0.9998396436989897	0.9999401307628308	0.5000013366604001	0.500000314699913	0.49999986120293183	0.5000004182560762	0.5000003053122073	
0.5000159111206551	0.6666373193755519	0.9999741698247768	0.49998820556430457	0.5000023535781195	0.4999997159258654	0.49999934157393505	0.5000003802142269	0.4999990771026331	
0.5000199092218222	0.6666428455303757	0.9999761851628474	2.8288387899146625E-6	0.5000029984342786	0.5000018532733905	0.5000009847796077	0.5000011776369988	0.5000014476554211	
0.5000199030318536	0.6666946808989769	0.5001253431248116	0.9999661902985366	0.5000019932914099	0.4999997302722871	0.5000011667796919	0.49999883878974616	0.49999938876225564	
0.5000199079644346	0.6666948695101734	0.5000370673319143	5.532178353744521E-5	0.5000019998249643	0.4999997199494145	0.5000009562163166	0.49999906680886835	0.49999907212481304	
0.5000235117494526	0.6667238296467805	2.1222737780364744E-4	0.4996184719134429	0.5000019380370737	0.4999994438200845	0.4999986399046513	0.49999962559050887	0.5000011850012013	
0.5002200946811722	0.3338033315869149	0.9989568409613309	0.9993362509028474	0.5000009975213179	0.5000003209760795	0.50000000874685	0.5000001010154265	0.4999990495258174	
0.500016250606412	0.33351684745842325	0.9998617890071317	1.2112201350016538E-4	0.5000019933308126	0.4999996449560409	0.49999968997761834	0.5000013664933772	0.5000003160545385	
0.5000231445737893	0.33353680134528607	4.840639990457392E-4	0.5046062502574001	0.5000015993473346	0.4999994509131151	0.49999986838516425	0.49999988753071317	0.49999947527139116	
0.500100898594994	1.8759605758458808E-4	0.9132684832605364	0.03406044661201407	0.5000014418453083	0.49999970105255404	0.5000008459893156	0.5000005736923703	0.5000011678315996	
0.33347623315906594	0.9999562351660481	0.9999074634188576	0.9997469526909288	0.5000020077771067	0.4999997098483886	0.4999996818092083	0.4999998275351281	0.4999991236237082	
0.3334988737290059	0.9998213146265407	0.9998696651044411	0.5000204598194669	0.5000019092997068	0.5000001169027035	0.5000014803912197	0.4999995080330259	0.49999901409159236	
0.3334749974789032	0.999972188374763	0.9997049774031204	1.7401125706652807E-4	0.5000020301244583	0.5000018053595287	0.5000014776826516	0.5000015349862336	0.4999993567897795	
0.33347514396597705	0.9998344319730683	0.5002242312279115	0.9995369316359655	0.5000023124976773	0.5000016139320267	0.5000015498105634	0.49999963216702187	0.5000040917769413	
0.33347527876255084	0.9998170921110591	0.5002104532364416	5.56510960326664E-4	0.5000018218212623	0.4999995223694542	0.4999993390317703	0.49999941379135726	0.5000004061110118	
0.3334751622503882	0.9997802253184648	2.680484164059852E-4	0.4773361472870393	0.500002352754773	0.500001616553477	0.4999993337057606	0.5000006939369868	0.5000003950726843	
0.33347623315906594	0.5005440730816074	0.9994074947014115	0.9997469526909288	0.5000020137506991	0.5000002957424479	0.4999991746484113	0.49999980100253627	0.4999990524572611	
0.3334749875785351	0.500346652040663	0.9994707024283238	1.0217702564692708E-4	0.5000023725041273	0.5000002727690932	0.49999964594045615	0.5000004088372129	0.49999904435905906	
0.3334749878205426	0.5001073937221047	0.0010242325452661516	0.512179650967891	0.5000023126864079	0.5000008602593571	0.5000005882781415	0.5000004258409444	0.4999990992792932	
0.3334988573684832	6.504787978350833E-4	0.5152096575620464	0.5087545045721508	0.500006179334004	0.49999961031358947	0.5000008155421439	0.49999969984357623	0.4999995433113123	
0.16725464979992533	0.999206508832858	0.9993597921712747	0.9983225932446574	0.500001362703168	0.49999964447899775	0.5000011538136967	0.49999839535851687	0.5000169756198324	
0.16851273069475928	0.9957097187107466	0.99724282062368	0.0021296386058722817	0.500001691786763	0.5000000589071315	0.5000005973298397	0.49999975756057713	0.49999900983230133	
0.16745432564502805	0.999888072909813	0.00545359041770016	0.5000703416723636	0.5000022718714776	0.5000000906527979	0.5000003595949611	0.4999994130211201	0.5000023878257919	
0.16678246798080312	6.504787978350833E-4	0.515031333320083	0.40951303660593463	0.5000022700241843	0.49999951488346267	0.5000003589480058	0.5000003702283828	0.49999953242087897	
1.392718175508012E-6	0.6746228288302605	0.7082554104139739	0.6262181906913997	0.5000063600523165	0.4999994701724276	0.5000003498635237	0.5000022630357484	0.5000003591616833	
