0.9999911017710595	0.9999628724953971	0.9999989683335245	0.9999710802377243	0.4999802657148971	0.5000039329888393	0.4999545035483155	0.4999986728020415	0.500000014959496	
0.999975739075787	0.9999950978734947	0.999988821324467	0.8332910375194619	0.49998035183451645	0.5000030384061214	0.49995444814866785	0.5000005202413954	0.5000001298206602	
0.999975775470068	0.9999857647994144	0.9999839238632809	0.6665719728455797	0.4999799286442318	0.5000039574398244	0.49995441426545745	0.5000003370150224	0.4999999796764037	
0.9999902457407025	0.999966504093215	0.999952230922451	0.5000092871537659	0.49998011863570463	0.5000040819802964	0.4999578909731631	0.5000003472703491	0.4999986649203132	
0.9999997721364368	0.9999928353825142	0.9999974115249074	0.33332910553797557	0.4999813336530141	0.5000034516632211	0.499957305582618	0.5000006479893581	0.4999989211023158	
0.9999934104093219	0.9999917977774484	0.9999916573425185	0.16660061205814886	0.499978291159479	0.5000033506310689	0.499954399026338	0.5000002851843357	0.4999995612758672	
0.9999993375089453	0.9999936721895761	0.9999983343545725	5.859097906057401E-7	0.49997981627895666	0.5000034211587526	0.49995721994167797	0.5000000163270178	0.4999995760116815	
0.9999456241012878	0.999981067347612	0.83314795405675	0.9999998492995487	0.4999794448512969	0.500003027558433	0.4999543985483448	0.5000005975463859	0.49999835516773916	
0.9999907849352855	0.9999953515651135	0.8333050864963272	0.8000148912133694	0.4999799727287776	0.5000030325453512	0.499954456184298	0.4999999389281786	0.49999831267490463	
0.9999902290622318	0.9999973439914244	0.8333012234749315	0.599936038168634	0.49997825741624935	0.5000039200167979	0.4999544531968146	0.5000001537648767	0.4999991013502046	
0.9999931821861827	0.9999961389480932	0.8333118259860145	0.40001400329406284	0.49998007309491227	0.5000039355521394	0.499954459084355	0.5000006604807086	0.4999995778031364	
0.9999930953956551	0.999999239312518	0.833318503894862	0.20001651751964772	0.49998077361341897	0.5000033625189194	0.49995446996245224	0.5000001206092842	0.4999999996319658	
0.999996187159283	0.9999927875966934	0.8333068967216999	3.0294529965239277E-6	0.4999799132586726	0.5000033640360011	0.4999545927532777	0.5000003225251887	0.49999944020221054	
0.9999974144959418	0.9999691427742539	0.6667833833408114	0.9998712290243157	0.49998067465237794	0.5000039484227755	0.49995779900116405	0.5000002525611869	0.49999993976682877	
0.9999929126499676	0.9999710250576866	0.6667833833408114	0.7499126058497475	0.499984288260687	0.5000039365819492	0.4999544597718925	0.5000001296532696	0.499999951132383	
0.9999908901892293	0.9999858647914319	0.666650244186451	0.5000239544172765	0.49997993747724945	0.500003094802314	0.499954822815298	0.5000001378323784	0.4999984778127176	
0.9999775496564046	0.9999994635167684	0.6668892407737342	0.2501360461400275	0.4999813519140659	0.5000037807108424	0.49995482513347733	0.49999917498210034	0.49999969592599525	
0.9999479392025966	0.9999638789067791	0.666977375485796	1.6323214561568262E-4	0.4999798639713652	0.5000032771598476	0.49995447611424776	0.5000000202354788	0.5000001565890075	
0.9999460472630702	0.9999975912866694	0.5001955503480499	0.9992704536812512	0.49998065204505066	0.5000033239318075	0.4999544950492821	0.5000001637289946	0.500000403238023	
0.9999788063698154	0.9999923581368332	0.500083966239161	0.6665618878439639	0.4999805240853673	0.5000039431397822	0.4999544580103457	0.5000002369287079	0.4999996891228519	
0.9999946069873088	0.9999934429020143	0.4998430471065123	0.333265170375199	0.4999783263050627	0.500004325213089	0.4999576419976411	0.5000002721521297	0.49999969614610545	
0.9999883371254285	0.9999777234203548	0.4998057346955476	9.420429609930314E-7	0.49997993192697876	0.5000034026863932	0.4999544524139696	0.5000000127122913	0.4999997405327475	
0.999995776999638	0.9999923927669345	0.3333281624950488	0.9999747705200946	0.49998420586546816	0.5000057432675821	0.4999545095479433	0.50000024775513	0.5000000071415147	
0.9999957003920668	0.999992392807606	0.33332816249504377	0.5001467560945972	0.49998420692408435	0.500003946051973	0.49995450776888	0.5000002454599818	0.4999999652227236	
0.999996850602231	0.9999962387928901	0.33332816252152914	1.4500546709686464E-7	0.4999842112490609	0.5000040513877247	0.49995450779421624	0.4999985398552034	0.49999999406077533	
0.9999705359055183	0.9999938890816445	0.1663564676549349	0.9999851125811321	0.4999807541175788	0.500005555368385	0.4999544862253019	0.5000002549431386	0.49999970167737634	
0.9999691177142775	0.9999991752822894	0.16652587627480245	3.600583262693656E-6	0.4999808644015803	0.5000066978200914	0.499954479258461	0.500000713103387	0.49999943304040295	
0.999988808856304	0.999992583324572	2.8264706749967075E-5	0.4405556283638973	0.4999808701315182	0.500004603370622	0.4999544784523175	0.5000000334580974	0.5000000650657305	
0.999994339599126	0.8332907894660277	0.9999962224749473	0.9999896401014604	0.49998404877100905	0.5000037179758067	0.4999543811589879	0.5000001604780762	0.4999996697737291	
0.9999929167707017	0.833285920033048	0.9999888661057552	0.7999516780953289	0.49997989161149825	0.5000059389755134	0.4999542966685814	0.5000003110803263	0.499999986702931	
0.9999957980745876	0.8333160513475516	0.9999991468957704	0.599936093848562	0.49998005201213536	0.5000039664706698	0.49995453413822705	0.5000001971404205	0.49999909557510747	
0.9999856296002079	0.833285903625262	0.9999978099678697	0.4000124827436386	0.4999807376434577	0.5000044387008891	0.49995442083770586	0.49999987418189834	0.49999893148865443	
0.9999930967768643	0.8333106148455196	0.9999977371923243	0.20001221500318878	0.49997979990291513	0.5000033625689068	0.4999573643935356	0.5000001710927497	0.49999913825370973	
0.9999997170567217	0.8333107172223264	0.9999974316069321	1.1044611921782937E-6	0.4999813231106269	0.5000034523944533	0.4999574443667935	0.5000004032333554	0.4999994679454336	
0.9999957620523819	0.8332907895873461	0.7999998416208339	0.9999997870422686	0.49998404844428007	0.5000056121468053	0.49995441549467945	0.5000001508838853	0.49999996664146173	
0.9999945342544462	0.83329078778152	0.7999974532628396	0.749931573424883	0.4999806835383183	0.5000033491923267	0.4999544593650588	0.5000001971831575	0.49999905232324154	
0.9999913239293527	0.8333115084299824	0.7999954073716886	0.5000086974955641	0.4999807361474925	0.50000370749365	0.49995441566085946	0.5000001970581277	0.5000001904241144	
0.9999914271609136	0.8333111208626269	0.8000627141150709	0.2500127499568335	0.49997991373978645	0.5000032785520337	0.499954478030114	0.49999969790092486	0.4999991361995995	
0.9999857779118531	0.8333114998846404	0.8000491910251567	3.3986403530038346E-5	0.4999812043429342	0.5000037038310635	0.49995734395626157	0.500000644917921	0.4999989281214949	
0.9999912218249954	0.8333171841760739	0.6000014857300935	0.9999886901945406	0.4999807287204103	0.500005635170781	0.4999544924174579	0.5000001599423611	0.49999854208976513	
0.9999912237932201	0.8333160872149485	0.6000014655269991	0.6665434822877707	0.4999812054657688	0.500003799268985	0.4999544924095071	0.5000001932917987	0.4999985131930132	
0.9999941730288001	0.8333117899583287	0.6000015138218137	0.3333885191575818	0.4999810314599099	0.5000044858942948	0.4999571623401144	0.5000006713521086	0.500000203830932	
0.9999999281292774	0.8332948952578537	0.5999978514760529	2.423188066826099E-7	0.4999843162625439	0.5000034146889365	0.4999575033361302	0.5000001644206926	0.5000002426019348	
0.9999954479792548	0.8333157055835588	0.40004701554546224	0.9999200546422313	0.49998001519099006	0.5000047216035994	0.49995447211382965	0.5000001970773871	0.4999990130696407	
0.9999706987721123	0.833366450271799	0.40016024169278946	0.5000238858141097	0.4999808707686218	0.5000045865303696	0.49995450757042076	0.500000272068526	0.49999944677478936	
0.9999942066876424	0.8333113054521468	0.40005780800450674	3.6251656723774885E-5	0.4999813345843426	0.5000043237284622	0.4999575223580911	0.5000002861506475	0.500000713109592	
0.9999914396002224	0.8333670436285809	0.20006170939215884	0.9998995361263437	0.4999841987482169	0.5000056804956353	0.4999545115297513	0.5000006929447388	0.5000007998111432	
0.9999936061663036	0.8333113040959225	0.20006187708552542	3.4545832150647125E-5	0.49998131924334804	0.5000043227037752	0.49995447217703753	0.500000076907471	0.4999999891316792	
0.9999980476625929	0.8333009639739682	4.819799920279513E-6	0.5044942293278396	0.4999843897297663	0.5000043484708563	0.49995449617956134	0.5000002888019673	0.5000007320141975	
0.9999702619102047	0.6667570888248902	0.9999519762064679	0.9999165033454066	0.4999775656587267	0.5000061171104633	0.4999578524836394	0.4999998848741656	0.49999902699532567	
0.9999978004611606	0.6667079762030501	0.9999808510398874	0.7499552214306001	0.4999795477535253	0.5000038744053068	0.49995447021616696	0.5000001652805122	0.49999908471878	
0.9999937275759041	0.6667080935122154	0.9999521774396433	0.5000098337468927	0.4999769155672579	0.5000050892268286	0.4999544295611993	0.5000001300578404	0.4999999783696365	
0.9999933525265211	0.6666398196026413	0.9999998492041899	0.2500046220997897	0.49997804552883035	0.500003470020731	0.4999543558874788	0.4999997039759479	0.5000004558400175	
0.9999934253615964	0.6666386399168778	0.9999983274796319	5.171636289376931E-6	0.49997979512821983	0.5000034748099746	0.4999574009004719	0.5000008356617096	0.5000004933421233	
0.999970194255379	0.6667877460227334	0.7500709558297861	0.9998834694362805	0.49998108909040434	0.500003778931497	0.49995778103812155	0.4999999063575385	0.49999908454247566	
0.9999973010892693	0.6666430053916771	0.7500709547999295	0.6667509834606217	0.49998101483781154	0.5000037888567783	0.4999577848189451	0.4999999032016865	0.4999990477149792	
0.999991894376982	0.6667080972523007	0.7499650394862758	0.33338847936282545	0.4999809258786342	0.5000031640970295	0.4999545568331704	0.500000014075386	0.49999998084929337	
0.9999919737606194	0.6667083066239883	0.7499640334126677	5.345273902699188E-5	0.49998079055744615	0.5000034440627167	0.4999573414593498	0.5000008576243739	0.500000012020067	
0.9999963407266835	0.6667090348832104	0.500028002017928	0.9998896658503674	0.4999769805556685	0.5000046970300087	0.4999576084758199	0.4999997206234722	0.49999980277605033	
0.9999965481457633	0.666643306717507	0.4999777041067016	0.5000090372212571	0.49998101351954666	0.5000033321165775	0.49995747983393135	0.5000000146039457	0.499999792428313	
0.9999919864997662	0.6666690890557239	0.5000240228501729	3.845496029195462E-6	0.4999798193879044	0.5000034717134542	0.49995451409647695	0.5000001593619756	0.500000009177834	
0.9999964528171088	0.6667871928338874	0.2500662158728977	0.9999242431688656	0.4999808439563262	0.5000047530005539	0.49995448277918436	0.5000000542000046	0.4999997688492622	
0.999991953839385	0.6667087292285332	0.2501742577601514	8.131940902379486E-4	0.4999848902043379	0.5000032625166665	0.49995440654093865	0.5000000571777231	0.5000001527275874	
0.9999962360909643	0.6667185287700695	6.664712871367996E-5	0.5057390982602142	0.4999849980674234	0.5000034598657778	0.49995448313429686	0.49999999346919305	0.49999996401470753	
0.9999957660936937	0.5000525393660731	0.9999171280386814	0.9999907455107775	0.4999810451863697	0.500006228558128	0.49995434069911465	0.49999969651568793	0.4999991183721047	
0.9999909941566449	0.5000513279740323	0.9999886829616883	0.6665299121740998	0.49999849557016074	0.5000038048976909	0.4999544428344427	0.49999959723705817	0.5000001344236792	
0.9999796914945157	0.49994653569966624	0.9999984827884041	0.3334228690117201	0.49998097261300717	0.5000038276399804	0.49995744121526176	0.5000001447292344	0.49999999037840565	
0.9999917385299014	0.49994735535685725	0.9999995320402454	8.505334878631994E-6	0.4999798016249104	0.5000034546107569	0.49995449420979987	0.5000008556117186	0.4999990656733239	
0.999982479905064	0.49991255467230356	0.6666491121298316	0.9999992399765496	0.49998100520824307	0.5000063577797876	0.49995455312401804	0.500000745655848	0.5000002894356741	
0.9999941240427013	0.5000512985031523	0.666527001164506	0.4999430507374062	0.49998157086705225	0.500003805707674	0.49995447246737357	0.4999995971595599	0.5000002255909093	
0.9999924436472034	0.5000497416849708	0.6666657343129865	7.185168078716053E-5	0.4999799622555115	0.5000033477636248	0.49995710105916047	0.500000284009326	0.5000002202072763	
0.9999795662481836	0.5000556203527601	0.3334013505134251	0.9998501377691683	0.499979801435623	0.5000038250015698	0.4999574849333627	0.5000001049827892	0.4999999372871373	
0.9999964777714901	0.500051427836048	0.33340107925829465	3.620513399967511E-5	0.49998133609876516	0.500003311694924	0.4999574843571336	0.49999984119015956	0.500000226411405	
0.9999807315956759	0.500055084608217	1.3944673285137132E-4	0.4937565502216956	0.4999850141817962	0.5000034659420534	0.49995448420975386	0.5000001279140659	0.49999996402004004	
0.9999967436318246	0.33337221869042877	0.9999546194528356	0.9999660277846524	0.49998158496769823	0.5000043185628662	0.4999572868677277	0.4999997294044177	0.5000002432470073	
0.9999805800405983	0.3333926708396287	0.9998706669158026	0.49991110490306795	0.4999784399311202	0.5000041814111396	0.4999575052591584	0.49999993580932567	0.5000001574164353	
0.9999968399308244	0.33337237817188276	0.9999958336619175	4.401649299661377E-5	0.4999816381030506	0.5000043164371859	0.4999575645490754	0.4999997879667166	0.5000002198802129	
0.9999935123966561	0.33337226286018706	0.5000259983140765	0.9999337579742971	0.4999781728367455	0.5000033196580744	0.49995447359253115	0.5000006908407556	0.5000000996241795	
0.9999805808385961	0.33337226308057855	0.5000301129191842	7.103169084102912E-4	0.4999779246176593	0.5000041804976366	0.49995717280957025	0.5000007269634725	0.500000219245346	
0.9999967089675528	0.3333719714339015	2.1641936126706817E-5	0.9889540181522111	0.4999816141829776	0.5000037568834648	0.4999544467625643	0.4999997875079642	0.5000014710301031	
0.9999803017308645	0.1673434234269829	0.9984033175460325	0.9983659565081574	0.4999801301322174	0.500004308312435	0.4999543264634291	0.5000007283673475	0.4999989507926672	
0.9999805246587996	0.16660260554867934	0.9999958834753444	3.2437590425523754E-5	0.49998159227487643	0.5000038410783959	0.499954373763782	0.5000000506539843	0.4999996457353265	
0.999970543817778	0.16729714312007546	0.002292827886976882	0.49102458864041465	0.4999778373970715	0.5000038452869177	0.4999575175085597	0.5000007272683151	0.5000000814125197	
0.9999990487789086	7.232447271846687E-7	0.6822992719961543	0.47857704609439344	0.49997842664807746	0.5000061731055093	0.49995440056344154	0.49999981360132095	0.5000001572155587	
0.8333373849055044	0.9999884855934413	0.9999900019306808	0.9999976745464136	0.4999795116838623	0.5000035735554643	0.4999544921899731	0.5000003219242176	0.4999995953205318	
0.8333375261382087	0.9999880263446279	0.9999900047797501	0.7999515993526872	0.4999806772085513	0.5000039394394189	0.49995449190889557	0.5000002525706314	0.5000004103899378	
0.8333390115575929	0.9999882557437124	0.9999890303443304	0.600051050469371	0.49998084476655363	0.5000058220847816	0.4999542587352307	0.49999966039119403	0.5000001498156736	
0.8333245792328544	0.9999535445206401	0.9999724809784594	0.40017707561406185	0.49998104039308966	0.500004058246733	0.4999577471289817	0.49999986915252015	0.5000006706238661	
0.8333258131614042	0.9999997673928115	0.9999996939028095	0.19998382174727045	0.4999807367619567	0.5000033676905365	0.4999546597729395	0.5000003087674415	0.4999990472746334	
0.833325817708582	0.9999954669582534	0.9999999734162169	1.0738026291413432E-6	0.4999807504418986	0.5000033701891459	0.49995736238148575	0.4999995473070106	0.49999898708932866	
0.8333369282791889	0.9999955253702157	0.7999998364113844	0.9999960264178408	0.49998400274993965	0.5000059436586604	0.4999543803540018	0.5000003213283042	0.49999996648485145	
0.8333399301908986	0.9999858719303175	0.7999975168013723	0.7499134862712472	0.4999806918430097	0.5000033495752317	0.4999571719079231	0.5000000188773732	0.5000001734718303	
0.8333383132425805	0.9999938975200873	0.8000792389599545	0.5000298177217694	0.4999813724108461	0.5000032818068211	0.4999570765580005	0.5000000169364126	0.4999999717497651	
0.833325771932264	0.9999992749443459	0.8000438906046511	0.2500656214517924	0.4999808129603427	0.5000033619257036	0.4999573726586649	0.5000001152551454	0.4999991324895259	
0.8333258123573027	0.9999997991886491	0.8000312909130765	9.581631589790415E-6	0.4999812980860366	0.5000037076240232	0.4999547472857684	0.5000002906766354	0.49999946420361424	
0.8333397740655353	0.9999978705515857	0.5999955573733684	0.9999985386915313	0.4999807062957984	0.500004004772134	0.4999544552504004	0.5000001910944789	0.49999853913190523	
0.8333373471774344	0.9999971764178005	0.6000014655483672	0.6667141263352645	0.499984308721047	0.5000032927664686	0.4999544930956065	0.5000002914028974	0.49999992945871835	
0.83333683771486	0.9999938912727783	0.599999738443755	0.333389295668936	0.4999811706000633	0.5000056925286731	0.4999544504120133	0.500000401005498	0.4999996979646973	
0.833336771034207	0.9999984897058336	0.5999991990184879	2.581635009401278E-6	0.49998080416242235	0.500003954865855	0.49995746529833196	0.5000004125422848	0.5000006650372539	
0.8333406423700412	0.999971953671603	0.4000601930416608	0.9998844566519486	0.4999843255756017	0.500004749091261	0.4999544970665794	0.5000003350485246	0.5000000721848732	
0.8333262083649677	0.9999938845284913	0.3999904797483056	0.500004076179537	0.4999802957509393	0.5000045308006635	0.49995448483807853	0.5000003889433626	0.49999975124893253	
0.8333259276604255	0.9999988804362119	0.3999777947971506	1.2656381189074731E-8	0.499980709637275	0.5000041067765117	0.49995446791064346	0.5000003863844367	0.5000006953992684	
0.8333462946379931	0.9999922955089676	0.20006316995541926	0.9998089174679059	0.49998074148939425	0.5000060659535035	0.49995450905756667	0.5000000390483796	0.5000001120964148	
0.8333464523974982	0.9999922971937732	0.20006326863547558	1.3118595764841624E-4	0.4999807200693187	0.5000033840993424	0.4999544830282278	0.5000001114397321	0.4999997426677377	
0.83333754965545	0.999984453275982	3.999480409177886E-6	0.5029841952861467	0.49998133402183	0.500004661484945	0.4999544827198043	0.5000004133087599	0.4999997411241137	
0.8333378180316133	0.7999987109328334	0.999999663278637	0.9999881816396959	0.49998125030195845	0.5000039251255445	0.4999544793420045	0.4999986786170132	0.50000018148782	
0.8333410422002573	0.7999987111191812	0.9999887914222558	0.7499134862720224	0.49999878050848184	0.5000033470927766	0.49995426186632397	0.49999964053610024	0.5000001766108095	
0.8333249636190722	0.7999994422853401	0.9999888599493167	0.5000111775933685	0.4999799737270501	0.5000033967081478	0.4999546782423378	0.49999971591025894	0.49999998037058574	
0.833338223354711	0.8000024065860567	0.9999983850640678	0.25001273708890653	0.4999801776821663	0.5000033165189557	0.4999544765881303	0.5000001475468853	0.5000002428538677	
0.8333381397537521	0.8000024169311447	0.9999984149440492	3.030238592866764E-6	0.4999801764233324	0.5000033201580406	0.49995735021534676	0.5000000175934781	0.49999946774824117	
0.8333376333936762	0.799998225694894	0.7500462716738132	0.9999747570417937	0.49998130578426886	0.500003835308761	0.49995451826969317	0.4999986917706255	0.4999984489524452	
0.8333380820193461	0.7999986966962913	0.7500736314474999	0.6667167086479473	0.49999859517989714	0.5000032154829349	0.4999544768143645	0.49999989711595155	0.5000002413640171	
0.8333381719167985	0.8000026068754519	0.7499745792592317	0.33338851975250605	0.4999810275631809	0.500003366037889	0.4999573799625154	0.5000000143891824	0.5000000002880718	
0.8333375783608765	0.8000026082666839	0.7499746346905819	1.529069023499782E-6	0.4999802882213789	0.5000034377490883	0.4999570888522837	0.5000000164158677	0.49999896100733066	
0.8333398782968225	0.8000152063359337	0.5000278764833528	0.9999478456237735	0.49998055689374493	0.5000034295084115	0.49995449359206173	0.5000005676756248	0.499999690710279	
0.8333461306332649	0.8000239228976896	0.500163701170725	0.4998594528643419	0.4999811961937819	0.5000043182531875	0.49995449609233933	0.5000000364558225	0.5000006753998815	
0.8333364061039908	0.8000391598071112	0.5000289959660016	3.368924037176254E-5	0.499981366037374	0.500003349098959	0.4999544505063327	0.5000002310117703	0.4999997452778323	
0.8333460839476644	0.8000237513392805	0.25017538906528974	0.9995695667746205	0.49998130979596184	0.5000056261512625	0.49995445722775167	0.5000002729774269	0.49999855999856185	
0.8333381572691965	0.8000528782804999	0.2504119187319297	0.0015127922806511952	0.4999810046492546	0.5000034018399623	0.49995715396116996	0.5000000154117819	0.4999997411478911	
0.833337753867779	0.8000228106910368	4.749606830776911E-5	0.4980982020496302	0.4999813258741641	0.5000039718157094	0.499954482686839	0.5000000157202006	0.49999974114495443	
0.8333400710218644	0.6001802483973567	0.9998252996094582	0.9999376439237888	0.49998078829429554	0.5000044785830078	0.4999574604900914	0.500000541402786	0.5000002808361106	
0.8333459213926251	0.6001285367401354	0.999913328486583	0.6667090449209642	0.4999799986275725	0.5000038386671438	0.49995756652703766	0.5000001722543476	0.49999908049042663	
0.8333381650575333	0.600009908251026	0.999984089706505	0.33348796140311476	0.49998083799940163	0.5000034786907093	0.4999545010495951	0.5000000102514944	0.49999984219285126	
0.8333444588407397	0.6000116996233421	0.9999706134768094	4.678596762252839E-6	0.49998095651886876	0.5000032353595202	0.49995744144056997	0.5000008394141179	0.4999999853689166	
0.833339949074366	0.6000301463941045	0.6666513983917244	0.99994788277839	0.4999805472265449	0.5000062797753065	0.49995457060622334	0.5000005554827621	0.49999995874072867	
0.8333447422122707	0.6000118701024125	0.6667313483516051	0.49991110221005186	0.49998113750504675	0.5000041881651505	0.49995759236602144	0.49999967787862554	0.4999998327811009	
0.8333444588407397	0.6000116996233421	0.666730018530938	4.678596762252839E-6	0.49997979427757056	0.5000042867815327	0.499957366933682	0.5000008357315662	0.49999983301143464	
0.833338056788758	0.6000094273206155	0.33339344077044003	0.9999388919873371	0.49997979543042104	0.5000042776846705	0.4999574297180691	0.4999997251379869	0.49999971495316864	
0.8333380791197215	0.6000094230921964	0.3333346535119908	4.70149539157794E-6	0.49998065460766633	0.500003309701086	0.4999574330057848	0.4999996073147755	0.4999999733500559	
0.8333381018547011	0.5999419871089379	6.978393268937879E-6	0.9947326072684648	0.4999816626812671	0.5000039072156724	0.49995452890818814	0.5000005558926695	0.5000004740636657	
0.8333457794478635	0.4000483023030149	0.9999998640269864	0.9999452961388878	0.49998073811934785	0.5000037515249008	0.49995756379310335	0.4999997206847064	0.5000014883398702	
0.8333457969189672	0.40021150999854116	0.9996720013879862	0.5000087343131305	0.4999806737307578	0.5000032096200704	0.49995779142187957	0.49999972554890326	0.5000000125955342	
0.833345825032412	0.40021701608725246	0.9996665508076824	1.953461291654662E-4	0.4999807390392839	0.5000044989856115	0.4999544060456586	0.5000001711113751	0.4999990720750596	
0.833344885080663	0.40004811378240546	0.5000301962621633	0.999882652137169	0.49998066945802305	0.5000044447568799	0.49995756189560364	0.4999997208917776	0.5000014848222238	
0.8333460787739189	0.4000502122429765	0.5002755604363085	7.413155308760395E-4	0.49997978330104353	0.500004429259192	0.49995733767054296	0.4999997244804065	0.4999999690637935	
0.8333384626305639	0.4000529552910613	1.3919574278015715E-4	0.489104866587466	0.4999800071930168	0.5000033662360837	0.49995754928480657	0.5000002074880368	0.49999997290023046	
0.8333460648345226	0.20057104438739917	0.9991316012489475	0.9987615286821688	0.4999815274183251	0.500004291588561	0.4999544057672571	0.5000001629199264	0.4999990799177577	
0.8333444379492194	0.20051863784768703	0.9993173316841252	0.0010401226711158618	0.49998158455035113	0.5000037700848571	0.49995437436030266	0.5000000585622969	0.5000000953226217	
0.8333451711594334	0.20010702027701105	5.465944093572591E-4	0.509016555821356	0.49998071142802936	0.5000033533918204	0.4999575174424285	0.5000006893119833	0.49999981148496914	
0.8333374835343291	1.6016309734166636E-6	4.188647533409917E-4	0.519932092347237	0.49998051095575835	0.5000039189416273	0.49995751374306824	0.49999981618418593	0.49999975228356053	
0.666696509122796	0.9999793541140682	0.9999876073571602	0.9999881779109295	0.4999798849371387	0.5000039831880908	0.4999543574670238	0.5000003274083781	0.5000001400096553	
0.6666969656365198	0.99996824028378	0.9999982193281156	0.749913344689348	0.4999804559363785	0.5000037720937174	0.4999544413225505	0.4999999099369193	0.5000001361008741	
0.66670305537037	0.9999705307650698	0.9999895694545481	0.5000092147403439	0.4999810487872649	0.5000071016923859	0.4999545173982682	0.49999983033793416	0.5000009294191524	
0.6666961160088788	0.9999793748139721	0.9999740291789754	0.2500109795781075	0.4999808123170187	0.5000074623416317	0.499954476751377	0.5000005298907726	0.5000004499964036	
0.6667030609044134	0.9999703519069691	0.9999895827005305	5.880337205578512E-5	0.4999801717406998	0.5000033470284667	0.49995433880697293	0.49999983415631905	0.5000004404277145	
0.6666514031945359	0.9999928882780472	0.7500633258675447	0.9999997849461189	0.49998046160339177	0.5000039621350044	0.4999543579356234	0.4999986827292066	0.5000004105371505	
0.6667030954844955	0.9999793765112708	0.7500633833198703	0.666515107475315	0.49998090464734457	0.5000040011715516	0.4999545722078915	0.4999996424840056	0.5000001110239656	
0.6667027772962678	0.9999715477002326	0.7499755459613492	0.33339950087952597	0.4999810332067277	0.500003627507608	0.4999545062310326	0.49999983418607613	0.4999999601460119	
0.6667037235503854	0.9999578975321259	0.7499756368969609	2.980829570015388E-5	0.4999798292603076	0.5000040430485575	0.49995440145671105	0.5000001621904627	0.5000003049780121	
0.6667420802896972	0.999963860041788	0.5000314500687595	0.9999358383018679	0.4999807476520722	0.500005594330216	0.4999544119621701	0.49999997395417317	0.5000000517347784	
0.6666929022110916	0.9999682726588288	0.5000314500687595	0.5002052793171716	0.4999807412530809	0.5000055233669524	0.4999545258240716	0.49999996945326625	0.49999996871494445	
0.6667543155576215	0.9999580597881177	0.5005110821152348	8.505782467648894E-4	0.4999797615403101	0.500012416915997	0.49995448573418355	0.4999998511778083	0.5000007592575253	
0.6666948608969805	0.999993197059729	0.25000389517085597	0.9999843107841434	0.49998129368833716	0.5000038435580653	0.4999544573656127	0.5000002624614349	0.4999985935930954	
0.6666953693775638	0.999952657994561	0.25015195533916473	1.0815336235044364E-4	0.49998121678911706	0.500004404597106	0.499954450888727	0.49999651812044005	0.4999997613976354	
0.6666934115143877	0.9999790956229341	2.83214237313621E-5	0.5145786304710492	0.4999808546423059	0.5000056517572121	0.49995447774795904	0.5000000634429168	0.5000000470500561	
0.6666952848827115	0.750005497467856	0.9999888132586059	0.9999745051293242	0.49998034668267816	0.5000044682167274	0.499954415881233	0.4999997295069216	0.5000007240738489	
0.666696446950893	0.7500055004406992	0.9999783722589083	0.6665115828554546	0.49998026459420497	0.5000065656207479	0.49995447577416335	0.5000005060395949	0.5000002401096518	
0.6667037329761063	0.7500059010226088	0.9999903822800094	0.3334243733676096	0.4999808621088329	0.5000065559128412	0.4999539867020921	0.5000002481536591	0.4999999573027204	
0.6667037394959927	0.7499997025309196	0.9999739413249339	4.677778318742563E-5	0.49998083021820483	0.5000074545801836	0.49995395082731986	0.49999888695063094	0.49999990556453816	
0.6666953335888848	0.7500055031860696	0.6666368383543821	0.9999745435048121	0.4999800391934409	0.5000045013783428	0.49995400096828463	0.499999726298987	0.5000001714427911	
0.6667023958733628	0.750007095350813	0.6666389113376898	0.4999415419706257	0.499980831010968	0.5000074877611369	0.49995437438237894	0.49999996962623966	0.4999999839106043	
0.6667030890307375	0.749999619879136	0.6667298475906291	4.658298248898106E-5	0.4999808123227245	0.5000074813722042	0.4999545030998125	0.4999999377782311	0.5000002698783663	
0.6666954887133518	0.7500070037565202	0.3333965269386864	0.9999125371590545	0.4999805433470064	0.5000037750388048	0.49995775049110047	0.5000005598244728	0.5000001521155237	
0.666695006977359	0.7500071298438954	0.3333927534525294	1.210012490323813E-4	0.49998071978515707	0.50000355870891	0.49995452533492957	0.5000005795096016	0.49999998259622164	
0.666692901985087	0.750007107696693	6.048545937518168E-5	0.4858595796188956	0.49998073282239325	0.5000044256067611	0.4999544856935802	0.4999996875681847	0.500000038525525	
0.6667032562980294	0.5000512758909686	0.9999171702805842	0.9999404647481274	0.49998124301658403	0.5000038401449344	0.4999544749392701	0.4999999109840657	0.500000596498909	
0.6667021947524293	0.500051620327021	0.9998557365421191	0.5001847241506453	0.49998020960307216	0.5000054905234429	0.4999538672903765	0.4999998496152065	0.5000002722627395	
0.666704507583048	0.500053107181398	0.9999511916007515	4.845792390272653E-5	0.49998040648448105	0.5000054523866428	0.4999544650037113	0.49999893661650957	0.5000002629554157	
0.6666955663686066	0.5000512665059124	0.5000302374956491	0.9998812420591989	0.49998003861043194	0.5000034360650631	0.4999575620601133	0.500000177618593	0.4999999685730438	
0.6667035024224568	0.5000516646615488	0.500022713152931	1.440901292678146E-4	0.49997976635053587	0.500003571064131	0.4999571029221898	0.5000005763356471	0.499999971580959	
0.6667045819160903	0.49994687548313593	2.1555033710454424E-5	0.9875177065707897	0.49998071388906373	0.5000039338673101	0.49995448503858597	0.4999998106042393	0.5000004733875401	
0.6667036166587726	0.25004307534504083	0.9999994429442389	0.9999404526417237	0.4999805193589345	0.500003834990202	0.4999543407293319	0.5000003973709272	0.5000005826469055	
0.6667515009302245	0.25031134054405324	0.9989011975968203	1.6316229642535012E-4	0.4999799502623898	0.5000054523805404	0.4999544342400258	0.5000003874487509	0.5000000865987644	
0.666743955118036	0.2500353338720338	1.682642773711098E-5	0.5310531075735117	0.499980836797385	0.50000391765626	0.4999574189064562	0.49999986391828144	0.4999998310727858	
0.666702118352033	3.783496717205202E-5	0.5012849865977593	0.4994479140893082	0.49998142152738856	0.50000383195279	0.49995718939607253	0.5000007318216789	0.5000001762411475	
0.5000793484062436	0.9998797400809704	0.9996275894160335	0.9999686607383668	0.4999797165876535	0.5000068844915581	0.4999543456814286	0.5000004624071179	0.500000463070701	
0.5000828944782605	0.9999480314055105	0.9999927898325265	0.6664493130289308	0.49998128860838237	0.5000037706070848	0.49995724372685163	0.5000002740133934	0.49999847326613367	
0.5000840191988795	0.9999875641066439	0.9999903713145101	0.33339007794489883	0.4999804245120694	0.500003742053211	0.49995447694556555	0.4999999111215976	0.5000004786342976	
0.5000832448676397	0.9999766328226949	0.9999707692318623	1.7100882888633256E-4	0.49998086453454854	0.5000072539388787	0.4999538267146652	0.5000002299108036	0.4999999230777952	
0.5000818691654809	0.9999506585148774	0.6665400167052474	0.9997715798923247	0.4999805770982368	0.5000037076779216	0.4999545107363769	0.4999997912955636	0.5000004146031	
0.5001561239841406	0.9999459026905358	0.6665756635834525	0.49999499855354496	0.499980861401474	0.5000058179716179	0.4999544757407946	0.5000002346733865	0.5000006826445975	
0.5000851337049641	0.9999523217543456	0.6666640620346689	1.7388020456365717E-4	0.49998086453454854	0.5000072539388787	0.4999538267146652	0.500000845466695	0.4999999230777952	
0.5001561467584436	0.9999433947750076	0.3335221947172226	0.9998047140235317	0.49998030302689755	0.5000037709654436	0.49995446162378526	0.5000003448433878	0.5000006878301654	
0.5001613578337923	0.9999991094236435	0.33352219471721556	2.357837283403219E-4	0.4999808613208234	0.5000037748548296	0.4999544789222295	0.5000002921688486	0.50000070600523	
0.5001613418354247	0.9999576463677209	6.371629528457821E-4	0.4960033112401363	0.4999797269799956	0.5000057005301399	0.4999575316181953	0.4999999639826813	0.4999999594693027	
0.5000828618140168	0.6667780950589273	0.9998884018276961	0.999940047271401	0.4999814040362853	0.5000034721102816	0.4999543476441266	0.5000001407050194	0.4999997330902586	
0.5000824665393239	0.6667087393474412	0.9999711242493118	0.5000419983137484	0.499980135636865	0.5000059198938922	0.49995740231409264	0.499999623697035	0.49999973666137676	
0.5000828112413027	0.6667139745236604	0.9997511097617414	7.602355042676805E-5	0.4999799967882418	0.5000059274272312	0.4999573413219241	0.4999989267064992	0.500000491764316	
0.5000710427573654	0.6667087485684644	0.5001183000217245	0.9996962559354414	0.49998138625481925	0.5000059666142387	0.4999544755265124	0.5000003571334312	0.49999973432650596	
0.4999675815916037	0.6667082155357716	0.5001209291980061	1.565148289743737E-4	0.4999808614442954	0.5000059285393496	0.49995735060149876	0.49999961604179266	0.4999999373623831	
0.5001245517047526	0.6667816449611201	5.890673221882862E-4	0.49705528378708747	0.4999805439814375	0.5000045668392754	0.49995449391908325	0.49999997798575363	0.5000003246828358	
0.5001261601406305	0.3340223204022087	0.999156516909094	0.9992508317292274	0.49998054388059804	0.5000038941807998	0.49995375291013355	0.4999998101083306	0.5000000792016972	
0.5004117126454967	0.33444748049673756	0.9985704060145781	9.752471916666394E-4	0.49998071279649897	0.5000045324510017	0.49995389143635593	0.4999998101083306	0.5000001814505856	
0.5004184794721813	0.3344473512940181	0.004045785350271018	0.5180966126150013	0.49998141310581024	0.5000043821967787	0.49995389755925423	0.49999976694341675	0.4999997971498622	
0.5001647097753231	4.289550340974557E-4	0.49643440276993656	0.49978018000956886	0.4999814088698291	0.5000043706905529	0.49995436650149055	0.4999997837425932	0.5000001792347106	
0.3335489825484386	0.9993496155926833	0.9997033531377917	0.999769729029625	0.4999799992154431	0.500005849916014	0.49995735018679477	0.5000001090094303	0.5000004744405627	
0.33336233310700947	0.9997077259133411	0.9998153447034187	0.5000419982028094	0.4999801544659485	0.5000037103639824	0.4999539887161161	0.5000001544785008	0.5000004392084363	
0.33355126324318723	0.9997943201845354	0.9997032472196906	1.7299668274149848E-4	0.49997994550342245	0.500005847473015	0.49995737253541706	0.5000001371197673	0.5000004780485084	
0.3333838301836056	0.9998427649771989	0.5001181081836836	0.9997929509028295	0.49997971806087155	0.5000038704387016	0.49995446312084524	0.4999997715919085	0.5000001185305738	
0.33355126324318723	0.9998177145389473	0.5000084014586155	1.7060033556881983E-4	0.49997995209704943	0.5000037409798841	0.49995396308376316	0.5000001371022024	0.5000004835819486	
0.3333065812333301	0.9999995942879525	1.8490397851586224E-6	0.99783860103069	0.4999804986092662	0.5000039353027208	0.4999544612780624	0.5000001661542827	0.5000006983798226	
0.33337546501496373	0.5002131655668941	0.9998554881179026	0.9997711606352693	0.499979939107417	0.5000037055443285	0.4999544626723504	0.4999997722460317	0.5000005035115597	
0.3333739775076255	0.5002131668913592	0.9997038427722924	9.785279764121593E-5	0.4999799369398898	0.5000040634917063	0.49995440381338757	0.5000002429444518	0.5000004795988111	
0.3333740371242043	0.5002131668913592	1.575314903924374E-4	0.042979275800306804	0.499981444659714	0.500003885363618	0.49995433457159305	0.5000001624163064	0.5000004832846731	
0.33336747209769374	7.053470689255548E-5	0.5040482279789179	0.5690560297400158	0.49998001161380795	0.5000039829806979	0.499954491828925	0.5000001318800067	0.5000007807320449	
0.1670527873155426	0.9997145740107956	0.9995109819054213	0.9987459032102357	0.4999813865578977	0.5000038846941782	0.49995447971573337	0.5000001626316865	0.5000007329659099	
0.16707189443489015	0.9993555960789409	0.9995036781220697	0.001109402637801567	0.49998051513337605	0.5000036361351853	0.4999545325609927	0.5000003402948728	0.4999998699237869	
0.16705288407559993	0.999702490534205	0.00144076960712357	0.4988624668812915	0.4999801711729956	0.5000057694664406	0.49995447229861156	0.5000004867809743	0.49999987817497593	
0.16705219136243324	0.0016320755362437822	0.5009846555942593	0.9956790137509108	0.49998001347210014	0.5000059474821126	0.49995731019261364	0.5000002256099618	0.5000006850904998	
4.8606379683902023E-5	0.9632097885878685	0.5005268942246487	0.9426403908991429	0.4999813770542485	0.5000059294337608	0.4999573480044204	0.4999997389692119	0.5000002120065321	
