0.9999979698521898	0.9999954081079657	0.9999882258689993	0.9999947843771799	0.4999997870403087	0.5000513134870218	0.49999970048557246	0.49997574211953644	0.5000001735942984	
0.9999925586052537	0.9999890559644709	0.999988283039985	0.8332873708709408	0.5000008282792141	0.5000511330920614	0.4999997234761562	0.4999757801141804	0.49999993542385585	
0.9999897791619747	0.9999986676992104	0.999961381514711	0.6669143342115719	0.5000030364391113	0.49998571936693553	0.499999734543011	0.49997429350558753	0.5000005917655441	
0.9999989381769466	0.9999783827947616	0.9999898779501886	0.49995469870782605	0.4999996157626444	0.4999956130595395	0.49999990995372734	0.4999778623808509	0.49999528680970245	
0.9999886430065988	0.9999963441258799	0.9999863131595402	0.33340509719401873	0.5000001499224006	0.49999593376387164	0.4999993685831306	0.4999756366783528	0.5000008745384106	
0.9999526771866657	0.9999714704945579	0.9999501135471197	0.16690104082112112	0.5000025402994716	0.4999972687735041	0.49999980331944566	0.49997573081367636	0.5000008280925737	
0.9999973606471678	0.9999874724480949	0.9999575858795042	1.4096931804951685E-5	0.49999893201300033	0.4999977729116643	0.49999699087819965	0.49997548465529706	0.4999994311690705	
0.9999819852145576	0.9999734747437894	0.8334412461262811	0.9999583356644008	0.49999993494509	0.5000512885720625	0.500000370221243	0.49997559133099095	0.49999962674967696	
0.9999983385201046	0.9999968833378785	0.8333056194552451	0.7999744238036028	0.4999999540834074	0.4999832930463872	0.4999997423862854	0.499975759781246	0.49999960714836755	
0.9999975790116435	0.9999988991700285	0.8332862467315153	0.6000468487922093	0.5000030399030491	0.4999967670502006	0.49999927971382874	0.49997565912035963	0.5000006018321854	
0.9999870420468846	0.9999963493565922	0.8331461654624415	0.3999943974677137	0.49999970864248694	0.49999659273027175	0.4999992782663183	0.4999756169546424	0.5000001458072917	
0.9999989434513539	0.9999944961368528	0.8333758172134732	0.19999034856546588	0.5000024321904298	0.49999660289009934	0.4999992824011253	0.49997563164946424	0.4999994207931256	
0.9999939603328379	0.9999922508108195	0.8334110763284571	4.3596992216221885E-5	0.4999999564488851	0.4999876320601851	0.4999996105051246	0.499975747016818	0.5000027205100488	
0.999992777667761	0.999968425460732	0.6667128015279675	0.9999989877389918	0.4999999318588981	0.5000481776897877	0.4999997226731456	0.4999756514227961	0.4999996036224981	
0.9999869613572079	0.9999649932335671	0.6668726411220751	0.7500258866434136	0.5000024091363168	0.5000515949688668	0.49999929940597676	0.49997575255303206	0.4999992234802004	
0.9999918304007529	0.9999924503522544	0.6666795654604747	0.49998951170665323	0.5000003583717736	0.5000488583341611	0.49999992599478016	0.4999756220630893	0.5000014529747419	
0.9999997658466808	0.9999952805292871	0.6666795654604747	0.2500037527510041	0.5000003011035454	0.49999238069579466	0.4999995436539596	0.4999756236517338	0.4999985650938733	
0.9999988786685146	0.9999976220323248	0.6666796042281703	1.780599047945911E-5	0.5000002519200623	0.49999514644970056	0.5000001594185054	0.49997545607234806	0.5000013656692883	
0.999998596219431	0.9999830382872084	0.5000241761313452	0.9999723576571494	0.5000009165340487	0.5000512579375039	0.49999783956994637	0.4999757591952691	0.49999959233411595	
0.9999867727991786	0.99999208587922	0.5000287611867661	0.6665939552293947	0.5000001322758815	0.5000517902169666	0.49999963425887944	0.49997575418137435	0.49999920842954054	
0.999999616182653	0.9999878301795471	0.500029240841688	0.33344155737057635	0.500000197775586	0.4999937179889501	0.5000007619454773	0.49997567465479564	0.5000020120151486	
0.9999902622182377	0.9999922425954187	0.5000301068604582	8.606968742364571E-6	0.5000004114880083	0.49998756138961237	0.5000006784266645	0.4999749283351302	0.4999991583950435	
0.9999826202893319	0.9999827181537727	0.33317681659525117	0.9999721056178017	0.49999944061122	0.499994011325266	0.500000345309464	0.4999757382850329	0.49999960883237365	
0.9999867605544551	0.9999907308793965	0.333395995926311	0.5000097352412293	0.5000001397020722	0.5000507148284573	0.5000029594210086	0.49997576071580896	0.5000002175335571	
0.9999918063392366	0.9999922562048581	0.3333906265292364	4.515903886783638E-6	0.49999966811314894	0.49999117799217735	0.4999999175319315	0.4999755923040296	0.5000014695056074	
0.9999246151024134	0.999982797237032	0.1669756989785655	0.9983538351995073	0.500000011838195	0.5000509266509553	0.5000014220436039	0.49997573854920274	0.500000219285803	
0.9999918061487214	0.9999582886500807	0.16698707596203222	9.335115084573051E-4	0.49999934051247175	0.5000517485654248	0.5000009797602124	0.4999757491054652	0.5000002902410771	
0.9999982997063294	0.999999220008498	8.617403394265236E-6	0.011019442131604024	0.4999995066748178	0.5000517183985091	0.5000006869206429	0.4999757470668536	0.49999958525710014	
0.9999979695130574	0.8333265730422225	0.9999977398371925	0.9999981539019934	0.5000000449827343	0.5000480486997564	0.4999996925754104	0.4999756513958055	0.4999995998943822	
0.9999983577188932	0.8333265730527207	0.9999996816757134	0.7999935739085796	0.5000001329268371	0.5000511825931185	0.4999999384181299	0.49997577343062855	0.4999996277650875	
0.9999923351304476	0.8333265584451098	0.9999979877126697	0.6000468522365658	0.5000002836025846	0.49998785595084866	0.49999973909260803	0.49997551741386986	0.49999992710290125	
0.9999986283773927	0.8333255561781813	0.999990937227685	0.40000055940543033	0.49999956113088345	0.4999970663933462	0.4999995252201571	0.499978289057129	0.4999993280070335	
0.9999983702886915	0.833327282475838	0.9999965004336473	0.19999844799901917	0.5000002521798029	0.49999479104745354	0.49999957902812964	0.4999757292690315	0.5000026625750652	
0.999997877952543	0.8333267060448135	0.9999898450201936	5.481170350348706E-7	0.5000004251491184	0.4999949561381397	0.4999998099214517	0.49997509888126496	0.5000008261465202	
0.9999964755469425	0.8333267951492473	0.7999940423942415	0.9999981668593408	0.5000002095680744	0.5000492694015236	0.4999992698520188	0.4999756443837889	0.49999997516573946	
0.9999978228079033	0.8333267918260849	0.7999940424684548	0.7500280198921634	0.4999997898641859	0.5000492499752037	0.4999998807179116	0.4999757530670789	0.49999990625786683	
0.999998073334351	0.8333267065671415	0.7999933715821093	0.5000122002514455	0.5000004332683757	0.4999974753447614	0.49999996928722096	0.4999758309552406	0.4999995571981335	
0.99999967943328	0.8333267058116086	0.7999933713555333	0.2500093672712924	0.5000002509858944	0.4999947208298916	0.49999957916266136	0.4999754636174959	0.500000637815904	
0.9999970870150536	0.833326705794307	0.7999933909250011	1.02604664301031E-6	0.5000002521475883	0.49999566861406036	0.49999957770077785	0.49997559972207734	0.500000775481631	
0.9999977913315337	0.8333267984845499	0.6000146570192724	0.9999819003314462	0.5000000919553688	0.5000512698753671	0.49999986002249946	0.49997569220631044	0.49999820232328146	
0.99999968770725	0.8333265684951638	0.600014657024718	0.6666709399588793	0.5000003941246688	0.49999170128903425	0.49999990137486194	0.4999758302987481	0.4999981750713931	
0.9999989559928718	0.8333267273361241	0.5999877402914762	0.3332985979327088	0.5000004113569195	0.4999937560444869	0.5000030833832254	0.4999756774290588	0.500000720235477	
0.9999971193279998	0.833325597628046	0.5999865305268444	5.450409447756337E-7	0.5000004258478049	0.5000507713907205	0.49999537729780935	0.4999756845630462	0.49999954997436724	
0.9999977951175226	0.833341015106651	0.4000164784147685	0.9999590402184669	0.5000028844629986	0.5000510413989115	0.5000003713538654	0.4999756900268186	0.5000003452070165	
0.9999988795416306	0.8333416644131656	0.40001734297048497	0.5000130374904188	0.5000004211279899	0.49999109350784887	0.49999973053068536	0.49997521615180235	0.49999825030861916	
0.9999997765264672	0.8333270933572283	0.4000387305818956	3.5491702217983524E-6	0.5000004824988783	0.4999933886763169	0.5000004600652612	0.4999751895964881	0.5000003599858795	
0.9999997316102218	0.8333260036723265	0.19999635802256438	0.9999846248072319	0.5000002513334203	0.5000499940966957	0.5000003377365247	0.49997568343357157	0.5000008289390369	
0.9999978526577901	0.8333410325625473	0.19999635756774808	4.483632636869277E-6	0.5000009244286965	0.5000003725099963	0.5000004442692721	0.49997568177087326	0.5000002880269738	
0.9999990888004728	0.8333417242742847	3.076856818020969E-5	0.5004671635389267	0.499999492183303	0.5000499175327819	0.5000004014268534	0.4999756562800815	0.5000003646177859	
0.9999977631803916	0.6666764485987737	0.9999993262680217	0.999994222114813	0.5000002895082183	0.5000482095494052	0.49999983804324505	0.49997565181474507	0.49999959185923165	
0.9999972126614174	0.6666686300060475	0.9999889438245071	0.7500300139741767	0.5000008388604833	0.5000501995908189	0.4999998450257433	0.4999757126051737	0.49999931755692556	
0.9999961275041694	0.6666768304736526	0.999996464316952	0.4997678705079228	0.4999998206547699	0.49999928313032627	0.49999998683489416	0.49997569156589233	0.5000002817162456	
0.9999976778707002	0.6666786337800185	0.9999901144149913	0.2500091785012641	0.5000008391562911	0.4999920215501079	0.4999998876205679	0.4999749978615013	0.49999956202170115	
0.9999975945477406	0.6666778467375952	0.9999846672115089	1.4260917770421156E-5	0.5000024707343321	0.49999825592868574	0.4999996190947652	0.4999754793499291	0.5000007559457312	
0.9999979879601968	0.666676312823962	0.750015633179473	0.9999818583101571	0.4999999994252844	0.5000523664732803	0.4999997210847272	0.4999757470821866	0.5000003807538604	
0.9999971475625195	0.6666770117556814	0.750020000249148	0.666671939190009	0.4999998639933167	0.5000517103147235	0.5000003505359957	0.49997574539962264	0.5000006058248643	
0.9999972363226466	0.6666783982745286	0.7500186206635443	0.33341678517654955	0.49999985838637895	0.4999959437398018	0.49999985097592725	0.49997563628700853	0.500000361044567	
0.999951885970176	0.6666777931555898	0.7500196844719689	4.1080541980029195E-5	0.5000026251933214	0.4999959417127982	0.49999983764781236	0.49997379691127036	0.49999966293676384	
0.9999891729814426	0.6667298003878103	0.500030358030706	0.9999751626631523	0.500000220151108	0.4999945540047259	0.5000004503318303	0.49997563085314756	0.49999872454375854	
0.9999954863416154	0.6666768192248478	0.5000303504331127	0.500011166541234	0.4999998220248011	0.49999939692423984	0.4999998542977668	0.49997584920583577	0.49999990471345285	
0.9999978934712239	0.6666768652614954	0.5000288239207528	3.658457328141802E-5	0.4999998581236777	0.49999680274389474	0.5000000561913773	0.4999758509263677	0.49999960238877456	
0.9999916357150915	0.666755112916004	0.25016749429321605	0.999959139374793	0.500000425192559	0.5000516112502621	0.49999968724107097	0.49997534547831163	0.5000003304007645	
0.9999990109955915	0.6666865374437818	0.25017117327535665	1.7973578928949616E-4	0.500000364037591	0.49999071847068927	0.49999984398728803	0.49997565589625187	0.5000011126732495	
0.999998870692249	0.6666864448009052	3.061657602143036E-5	0.5207027978098301	0.5000001984226987	0.5000507784545635	0.5000002959898131	0.49997573373560256	0.5000003309458738	
0.9999875596731936	0.50013473549947	0.9998945694522472	0.9998804929513812	0.5000001245569854	0.5000496388328638	0.4999996698526673	0.4999756952465607	0.5000000910238971	
0.9999895895266675	0.5001173174473168	0.9998734417942283	0.6666172339766686	0.49999989937599515	0.49999409782796583	0.4999996253690386	0.49997575513711573	0.4999998438584791	
0.9999950843913333	0.5001312111937222	0.9998713723038976	0.3334280287823387	0.499999908832035	0.4999982682489471	0.500000684023841	0.49997569484001475	0.5000005934056165	
0.9999875460246705	0.5002069561715833	0.9997986139210754	8.202686110281176E-6	0.4999999318093273	0.4999973052813833	0.5000009511620064	0.499975501304562	0.5000003679308558	
0.9999850105831369	0.500117191955585	0.6667058372245086	0.9997455431634322	0.49999984767760497	0.49999518599590387	0.4999998919630474	0.49997575500536795	0.4999998012753308	
0.9999878913641568	0.5001181144863099	0.6667064632917336	0.5000029894055679	0.49999977670543844	0.50005072633928	0.5000021815144496	0.4999755204515246	0.4999997979320404	
0.9999878913641568	0.5001181144863099	0.6667064632917336	1.022959256341549E-4	0.499999745533815	0.49999709269129794	0.5000021829565375	0.49997551693371894	0.4999997979320404	
0.9999955721714961	0.5001351038761219	0.33357259902253594	0.9993743682914441	0.4999999297189125	0.500051162436024	0.4999998419628515	0.49997564676253153	0.4999988589154367	
0.999987394460798	0.5000929323786234	0.3332480977728846	1.4078097962669055E-5	0.49999975342258657	0.5000509530401733	0.49999970629539897	0.4999756242302882	0.500000620029977	
0.9999876609553254	0.5001181526110522	4.1402191214492165E-5	0.4513174584780959	0.49999976785578387	0.500051107890865	0.499999602926698	0.4999754994922374	0.500000377516165	
0.9999849742137552	0.33355974995771526	0.9997958921430182	0.9997657202666936	0.4999999577897525	0.5000003704036083	0.4999996349290255	0.4999756438604374	0.5000018561972335	
0.9999877547625248	0.3333289699738962	0.9997927940276854	0.5000111594408446	0.4999999091298049	0.5000004279850973	0.49999963452335755	0.49997564408907696	0.4999998436526315	
0.9999849755287938	0.33332853638162263	0.9999514953011023	3.5012895541474605E-5	0.49999976794519174	0.49999803387309466	0.49999953662195323	0.4999756423254756	0.49999989081328844	
0.9999985309381365	0.33329145542598815	0.5000304806231237	0.9999990920896548	0.4999997518485535	0.49999555644296934	0.49999954725491047	0.4999756271598274	0.49999988872490597	
0.9999875047389474	0.3332822741343676	0.5000307530825231	1.4139399182656325E-5	0.49999993811410265	0.5000509659408283	0.4999997053266109	0.49997561234118537	0.5000006073377025	
0.999988210661533	0.3332902215148893	9.424767226429154E-6	0.014233973576887077	0.49999972825592415	0.5000503253541273	0.5000006825258241	0.49997518143312486	0.5000005991751334	
0.999988116758268	0.1670451164912404	0.9991027160090539	0.9988771405701432	0.49999972774111207	0.5000507263832203	0.5000021869754342	0.4999750744986091	0.4999998157336733	
0.9999874217041977	0.16669341872717294	0.9998920286312986	6.608302284353022E-5	0.4999994779371935	0.4999963416419489	0.49999969986333803	0.49997563891044217	0.500000518826906	
0.9999876463882174	0.16686201393168396	0.0010007009797050603	0.004454117051635287	0.49999999150769364	0.4999953327157594	0.49999970026147045	0.49997563901612285	0.500000606610218	
0.9999940613129853	6.775070689607476E-6	0.5158304359473261	0.9909808012693567	0.49999993742070786	0.5000507560965317	0.5000021452846357	0.4999756480051501	0.5000018278180102	
0.8333351046508158	0.9999968257225457	0.9999977398405263	0.9999981705755671	0.5000001452416674	0.5000481355817283	0.4999997154999568	0.49997564718298276	0.4999995979338642	
0.8333350304209295	0.9999992117331183	0.9999999281505368	0.7999946024657968	0.5000001376971719	0.5000481404811082	0.4999997034722738	0.4999757770308637	0.4999996079585493	
0.833330764712927	0.9999921599475899	0.999996472755694	0.6000468049599348	0.500000111403447	0.49999691563490634	0.49999992558123724	0.4999756304993503	0.49999940013371574	
0.833330852730635	0.9999988954637287	0.9999966756137616	0.4000029009803504	0.5000024230160626	0.4999970307032173	0.49999994672553044	0.4999757112663231	0.5000006076270228	
0.833334060095066	0.9999951988803604	0.9999991907935633	0.19999814605457306	0.4999995856522901	0.4999956059357236	0.4999995251910305	0.49997820483971933	0.49999523046308625	
0.8333411557964288	0.9999952368463478	0.9999993828721789	8.58350467268308E-6	0.5000043021560256	0.4999905960851629	0.4999995934991314	0.499978081430531	0.49999546889509316	
0.8333311486070697	0.9999968841209969	0.799993433646978	0.999998184644671	0.5000002306259331	0.5000481243661676	0.499999671676	0.49997564249294724	0.49999959748252304	
0.8333303602756439	0.9999937120153068	0.7999933739185986	0.7500245640223332	0.5000001372354972	0.4999915312154923	0.49999985220678655	0.4999757244951759	0.4999991914220786	
0.8333412507721363	0.9999963413647155	0.799994052550834	0.5000019350935448	0.49999995601139346	0.5000509805871398	0.4999998754223507	0.49997568943714465	0.49999962533374925	
0.8333366967586244	0.9999819474607603	0.7999640016446387	0.24984395141442944	0.49999996539565605	0.49999779270774153	0.4999994782907506	0.4999756658611733	0.4999994912664537	
0.833333949834843	0.9999977240206179	0.8000310874249361	1.4179688124660163E-5	0.4999995899242733	0.4999892981775155	0.5000012708130557	0.49997567577832347	0.4999985967302076	
0.833332168391599	0.9999963423304287	0.5999923601529247	0.9999979168847536	0.49999981710486974	0.5000509811264774	0.49999989628564956	0.499975685025612	0.49999956053756717	
0.8333312784849054	0.999994477944185	0.5999931173424509	0.6666411073383148	0.5000000917127492	0.5000512703576534	0.5000003096486303	0.4999756918687849	0.49999964325297114	
0.8333321743438544	0.9999963627243058	0.5999937559817248	0.333298288476037	0.4999996077782619	0.49999071960729585	0.5000003183186649	0.4999754211769277	0.4999998676639212	
0.8333406713683207	0.9999952359185421	0.5999935024497659	1.589906881466872E-5	0.5000002377888226	0.4999966459413512	0.5000000730921552	0.49997562332531	0.49999948822143125	
0.8333311177092706	0.9999920066816059	0.400040562190702	0.9999576340662842	0.49999938525619314	0.5000516146738031	0.49999990239857484	0.4999756782873094	0.5000003573853083	
0.8333341781725492	0.9999913988902123	0.4000456141199326	0.5000130155674057	0.49999938314591336	0.5000494899355568	0.5000029605301224	0.49997566726154924	0.5000009150759522	
0.833328994975299	0.9999922839702551	0.4000544665741875	4.3278925179134314E-5	0.5000002850980304	0.4999865404318475	0.49999983687821553	0.49997567532633896	0.5000009312543713	
0.8333303294115434	0.9999915257703432	0.1999963560592085	0.9999994993054242	0.4999994377137816	0.4999915822108863	0.49999977365402304	0.4999754428532989	0.4999993746663687	
0.8333341718280752	0.9999942743722833	0.19999635606495816	4.3242870355231744E-5	0.4999993802108271	0.4999940166933848	0.5000007137625827	0.49997567554304023	0.50000103155968	
0.8333324857926124	0.9999993959261861	4.526389526378911E-6	2.669501032681598E-4	0.49999950488140127	0.5000496901386844	0.5000014864597843	0.4999752000965851	0.4999995737017441	
0.8333358493005381	0.7999835106647963	0.9999977176037883	0.9999981535553314	0.5000027332078018	0.5000480496501574	0.49999990534975786	0.4999757478345411	0.49999959708650915	
0.8333306045728616	0.7999819942569866	0.9999993043878647	0.750024589031917	0.500000077627553	0.4999975408361102	0.4999999366827347	0.49997571126427914	0.49999961157081374	
0.8333306459053682	0.7999820024125683	0.999999414889717	0.4999992939038899	0.4999998337113161	0.499997403136925	0.4999998902039494	0.4999757118564603	0.4999998549561032	
0.8333339639330145	0.8000184355892941	0.9999899692317423	0.2500050671669065	0.4999998535674922	0.49999461415030566	0.4999995147549048	0.49997799343448107	0.49999541039586737	
0.8333339332697692	0.8000142929665445	0.9999902723504887	1.4179143527990123E-5	0.49999968822345314	0.49999429729520856	0.5000003579485933	0.49997559495205235	0.49999987363937987	
0.8333312179905955	0.7999801477317873	0.7500154965404555	0.999997757456737	0.500000109165526	0.5000508976880013	0.49999994584213553	0.4999757492242049	0.49999985400060293	
0.8333327446508974	0.8000159681471603	0.7500201285947933	0.6666375382619992	0.4999998421906494	0.49998299604128654	0.49999951841999224	0.49997568355865607	0.5000002792395994	
0.8333315796153572	0.800017011131108	0.7500169244694523	0.33341709360096605	0.4999999743432078	0.49999776524460376	0.5000003473198524	0.499975714446289	0.49999957507450793	
0.8333340525972724	0.8000142926035584	0.75001690098501	1.7799793130174496E-5	0.5000003299702986	0.49999851429410297	0.500002106962057	0.4999755928549625	0.500001362741856	
0.8333312017054274	0.8000178655179462	0.5000250261864062	0.9999975017705048	0.5000004194150056	0.4999903329100478	0.5000001960966624	0.4999756487043202	0.4999995806019703	
0.8333289470796008	0.8000165082312135	0.5000246900484792	0.49997989405851434	0.5000001969513406	0.5000512732820086	0.5000007259747322	0.4999757348565979	0.49999973942255455	
0.8333343545079114	0.7999714007278754	0.5000290361800576	4.324371292862403E-5	0.49999985501159644	0.4999852053863855	0.5000007379172852	0.4999758577840573	0.499999802817064	
0.8333312308494103	0.7999859305912463	0.25000457061500103	0.9999818882674929	0.5000003086690764	0.5000512704039766	0.4999998988242206	0.4999757347508733	0.4999981229715949	
0.8333281273686692	0.8000168404874194	0.25010002413887716	1.8964949327682535E-4	0.4999993955116353	0.4999938954474872	0.5000003619073458	0.4999756568900404	0.500000401388259	
0.8333314696048202	0.7999612918126435	1.5790300378903943E-5	0.5658992329738994	0.5000002091247967	0.4999944741726175	0.5000006859323507	0.4999757427419799	0.49999826020351107	
0.8333328214887746	0.6000284387970595	0.999996457288002	0.9999964131174035	0.4999998423734667	0.49999649903400295	0.49999990414822243	0.4999757780135511	0.499999584407198	
0.8333335267761528	0.600029692049255	0.9999758679723433	0.6666733998098479	0.4999998644492748	0.4999993565442612	0.5000003563960252	0.4999756836836229	0.5000006046141319	
0.8333366669119628	0.6000309410994503	0.999988653336844	0.3332750313338739	0.4999999734798763	0.49999786553305925	0.49999955495458515	0.49997570831465626	0.49999970109450487	
0.8333341161961704	0.6000309413773344	0.9999886486386192	1.5119445827314884E-5	0.4999999742495583	0.4999952866133059	0.5000003501877012	0.4999754778836055	0.5000006207105695	
0.8333311979953021	0.6000284269085671	0.6667058369028501	0.999997075575873	0.49999984084308335	0.4999972167384434	0.4999998904761987	0.49997573386351724	0.4999997821277075	
0.8333311028550606	0.6000297919549025	0.66664776327843	0.4999998607163946	0.49999972897674183	0.4999995518271238	0.5000003419355793	0.4999756765385573	0.49999984532584313	
0.8333473932772931	0.5999865288379227	0.6666479259239773	1.7534039372211002E-6	0.49999963905512107	0.49999670753442677	0.5000004353798094	0.499975731753144	0.49999985961631943	
0.8333520766108902	0.6000324774847049	0.3335748984256411	0.999723010855853	0.49999993001052223	0.5000512361631959	0.5000003973637748	0.4999757338311322	0.500000602464225	
0.8333542469838616	0.6000674184570968	0.3335728209161198	3.53499417212216E-4	0.500000385597677	0.5000512531209483	0.49999972608800525	0.49997567460467934	0.4999998195781936	
0.8333306227031592	0.6000647609726215	2.492418328546879E-6	0.47183036411686774	0.5000002696252789	0.5000477393815154	0.5000003816007503	0.499975676039634	0.49999893057334394	
0.8333340028862215	0.40001408254130205	0.9999746519821378	0.9999330842002175	0.49999985579085204	0.5000507305091592	0.4999996190983546	0.4999757367045637	0.5000002766730189	
0.8333319173236876	0.4001789044707411	0.999777505529531	0.5000097092629627	0.499999813028287	0.4999996490628353	0.4999996360512912	0.499975736044345	0.500000648455843	
0.8334011592264031	0.400014895753277	0.9999779275905711	2.9008041277161904E-4	0.4999993405753812	0.49999362144765697	0.5000028099068805	0.4999757393468268	0.49999954569782756	
0.833328786562067	0.40001419291308776	0.5000323847319594	0.9998999024333293	0.5000002445780958	0.4999984589685801	0.499999721479079	0.49997572270223656	0.49999988506053034	
0.8333303704351918	0.40000462359432504	0.5000306218905838	1.3124600501810636E-5	0.49999980826090185	0.4999931914574338	0.4999997204319592	0.4999757684581766	0.5000006352965427	
0.8333302918050173	0.4000116460140771	5.301017233758365E-4	0.336947954562394	0.4999999914187342	0.4999945763656144	0.49999970528105847	0.49997570204637426	0.49999894375241394	
0.8333248845511022	0.20018821423815739	0.9996339148559202	0.9998986215519103	0.4999999443803829	0.49999268710754013	0.500002188977889	0.49997506781380147	0.4999996674044665	
0.8334229623481372	0.20078808405003926	0.9985593995372545	0.001293863855547528	0.4999999741770597	0.4999944495021133	0.4999997087174871	0.4999756668058047	0.5000006673916502	
0.8333318915860712	0.19995771531000858	8.451825476083665E-7	0.0635631408728602	0.4999995436297381	0.49999493131521777	0.5000000716223295	0.4999757712173531	0.49999981800396626	
0.83332729309629	3.814998619975328E-7	0.49628220423378655	0.010919251453458512	0.5000000215924587	0.5000506839100547	0.5000020158175199	0.4999756711169194	0.5000003774453385	
0.6666766451846805	0.9999954504426675	0.9999882794442876	0.9999855980480082	0.5000002105050905	0.5000493835087925	0.4999996652584057	0.4999751966616751	0.49999996941414027	
0.6666758693945889	0.9999919575918379	0.9999943028581804	0.749894603134265	0.4999999708654363	0.499996959532002	0.4999996970448296	0.49997578391327674	0.49999948083730783	
0.666673845312542	0.9999918450907035	0.9999981867555161	0.49993833271127824	0.4999999761118422	0.5000508897452903	0.500000308572547	0.4999757841388	0.49999947986979376	
0.6666709273466038	0.999975010551316	0.9999481896877235	0.24984403288751175	0.5000003167879572	0.49999715785186993	0.4999970732294687	0.4999756149925835	0.5000002957377561	
0.6667076649701893	0.9999770253626621	0.9999846682874362	2.683109725389976E-8	0.4999989201646891	0.4999942948108768	0.5000003914547037	0.49997560201308267	0.4999998686311996	
0.6666772872018122	0.999992201363536	0.7498751150345044	0.9999964376766518	0.5000008154236526	0.5000511777553536	0.49999954769433463	0.4999757461938634	0.4999995843319383	
0.6666758754654704	0.9999228100825618	0.7500329638939354	0.6666582436959447	0.5000002282736424	0.4999965170609756	0.4999997298879596	0.4999757462041629	0.4999995722966976	
0.6666744085633861	0.9999919098893744	0.7500332485639206	0.3333139813312857	0.4999998572388286	0.4999972797449066	0.5000003708674806	0.4999757563819515	0.4999995692520774	
0.6666743805053779	0.999997806220665	0.7499784975795458	1.3993932024124992E-5	0.4999999028822383	0.49998845444722045	0.5000020585185732	0.4999747809503168	0.4999984803300496	
0.6666758691413395	0.9999917878741158	0.4999776393832869	0.9999963627791856	0.5000029721776043	0.5000495245394074	0.49999953138024994	0.4999757531856438	0.4999998090624469	
0.6666825099589005	0.9999827115192749	0.5000298509137308	0.4999794757840306	0.49999963476083964	0.49999391577584656	0.4999979316764441	0.49997569374274403	0.49999989448245147	
0.6666715902971272	0.9999827655629264	0.5000603480895798	3.8279309857606117E-5	0.49999989498483177	0.4999992893947908	0.5000004083183462	0.49997480945223327	0.49999915868759626	
0.6667319101339628	0.9999573594905676	0.2501605811867203	0.9995916805642843	0.5000008637009355	0.5000507322398874	0.5000000222759513	0.4999754218511298	0.4999995648965079	
0.6667315292009512	0.9999640117725981	0.2501610684680805	4.7814088583212217E-4	0.5000008141299338	0.5000522316405018	0.49999990467348254	0.49997567639484986	0.499999644496922	
0.6666463418717271	0.9999998296670556	3.092297577671495E-5	0.3939067098849717	0.49999939783604724	0.5000513343535709	0.500000362007509	0.49997565613322925	0.5000003658066131	
0.6666758618433116	0.7499799236335107	0.9999533643350154	0.9999803383001201	0.5000001350278026	0.5000495920874258	0.5000009801372983	0.499975750525787	0.499999851157112	
0.6666758743423629	0.7499629985793718	0.9999985593422684	0.6666475343260875	0.4999999709709589	0.49999658123092433	0.4999999528480453	0.4999743928290198	0.49999950633247303	
0.6666760538357743	0.7499635258879844	0.9999966733632082	0.33332051237755034	0.49999997428804	0.5000508874991242	0.5000015312482283	0.499975731838328	0.49999949200440713	
0.6666760583854615	0.7499936779147897	0.9999884615560324	9.99950833801026E-8	0.4999995153954967	0.49999727017497625	0.5000012734467494	0.49997567306388685	0.4999994895542119	
0.6666762130932904	0.7499803088109555	0.6666219399187191	0.9999803383001201	0.5000001350278026	0.49999430388387445	0.5000009430206521	0.4999754371685132	0.500000094919739	
0.6666763009602549	0.7499958270489624	0.666660329344152	0.4999968038514222	0.499999857225507	0.4999998982033474	0.5000009420357331	0.4999757564280512	0.4999998675693692	
0.6666762681738891	0.749992872604014	0.666661418377152	4.852197952250483E-6	0.4999995170316328	0.49999130972207817	0.4999998767948428	0.4999756060538221	0.50000066237712	
0.6667226141652318	0.7499958324212327	0.33357367650228686	0.9997801596974555	0.500003173078063	0.5000517959724399	0.500000331324452	0.49997573793655087	0.4999999978715535	
0.666671511070841	0.7501530068066957	0.33348341578648205	3.803261632248957E-5	0.4999996824189946	0.5000512421444422	0.5000004256539405	0.4999748349472844	0.5000001485256591	
0.6666502441754764	0.7500319706538117	5.633891660380309E-6	0.5023101963115417	0.5000007642873292	0.49999965713685046	0.500000923538094	0.4999751707896632	0.5000003976067858	
0.6667207344227866	0.5001217003854039	0.9997261531680807	0.9999441235241732	0.5000008305023796	0.5000489975277631	0.49999804343003323	0.49997569238037637	0.4999993172333763	
0.6667203444438302	0.500205797061301	0.999726145319515	0.4999323757572081	0.5000008315009841	0.49999442876362465	0.5000000300331323	0.49997571228831456	0.4999996684529266	
0.6667073014655953	0.5001229088338073	0.9999517108191252	9.759898647208011E-6	0.499998787971627	0.49999598702752557	0.49999969685922224	0.4999757056150453	0.4999992430957861	
0.6667207507324684	0.5001211463615158	0.5000298643297377	0.9997591458272681	0.4999996228659247	0.4999931331865354	0.49999793725786285	0.49997575445666026	0.5000002889203325	
0.6666759716110225	0.5000273113122898	0.5000324364885288	4.332752319932164E-5	0.4999995622326304	0.5000511296391487	0.4999996390504377	0.4999751949095745	0.5000000038077526	
0.6667325958230506	0.5001830604647048	9.770482883397769E-5	0.550770581651454	0.5000003606392217	0.5000503197325517	0.5000006762515098	0.4999757557763606	0.5000003330503835	
0.6665879286936586	0.2501352171385326	0.9997771973069758	0.9999550207575829	0.49999977073349106	0.5000005784289083	0.49999969891847834	0.4999756462517878	0.49999979007141304	
0.6668640758823436	0.2503752745837031	0.999420176568593	0.0010100616358902914	0.5000002439698855	0.49999989735146316	0.5000003669885539	0.49997514655627817	0.5000003634154218	
0.6665879286936586	0.2499413336356277	5.698734498448821E-4	0.9338280249996187	0.5000004066386922	0.5000005784289083	0.49999969882667405	0.49997575304796865	0.49999978330302847	
0.6667335766481854	1.200554990863489E-4	0.49590582260596483	0.6201613728429949	0.4999997009651405	0.499993866551112	0.49999797788913164	0.4999756412794847	0.5000002781053585	
0.4999699145462121	0.9998874884907845	0.9998012360698865	0.9999982953896199	0.5000009163389273	0.5000538802087522	0.5000009440860262	0.4999757338261707	0.49999959040164044	
0.4999852202861529	0.9999997787667817	0.9999999684004498	0.6666408832749303	0.5000002827862052	0.5000504093952652	0.5000000677371556	0.4999756013675846	0.4999973941371165	
0.49998706233432066	0.9999998079285328	0.999996172496414	0.3335696906169262	0.5000002441584146	0.5000555870537666	0.4999996434010428	0.49997529209002795	0.49999964345914955	
0.49998212895757843	0.9999988391987946	0.9999966276291887	1.3926237394956196E-6	0.4999997827811	0.49998680695592657	0.4999997385207985	0.49997563149827595	0.4999998171679922	
0.49999032613471445	0.9998738346177309	0.6667608814838122	0.9999840809778108	0.5000007335261217	0.49998211053375125	0.49999951319516284	0.49997574620734336	0.4999992992769201	
0.49999432863162147	0.9999998825894341	0.6666627523924978	0.5000047586380354	0.49999994817299426	0.5000511390541663	0.5000012539833003	0.4999756670496643	0.500001102502779	
0.5000644062685136	0.9999542890198385	0.6666627566737681	5.063045567727809E-5	0.4999999521995434	0.4999897034181077	0.5000003928765192	0.4999756062666098	0.4999994416382753	
0.4999813268905491	0.9999969452189693	0.3336033670590898	0.999556909495291	0.5000003063276415	0.5000508834759207	0.4999996007464796	0.4999756687354541	0.49999983856608887	
0.5002300427434185	0.9998467445043498	0.33361330263307937	9.127758118265706E-4	0.49999967575385834	0.5000524979153385	0.5000004363178158	0.49997640588545544	0.49999909384806424	
0.5000613807319094	0.9999573916654639	1.444547227436294E-4	0.5064203745307101	0.5000008823141511	0.5000516390894706	0.5000000414623287	0.4999752879165352	0.49999959296243396	
0.499985175670162	0.6666940581947364	0.9999999935112223	0.9999886126347618	0.5000002774075559	0.49999380955106204	0.5000000596093727	0.4999757392236325	0.4999996684709598	
0.5000052553293363	0.666689126097344	0.9999738094538191	0.5000173935298291	0.5000002991133394	0.5000482930669796	0.4999997087800304	0.4999753305520714	0.500000281396408	
0.49998212895757843	0.6666873921652684	0.9999965979721528	1.1832402353631045E-7	0.4999999644668063	0.49999654729049164	0.49999974159703137	0.49997560313349804	0.5000005883400795	
0.4999852290395903	0.6666890270732326	0.5000294869735259	0.9999301850389288	0.5000002285274687	0.5000510225654047	0.49999952514169904	0.49997566464972115	0.49999957050888766	
0.5000052734488225	0.6666937870568916	0.5000605186147404	2.0961139372318097E-4	0.500000251712234	0.499996588590531	0.500001181551842	0.49997513913550773	0.4999996428692504	
0.49998518701570055	0.6667644427004739	1.0840806590321824E-4	0.07599726978228177	0.5000002330393901	0.4999903359595375	0.5000003927564896	0.49997575289047974	0.499999579747222	
0.5003566926605832	0.3343808581314975	0.999201263100709	0.9981825838129915	0.49999986338964236	0.5000509275628159	0.5000011734155404	0.4999753319424396	0.49999923761201936	
0.49998518573861844	0.3332609638793407	0.9999975083278391	1.4253300583629283E-6	0.49999986375885613	0.5000507065486954	0.49999935902439313	0.4999753305812068	0.500000365629946	
0.49998294832593243	0.3332609638793407	8.889957295938941E-5	0.34164738204224343	0.5000002519062764	0.4999998529257534	0.49999966389942513	0.499975600428727	0.5000003094032671	
0.4999972518073242	5.273525788468403E-6	0.999561522300937	0.5005495101043315	0.49999950772204144	0.499992787781648	0.5000003639387012	0.49997573426355113	0.4999996634180185	
0.3333307589669767	0.9999985783912556	0.9999999119015412	0.9999791920846032	0.4999999929675154	0.4999899347424671	0.49999980472559735	0.49997477664216183	0.49999920639608736	
0.3333303714337341	0.9999986469856897	0.9999999703277103	0.49999920916877133	0.49999995978412315	0.5000499661495407	0.5000012485054177	0.499975600168892	0.49999956871587853	
0.3333078340784557	0.9999989988030509	0.9999528641145862	1.3827439651173747E-6	0.49999975113793826	0.5000555848712691	0.500000428731349	0.4999756054041209	0.4999966623823739	
0.3333314653138151	0.9999988017282684	0.5001019933105363	0.9999302685898965	0.5000007337287752	0.4999876338563041	0.5000017733662441	0.4999756797963466	0.4999995761605779	
0.3333314573836021	0.9999918611224914	0.5000602804466553	3.943243251553272E-5	0.4999996677139434	0.4999922645269423	0.5000004349585001	0.499974814361058	0.4999991966457353	
0.33337616379695856	0.9999541031395625	7.650199417274241E-5	0.4833908163145428	0.4999999612386871	0.5000483882165134	0.4999996753553911	0.4999756595187645	0.4999983982531797	
0.33352867258425234	0.5007216482920667	0.999814497069227	0.9988801879580747	0.5000001935597348	0.500049934074827	0.4999995062852568	0.4999757473245386	0.4999993400254807	
0.33334367646988255	0.5002474523983443	0.9999523649554526	4.445686475944162E-5	0.4999998980518586	0.4999904074149094	0.49999969734723493	0.4999757252017745	0.499999821036749	
0.33337607727210955	0.5000781624517738	3.3253021931446344E-4	0.4995644919989025	0.5000003372119549	0.499989516148349	0.4999995910700045	0.4999757515941315	0.5000005336090784	
0.3333837402510973	1.4445362028330704E-4	0.6666604160671629	0.48232840309964137	0.4999999681234236	0.5000483457047745	0.4999996987303482	0.49997531057087263	0.49999933517561024	
0.16760358643559373	0.9987032604276972	0.9978020156276882	0.9974064332647964	0.49999989666960815	0.4999896250584158	0.49999856291722733	0.4999755923456544	0.5000002024104754	
0.16798010506523553	0.9962750549229538	0.9969107762866477	0.0017913470461438652	0.5000001396187813	0.5000511475456231	0.4999996349162017	0.4999756073373579	0.49999963278905396	
0.16682873618317345	0.9987436868049274	1.1385182170086385E-4	0.3326954290941784	0.5000002598995442	0.5000507609319077	0.49999967964421344	0.49997533003806	0.4999995868097746	
0.16774823293801064	0.005018771914414185	0.7228255902849234	0.49945257588027314	0.4999997851527818	0.500055587355034	0.49999879870829456	0.49997555442044983	0.4999996564980925	
6.5619650719828115E-6	0.6917899114784785	0.478859579531821	1.584189135946986E-4	0.5000002255071997	0.5000493590642079	0.4999996740461069	0.49997566308056335	0.49999949541257255	
