0.9999963990859416	0.999999767280686	0.9999951896254334	0.9999922430841137	0.4999994298737022	0.49999898395460113	0.500000064831856	0.4999994455924005	0.5000028972145283	
0.9999968248772826	0.9999965038831916	0.9999937698595198	0.8333333388335145	0.5000007101669531	0.5000002590781506	0.500000064167205	0.499999143702599	0.500002728128648	
0.9999929924544829	0.9999967155932045	0.9999981807101838	0.6666401861824554	0.5000000756296872	0.5000002690063735	0.5000015785726649	0.5000000988831478	0.5000027041546146	
0.9999929276675928	0.999996504070491	0.9999986100599784	0.5000012731574011	0.4999993229682787	0.4999992345570685	0.5000002166172438	0.49999705905913033	0.500002757801185	
0.9999850031229542	0.9999781109891698	0.9999284967191315	0.33297827508624295	0.5000006854638721	0.49999898570624435	0.5000006374109321	0.4999992932277399	0.5000030126727221	
0.9999860453323232	0.9999933113404268	0.9999499169257237	0.16682885807249898	0.5000001674834932	0.49999834648310065	0.5000001576404146	0.500000008558336	0.5000028116390474	
0.9999945792440497	0.9999987352787795	0.9999990332204897	4.4964044788409464E-7	0.5000000869888835	0.5000018842245193	0.5000015714551566	0.4999987304214579	0.5000029394938763	
0.9999940731453776	0.9999984330447136	0.833344278904764	0.9999924059786113	0.5000004332076067	0.49999995588900675	0.5000000137036673	0.49999938094112695	0.5000030218927254	
0.9999851119481828	0.9999919428087901	0.8333001459238684	0.7999064098244508	0.49999983656167507	0.49999997910501914	0.5000001359636767	0.49999940959575795	0.5000029090292177	
0.9999896162613097	0.9999986393153019	0.8333433890960531	0.5999652001799982	0.5000000563072866	0.5000004205075725	0.5000001413806334	0.4999999468625898	0.5000027034412031	
0.9999931772441991	0.9999930637682746	0.8333199267794733	0.3999417601292916	0.5000000110669947	0.49999828691462905	0.5000016933754676	0.5000000148535862	0.5000027164489508	
0.9999956693428238	0.9999848037249035	0.8333195126742693	0.19998312965469373	0.5000002123839916	0.5000015148947746	0.5000032647149072	0.49999934181831346	0.5000026379631703	
0.9999955356220521	0.9999970887591831	0.8333416965831679	2.170606664285354E-6	0.5000000547499706	0.49999821820104423	0.5000020209573804	0.4999993097611541	0.5000027286568394	
0.9999897501945898	0.9999852661574619	0.666715909620066	0.9999501574555139	0.5000000541986214	0.5000002278939397	0.49999962425316413	0.49999695172228975	0.5000030327804951	
0.9999945491974414	0.9999957843302263	0.6666088003508654	0.7499374625570753	0.49999982489008116	0.5000004952639587	0.5000015780511614	0.4999999470294434	0.500002704958523	
0.9999935124472543	0.9999962194732094	0.6666913893741704	0.5000268522359597	0.49999993913406837	0.5000001853280234	0.4999995606703265	0.4999992957271523	0.5000026823843233	
0.9999852019112482	0.9999870575339833	0.6666895483996427	0.25020996443698673	0.5000007416876064	0.5000001328681458	0.5000001482227348	0.499999325665174	0.5000027862984732	
0.9999963252876304	0.9999954379895353	0.6666941786574152	1.4888642139568322E-5	0.5000001478563968	0.500004065997448	0.5000027188694518	0.49999789395701744	0.5000031448977585	
0.999988925177712	0.9999855656745008	0.4998485938884017	0.9999959918913293	0.4999998624568592	0.5000001848782548	0.499999583104608	0.49999929536107385	0.5000026910968232	
0.9999889274034116	0.9999971644727896	0.4999487159228172	0.666708703451546	0.4999998278023113	0.500000174617779	0.49999960478943234	0.49999930467536047	0.5000030674753607	
0.9999461017520649	0.9999486429575387	0.5003410479398656	0.33345477151543745	0.5000007924273702	0.5000002130820751	0.5000009952568155	0.5000002238869001	0.5000027826762027	
0.9999991547635791	0.9999871324799973	0.5000929272119023	1.5324768108079248E-5	0.5000006945538914	0.500000117436904	0.4999999474137616	0.4999993174491535	0.5000033203764669	
0.9999822736246927	0.9999718799670819	0.3331670455013734	0.9999957191624542	0.4999999786385864	0.5000000917641041	0.5000011056692825	0.49999929027708834	0.5000027195165602	
0.9999892305964737	0.9999869492931844	0.33340882242209263	0.5000157704971636	0.49999998236193305	0.5000000909112002	0.5000001172546095	0.4999982242893816	0.50000282996644	
0.9999823530163018	0.9999622435646112	0.33319542222682097	5.024454055515242E-7	0.4999999422736271	0.5000000159387544	0.5000009878433098	0.49999833044220027	0.50000290973284	
0.999981256917325	0.9999213037899465	0.16654891558482554	0.9995238375777742	0.49999368289772894	0.5000008595548521	0.5000001070352733	0.49999831459420035	0.5000027909940414	
0.9999647422679026	0.9999507855903466	0.16697093630367646	0.0013051718866768291	0.4999991170979652	0.5000000265182137	0.5000007013628206	0.4999993425274073	0.5000032084542283	
0.9999945240783483	0.9999875510101965	3.326491209699904E-6	0.5227976238708586	0.49999998473475654	0.5000008893273389	0.5000002098804839	0.49999808343352314	0.5000028753581413	
0.9999924804497651	0.8333507453538052	0.9999919830791164	0.9999922700232482	0.49999941672470616	0.5000000099629804	0.5000006251237286	0.4999994574697083	0.5000028971415278	
0.9999941992050562	0.833348986685301	0.9999856830716273	0.800042002723184	0.49999836492900585	0.4999999362513184	0.5000008842465951	0.4999984288254658	0.5000026822251511	
0.9999958531327392	0.8333067636314109	0.999997729967724	0.5999958327719802	0.5000000827180294	0.5000004931763505	0.49999976920703393	0.4999984128898143	0.5000028171362938	
0.9999940728518559	0.8333187945834686	0.9999990444385621	0.399959441019016	0.5000000889523156	0.5000004181960692	0.5000015683392316	0.49999994520786784	0.5000026398998056	
0.9999940621334514	0.8333193667034255	0.9999995629488161	0.19998306067292787	0.5000000880167794	0.49999957155333447	0.5000015657007238	0.49999995266056474	0.5000027567813956	
0.9999969812430886	0.8333304805858001	0.9999999965636536	4.062819352910772E-6	0.5000001046830459	0.4999994749483926	0.5000014985206921	0.49999910802312203	0.5000027182459933	
0.9999934957652695	0.833345831555375	0.7999988844018512	0.9999981324921174	0.5000000617995745	0.4999999703763901	0.5000000944440477	0.4999992943243221	0.500003021363126	
0.9999943106936104	0.833344756502536	0.7999992105945629	0.7499403336523923	0.5000000812855336	0.5000003008100151	0.5000008757518563	0.49999994718614016	0.5000027596187128	
0.9999886442762222	0.8333484529814257	0.799952964330247	0.5000021296176079	0.4999998848314879	0.4999992589522531	0.5000001967163308	0.49999950427423523	0.5000028235495458	
0.999993262332009	0.8333193658943139	0.7999881143316031	0.24991123568330964	0.5000001869763262	0.49999962822728683	0.5000009906793429	0.5000002102045792	0.5000027857032514	
0.9999972135216765	0.8333322869350956	0.7999877173270228	2.1761127681439303E-7	0.49999905241541187	0.4999984490364242	0.5000009818174355	0.5000001930746452	0.5000030868929871	
0.9999940731064042	0.8333668230030399	0.6000186708016614	0.9999903584115687	0.5000000602176138	0.49999994209305776	0.5000000010418671	0.4999993891582383	0.5000026745768088	
0.999993517149197	0.8333194875516461	0.5999602282409041	0.6668156484480436	0.5000001447845304	0.5000003499998384	0.49999999052775745	0.49999931243297674	0.5000029968891175	
0.9999963281462062	0.833330756003984	0.5999682983989725	0.33339321011151474	0.5000001718247586	0.49999920180731244	0.4999999832074705	0.49999615102574063	0.5000027258644958	
0.9999961447215461	0.833335493138312	0.60002688755419	4.7918827885115454E-5	0.5000001135279939	0.49999954592781864	0.500001539706588	0.4999992972909862	0.5000027263921789	
0.9999934075011497	0.833334881195242	0.40000397302497226	0.9999971485583307	0.4999992866885005	0.5000002314576465	0.500000171360622	0.49999950140669164	0.5000028295867565	
0.9999987585990818	0.8333055509090381	0.400004643331826	0.5000228965762568	0.5000007192634106	0.500000070724238	0.5000001999038073	0.49999924595915235	0.5000032750305542	
0.9999962820505518	0.8333092738315877	0.39993527533998824	1.7743138030288008E-5	0.5000006772986766	0.5000027756238565	0.5000000956873866	0.49999617815633135	0.5000029076472264	
0.999998172742633	0.8333356029693231	0.20001224593126785	0.9999549200648686	0.5000001916856449	0.500000098877191	0.49999986999572765	0.49999845932803894	0.500006265105344	
0.9999984975056939	0.8333356225048137	0.20001667905858353	1.388059003303675E-5	0.49999945674561125	0.500000937162496	0.4999998497921698	0.4999984209051908	0.5000062622429778	
0.9999991660461237	0.8333357111374342	1.6207864759887127E-6	0.387193157911877	0.500000700995011	0.5000000619081548	0.4999996293040555	0.49999829840106713	0.5000032135633093	
0.999988581942785	0.6667352958722071	0.9999376035904921	0.9999771097023414	0.5000000437248112	0.5000001941458175	0.5000000907682992	0.4999992733660752	0.5000029079451018	
0.999992331739108	0.6664855986188332	0.9999675909809584	0.7499405143061668	0.49999983853472113	0.5000000128310872	0.5000008385683259	0.49999946405759155	0.5000030204976507	
0.9999880722869345	0.6667003007848559	0.9999858570004156	0.5000380495507185	0.5000012688926783	0.4999991996873267	0.49999991865852617	0.49999993622997724	0.5000029363810728	
0.9999917513533877	0.6667110861460326	0.9999500811072621	0.24999731484231077	0.5000002398017643	0.4999998274421988	0.5000005840400891	0.5000001038800046	0.5000029349902866	
0.9999945589723194	0.6667118890175131	0.9999927647514845	4.702343434615103E-5	0.5000002375918894	0.5000001680619849	0.5000015572782425	0.5000001064369156	0.5000029829757479	
0.9999810784988993	0.6667403065196078	0.7499671377405293	0.9999773327963557	0.49999993567741047	0.49999937540357137	0.5000034171875727	0.4999994092091274	0.5000027356301311	
0.9999874892706055	0.6666998348340095	0.7499681718246095	0.6667544985309104	0.49999989442262904	0.5000003605827498	0.5000010976059581	0.4999993111637044	0.5000030173982706	
0.999991627729766	0.666700271534635	0.7500441042164656	0.33332754620392563	0.49999953261174784	0.4999992268104829	0.5000006541333827	0.4999993784651015	0.5000026992038782	
0.9999869548053802	0.6667111254551956	0.7500336352117304	9.373708972945649E-5	0.5000002411188829	0.49999917475883293	0.5000015706588562	0.5000001415802352	0.5000027596464091	
0.9999937180251749	0.6667006758430161	0.5000106732144303	0.9999769582541375	0.49999963357875543	0.4999999257422876	0.5000005367068081	0.5000000167032524	0.5000026214916026	
0.9999936981050265	0.6667003343377153	0.5000069570854018	0.5000214708566174	0.49999938000685146	0.49999995314177986	0.49999996195940505	0.4999988830363064	0.5000028996095993	
0.9999937426483918	0.6667111322848407	0.5000069186026149	5.135862260256715E-5	0.49999945389317346	0.5000004348343171	0.4999995830413055	0.4999988923403737	0.500002730631162	
0.9999933328041312	0.6667101403631822	0.25002048661713955	0.9999905213802895	0.499999556966973	0.5000006022334744	0.5000001005142672	0.49999888019670863	0.5000026991417356	
0.9999933328027685	0.6667268445559904	0.25002047916127346	4.4180089104102244E-5	0.5000001139586929	0.5000005918654823	0.4999998300982226	0.4999984391171817	0.500002719346213	
0.9999989957117966	0.6667250310651688	1.058793165057717E-4	0.41126169134898355	0.5000002890609815	0.500000545157641	0.5000015431614288	0.4999982995919443	0.5000039723930182	
0.9999963743658539	0.500007290814405	0.9999947315452475	0.9999851100467734	0.5000014493212548	0.5000003860049657	0.49999999283607777	0.49999830154693525	0.5000031751799574	
0.9999959729077783	0.49999162640995287	0.9999962682452144	0.666664988229684	0.500001257172502	0.5000005802063298	0.5000005513101978	0.499998768019448	0.5000027423819533	
0.9999850552234385	0.5000427929413814	0.9999691147333061	0.3333262441225587	0.4999992897853104	0.5000005021705138	0.5000016539168868	0.5000001237289377	0.500002774983896	
0.9999920463596453	0.5000414519463205	0.9999500937466587	4.295340285917666E-5	0.4999993045632551	0.4999998301614444	0.500000560001745	0.49999880596005175	0.5000029445633646	
0.9999991135629483	0.5000088207172503	0.666678483519808	0.9999739981722371	0.49999939428245127	0.4999999238594445	0.4999999735096263	0.4999987792309608	0.5000030230816581	
0.9999998821782593	0.500008217421532	0.6666779790831917	0.5000012198348697	0.49999945292711273	0.4999989716603648	0.49999996652730333	0.4999993886076858	0.5000027751209438	
0.9999943698605633	0.5000088636651625	0.666678288551072	5.1354336874303596E-5	0.5000001188210231	0.4999992264276688	0.5000016606053365	0.4999999693711051	0.5000027283080032	
0.9999868485025063	0.5000318935245933	0.33354131607299065	0.9999538912070323	0.49999957386211985	0.4999996534915107	0.5000005552730904	0.4999993900485746	0.5000027149345135	
0.999999889718906	0.5000064362027035	0.33336584305572947	6.730227964587812E-5	0.4999995081640827	0.49999982234414564	0.5000000404409324	0.4999999511521944	0.5000031833092025	
0.9999942388084161	0.5002047259419936	4.837656934867929E-4	0.5073046730923082	0.4999994533352125	0.49999894715995374	0.500000529469024	0.499998859421988	0.5000027301200592	
0.9999845613741148	0.33341595121569223	0.9999545786932189	0.9998325904200744	0.4999990735976627	0.5000000785273189	0.5000005286382668	0.4999988081616457	0.5000027328278355	
0.99999846554873	0.3334106631298943	0.999834282148285	0.5000271047040783	0.49999901912597344	0.4999993700279023	0.5000002246195276	0.5000001392899437	0.5000031730722868	
0.9999986410775081	0.33334244361239423	0.9999836873232778	1.2542289657263008E-6	0.4999991905060263	0.500000138627385	0.5000000835778788	0.5000001518013812	0.5000031722360752	
0.9999994823525536	0.33334397315518893	0.4999459580382001	0.999976761064648	0.5000001542750581	0.4999989860078256	0.5000000852714649	0.49999879755009113	0.5000031104424127	
0.9999917235233566	0.33334323848947367	0.5000038643936672	5.0870053396792405E-5	0.49999920777277485	0.500000005150927	0.5000006384602644	0.4999987852138421	0.500002715490123	
0.9999982916428727	0.33334349460723506	3.002481104695262E-5	0.47701612574709545	0.4999999033184456	0.49999999398797657	0.500000088658582	0.49999878505312956	0.5000027472339995	
0.9999847533141574	0.1671460774057512	0.999294485601676	0.9991344886341211	0.49999917446003783	0.4999997040395177	0.5000016028965827	0.4999987683519506	0.5000033534676414	
0.9999848687121472	0.16681758643111852	0.9998091311306481	2.7422400242775016E-4	0.4999991866956025	0.4999972761715244	0.5000054369835399	0.49999838902757077	0.5000032066929668	
0.9999943232090228	0.1666978804364802	1.1653514225902451E-4	0.031051401411017032	0.49999953916670403	0.4999999952749965	0.5000006377575782	0.49999992865606957	0.5000030932747067	
0.9999991414645147	4.756121537385916E-6	0.6505871291500646	4.708339604867623E-5	0.500001452161977	0.4999992338719939	0.5000004237044359	0.4999999623354602	0.5000030376902644	
0.8333380320495912	0.999997490518259	0.9999935139689795	0.9999964842489125	0.4999998506098294	0.5000008503937693	0.5000001252536065	0.49999938681634476	0.5000028825792325	
0.8333414881730806	0.9999917270541656	0.9999793735371775	0.7999202899814171	0.500000095820534	0.5000004055749198	0.5000001143695096	0.4999992932542827	0.5000027004970357	
0.83333241026075	0.9999970555917189	0.9999977982635926	0.599967518078485	0.5000001557643798	0.500000402462148	0.5000001877996352	0.5000000011928736	0.5000027007318955	
0.8333359317279952	0.9999779189455666	0.9999502754901125	0.400295925649655	0.5000000728964948	0.5000021258054996	0.5000015691696285	0.49999866043075397	0.5000029998155532	
0.8333324683024076	0.9999999906272126	0.9999982511334046	0.19993983194577963	0.5000000570949907	0.49999960233051677	0.5000015813442374	0.4999992884145222	0.5000026979291187	
0.8333429747292317	0.9999947129291104	0.9999981055745527	5.364958196966612E-6	0.49999953663100477	0.5000019930176783	0.5000015691851163	0.49999865617853984	0.5000027575695846	
0.8333380310223039	0.9999978204359725	0.7999992083671229	0.999996518636733	0.5000000786249125	0.5000002512423911	0.5000001252530694	0.4999993890314852	0.5000029186931276	
0.833338543882346	0.9999917042176253	0.8000048247636561	0.7499381608369573	0.4999999842623791	0.49999986360605236	0.5000004928315716	0.4999992961076404	0.5000026706922808	
0.8333360025917045	0.999998206103283	0.7999873633364654	0.5000221833025765	0.500000055958599	0.4999994821619486	0.5000006309268956	0.4999993115973393	0.500002638751602	
0.8333360313594177	0.9999914075063708	0.7999444076817256	0.2499974112872484	0.5000001274286461	0.4999995002438863	0.5000012831690576	0.49999865220649414	0.5000027962143372	
0.8333359596404846	0.9999982119444545	0.7999877159434446	5.19998347795752E-7	0.4999990513530618	0.5000005986384624	0.5000009700167605	0.49999825560914163	0.5000027138428148	
0.833338080296081	0.9999858841571307	0.6000641055141074	0.9999306821521899	0.49999990351565254	0.500000102854724	0.5000005428872222	0.4999996333515105	0.5000026577706839	
0.8333360959987696	0.9999842826281224	0.5999599643529783	0.6668163540668286	0.5000000560269104	0.5000002158121748	0.5000032806742366	0.49999923794522516	0.5000032095342842	
0.8333333522719537	0.9999875203715461	0.6000574613377142	0.3333899454406654	0.500000682153495	0.5000001543858972	0.5000003005109007	0.4999985694302136	0.5000026567026223	
0.833342638427425	0.9999913066534769	0.6000270793978597	1.716183977972366E-5	0.5000001247651656	0.5000000439010716	0.5000009389848585	0.49999887140457794	0.5000027166481279	
0.8333488550013334	0.9999838840844676	0.40004875315025207	0.9999299324096698	0.5000005259601673	0.5000012143428663	0.4999997834819283	0.49999995035761297	0.5000027594663357	
0.8333337540731649	0.9999932053446589	0.400048752992707	0.500016228593422	0.5000000102123868	0.49999946551484564	0.5000001741265268	0.49999816029394467	0.5000028537905329	
0.8333488777402231	0.9999842883517929	0.400048677093535	1.499186060939994E-5	0.5000001030451926	0.5000000761686808	0.5000002137640794	0.4999992412320284	0.5000027266111828	
0.8333356913758277	0.9999858440352711	0.20001225856911709	0.9999420179661138	0.5000001458003632	0.500000157783677	0.5000001992366906	0.499999467565661	0.5000027541012524	
0.8333339604092048	0.9999875334002258	0.20001671151520947	1.7704815965390096E-5	0.5000000100477154	0.5000001521372721	0.5000001556126732	0.4999961350317153	0.5000027180533145	
0.8333490714971166	0.9999871740726779	6.367069838214222E-6	0.05374366537053321	0.5000000786900354	0.5000020432179868	0.4999998690809591	0.49999854030612473	0.5000032415215325	
0.8333367869380474	0.8000038915131528	0.999993320212441	0.999995789819844	0.500000731439061	0.500000235811272	0.5000000612127153	0.49999849668492696	0.5000027031984825	
0.8333512331492777	0.7999997603749566	0.9999704633159058	0.7501116391557747	0.5000000587126787	0.4999993736045414	0.5000000054205949	0.4999999765424227	0.5000027177588373	
0.8333324734124747	0.8000040975149251	0.9999990694724062	0.500002474868548	0.5000002350758745	0.49999952489265814	0.500001565433438	0.49999995649767176	0.5000027100416424	
0.8333358810973206	0.8000040921943526	0.9999993809370686	0.24999731388629154	0.500000228739462	0.4999998546695416	0.5000002670591341	0.499999373725748	0.5000033018264171	
0.8333358965769082	0.800004091570448	0.9999982101061032	4.107596586833259E-6	0.5000001046902587	0.5000005150972537	0.5000001649443684	0.49999475141794064	0.50000273214582	
0.8333367829131423	0.8000038915131528	0.7499594901234429	0.9999998910063155	0.5000004625021344	0.5000004423113471	0.500000890526379	0.49999999124107075	0.5000027356627085	
0.8333384514329953	0.8000069714800937	0.7499493410546064	0.6666544709358789	0.4999999044696027	0.4999993750717273	0.5000001385445086	0.4999993184288109	0.5000027582945081	
0.8333332658484551	0.8000040921943216	0.7500433502772684	0.3333932916084043	0.5000001097393874	0.49999994358810185	0.5000002980574543	0.4999992974865459	0.5000027931876377	
0.8333358959745769	0.8000051491959493	0.7500337693013827	4.7444893747495644E-5	0.5000001046616722	0.499998953074094	0.5000014831819672	0.4999993464739185	0.5000027593593492	
0.8333379966803758	0.8000003620808204	0.4999972240083387	0.999998479540073	0.5000000688225429	0.4999999718127345	0.5000013494543853	0.4999982202634276	0.5000026706371324	
0.8333351886069101	0.8000001817991511	0.5000064522818939	0.500001518492212	0.49999996846786554	0.49999980129346566	0.5000014459701903	0.499999184982658	0.5000027190357019	
0.8333357802436789	0.8000040914070098	0.5000126465268517	1.5288372574384078E-5	0.49999950745561356	0.49999982644950886	0.500000019417806	0.49999936802260825	0.5000027583126538	
0.8333367535519577	0.8000081653203149	0.2501151243697153	0.999744210509249	0.500000142187358	0.49999965740197405	0.5000001704619665	0.4999985607179374	0.5000027515206455	
0.8333359001459268	0.8000051737944962	0.2500300213537567	4.5936639187255346E-5	0.5000000822196792	0.4999989491718336	0.5000002169502082	0.4999993680230323	0.5000027541784696	
0.8333489274048171	0.8000001910586264	6.447866423819809E-6	0.5046886372411201	0.5000003155319317	0.5000023882620551	0.4999993085738085	0.49999911184802565	0.5000030141043265	
0.8333373733812466	0.6000572238347217	0.9999328770049893	0.9999609984553501	0.5000000715115082	0.5000003625444317	0.4999998620034795	0.49999867259336706	0.500002967609366	
0.8333371203375738	0.6000828377984341	0.9999315613262676	0.6666544646310305	0.49999989493597374	0.49999997410594677	0.49999997390222	0.49999902570129523	0.5000028937776059	
0.8333358505851165	0.6000833290506695	0.9999489705434428	0.3335199986005909	0.5000000546999086	0.5000001599017239	0.5000006035960823	0.500000117775169	0.5000029837817129	
0.8333360100501765	0.600083324022318	0.9999489954606179	1.1336608228462963E-4	0.5000011936426525	0.5000001891189432	0.5000005781161105	0.49999937782056786	0.5000029750384857	
0.8333379708861218	0.5999764883934066	0.6666945069630447	0.9999998268857451	0.5000004402515016	0.500000628460279	0.5000005406971657	0.5000000126817381	0.5000026187916524	
0.8333357496616762	0.5999907146345733	0.6666572347581442	0.5000012303853087	0.4999999013041958	0.4999996585284959	0.5000000158634713	0.4999989214827576	0.5000028291154228	
0.8333353307689563	0.5999914425171098	0.6666775665236745	1.013798866261574E-4	0.5000001069111477	0.49999981635269536	0.5000016186451164	0.4999998252018374	0.5000029898173461	
0.8333379746797535	0.5999910472572771	0.33355601206853025	0.9998851287333885	0.49999949072422517	0.4999999661733491	0.5000000467481053	0.4999993910429112	0.5000027960933611	
0.8333522656900155	0.6000811042147738	0.333556228939091	3.9551084815167895E-4	0.49999945864617557	0.49999985243363343	0.5000018082424385	0.49999887836854023	0.5000027096953045	
0.8333521861352935	0.5999908401553535	4.1864045544508626E-6	0.5045920778762187	0.5000000419349112	0.4999999542552693	0.4999999832392539	0.49999942606491443	0.5000026827870718	
0.8333530179032828	0.40000077543720214	0.9999932594995096	0.9999898613422091	0.4999998827445235	0.49999998501054826	0.49999986557631876	0.49999941114297497	0.5000027376989741	
0.8333503438584114	0.4000199708786608	0.9999544409046948	0.5000372782514363	0.4999995213646501	0.5000001481547953	0.5000006291610857	0.4999987630301042	0.50000271448242	
0.8333325572176684	0.40001998103715286	0.9999769476376723	2.9120051824776877E-5	0.5000000547033341	0.49999895567360786	0.5000015753395819	0.4999987414897205	0.5000027528284932	
0.8333501485026255	0.4000463016590723	0.500006432629043	0.999975989443591	0.49999926569105607	0.49999996785583295	0.4999999809094097	0.4999988831991625	0.5000026816805199	
0.8333481009752488	0.4000456687570448	0.5000064392008173	1.0600657121679191E-4	0.5000013017188548	0.49999995507474765	0.5000000910660738	0.49999932375906	0.5000028922757797	
0.8333352039571578	0.40004567473917213	1.3033468679237944E-4	0.5110891852184685	0.5000000592518115	0.5000014605264367	0.5000000883980878	0.4999994415763057	0.500002680030305	
0.8333560576519516	0.2004273598327006	0.9987520776763362	0.9991343592851043	0.4999995560393047	0.4999993969843855	0.4999995763548651	0.4999990145167597	0.5000035674533604	
0.8334065455547806	0.20041471962079538	0.9993292181401894	0.0010276454164619881	0.49999924155278724	0.49999912082358544	0.4999994472575513	0.49999997348337816	0.5000032690189421	
0.8333503659416872	0.20041494709129096	0.001758065211145418	0.4993997603610198	0.5000000444063946	0.4999993895164375	0.5000001041495412	0.49999887006641214	0.5000032458707346	
0.8333356196385313	1.4716173676793581E-5	0.7397497426808951	0.4613739499260209	0.49999922658453505	0.5000014939791707	0.5000001172115962	0.4999993737354289	0.5000030442483042	
0.6667410244453449	0.9999978635895085	0.9999608185852447	0.9997909524494211	0.4999994355790612	0.5000008060845621	0.5000001244094516	0.49999943380059897	0.5000032830698091	
0.6666749379522808	0.9999982094021066	0.9999841303848559	0.7500141231388903	0.499998399056535	0.5000002513937095	0.5000008924519957	0.4999986013856871	0.5000029188185393	
0.6666695139918701	0.9999984991982808	0.9999955501632927	0.5000101859931323	0.4999989285959763	0.5000002499264757	0.5000016076129408	0.4999993581033604	0.5000027290075189	
0.6667691501779599	0.9999030767636213	0.9999236783863971	0.24999824970355694	0.5000002474971514	0.49999839349196495	0.5000000287760976	0.4999988003070175	0.5000030442129189	
0.6667475099507634	0.9999370290603234	0.9999238177029969	4.1454656083152893E-5	0.49999954198268926	0.5000036721892729	0.5000020196046066	0.49999840777757626	0.5000030442064491	
0.6666668344751254	0.9999978998577846	0.7500272316156489	0.9999000108144311	0.49999981039461006	0.4999991650446762	0.5000024045248832	0.4999983225584409	0.5000028768254099	
0.6666668704165338	0.9999919226443095	0.750026184241521	0.6666685843467698	0.5000000570030807	0.500001403112681	0.5000005997858263	0.49999931570452555	0.5000027816191498	
0.6666668831622968	0.9999955704780527	0.7500323320481742	0.3333974390723556	0.5000000625462864	0.500000168695956	0.5000015352131494	0.4999990101802779	0.5000027087782168	
0.6666668483517553	0.9999978566949702	0.7500323019122084	1.9537747969923985E-6	0.5000000847092764	0.49999822412069567	0.5000015536055918	0.49999930979870744	0.5000027293290967	
0.6666665908133389	0.9999684338281186	0.4999334887803339	0.9999875520928303	0.5000000854856537	0.4999999315159836	0.5000000795405037	0.4999987337938127	0.50000305952971	
0.6666573525576717	0.9999978191102462	0.49993121547586167	0.49994068352485777	0.5000002841056368	0.500003071861502	0.5000018100505348	0.4999988705156191	0.5000032840594925	
0.6666701589538369	0.9999829855007711	0.5000675325393675	2.5146571279468683E-5	0.5000003323408441	0.5000008003883173	0.5000001631632268	0.49999891479199776	0.5000030696237587	
0.66667139635343	0.9999183914352854	0.2501184083060723	0.9995182838098473	0.5000003998751186	0.5000002613993427	0.5000007417979764	0.49999620724963034	0.5000030523267446	
0.6666747745583175	0.9999831506039973	0.2501184083060723	1.8173559133428257E-4	0.5000002465864409	0.49999924284505176	0.5000011714890086	0.49999864750429546	0.5000028378157689	
0.6666573133954254	0.9999988254445646	6.243669600148204E-6	0.055597707041137735	0.500000081890174	0.4999971827340384	0.5000001544212487	0.4999979954014986	0.5000028463576381	
0.6666583430584183	0.7502694565343456	0.9999093582876661	0.9999065686842808	0.4999998010202247	0.5000004852437703	0.5000008997222433	0.49999832277848655	0.5000028828840912	
0.6666695718262186	0.7499767747085822	0.9999973245165601	0.6666695229565528	0.49999931722526547	0.4999995061454305	0.5000007145666071	0.4999984921566474	0.50000277809243	
0.6666697358894482	0.7499791038662823	0.999954235359119	0.33339747657258073	0.4999999389122897	0.49999813333611887	0.5000001756631994	0.4999984908676653	0.5000025942988133	
0.6666735418237032	0.7499762786395758	0.9999992163826085	4.492030040228433E-6	0.5000007063581791	0.49999895681860307	0.5000006384455615	0.4999993898291631	0.5000032806471469	
0.6666585356148492	0.7499895950887742	0.6666624233988161	0.9999943591949628	0.5000004731956729	0.5000002143980727	0.5000008999143306	0.49999842095637315	0.5000030533428204	
0.6666668689142403	0.7499767192734236	0.6666631071183537	0.5000023648500838	0.5000000539757616	0.5000012594647907	0.5000007190255759	0.49999840950134944	0.5000027829185009	
0.6666736140477041	0.749989149517868	0.6666596436324169	4.380360875797708E-6	0.4999988803006438	0.5000004181932197	0.5000006359804535	0.4999993674941055	0.5000027584662213	
0.6666567409817813	0.7499789824957406	0.3331278823026501	0.9999985443905268	0.49999926640319514	0.5000002025490727	0.5000011938382908	0.49999888891735217	0.5000027925691791	
0.6666757220375489	0.7499773167654492	0.33338826565480895	1.9899912620604447E-5	0.5000000872252955	0.49999924403947593	0.5000011961349897	0.49999888599914205	0.5000028537722769	
0.6666713845984638	0.7499794266627536	6.382122216992713E-7	0.5143512173422214	0.4999999608102794	0.5000002275002297	0.500001449691319	0.49999855859889586	0.5000027146946482	
0.6666681896428526	0.5003597121492537	0.9998108310770941	0.9999757686395057	0.4999998329261528	0.5000002439546618	0.5000009923464178	0.4999999472349551	0.5000037162357401	
0.6666763110069999	0.5000743872173116	0.999966783287818	0.49997999862113734	0.4999993412290888	0.49999957134120715	0.5000020704929492	0.49999880322689166	0.5000027935103432	
0.6666754743144738	0.5000690819203227	0.9999054878179131	3.161748155585982E-4	0.5000001083801529	0.4999989508944805	0.500003018499918	0.4999992803285991	0.5000027248312481	
0.6666737200497337	0.5000288771318315	0.49999730171852225	0.9999602290442547	0.5000007556570292	0.5000001271061604	0.5000007668694512	0.49999884285893065	0.5000031526134874	
0.666673712219399	0.5000762229240086	0.499997302755832	1.0562759405747218E-4	0.5000001861154412	0.500004029915706	0.5000012027028506	0.4999987987665346	0.5000027301802267	
0.6666733118499915	0.5000340183147641	5.854483308003223E-4	0.5026892985489595	0.5000007192444156	0.49999986719380957	0.5000007586980457	0.4999988291765199	0.5000030598577986	
0.6666698756464456	0.24998981337222137	0.9999712248989193	0.9999799439296253	0.49999941415042953	0.49999939412442124	0.5000005382079409	0.49999879171783707	0.5000031530111952	
0.6668472095565057	0.2499965670279963	0.9999098987357261	8.369874649117829E-4	0.499999988724464	0.5000042265971223	0.5000168277395206	0.4999964833449336	0.5000037550219656	
0.6666727525908516	0.24999654690442827	3.796855544324629E-5	0.588554247537971	0.4999999747012737	0.49999937589995597	0.5000025050885496	0.49999881988344347	0.5000028362625984	
0.6666723604512055	9.791313759089119E-6	0.5396779632063372	0.467118538522105	0.4999995090320063	0.4999999686210689	0.500000046216092	0.4999988494391799	0.5000027969391199	
0.5000917900340218	0.9999199702633371	0.9999532044358297	0.9999119178793587	0.4999996647514197	0.49999939001661786	0.5000006600545468	0.4999970295613987	0.5000026688137561	
0.500040459995602	0.9999184180637419	0.9999965754321603	0.6666453394776161	0.5000000283319262	0.49999981344862104	0.5000017113315324	0.4999987825206069	0.5000026140537248	
0.5000927576121676	0.9999026121513881	0.999927277811976	0.3333981804455254	0.5000001883174857	0.5000019858000828	0.5000020449461802	0.4999987866116936	0.500002668147037	
0.5000881287334967	0.9998934880810055	0.9999228257667815	4.905015968712702E-5	0.4999990795355486	0.5000030019256022	0.5000000586299491	0.499997422288918	0.5000035000914642	
0.5000920349921807	0.9999170536079622	0.6666630280087588	0.9998718752563128	0.49999996665148194	0.4999997936937778	0.5000005278281975	0.5000000197767872	0.5000028485698848	
0.5000909675280238	0.9999191992197034	0.6666630842576395	0.5000015709083235	0.49999995551613374	0.49999980283728174	0.5000007161214617	0.4999991635217262	0.5000030583641148	
0.5000454151608441	0.9999864068992951	0.6665981927137049	1.3559812435348116E-4	0.49999990136626393	0.4999998629890759	0.5000006629111696	0.49999702216326136	0.5000030566146403	
0.5000856214528354	0.999973213026772	0.33362174292542796	0.999560432630458	0.5000021648562147	0.4999998664181921	0.5000006623185036	0.4999970316363558	0.5000032034626085	
0.5000928079845276	0.9999201679918917	0.33355502055591135	5.666015524649504E-4	0.49999905157433044	0.49999951442539925	0.5000006795996912	0.4999959440637855	0.5000019664711511	
0.5000909364419164	0.9999728148738103	1.3069132314996734E-4	0.5042890876116567	0.4999991954693399	0.4999998005449888	0.5000019060792203	0.4999987614070884	0.5000030563043998	
0.5000423072664221	0.6667539641618512	0.9999966798948037	0.999844823597991	0.5000012485017434	0.4999998467896161	0.5000002037990398	0.49999868545222365	0.5000026096029293	
0.5000919836944543	0.6667097512861978	0.9998768139353081	0.49983396198964053	0.5000004001485535	0.4999998515442136	0.5000018908464039	0.4999988314008233	0.5000026683801019	
0.5001014455143544	0.6671781038310177	0.9998015188138901	3.058324977737334E-4	0.5000006534483203	0.5000000599904565	0.5000008996275815	0.4999992538068393	0.5000027217070407	
0.5000909761183334	0.6667625159540818	0.5001853700451597	0.9994978424044756	0.4999999148447068	0.4999999290482231	0.5000000826762573	0.49999873291595326	0.5000028428019408	
0.5000921670854303	0.6667624465367729	0.5001447565393272	3.146088624702782E-4	0.49999991543369315	0.5000034610432028	0.5000031510586578	0.4999992779818373	0.5000028430767304	
0.500090151138349	0.6666673535630996	1.8311152562025534E-5	0.48174826945411237	0.5000006491589993	0.49999940404342097	0.5000035912815848	0.4999960334406163	0.500002842406339	
0.5000419381902569	0.33341182030751043	0.9999972589180568	0.9998595564264106	0.5000006533013627	0.5000000533824179	0.5000020156991251	0.4999992700947979	0.5000026836637353	
0.5000419381902569	0.33341182030751043	0.9999979159747304	4.342675594541101E-4	0.5000006328106337	0.49999948547017126	0.5000020662512257	0.4999972647789459	0.5000030881928751	
0.5000913769802595	0.33359805584207547	5.403166337639789E-4	0.5003405376401379	0.5000003050351198	0.49999984732601555	0.5000007553865895	0.49999614165066814	0.5000030582283477	
0.5000912930526775	2.69451538298604E-4	0.6735017207445969	0.4038018126012456	0.5000004289028495	0.5000025890710845	0.5000000663805677	0.49999942098900996	0.500002611840852	
0.3334608417053231	0.9999646161933399	0.9996298960558001	0.9999017984106953	0.4999999796264135	0.49999590304708497	0.5000017696481297	0.49999927000946265	0.5000028727111686	
0.33345261032593126	0.9999441453214744	0.9997983820528038	0.49997873404284593	0.4999998753017786	0.49999950170294566	0.5000006867295758	0.4999986556532681	0.5000026160010309	
0.333826261172613	0.9995406493376107	0.9995394587216399	8.511764447844444E-4	0.49999902754150716	0.49999981203960486	0.5000018790859312	0.4999974537481539	0.5000033702919481	
0.33346666397456876	0.9999187614194477	0.5004536516591693	0.999550385757184	0.5000002392990918	0.49999981572449514	0.500000638071604	0.4999974942914482	0.5000035936846471	
0.3334875634278047	0.9999182761253005	0.5004681825179749	8.524152434776482E-4	0.5000005751444345	0.5000027020950103	0.5000007159753875	0.49999748997148086	0.5000030341149834	
0.33347457385928747	0.9999188207327888	2.815622082708054E-4	0.5383918114885129	0.5000006321422065	0.5000032568077722	0.5000007739940349	0.4999965676444353	0.500002878884898	
0.3338247780863343	0.5005979770998219	0.9986807375606199	0.9987356021057306	0.49999991125381493	0.49999944257592727	0.5000007465224053	0.49999745475388996	0.5000026171356455	
0.33355221560650267	0.5005877280122307	0.9995621061068414	0.0011172677206648263	0.5000006137639973	0.4999994851299061	0.5000007078435724	0.4999972783954475	0.5000026151623362	
0.3334499869983768	0.5003687542487344	8.041028482642654E-4	0.4993091474325212	0.4999990559697217	0.49999924431371884	0.5000013743392372	0.49999697735837356	0.5000030630182845	
0.3334341841066537	2.69451538298604E-4	0.7584474039023109	0.5029810097265469	0.5000006066875883	0.5000015715944736	0.500000715357151	0.4999991860189631	0.5000026870896825	
0.1671486985214525	0.9987754029420912	0.9994713194520081	0.9992949147445539	0.5000006764200526	0.4999998270665306	0.5000041687038927	0.49999742149882065	0.5000083755940152	
0.16714822878515784	0.9987735743096908	0.9994713180630072	9.717680998469944E-4	0.5000006784744087	0.49999974758572785	0.5000041683791128	0.49999740468732157	0.5000035194147122	
0.16717387343288612	0.998776141364723	0.0016945087626230038	0.48952209878649255	0.4999998577892195	0.5000027428914801	0.5000031909675973	0.4999991571852509	0.5000035086483556	
0.16756721528257693	0.005563977170220724	0.6667764762230366	0.5018476959397957	0.4999998969831601	0.49999981872660343	0.5000007597728483	0.4999970755413886	0.500002615271016	
1.7508692489232036E-5	0.8990001268691838	0.7554920835089327	0.5366232991072655	0.49999990938899486	0.49999959493700447	0.5000018023899475	0.49999871241899935	0.5000030431548755	
