0.9999933012214486	0.9999962600737256	0.9999999486290054	0.9999990341310616	0.5000000595869925	0.4999850993264426	0.499978583478967	0.5000332787864792	0.49997791918099355	
0.9999913276476252	0.9999963371460134	0.9999817572377109	0.833254649252946	0.5000000557758184	0.49998471427722313	0.4999788945869614	0.5000312096820325	0.49997358665075264	
0.9999765316614653	0.9999927409706062	0.9999812423836706	0.6667066199631038	0.499996585245925	0.49998479374219107	0.4999823716739317	0.5000311947019628	0.5000184425635402	
0.9999765316614653	0.9999927409706062	0.9999818373282746	0.5004624466420214	0.49999658576108236	0.499984767871961	0.4999823231579108	0.5000312167752593	0.5000184496140923	
0.9999915162659625	0.9999990392227444	0.9999981061446314	0.3333262587123427	0.49999741696994765	0.499983968860332	0.49997224299554166	0.5000346547640476	0.5000148996395016	
0.9999987614700376	0.9999945957869325	0.9999924746424572	0.16669190156831654	0.4999996477518804	0.4999841042612173	0.499981914540521	0.5000312507503399	0.5000162183518136	
0.9999849266991787	0.9999967898871922	0.999979022666213	4.970122056446754E-6	0.5000000307916159	0.49998452884146455	0.49998192582958284	0.5000311021588439	0.49997465402920244	
0.9999908861674456	0.9999964180747257	0.8334247074198259	0.9999880116484029	0.4999999466761298	0.49998384894640313	0.49998162537691215	0.500031226527225	0.499973526464228	
0.9999915360001151	0.9999927169568853	0.833340407739571	0.8000361343743027	0.49999653781701353	0.4999839166082242	0.4999823814888846	0.5000312170300341	0.5000207966591099	
0.9999911315732289	0.9999970486013436	0.8333436872234287	0.6000287007528792	0.4999989833191886	0.49998498725967033	0.49998212153766936	0.5000321052047209	0.5000172507651022	
0.9999881909229524	0.9999947348855817	0.8333310083022741	0.3999582352186408	0.49999979152416935	0.49998451193680205	0.49998242391942127	0.5000319509360043	0.5000146988190782	
0.9999759104210154	0.9999989604827615	0.8333353871437589	0.19996381399764007	0.4999996517057088	0.49998411128166903	0.4999819153917918	0.5000312139178498	0.5000161936341725	
0.9999809073273781	0.9999967849843457	0.8332120467772667	1.3663505105919443E-6	0.49999750624705086	0.49998431691841694	0.49997662472407806	0.5000311130296291	0.5000157354938167	
0.9999934383906425	0.9999998381241147	0.6666635788912092	0.9999996760363582	0.4999971678651362	0.4999841429895343	0.4999816595675052	0.5000311324071262	0.5000175804058666	
0.9999896185462263	0.9999986822982254	0.6666635548383201	0.749975855304976	0.5000042335234605	0.4999827322531786	0.49997828883692536	0.5000310199232697	0.5000117859864364	
0.9999999254193718	0.999995096504678	0.6666604762106374	0.4999929892698534	0.5000040339309662	0.4999848493403131	0.4999783927820499	0.5000310394361569	0.5000156517424386	
0.9999977307907819	0.9999953439534149	0.6666638607830102	0.25008303760498013	0.49999741632786576	0.4999832895714998	0.49998198450358783	0.5000317663395527	0.5000158020346196	
0.9999993261993686	0.9999945758981577	0.6666638254388656	1.3675043652648804E-6	0.49999750884075334	0.49998407310726034	0.4999821442842341	0.5000312682761067	0.5000152701462224	
0.9999997525472595	0.9999612189176625	0.5000330182250633	0.9997963308802088	0.49999920077685756	0.49998450014938467	0.4999818347938306	0.500032955340968	0.49997429826518597	
0.9999890559583724	0.999995049745546	0.4999869622942594	0.666670615668335	0.4999990505065482	0.499984066040584	0.49998035174148675	0.5000320882624028	0.500015603055055	
0.999997125089982	0.9999949421343275	0.5000094255337579	0.33328491325065296	0.49999741348979876	0.4999841844871211	0.4999816573342805	0.5000335082728291	0.5000138053052079	
0.9999875448068672	0.9999948973003385	0.4999399473726852	1.3154629355598755E-6	0.5000000382040882	0.4999726457382411	0.49997760583088396	0.50003330188018	0.5000158112044624	
0.9999991574610931	0.9999856692678221	0.33339380632630133	0.9999871354205185	0.4999973058431178	0.4999833527761037	0.4999813038583552	0.5000310691015077	0.4999742551767961	
0.9999929243483956	0.9999861317818313	0.3333724227460069	0.500243744844969	0.4999997046696059	0.49998335271555616	0.49998041696385975	0.5000310535476179	0.5000126380133296	
0.9999992012179314	0.9999986421228733	0.33339223924723743	3.7274739275191705E-5	0.49999729833700796	0.4999717792498055	0.49998208346336886	0.5000309922287748	0.5000144252167401	
0.9999924852586144	0.9999998723625317	0.16679192720109295	0.9994445607314315	0.49999696436059576	0.4999848727079151	0.4999813044401764	0.5000311468693441	0.4999746219122174	
0.9999551369181165	0.9999979601416387	0.16679177697105685	5.745842707563559E-4	0.49999820416447877	0.49998298809944136	0.4999806173579673	0.5000310650305755	0.49997393192768463	
0.9999990731190774	0.9999985019877426	2.574989658227981E-6	0.5642221866875256	0.4999997101422104	0.49998336208414335	0.49998063703909407	0.5000310665010362	0.49997446005239143	
0.9999997088865259	0.8333081166739569	0.9999991284797575	0.9999987780526943	0.5000000303200198	0.49998517997566644	0.4999820029780082	0.5000318326988794	0.49997742047138277	
0.999999593585452	0.8333080661616916	0.9999998683600488	0.8000051733676709	0.4999968049356112	0.49998493410029293	0.499981899472162	0.5000317585444267	0.4999786266575492	
0.9999999719901312	0.8333081075464914	0.9999992080209457	0.5999908548820027	0.4999965257326542	0.4999835046330478	0.49997860758505835	0.5000319040173076	0.5000184990491727	
0.9999994842896287	0.8333159898702319	0.999998261890306	0.3999772685145645	0.49999680493997767	0.4999849219574552	0.4999819320001809	0.5000318662009843	0.5000182368680007	
0.9999997545758549	0.8333455474714133	0.999971553266507	0.20009034312830742	0.5000000294091055	0.4999843015929245	0.4999820019133059	0.5000334664160951	0.5000199999538184	
0.9999848114210219	0.8333468948320173	0.9999901857409794	1.5059905247167733E-5	0.4999996349998155	0.49998430007635764	0.499982088399863	0.5000310864399388	0.5000188111013417	
0.9999968821527889	0.8333081168102277	0.7999995812304372	0.9999996707629684	0.5000000350326504	0.4999845386420713	0.49998158053918557	0.5000320195221172	0.5000126606231112	
0.9999976646004287	0.8333081309511648	0.7999999986875994	0.7499719884637088	0.49999907619820444	0.4999847094310803	0.4999819664307183	0.5000311318028923	0.4999757952686533	
0.9999975709033462	0.8333083310716765	0.799999744790564	0.49999465203264515	0.5000000209856301	0.49998513416311374	0.49998026121742634	0.5000312535910081	0.5000143504868328	
0.999991561753136	0.8333438772807679	0.8000248670259255	0.2500691721655996	0.4999999495408613	0.49998498344435394	0.4999820728514073	0.5000312933280834	0.5000173117605302	
0.9999862422513541	0.8333455467047443	0.8000113531244368	1.6197990619309443E-5	0.5000000784964262	0.49998406248774696	0.4999821347043	0.5000312948905671	0.500015537955468	
0.9999998101476507	0.8333035559042034	0.5999694397040075	0.9999866636420793	0.49999915528095507	0.49998450282211254	0.4999818080278812	0.5000329548305001	0.5000155613235359	
0.9999920900624987	0.8333045124831515	0.5999694397040009	0.6666857714546851	0.49999673967119007	0.4999844739758221	0.49998168363499546	0.5000311037260025	0.4999786378773244	
0.9999918506078701	0.8333045421832872	0.6000503041730899	0.3332830262073851	0.4999997727766189	0.49998220531603793	0.4999778713876229	0.5000308094079772	0.5000161569796338	
0.9999976832497803	0.8333049314400327	0.6000695443180375	8.902370994921144E-5	0.49999704460451394	0.49998428604885226	0.49998198215974454	0.5000308377757907	0.5000157945322653	
0.9999998620714741	0.8333053770248938	0.4000047737127966	0.9999788054804698	0.4999996615262754	0.49998455700022243	0.4999816139529814	0.5000321352322616	0.5000153824757638	
0.9999946906418465	0.8333533698557718	0.4000047519586492	0.5000458847703855	0.49999977735726714	0.4999833669038185	0.4999815454117902	0.5000310500911731	0.5000147556562933	
0.9999977211161045	0.8333505760907102	0.40001201532244623	3.00736351380913E-5	0.5000038617737496	0.49998443612028015	0.49998203135390196	0.5000321428029892	0.5000157458726774	
0.9999990755449542	0.8333049363741467	0.20001419634284262	0.9999697122435317	0.49999709740226056	0.49998292677195694	0.49998142271890816	0.5000332033122978	0.4999746693490427	
0.9999946669033627	0.833303819066968	0.20021968645354582	1.1552752654503618E-4	0.499999775959429	0.4999846517355427	0.4999816907717657	0.500031298380423	0.5000154820010778	
0.9999928784836563	0.833305190399107	1.2972689907875278E-6	0.9234604975235348	0.4999996210929112	0.49998333505630443	0.4999815570110545	0.5000309707139031	0.49997629484297296	
0.999993375798169	0.6665774158836808	0.9999996422891103	0.9999998698253294	0.49999825079265053	0.4999846641041194	0.4999818739225233	0.5000318267882209	0.4999757251859972	
0.9999926855635576	0.6667062009966983	0.9999855359789307	0.7499747285358255	0.500000070258459	0.49998457770550836	0.49998166128287586	0.5000304174618267	0.500021117915502	
0.999999762367799	0.666707889512994	0.9999620329848055	0.4999946474912876	0.5000000719163504	0.49998409956781603	0.49998048765943864	0.5000311120023154	0.5000225005369503	
0.9999989904708051	0.6667399673018715	0.9999715738503403	0.2500748417287769	0.5000000393545211	0.4999840270374454	0.4999818284934083	0.5000311092636843	0.5000163062452176	
0.9999881193305706	0.6667407695403061	0.9999776523220245	5.44706095531311E-5	0.4999999845277723	0.4999839437465983	0.49997700600352996	0.5000318778024978	0.5000160730516617	
0.9999922040348442	0.6665767574583497	0.75001852900919	0.9999946662375936	0.5000040105173982	0.49998259952191487	0.4999818927958203	0.5000310559597924	0.5000198001722074	
0.9999986554862212	0.6666904252287562	0.7500199901220954	0.6666916694891056	0.5000000434869383	0.4999844050004601	0.49997861378023045	0.5000312461911111	0.5000192891569488	
0.9999979859966434	0.6667400141753635	0.7499193639420264	0.333328598047296	0.49999679511996986	0.49998428471458733	0.499982080961874	0.5000310192991858	0.5000157949654189	
0.9999993397389859	0.6667400421678535	0.7500488209258471	1.1708679408606918E-4	0.49999996550242337	0.49998429004363554	0.4999820787576392	0.500031025667439	0.5000156864906841	
0.9999927345048824	0.6667041212146176	0.499988679405639	0.9999966195055499	0.5000039177163137	0.4999824197087779	0.49998196901421305	0.5000311030479389	0.5000180021357633	
0.9999996812281441	0.6667400509668855	0.49998637352681996	0.4999946288767151	0.49999887689207334	0.4999845077607058	0.4999819407396471	0.5000329469387618	0.49997423746308417	
0.9999831462617185	0.6666500976814769	0.5001436315993537	1.1753981879482556E-4	0.5000044092235164	0.4999847647272698	0.49998205657904854	0.5000312904913116	0.5000163201944993	
0.999997390101809	0.6667389691928653	0.2502600580768235	0.9994036271483697	0.499999665188693	0.4999840755248439	0.49998164032117387	0.5000320826923379	0.4999735959745977	
0.9999910266485499	0.666707579187766	0.2501940165168476	5.664805341665293E-4	0.4999982264915702	0.49998484730222714	0.49998063585642133	0.5000310256696777	0.4999765258674011	
0.9999912998919772	0.6667040819424953	6.938229711944281E-5	0.923230651533335	0.4999969636275827	0.499984034134365	0.49998041645260693	0.5000306029929269	0.49997654579903744	
0.9999964442560014	0.5000231059873433	0.9999731525613575	0.9999776246907371	0.49999907314957526	0.49998461681720624	0.49997820220845796	0.5000312690487593	0.5000191719610548	
0.9999987423614419	0.5000230995112294	0.9999879299567007	0.6665727222919479	0.500000432725344	0.49998501750427	0.49998175852437793	0.500030816953411	0.5000206278600833	
0.9999871449490919	0.500098727974118	0.9999986896524209	0.33327191413930624	0.4999995924352989	0.4999839437098872	0.49998206018418134	0.5000312980174139	0.5000163902954913	
0.9999871803852258	0.5001040755282739	0.999983622789612	8.772367117206514E-5	0.4999997309162728	0.49998417724015376	0.49997959075121295	0.5000308036202641	0.5000195379858631	
0.999998798923585	0.500022531749369	0.6666268699373364	0.9999773811150334	0.500000032268704	0.49998440610851963	0.4999816778292124	0.5000311203200141	0.5000200604429017	
0.9999586320292985	0.5000229547088317	0.6666158302912251	0.49951819311906537	0.5000001017202429	0.4999838855199889	0.4999817211712809	0.5000311079040984	0.5000183583770362	
0.9999872299432244	0.5000229547088317	0.6666292287376615	2.12460015753424E-4	0.4999996924730336	0.4999839818466621	0.4999816295068669	0.5000311079040984	0.49997492023900264	
0.9999705398248224	0.5001092476828756	0.33366645988093085	0.99941338274155	0.49999888750199784	0.4999846154735351	0.4999821071336821	0.5000309475810981	0.5000180147815289	
0.9999790412380305	0.500106770392816	0.3335087256906206	2.8820439257443153E-4	0.4999988524252876	0.4999846683932921	0.4999820681065446	0.5000309088002056	0.5000176779671723	
0.9999834173661375	0.5001093439082615	1.8437753483213637E-4	0.519864247675297	0.49999936828622094	0.49997339805260255	0.49998017514796483	0.5000312117283978	0.4999793576745032	
0.9999914864695248	0.33332956089575894	0.999991818472203	0.9999945314428654	0.5000004299029672	0.49998501751422775	0.4999782553653757	0.500031096971578	0.5000211902006546	
0.9999989531142162	0.33332958545285635	0.9999933212594063	0.5000061264623588	0.5000001985038417	0.49998500221848613	0.49998187721206844	0.5000311673807837	0.5000208977215248	
0.999989279086773	0.33341903915896176	0.9998342775160118	1.3748814079406581E-4	0.5000002025163796	0.4999839384753203	0.49997774968768677	0.5000332593030894	0.500018566762393	
0.9999979910663215	0.3333271529279908	0.5001072554559947	0.9998831613537256	0.5000000192160521	0.4999841781154994	0.49998035030508725	0.5000311196644166	0.49997454631486743	
0.9999979910663215	0.3333271529279908	0.5001072554559947	3.182862541031839E-4	0.5000000193741423	0.4999841542101561	0.4999803383111575	0.5000311631478722	0.49997453753884075	
0.9999797142657827	0.33340246194439294	1.4693280055046805E-4	0.5177841623490888	0.4999995439871651	0.49998423704308786	0.4999801597726176	0.5000311129418016	0.49997375766092056	
0.9999989895885791	0.1668548589879684	0.9994948035124414	0.9998350359551332	0.5000002159443186	0.4999844041543369	0.4999818754918853	0.5000333314209269	0.4999742187987568	
0.9999794362685155	0.16685495613896392	0.9994968526957813	2.862675395618607E-4	0.5000002176389187	0.49998389410747823	0.4999793465901817	0.5000334267149839	0.5000172903967145	
0.9999917203717924	0.16685936953234143	0.0010469899543135996	0.5380975218274163	0.4999995885351727	0.4999845531075345	0.4999819547999233	0.5000312823326156	0.5000162233960112	
0.9999995713751408	4.913723101629408E-6	0.9998428791771218	0.5228470353922688	0.5000002217365365	0.499985174922797	0.4999778872641551	0.5000310558253533	0.49997393457423567	
0.8333035085357902	0.9999998556068066	0.999993183941779	0.9999997935096786	0.4999982177070612	0.49998518369340933	0.49997848349480045	0.5000318306854734	0.4999778731182941	
0.8333581785135984	0.9999775651784844	0.9999967563222796	0.8000080863251579	0.5000000823916938	0.49998470118569277	0.4999786075109354	0.500031312845866	0.5000203139046069	
0.833357359713041	0.9999791952473714	0.9999964666884161	0.5999912574800532	0.49999743558753246	0.49998350867796704	0.49998232247550295	0.5000312627115603	0.5000166893108515	
0.8333590426262709	0.9999790496250618	0.9999919798026135	0.3999760419850312	0.5000001382359459	0.4999850557929294	0.49998207260311944	0.5000311102701057	0.5000193160630505	
0.8333602943589549	0.9999788820785148	0.9999661542057207	0.19999844588039206	0.5000001286202242	0.4999839446982575	0.49997289204218703	0.5000318887619274	0.5000182684202463	
0.8333000846921466	0.9999967670952002	0.9999786446257274	8.845843705982651E-6	0.5000000307616023	0.49998452924152303	0.4999819260947445	0.5000311039357972	0.5000108046162045	
0.8333111917949122	0.9999998642813723	0.7999999862362983	0.9999999441192666	0.5000000822277917	0.49998470052551564	0.4999817921168611	0.5000319903688428	0.5000204824539809	
0.8333581188770288	0.9999791934447358	0.7999995577468005	0.7499718969833895	0.500000105269137	0.4999842733147513	0.49997862928645176	0.50003121189571	0.5000143001210744	
0.8333585407779813	0.9999947273012237	0.8000021157154499	0.4999948165049465	0.5000002129591844	0.4999848482637581	0.4999803466782391	0.5000320604458928	0.5000167822908622	
0.8333027042231129	0.9999930878472568	0.8000248135068962	0.2500828561414385	0.4999998059477247	0.4999840957028807	0.4999820269954713	0.5000310038525979	0.5000167098247101	
0.8333026261663569	0.9999967353354987	0.8000262499336072	7.152160906135223E-6	0.49999979340399714	0.4999845118465316	0.4999821206729419	0.5000332876248659	0.5000155806764458	
0.8333511437097091	0.9999949976314226	0.5999692636604828	0.9999829696160878	0.5000000764682444	0.49998382765789784	0.49998190781043655	0.5000312256318998	0.49997799867783477	
0.8333510836191883	0.9999835395630303	0.5999578754933252	0.6666597248519243	0.5000000587819394	0.49998417625984554	0.49997856071406016	0.5000312242065955	0.5000183333595359	
0.8333010541346603	0.999983944610197	0.5999682566034213	0.333285208978253	0.49999982007801047	0.4999848460938244	0.49997798207807637	0.5000334590096093	0.5000190194816679	
0.833347686158701	0.9999991919158261	0.5999590936471988	1.3094113930454914E-7	0.49999931320660695	0.4999847738003182	0.4999791361635378	0.500031240718095	0.4999775607658969	
0.8333511968411667	0.9999968176212877	0.4000041946423139	0.999978547308805	0.5000000807217592	0.4999841588300895	0.4999816038194381	0.5000320975885552	0.49997264550959847	
0.8333503115098	0.9999828776245812	0.4000047533511785	0.5000477304902443	0.49999709437029466	0.49998478692112613	0.4999804177579766	0.5000310616241485	0.5000168563117203	
0.8333008281925623	0.9999931673281801	0.4000426685023213	4.408639588476815E-5	0.49999998701170656	0.49998391185598084	0.4999805811821659	0.5000310006730078	0.5000156094358592	
0.8333514453712767	0.999999779215715	0.20023569567831728	0.999221357091466	0.4999969679192395	0.49998483229511875	0.4999804900440591	0.5000311858787277	0.49997463776065293	
0.8333514427842732	0.999958969705689	0.2003514613012563	8.398373056590271E-4	0.49999643339378147	0.49998475606015624	0.4999804562617463	0.5000311129490462	0.500020552859669	
0.8333507718338157	0.9999888758526229	3.060822611233309E-6	0.4439454070855658	0.49999709430219874	0.49998298591977847	0.49998047333994167	0.5000310618096325	0.5000169270603577	
0.8333035698411947	0.8000135159307619	0.9999965175859536	0.999988793673127	0.49999906333747807	0.4999835165441348	0.49997870771677133	0.50003212448891	0.5000172063470416	
0.8333564118939915	0.800013795037858	0.9999763825580045	0.7499718987085515	0.4999999203781708	0.4999838589215988	0.4999820061483031	0.5000318429001018	0.5000147890683289	
0.8333581185326892	0.8000142042739881	0.9999753065635462	0.49999606027121885	0.4999998314703685	0.49998426440534016	0.49998209823732015	0.5000312115709327	0.5000143443336378	
0.8333771621321383	0.8000111921830159	0.9999719865742388	0.25007046559968993	0.499999741255151	0.4999842874990295	0.49997838649226384	0.5000310051784395	0.5000168727738677	
0.8333000847390941	0.7999786319210851	0.9999953474865391	3.1478365179480526E-6	0.500000034780596	0.49998433862909714	0.4999818570564695	0.5000311350530221	0.5000156840727747	
0.8333143660168693	0.8000223151759984	0.7500143251244995	0.9999783481327065	0.4999975459083863	0.4999839233498171	0.49997861318052705	0.5000319813568602	0.5000147124474302	
0.8333581053801623	0.8000130476214862	0.7500142681833665	0.6666488373680712	0.499999573570989	0.49998442427478335	0.49997862690193823	0.5000317590399025	0.5000149746094241	
0.8333564108045115	0.7999884325819042	0.7500294602618278	0.33327481925418145	0.49999994688898747	0.4999849750375544	0.49998200399218584	0.5000313003817708	0.500016090144452	
0.8333002078592376	0.7999785994824234	0.7500236851577444	3.11753169429548E-6	0.4999996263545604	0.49998394281260944	0.4999802005335861	0.5000310959052989	0.500016228758041	
0.8333532756245599	0.8000158619579256	0.5001654243418733	0.9997622949930833	0.49999956210675545	0.4999841889054183	0.4999816492558749	0.5000320440254056	0.49997568884100596	
0.8333533825278235	0.7999884239583434	0.49998676105677314	0.49999030482123563	0.5000039210158854	0.4999845164284733	0.4999819595289579	0.5000329925834646	0.4999798262286857	
0.8333498602049113	0.7999885098355579	0.49993998646522814	2.3939331336176055E-7	0.4999975553668991	0.4999847721635987	0.49998063110722135	0.5000310288442439	0.5000200199188028	
0.8333512150693055	0.7998454697819418	0.24999516622988122	0.999981120614483	0.49999994047100793	0.4999839229056295	0.49998181778176626	0.5000311407545293	0.5000154841248626	
0.833352557793661	0.799988502909885	0.2500315060932258	3.4423442539283246E-5	0.4999992239198226	0.4999840552799035	0.4999806400446869	0.5000310187667941	0.5000200507498747	
0.8333518999739448	0.7998745420558803	4.13368864875798E-6	0.500333749407811	0.49999928646795216	0.4999847866786453	0.4999816133179174	0.5000311059653333	0.5000167954927225	
0.8332916103185244	0.6000471195843398	0.999974445033163	0.9999669166189676	0.49999641043362664	0.4999851370443434	0.4999821638137775	0.5000318176377117	0.5000165880147774	
0.833358719803349	0.6000068052613694	0.9999743920560529	0.6666503543876346	0.49999956325337314	0.4999852357898745	0.4999820777912169	0.5000312530334139	0.5000209311884217	
0.833370461694316	0.6000463698690273	0.9999745711208439	0.33338856354089863	0.4999996931097639	0.49998368772569085	0.4999820796979108	0.5000311068158192	0.5000196161549754	
0.8333498780842644	0.6000616930868801	0.9999661566285362	6.197988926443318E-6	0.5000001449813262	0.4999841039872732	0.4999801314963278	0.5000319113791	0.5000182701719174	
0.833362082585192	0.6000067214377376	0.6666687907386727	0.9999800485893257	0.49999902617074976	0.4999828093409039	0.4999785334373395	0.5000311222806892	0.5000225239098085	
0.8333619017782059	0.6000068167681172	0.6666147221635385	0.5000623414428034	0.4999990277165647	0.49998526975055213	0.499981774589208	0.5000308973408913	0.49997915254289804	
0.8333499834895989	0.6000121817617925	0.6666289850890549	6.2032161333145145E-6	0.4999966732265439	0.4999826745231149	0.4999795841272116	0.5000307916754393	0.5000197814045346	
0.8333623420046739	0.6000495379908138	0.33335567022020307	0.9999852908957295	0.49999905998561306	0.49998455700010247	0.4999817249298104	0.5000312507508323	0.5000168853264214	
0.8333471317554153	0.6000626134594454	0.3335138491385833	3.3598895247416053E-4	0.49999706405115424	0.49998418097959213	0.4999820035040142	0.5000312302820423	0.5000124138895049	
0.8333626017235497	0.6000569104688435	1.5465591349676105E-4	0.500330766205135	0.49999709219873084	0.49998478208926783	0.4999819387264884	0.5000312360210033	0.5000124148693388	
0.833314150758112	0.40002614271362846	0.9999731488071855	0.9999780464470365	0.4999997421908839	0.49998398173392605	0.4999777838836665	0.5000332569968499	0.5000179250840913	
0.8333494372485031	0.40004206515140023	0.9999727426083007	0.5000107822749543	0.5000001563949712	0.49998528006698095	0.4999777837362838	0.5000312981792963	0.5000163767965972	
0.8333719728978234	0.4001142472501103	0.9998293194361098	1.3928157559566E-5	0.5000002013132315	0.49998418765786234	0.49998167012632466	0.5000318409120543	0.5000222180140554	
0.8333141492268228	0.40002612913462743	0.500110142598364	0.9998344618409567	0.4999989715937429	0.4999841885344591	0.499981469193629	0.5000311360553682	0.5000179929661654	
0.8333719500633778	0.4001114356812235	0.5001101428345569	3.692211261102775E-4	0.5000002264613078	0.4999841843403636	0.49997826785766664	0.5000308162772307	0.5000237989840558	
0.8333497399258823	0.40011144183413977	2.6274308708057925E-4	0.4995369794650872	0.499997539708166	0.4999838885818759	0.49998157365145857	0.5000333096494356	0.49997393305144777	
0.8333502532217638	0.20015170419428865	0.9996490612678832	0.9998284259500003	0.5000003869442697	0.49998367593903226	0.49997778553900113	0.5000318111733084	0.49997414444341715	
0.833370449757533	0.20015622973447877	0.9996682648124079	2.6987587513761183E-4	0.500000382737682	0.49998458624859	0.4999783790614741	0.5000311792640348	0.49997248412174794	
0.833372096664867	0.2005394419068817	0.003147197172120475	0.47790492752249314	0.49999760497821283	0.4999838835503683	0.49997844956258247	0.5000312112396521	0.5000166290380472	
0.8333210659811814	1.4989944387977516E-6	0.6865007024079752	0.027054348212498053	0.49999955232800014	0.4999851772523504	0.49997943397178424	0.5000319547139661	0.49997420608956394	
0.6666691761418276	0.9999903394753156	0.9999978138370543	0.9999983725187904	0.5000000981273326	0.4999839194075796	0.4999785446335164	0.5000321172658698	0.49997277103440085	
0.6666768807127843	0.9999011849292653	0.9999428797180082	0.7499746732176676	0.4999989496923337	0.4999849744848482	0.49998191785757395	0.5000329238395005	0.49996843902136134	
0.6666819656471759	0.9999779022810292	0.9999944012833444	0.5000838308390586	0.4999998073960864	0.4999836663566454	0.49998201869526454	0.5000321058155017	0.5000148255175718	
0.6666817674290614	0.9999903313561527	0.9999886794329029	0.25006985639082113	0.49999981062427457	0.49998399412362665	0.4999821163588726	0.5000310966608447	0.500014779727943	
0.6666749597597635	0.999996994025209	0.9999844400210018	1.4115435754264482E-5	0.5000000254823902	0.49998249999252514	0.4999819007517536	0.500031139121078	0.5000158202787238	
0.666691634816969	0.9999779082885462	0.7500143207071319	0.9999586886935419	0.5000000719311111	0.49998434928284946	0.4999818881942716	0.5000311331112223	0.5000178484150377	
0.6666904425671893	0.9999877194337911	0.7500149162969203	0.6665480306945846	0.5000000791914528	0.4999836685706056	0.4999819867093982	0.5000320952978442	0.5000178466760387	
0.6666750182059377	0.9999950593364513	0.7500217349170294	0.33341020898843987	0.49999725397675643	0.4999843266419047	0.499981991209546	0.5000311243622638	0.5000154830039983	
0.6666751593077702	0.99999101989653	0.7500217348037167	1.4068656020098234E-5	0.4999975272347972	0.4999842613783454	0.4999787738772928	0.5000311421893826	0.5000156386930253	
0.6666902826181618	0.9999634030883405	0.5000333059098827	0.9997965117088747	0.5000001887753484	0.4999842880045285	0.4999819468826365	0.5000311830284448	0.4999742978166806	
0.6666683623764802	0.9999952161952034	0.4999972687410424	0.5000456891020557	0.499997507085137	0.4999839638494111	0.49998018427383173	0.5000306691594847	0.500019987329533	
0.6666662548895627	0.9999621789237637	0.5000302476204697	3.5278895193142186E-5	0.49999699894290284	0.49998221538269916	0.4999791098649047	0.5000311059683965	0.5000244795888683	
0.6666707929194997	0.9999855359842278	0.2502914560869353	0.9997050657122996	0.499999345259774	0.49998384616272806	0.4999804679056417	0.5000310889783699	0.49997784274406815	
0.666726030136053	0.9999762658891783	0.2502929268500201	7.177750490127238E-4	0.49999916215787926	0.49998479540498664	0.49997808795743603	0.5000310974684808	0.5000205852106835	
0.6666691498008203	0.9999903980828337	3.656854289843829E-6	0.999655255932433	0.4999982884618331	0.49998417333765116	0.4999787959670686	0.500031129839497	0.49997647080999724	
0.666687178740689	0.7500270334134754	0.9999740876917054	0.9999785032183937	0.500000064864284	0.4999843844936265	0.499979018957527	0.500031885677072	0.5000128277939259	
0.6666743374086879	0.7500269035857579	0.9999930526822877	0.6665576966161898	0.5000002254683972	0.49998424271811387	0.49997904059498377	0.5000311333184172	0.4999772460496304	
0.6666657290309445	0.7500285485992884	0.9999755673958776	0.33335668562727644	0.4999974402956562	0.49997274638988964	0.49998186745602574	0.5000310773189293	0.5000158649500723	
0.6666658054781098	0.7500606740421732	0.9999620658943287	6.225957177066251E-6	0.5000000796314639	0.4999826753021179	0.49997503776640434	0.5000307898593461	0.5000208238281791	
0.6666740731185425	0.750027404541343	0.6666146164188991	0.9999864830666184	0.5000003477878329	0.49998273707830077	0.49998167814879463	0.5000304367420106	0.5000213320730812	
0.6666674796824471	0.7500286604762317	0.6666712466179885	0.5000344928650752	0.4999990848966068	0.4999842366776539	0.49997911223243363	0.5000308312479809	0.5000139673211895	
0.6666930108493264	0.7500285456256484	0.6667149647419659	7.72797916939421E-5	0.49999744946782726	0.49998476985040363	0.4999806478781728	0.5000310256543137	0.5000200284498255	
0.6667111039534644	0.7500290976203499	0.3339556909743852	0.9995969077685061	0.5000002779326068	0.4999838748338151	0.49998208451557224	0.5000311372058998	0.5000180604183877	
0.6669091782415523	0.7501618135134844	0.33395568481015653	0.002361623536952965	0.49999972462034087	0.499983875405369	0.49998045366834326	0.5000311367839825	0.500016960684156	
0.6666636397906721	0.7500731544265477	7.721155768522212E-5	0.5191670730510419	0.4999970933566315	0.4999834870271058	0.4999803965836327	0.5000305970971044	0.5000146978839308	
0.666691494717589	0.5000395014934709	0.9999888593754253	0.999966273930267	0.49999987671869456	0.4999852393272735	0.4999740247250666	0.5000318157024446	0.4999725218399972	
0.6666923902300824	0.5000973819409273	0.9999023930735804	0.5000110683111741	0.49999971233761453	0.49998386660227195	0.4999821058275706	0.5000311085160413	0.5000195287787623	
0.6666928177236893	0.5000975134069375	0.999904650114863	8.358674841458898E-5	0.49999982026161105	0.499984976807879	0.49998185332562595	0.5000313009834264	0.5000234267320475	
0.6666674988656991	0.5001069033524891	0.5001359450961976	0.9996410422592883	0.5000000815839747	0.4999850083758757	0.4999791022184989	0.5000308312095549	0.5000172427031074	
0.6666714000953489	0.5000885104309356	0.5001354289317619	2.1889730689415987E-4	0.4999973784835278	0.49998387243362574	0.4999782567078637	0.5000312167216479	0.5000213638756649	
0.6666718886235461	0.500104543529904	1.6985503602228954E-4	0.5034995918185432	0.4999996901359972	0.49998469999049067	0.49998203234309047	0.5000311743372099	0.500018978967289	
0.6666956144537585	0.2500242786223622	0.9999011956306182	0.9999845132003186	0.4999981698098662	0.499985245588539	0.4999786320487935	0.5000308643964867	0.5000197259819561	
0.6667068517169924	0.25047418005035255	0.9990776828143572	0.0010970194061172588	0.5000000361981922	0.4999850071638	0.4999803286010736	0.5000311637063546	0.49997254965016075	
0.6666928598066304	0.2501422580371576	4.44992083915843E-4	0.3945698638352261	0.4999975665071648	0.4999841958423862	0.4999739487490431	0.5000309200458787	0.49997395807110934	
0.6666673433240885	6.236822490679472E-6	0.4913623695191715	0.9830439989538633	0.5000001089084544	0.49998458625416997	0.4999797410138484	0.5000311809709588	0.49997544455253623	
0.5000290334603957	0.9999243975851743	0.999971952518078	0.9999655321997838	0.4999970796944997	0.4999825287522515	0.4999790742826893	0.5000305784107085	0.4999764292773396	
0.5000296608426446	0.9999834426535033	0.9999851109181822	0.6665570414274372	0.49999999198171596	0.49998253775114915	0.4999784384272107	0.5000310048626658	0.500018676206641	
0.50003366261367	0.9999831043509585	0.9999952724856115	0.33322938957342596	0.5000001990836633	0.49998365145397156	0.49998048727912064	0.5000312264891763	0.5000145504081899	
0.5000340739757726	0.9999909901382072	0.9999780178695683	4.525329711961141E-5	0.4999998626388418	0.4999841713327767	0.49997828127376126	0.5000311025828538	0.5000205787483705	
0.5000267691580453	0.9999851121299567	0.6666710913504788	0.9999896759227416	0.4999990439548686	0.49998388740061206	0.49997801217985893	0.5000316570787288	0.49997384219200797	
0.5000145191268635	0.9999833712611882	0.6667140627543656	0.5000248757344891	0.49999990624319984	0.4999842999514535	0.49997871562327806	0.500031227046232	0.5000180814643527	
0.5000146206541495	0.9999760969013374	0.6667140627866794	4.696202051598376E-5	0.4999997161369605	0.49998350514743367	0.4999795182707766	0.5000310966066325	0.5000202135662423	
0.5000337867852406	0.9999908817464631	0.3335146235996397	0.9996621126783599	0.500000064797655	0.49998438147991175	0.4999804965731588	0.5000311071267999	0.4999764234648156	
0.5000728821732587	0.9999762668238357	0.33369888303254874	9.8792932789815E-5	0.4999991573297471	0.49998476606157527	0.4999783254743313	0.5000309801743522	0.5000202438447277	
0.500033689682392	0.9999838167708938	5.626974856509648E-5	0.03010075513648819	0.4999989567193713	0.4999835298080251	0.49997879608509394	0.5000311175980149	0.500014907768019	
0.5000146514149525	0.666690902219793	0.9999959988488406	0.999966611729366	0.4999980856116794	0.4999836843765311	0.4999787877827424	0.5000317490349285	0.5000175292002949	
0.5000293172183223	0.6666908252142997	0.9999920202625813	0.5000031574424356	0.5000002018110161	0.4999836603886523	0.4999804840503978	0.5000311085215534	0.5000180947004759	
0.5000303969309169	0.6666895833362007	0.99996973027269	5.882442654730931E-5	0.49999971428535683	0.4999834952294274	0.49997936924338227	0.5000311029513844	0.5000159389664005	
0.500014298843534	0.6666887278653256	0.5000962941598984	0.9998527707449301	0.5000001684300426	0.4999825860100472	0.49998040587111275	0.5000311409607363	0.5000139666925771	
0.5000155970641458	0.6666885066505094	0.5001099712329838	7.255120905429086E-5	0.49999771435839047	0.4999837450928263	0.4999784137656236	0.5000311416088089	0.5000190648152409	
0.4999112570289483	0.6667545542433654	5.436754887426086E-5	0.49691661447232294	0.500000460466032	0.499982827212522	0.4999804366509727	0.5000313153425581	0.5000205337760499	
0.5003071552793877	0.3342770631009795	0.9990613801516812	0.9977923263194277	0.500000036181618	0.499984223604056	0.49997828303228753	0.5000311219611617	0.500017226260454	
0.5004342578143219	0.33428684525427776	0.998392246743572	0.0013007339192754796	0.5000003183546897	0.49998375138844203	0.49997929667667346	0.5000310741542687	0.5000230762544161	
0.5000259314103936	0.3335062847493425	2.801420379028278E-4	0.5012125981100739	0.5000003781940842	0.499984115930067	0.4999791451209512	0.5000311575161285	0.5000160764029641	
0.5000148889834884	2.071098925077782E-5	0.9139660998503812	0.5190930292386091	0.5000003839449102	0.49998477561685273	0.4999784627607242	0.5000304823581864	0.49997441065097703	
0.3335760133961699	0.9997540458859896	0.9997830297124617	0.9995716275788762	0.49999871946313534	0.4999835516424072	0.49998063487595895	0.5000306082963059	0.5000184496622798	
0.33333422918195327	0.9999914158895045	0.9999806218491951	0.5001312899113278	0.49999985867590424	0.4999829969445868	0.49997851311635605	0.5000311196567665	0.5000269478668674	
0.33331399365598824	0.999990911157341	0.9999999087814322	3.299361357084867E-5	0.49999821893985563	0.49998411506263163	0.49997828157451707	0.5000309927807749	0.500019454129522	
0.33357303598907323	0.9999952224900076	0.5004400378158096	0.998337039506761	0.4999975764314916	0.4999826362026775	0.49998061773581937	0.5000306521146674	0.5000202616130565	
0.3335730183316109	0.9999804358206391	0.5000567440374111	5.258534457250007E-4	0.5000000806318545	0.4999841715900046	0.49997843729675917	0.5000311232323346	0.5000202770167925	
0.33332376133802233	0.9999901257109466	1.3814000049738873E-5	0.46824186109068017	0.5000003454184757	0.4999828262897961	0.4999809301389618	0.5000312980744143	0.5000258542639274	
0.3335799368458723	0.5017911441148178	0.9993724008934529	0.9977882655078496	0.49999739975931	0.499982587947052	0.4999803890122664	0.5000306400342036	0.4999780189732547	
0.3331614260433784	0.5001629871130014	0.9999997870142543	4.531162776314576E-5	0.4999971026840341	0.4999834816948445	0.4999804115860322	0.500031178916802	0.5000210362898693	
0.33334448311332976	0.5001626763524514	7.633248893149891E-4	0.06054711204390695	0.500000072346545	0.49998302986039106	0.499978444352134	0.5000311219177159	0.5000214893682753	
0.33357241504397767	7.578081483678843E-4	0.5021284949533057	0.46193696854549704	0.49999873193304983	0.4999826111097296	0.49998056425513004	0.5000306393223737	0.4999727826724993	
0.16720764795399465	0.99815671770538	0.9993732071640546	0.9995707464131925	0.49999879332655406	0.49998417157290403	0.4999718902450369	0.5000311410490476	0.5000162228164902	
0.16720764795399465	0.9988434782106349	0.9993697174928546	6.714274004994136E-4	0.49999968844712556	0.49998419688750784	0.4999809206793361	0.500031140683411	0.5000175305501022	
0.16720764795399465	0.9989190554421119	0.001479193184964922	3.297664900208481E-5	0.4999981695270193	0.4999842057613704	0.4999804444602754	0.5000311363819332	0.5000195637162357	
0.1672073104582824	0.0020868929626406667	0.5000704384855182	0.02067249565110965	0.500000218039337	0.4999825860978707	0.49998033274983894	0.50003113680718	0.5000168014944677	
5.8572729880024266E-5	0.993059823058981	0.3041050076431009	0.9838046679752747	0.4999997193330026	0.4999828326898388	0.4999805879665522	0.500031744654777	0.5000175307983336	
