0.9999930800635011	0.9999970408912019	0.9999859198164327	0.9999982570743273	0.4999875285616241	0.5000029880986674	0.49999991874403477	0.4999942502093095	0.5000632614080732	
0.9999931271663953	0.9999963027018341	0.9999946033492351	0.8333128028215102	0.49998838013622093	0.49999961904087736	0.4999997721478018	0.49999398319205196	0.500061976871527	
0.9999934065122422	0.9999549937334672	0.9999975703290352	0.6664077942105344	0.49998825431935817	0.5000005512825225	0.5000003050766819	0.4999935769624674	0.5000632384793958	
0.9999987509616957	0.9999988687017592	0.99999862322305	0.49999536757499097	0.4999887391749808	0.5000002775908535	0.49999949229961815	0.4999941288355655	0.5000622391530835	
0.9999937659828351	0.9999781647718928	0.9999820546319736	0.3335107122713438	0.49998827242895677	0.49999911273366243	0.4999999381073331	0.49999402891324785	0.5000622354375059	
0.9999988644135713	0.9999653326991432	0.9999838435411054	0.16679043407278915	0.4999880012850106	0.5000003027459595	0.5000004488340505	0.49999342438186567	0.5000622189134047	
0.9999971478128494	0.999992905735348	0.9999999429453618	7.728171742033771E-8	0.49998740161481486	0.49999947358353186	0.5000001733128181	0.49999429299219417	0.5000631322130276	
0.9999945776857012	0.9999993043484527	0.8333691416277728	0.9999799949820929	0.49998787658099136	0.49999989010071527	0.49999981729441556	0.4999943572552742	0.5000622459037549	
0.9999878179532419	0.9999991200255375	0.8333691430469045	0.8001236446089702	0.49998825927601376	0.5000014494295999	0.5000001063014592	0.4999935893255632	0.5000621581709807	
0.9999955786279416	0.9999993038526286	0.8333691416454548	0.599893744609556	0.49998827169746823	0.5000005114957281	0.49999993690447964	0.49999396122812356	0.5000622044559295	
0.9999874274948704	0.9999785005339116	0.8333749346634535	0.3999689950226798	0.4999880301921522	0.5000006981682202	0.5000003289334044	0.49999416457625295	0.5000622424866513	
0.9999969794802676	0.9999866023271905	0.8333348805203276	0.20006785179015305	0.49998873024719076	0.5000002968638714	0.5000002586172365	0.49999401711366537	0.5000622423101742	
0.9999966946017537	0.9999864154951994	0.8333285239277429	4.830451939927429E-6	0.49998730158391946	0.500000814231868	0.5000002184156	0.4999940958041391	0.5000621315593787	
0.9999945791256376	0.9999574696967471	0.666699614072812	0.9999759008103626	0.49998792672782516	0.5000006950700134	0.49999982527252923	0.4999944216813664	0.5000641934897668	
0.999992980483918	0.9999997204224287	0.6666980625219989	0.7499275394308054	0.49998849627516356	0.5000003244646802	0.5000007611949848	0.49999442420353946	0.5000631989942842	
0.9999880241650003	0.9999600369681244	0.6664001516868953	0.49999540635309664	0.49998842288590944	0.5000007864139623	0.500000116153576	0.49999411893191975	0.5000630090104191	
0.9999812860865516	0.9999944675527476	0.6666445477653786	0.250027383446199	0.4999865181088001	0.5000003159016886	0.5000004389120342	0.4999926425402513	0.5000630280277083	
0.9999812789599076	0.9999781671516758	0.6666445477653786	1.6778845391812736E-4	0.49998827287550573	0.5000013445948424	0.4999997875553194	0.49999405729189006	0.5000630463295094	
0.9999876269948506	0.9999938250567187	0.5000964256609786	0.9998509325598096	0.4999874708559503	0.49999962481375315	0.49999980226465746	0.4999939241782725	0.5000642133874295	
0.9999896148800028	0.9999996842185288	0.5000266579203355	0.6666150456674593	0.4999881172929158	0.5000002610191113	0.5000007696869992	0.4999941151488508	0.500063384715863	
0.9999933179938214	0.9999828930379435	0.5000566912013972	0.3333107407897825	0.49998890287598097	0.5000024758190701	0.4999998458541717	0.4999925427290103	0.5000622895960243	
0.9999973493912517	0.9999944975696494	0.5000203082855765	2.4068965248451047E-5	0.4999875150046857	0.5000014968076565	0.49999911114087003	0.4999941196333393	0.5000633353396352	
0.999993755128506	0.999999174342487	0.3333377640551402	0.9999891627801569	0.4999882554031925	0.5000010231797912	0.5000002856968017	0.4999939583276908	0.5000634266833448	
0.9999956430095611	0.999998168549085	0.3333689372034027	0.5000355740002805	0.4999881538646342	0.5000002767867732	0.5000008325724418	0.49999392468724274	0.500063385319986	
0.9999955055917206	0.9999979591466438	0.3333749910226421	8.750003114604501E-5	0.4999882078667108	0.5000028727247606	0.5000007777498745	0.4999942775905967	0.5000632240737894	
0.9999782510710747	0.9999876237848287	0.16673391962509737	0.9999855539868978	0.49998628209381407	0.5000003836018878	0.49999819631412923	0.4999929720262117	0.5000630253605708	
0.9999887721159914	0.9999957707130782	0.16676858806208741	1.8346735986629983E-4	0.4999873535032356	0.500000378649401	0.5000008633852308	0.49999361410208104	0.5000634135666637	
0.9999974128911016	0.9999950075404413	2.3262241788113425E-6	0.5357514327946711	0.49998826939567165	0.500001706855578	0.4999995719217077	0.4999935921281275	0.5000618334950592	
0.9999948713953393	0.8333246825087023	0.9999997856430275	0.9999996020328332	0.4999884895314567	0.5000013690556107	0.4999997724686596	0.49999398837340564	0.5000620634288393	
0.9999929570397199	0.8333549815802027	0.9999870863210292	0.7999903558605543	0.4999888024919105	0.5000000432764379	0.5000008350873874	0.49999435505964435	0.5000620864481421	
0.9999937747191485	0.8333040287522706	0.9999772275405417	0.6000174954061877	0.49998836061853275	0.5000019073913633	0.5000008354184841	0.49999435580628365	0.5000621901458765	
0.9999974837023697	0.8333648668918554	0.99999554263261	0.39997190321291093	0.4999886506498087	0.5000012029564055	0.4999994919051961	0.49999340544045795	0.5000633900869804	
0.9999970803559938	0.8333240125992526	0.9999999071931924	0.20001682590039296	0.4999874355058007	0.5000007764516229	0.5000003243381653	0.4999942017017518	0.5000631440909081	
0.9999969398470931	0.8333602697336312	0.9999813389345531	4.830444003299313E-6	0.499988248963672	0.5000003448096696	0.4999999336808662	0.4999940956638943	0.5000620866450305	
0.9999948862413196	0.8333246841604018	0.799991042686888	0.9999996600864232	0.49998848956921604	0.5000003375400691	0.5000000261791774	0.499993990960303	0.500062204240259	
0.9999972971676491	0.8333068292534306	0.7999910426887569	0.7500248538295404	0.49998837361052173	0.5000006266772877	0.49999982069344073	0.4999935529815335	0.5000621823311292	
0.9999996740475059	0.8333250923587092	0.7999910314425871	0.49999537096404073	0.49998830314749787	0.500001978302071	0.4999994717451763	0.49999413271450627	0.5000631653931734	
0.9999971286982998	0.8333255850767001	0.7999926966120319	0.2500288902544169	0.4999887428020478	0.5000014964118397	0.49999945939667645	0.49999402827812084	0.5000622301622722	
0.9999957053665651	0.8333071196824454	0.7999907441022361	2.0901477524447445E-6	0.49998864308861923	0.5000012053655226	0.4999994232080723	0.49999429187789957	0.5000620784070036	
0.9999945781413401	0.8333223170290457	0.6000513833222769	0.9999944473247983	0.4999879971709317	0.5000008823744728	0.4999992295146133	0.4999924342108127	0.5000641826618235	
0.9999937277537498	0.8333250885979614	0.5999662803418604	0.6666982721556186	0.49998629278559986	0.5000008802832314	0.5000006925961871	0.49999445325375863	0.5000631695057546	
0.9999972114904144	0.8333070730264497	0.59996565734686	0.3333408796037568	0.49998865420800487	0.5000019665410576	0.49999941722186636	0.49999411715345815	0.5000630080942973	
0.999999094343259	0.8333064912915468	0.599964934502116	1.8431003512103312E-4	0.49998750802495884	0.5000008283634005	0.4999963209553194	0.49999410566228525	0.5000630215138113	
0.9999876388709704	0.8333244787017461	0.40003880155885485	0.9999351248738443	0.4999881437290203	0.5000003258943068	0.5000008308757198	0.4999941794812773	0.5000642660109835	
0.9999939353895269	0.8333395734860399	0.40003880249924145	0.4999401554927936	0.4999883321923943	0.500000274941395	0.49999493111516036	0.4999935981166028	0.5000623041989473	
0.9999991929610508	0.8333088644888563	0.40003909160064505	1.7644693434764866E-5	0.49998827961268366	0.5000003203545177	0.49999773227428346	0.4999939753486596	0.5000631591861509	
0.9999935407572278	0.83331164079636	0.20007764165648562	0.9997944443084064	0.4999882396561451	0.500000370619631	0.5000008708644457	0.4999939498410296	0.5000633658411424	
0.9999924421176981	0.8333092209353977	0.20012245894002492	5.215069226657833E-4	0.4999881593784669	0.4999991278887891	0.49999933207667246	0.49999393275281917	0.5000634361767524	
0.9999989976806251	0.833339095081794	8.308164115865982E-6	0.5294029214305512	0.49998815742357533	0.500000360069888	0.5000002721779743	0.49999393571608214	0.500063368470052	
0.9999944477128131	0.6666563848287271	0.9999999838210756	0.9999998250638219	0.4999885222632757	0.4999994815497005	0.4999997748405638	0.49999422490380996	0.5000642894762088	
0.999994138946501	0.6666549047720054	0.999999964698679	0.7500303816842092	0.49998330527681956	0.5000005771124527	0.4999991618403155	0.4999942062943094	0.5000621752003209	
0.9999928724889712	0.66665570797394	0.9999986033051603	0.49993313379750887	0.49998823317952884	0.49999977138025403	0.49999993151953326	0.4999942303959652	0.5000632874424145	
0.9999986283164783	0.6666384561283866	0.9999954354421366	0.25003683094194723	0.4999887233144395	0.49999803762009637	0.5000009369629639	0.499993881333079	0.5000620522335746	
0.9999980245647522	0.666638914937974	0.9999961773183967	2.6867722232774355E-6	0.499988732334759	0.4999980893909278	0.4999997248546282	0.4999938808283824	0.5000631896803884	
0.9999940707735809	0.666656372209632	0.7499965809929725	0.9999956648091108	0.4999884812436783	0.5000009205346693	0.4999992202509801	0.49999430411192064	0.5000632436266784	
0.9999936364224832	0.6666562252586183	0.7500306023528353	0.6667106047691408	0.4999888165092828	0.5000033170933275	0.5000010207309804	0.49999216694196286	0.5000632452877469	
0.9999996490818374	0.6666555217293916	0.7500347821684318	0.3332375717319178	0.49998825353180826	0.5000015299525353	0.5000005663794334	0.4999942437526075	0.5000631645120999	
0.9999998791041077	0.6666389149518707	0.7498646616469478	2.7406907196911066E-6	0.4999882610919204	0.5000008483197553	0.4999998202207725	0.499994168937463	0.5000621756453255	
0.9999936368668412	0.6666383664035154	0.5000070292373111	0.9999992510105795	0.49998818254601135	0.5000010328781999	0.4999998436192651	0.4999939682957675	0.5000630232029863	
0.9999992284264922	0.666638918856827	0.5000040186574505	0.4999956450058775	0.4999882230227334	0.500000847387848	0.4999998179055788	0.49999416944028463	0.5000633827647387	
0.9999997583429662	0.6666384995540895	0.5000203549750275	2.0340898035433904E-6	0.4999880042219223	0.5000012920043114	0.4999972486833511	0.49999359262055254	0.5000634631870268	
0.9999936475447258	0.666711173853929	0.25020222124505975	0.9992565909017592	0.49998831804164945	0.5000016768316521	0.49999655586559344	0.49999309519985896	0.5000630294296884	
0.9999991383287109	0.6667084116693435	0.2502050313211659	7.328256051879537E-4	0.4999881989893896	0.5000016711356047	0.49999897120669057	0.4999939692590741	0.5000630530218286	
0.9999936092114297	0.6666325961072374	7.863996918085003E-7	0.39347353021247333	0.49998827033741144	0.5000003174957682	0.500000864767147	0.499993132869263	0.5000633754221545	
0.9999843323265345	0.5000037515424985	0.9999980553908442	0.9999989737012418	0.4999887628317405	0.5000029397657609	0.500000216975585	0.49999278256685753	0.5000638892924172	
0.9999972621632425	0.5000025790034865	0.9999954867243209	0.6666998062941084	0.4999883067429858	0.49999976160470216	0.5000005390082232	0.4999940166041137	0.5000632011035188	
0.999989470155117	0.5000005676427554	0.9999672733691773	0.33323792055820156	0.49998821099582347	0.4999997555587235	0.5000008147016237	0.4999939753750802	0.5000632927599725	
0.9999978824376902	0.49998216812859375	0.9999546540409157	5.1336744383088E-6	0.4999882675560164	0.49999906722529996	0.5000008207554214	0.49999421295269625	0.5000633521826596	
0.9999928325367631	0.49991820973705814	0.6667403420328925	0.9999978011155157	0.49998770262705805	0.5000000712074889	0.4999997907468844	0.4999939763399809	0.5000634715637207	
0.9999969668941564	0.5000020562770876	0.6666721310676816	0.4999365017013703	0.49998828897883646	0.5000010623729617	0.4999995566587471	0.4999941499472136	0.5000633872108369	
0.9999969294271455	0.5000021837468019	0.6666348641391203	2.216657170875534E-6	0.49998370839251427	0.49999850299402765	0.4999989189313002	0.4999940753733651	0.5000634038924093	
0.9999820675937684	0.5000015120476139	0.3331143130423732	0.9999984521468355	0.4999880061357397	0.4999980668626852	0.4999996109518403	0.499994339348434	0.5000634206535566	
0.9999928901274365	0.5000021838184632	0.33330556105368414	7.745245951001347E-6	0.4999876883493474	0.49999923931886203	0.4999998881688442	0.49999152943382624	0.5000632830460845	
0.9999984861047063	0.49999872228082143	2.2234872644431316E-7	0.49784490970184864	0.4999877035894963	0.4999992308046408	0.5000007359638202	0.49999400492961515	0.5000632773633358	
0.9999822705823421	0.33334341661294725	0.9999830358248344	0.9999957302974513	0.4999884928313686	0.49999806664054125	0.4999992269319167	0.49999430931525585	0.5000634125772412	
0.9999970615066026	0.3333865087983062	0.9999648419318231	0.49993439842237064	0.49998364426570313	0.5000008330742425	0.49999966224183423	0.4999941492432319	0.5000634170006569	
0.9999887700857542	0.3334011460506831	0.9999404690427175	1.3041440651120255E-4	0.49998841901371527	0.500000896667115	0.49999764926257734	0.49999398332966544	0.5000621670665577	
0.9999921910508155	0.3333430534912672	0.5001633097424699	0.9999015532106994	0.4999888211553283	0.5000008516139359	0.4999996816896996	0.49999463928628873	0.500063401692381	
0.9999966136584657	0.33338521571006435	0.5000631463495278	1.7356557979369175E-4	0.499988280470512	0.4999984523067539	0.4999998636220804	0.4999941477988062	0.5000631669764374	
0.9999879053729464	0.33340111853273846	8.052885592093212E-6	0.06207284532719968	0.49998778679238803	0.4999982614190242	0.49999913030944915	0.4999931328099617	0.5000634226900614	
0.999994137593177	0.16667414607394174	0.9999996107113862	0.9999502307517438	0.4999879843929908	0.4999980787025654	0.4999969739536269	0.49999459284046827	0.5000633473523355	
0.9999888271633944	0.16696254783900077	0.9993512623424916	3.3548285219452297E-4	0.4999879551004705	0.49999977897915177	0.5000010174813454	0.49999398487525903	0.5000631720433085	
0.9999888269045372	0.16688865423191973	0.0011021410404756793	0.510404540928418	0.49998778430021057	0.49999826706085343	0.4999986003070851	0.4999946083661814	0.5000631918030009	
0.9999870404441881	7.406655360319998E-6	0.9999991100763871	0.08551221669464892	0.49998883371755215	0.4999996911569931	0.5000005366226213	0.49999429709741194	0.5000621290697459	
0.8333204798619369	0.9999991584209786	0.9999991450616958	0.9999956685624465	0.49998849851067967	0.5000002890652759	0.49999980367060914	0.4999944081533701	0.5000643500387666	
0.8333230450357707	0.9999999807417242	0.9999997915579835	0.799991823915577	0.4999881499535015	0.5000003462839688	0.4999998846847236	0.4999941650137453	0.5000628231563761	
0.8333202154705766	0.9999929008622389	0.9999944821714181	0.6001043550136284	0.49998873260935633	0.5000000493924069	0.5000008056569025	0.4999939764356735	0.500062145997433	
0.833333786043785	0.9999999533824286	0.9999977570219658	0.3999831952591376	0.4999882824582949	0.5000014565812714	0.500000880198894	0.49999415899086086	0.5000620475335058	
0.8333340240711191	0.9999960559212498	0.9999954471283989	0.20005360758677654	0.4999882708748155	0.49999998347609487	0.5000009065984816	0.4999944793497447	0.5000620648120901	
0.8333342361041499	0.9999987598078822	0.9999959201703814	1.2792159966090696E-7	0.4999871034905575	0.5000007964894604	0.4999999230959326	0.49999400890513757	0.5000621839442505	
0.8333247345011401	0.9999874844173418	0.7999598104004957	0.999995869729373	0.4999883984816393	0.5000001247820796	0.4999986965655644	0.4999935424981237	0.5000621444714319	
0.833324890928452	0.9999987130280983	0.7999908911861771	0.7500270193578067	0.49998812390991243	0.50000145538536	0.49999978276499035	0.49999445842744944	0.5000620463529745	
0.8333340605652877	0.999996443729874	0.79999089045274	0.5000192068437854	0.4999881195411698	0.5000014354959869	0.4999997833142283	0.4999939832869752	0.5000619734176464	
0.833334808035246	0.9999964254804036	0.7999906038416065	0.2500288894147061	0.49998868255827067	0.5000014803790694	0.4999994891202996	0.49999413697595896	0.5000633946511215	
0.8333342454017991	0.9999933358300025	0.7999886055521149	4.47972165319684E-6	0.49998878015863063	0.5000025092967235	0.5000003490542451	0.4999940506016565	0.5000639851128187	
0.8333276291340307	0.999998697498898	0.600046744894371	0.999955869115978	0.4999882725565601	0.5000006243527916	0.5000000279355998	0.49999430096397596	0.5000621850171316	
0.8333387738388297	0.9999895631492824	0.6000467340076946	0.6666982403755775	0.4999884070211514	0.5000007851503451	0.500000140378053	0.4999944280693064	0.5000621420876572	
0.8333342450154456	0.9999935646261032	0.5999656379472572	0.33333788368611567	0.4999881147984519	0.5000024652153985	0.49999976786262784	0.49999411442566444	0.5000630246188044	
0.8333229245262868	0.999997378533066	0.5999602237937549	3.417961902982123E-6	0.49998709633880584	0.5000008230490169	0.5000000024309935	0.4999939974284671	0.5000632050553542	
0.8333254212370202	0.9999994674802452	0.4000354080033923	0.9999358103826872	0.4999881436994712	0.5000003526350394	0.5000004016340694	0.4999941692395729	0.5000628390823394	
0.8333273023129788	0.9999989101361164	0.4000354551362309	0.5000389150886339	0.49998886402492426	0.5000003516680478	0.5000004341518751	0.49999417656798734	0.5000628392623605	
0.8333384499552146	0.9999934507382148	0.4000384761972949	6.632032540183856E-5	0.49998800500773055	0.5000014574825872	0.5000004485544115	0.4999942110070804	0.5000635049877329	
0.8333389549222905	0.9999885906441035	0.20007767455917727	0.9997943956045084	0.4999882412677726	0.5000008762934224	0.5000008770495032	0.4999939754013576	0.5000631628267128	
0.8333262013524084	0.9999882695850766	0.200123932667987	5.82872562742618E-4	0.49998820917141923	0.49999917502165486	0.49999935120273176	0.49999284987710835	0.5000632232232323	
0.8333362614275511	0.9999950075404413	3.2917477041510823E-6	0.5238525882065977	0.49998826939567165	0.49999916829842683	0.49999983431761885	0.4999932318685322	0.500061810796019	
0.8333246419648297	0.7999935933748764	0.9999977805570093	0.9999996661474907	0.4999887544059721	0.5000002206848777	0.500000294681825	0.499994357233877	0.5000621874929766	
0.8333230857138608	0.7999936152779066	0.9999987430665401	0.7500303781906936	0.49998825060518587	0.4999995116632897	0.4999998087267541	0.4999942307758338	0.5000621939851954	
0.8333348009597294	0.8000111102276295	0.9999930469419706	0.4999855668020689	0.49998867970321703	0.5000012457023058	0.49999947352891594	0.49999426702170335	0.5000635338681352	
0.8333337108393427	0.8000107312468965	0.9999954571686748	0.25003438203917017	0.49998872431667946	0.4999999239978884	0.5000005973288686	0.49999388808660117	0.500062046147941	
0.8333343051756414	0.7999910217815869	0.9999955468849987	2.7586558828027005E-7	0.4999871181722488	0.5000007641822526	0.5000009183229467	0.49999419150556357	0.500062052562996	
0.8333230609082936	0.7999940285021832	0.7500542266477469	0.9999614119060809	0.4999882763984945	0.5000008596556819	0.5000001388907995	0.49999417020784515	0.5000620952475652	
0.8333222796251013	0.7999889399024648	0.7500542218051289	0.6666881609097789	0.4999887225429223	0.5000014454158113	0.5000001107736388	0.4999939675918485	0.5000630269657743	
0.8333337270317454	0.7999910265401072	0.7500292065515008	0.3333375850558632	0.4999887037113067	0.500000054628488	0.49999977778178983	0.4999939786740844	0.500063456090814	
0.8333342467205549	0.7999910258513393	0.7500291848645607	2.0788469495567967E-5	0.49998873055595017	0.5000000737486542	0.5000001089071172	0.49999440958340896	0.5000620528645957	
0.833336990553543	0.7999940166383438	0.5000662437645925	0.9999582276684722	0.49998881184018806	0.5000007701763466	0.49999493077404317	0.49999425089835814	0.500063166698287	
0.8333366157099144	0.8000098441243673	0.5000227675725942	0.49994011649834014	0.49998855066540626	0.4999991966558028	0.49999539541206595	0.4999943008179498	0.5000630591109686	
0.8333342187665134	0.7999914645372437	0.500023318193397	2.07906938887825E-5	0.4999882734547531	0.5000008542380104	0.4999994307043382	0.4999940862439847	0.5000634715315029	
0.8333355433800661	0.8000094872157953	0.2501468544934019	0.9999722516627036	0.49998824077523596	0.4999960887648937	0.5000007374560548	0.4999926169630663	0.500063028193755	
0.8333356837535744	0.800010457008778	0.25008314347418537	3.9201749014323E-5	0.4999882726246057	0.500001541218724	0.49999819317115707	0.4999938919523931	0.500062974281775	
0.8333365281416322	0.7999940166383438	7.867087762800707E-7	0.5243659135671788	0.49998827004047	0.500000442479497	0.4999998363959992	0.49999430384933163	0.5000630405751938	
0.8333223086318566	0.6000388448143653	0.9999864951582701	0.9999864838569731	0.4999888767418069	0.4999983117938871	0.49999516498824187	0.4999943723321698	0.5000635170073607	
0.8333227878941347	0.5999981092721526	0.9999982845920085	0.6665826067487368	0.49998880577491683	0.5000030699964862	0.5000001390720841	0.4999942496685459	0.500063321936444	
0.8333337126623482	0.599997696399646	0.9999979737118264	0.33331253998597843	0.49998809527344373	0.500003316911662	0.5000005425015633	0.4999940041749194	0.5000633211637185	
0.8333337267973074	0.599997696949204	0.9999989978592508	2.3021175713342327E-7	0.4999882922965723	0.5000006898252932	0.4999998151346489	0.4999942165665586	0.5000633297361459	
0.8333372629245052	0.6000387329034287	0.6666542222735272	0.999964443984481	0.4999886465770188	0.49999949707748115	0.4999993228507331	0.499994456783542	0.5000633900261661	
0.8333340450178659	0.5999976957034814	0.6666412284671044	0.4999934049399245	0.49998827567456006	0.4999985898465164	0.4999992858949685	0.49999425059160874	0.500063389493319	
0.8333335474869152	0.5999976848609102	0.6666357233625095	1.2250951805846825E-6	0.4999877312847934	0.49999863721421234	0.49999780902476865	0.499994250696099	0.5000633931700019	
0.8333357100045756	0.5999975650021095	0.33329598596659155	0.9999656579988568	0.4999886449659937	0.4999989603557841	0.49999984125303065	0.49999265215160277	0.5000630166986202	
0.8333356189537546	0.5999975602713148	0.3333647636834255	3.986423129813795E-5	0.4999878956138478	0.4999985837468765	0.4999998823688172	0.4999930983988028	0.5000634136533844	
0.8333377194418469	0.5999976667482794	7.973916259541663E-7	0.002865198487542242	0.4999881427910095	0.5000003494357563	0.5000003675091909	0.49999416554054515	0.5000633440520061	
0.8333253534103787	0.40002452586157	0.9999442841180346	0.9999642474421447	0.499987547668671	0.49999858018337195	0.49999931286001964	0.4999942480506051	0.5000634716038681	
0.833334132261447	0.4000241272068317	0.9999689145351488	0.49994224260331155	0.4999887040135668	0.4999999671231398	0.49999862601806533	0.4999942323718827	0.5000633917786922	
0.8333341350359151	0.400023266009162	0.9999692143250903	2.124522852425345E-5	0.499988806454792	0.5000013845207479	0.4999992344288141	0.4999942159082635	0.500063419535897	
0.8333342803528838	0.4000242058898598	0.500065580794601	0.9998658427549202	0.49998890849558125	0.5000016538145233	0.49999664048273545	0.4999946214910368	0.5000630351323995	
0.8333379545759365	0.40006499036876175	0.5000595271921765	3.3374898324803044E-4	0.49998847139455	0.5000008721158304	0.49999919631477546	0.49999421552262163	0.5000631690572646	
0.8333370980533642	0.4000239124548618	8.488352583629899E-6	0.5464950971411603	0.4999882605087214	0.5000014865422716	0.5000006688603215	0.49999427209436675	0.500063349867482	
0.8333341109590874	0.2000111038250251	0.9999934473361832	0.9999806631235918	0.4999883274678877	0.4999986898834548	0.49999755339627844	0.4999941847163705	0.5000634759393022	
0.8333359877564563	0.20041029208819378	0.9991762447806626	3.337604327268043E-4	0.4999883051987508	0.5000009978249758	0.4999995975671432	0.49999421508462855	0.5000634759906184	
0.8333340888832677	0.2000149489876898	8.375951918458853E-6	0.4774354603127533	0.49998846141111125	0.4999982626938306	0.4999997594690447	0.4999944860188264	0.5000632614196207	
0.8333339970894091	9.4484411086726E-8	0.9193702694473835	0.4921891436916708	0.49998881953181734	0.5000010604775063	0.4999995569039115	0.49999414821270466	0.500063395044614	
0.6666625315451717	0.9999993444006847	0.9999989757218359	0.9999988244625367	0.4999875306485695	0.5000000440160752	0.4999985249735739	0.4999924764018886	0.5000631984352879	
0.6667136870162511	0.9999933422464322	0.9999364018478504	0.7500297559283792	0.4999881718871092	0.4999994943841065	0.4999998921736009	0.4999929539957486	0.5000623267533382	
0.6667173768660082	0.9999019021121189	0.9999525340647205	0.5000194079302703	0.49998812097639156	0.4999999882675274	0.4999999999365053	0.49999399111928133	0.5000621645668002	
0.6666693402343383	0.999999937824119	0.9999979215989933	0.2500349022441767	0.49998744139913415	0.49999772723383856	0.4999996308139709	0.49999282093029024	0.5000633728962456	
0.6667052103888601	0.9999583176375082	0.9999525517416552	1.4853664928939334E-5	0.4999882598908793	0.4999991276474435	0.4999990266148358	0.4999940054615991	0.5000639498963061	
0.6666639824289448	0.999987225267708	0.7500617804760271	0.9999759012409862	0.4999881834710245	0.5000014656093192	0.5000001373746419	0.49999385524254153	0.5000631983900544	
0.6666639818932688	0.9999908211295121	0.7500618080717749	0.6666155289404022	0.499988831764236	0.5000017730820208	0.5000008060161386	0.49999411585620773	0.5000633235758651	
0.6666788377538118	0.9999934731609261	0.7500295635124136	0.33333777120848124	0.4999883524449194	0.5000005850126966	0.5000009106734287	0.4999941686364073	0.5000646325502782	
0.6667219411668529	0.9999839462930682	0.7500633264811314	1.543093813997728E-4	0.4999887317202366	0.5000014425168202	0.5000009003577707	0.4999941112432607	0.5000640331872224	
0.6666634423723876	0.9999937121440311	0.5000926485505859	0.9998807078143419	0.49998898805078035	0.5000007615813054	0.49999979370648545	0.49999387477261453	0.5000636790077281	
0.666719799989202	0.9999832362184129	0.5000265579428711	0.5000387386329759	0.4999883257812846	0.5000003793799428	0.5000007155695836	0.4999942975172926	0.500063327958782	
0.6666779364192104	0.999993450216895	0.5000572228110658	1.677599842138857E-4	0.49998890601091106	0.5000034621786664	0.5000008929928167	0.49999421141166955	0.500063057062965	
0.6667200060792152	0.9999891626578401	0.2503876914914557	0.9988494683673987	0.4999882517218032	0.5000013413220377	0.5000004064000723	0.4999939730902039	0.5000628713494282	
0.666719801693771	0.9999839541454006	0.2503876914914557	9.018236309038504E-4	0.499988344201375	0.5000014660589014	0.4999980679036467	0.4999929171179836	0.500062938034161	
0.6666655723591375	0.9999998739393383	5.294977815444263E-7	9.942271892450093E-5	0.49998824884923204	0.5000005527724565	0.5000008392908495	0.49999397092496367	0.5000630283680317	
0.6666684511314123	0.7500603550645795	0.9999645850607181	0.9999586141978798	0.49998755206410894	0.5000014356962714	0.4999997322985775	0.49999420878800593	0.500063185086156	
0.6666684462111366	0.7499675831656307	0.9999926154535055	0.6667086580906433	0.4999882494047515	0.5000002205577433	0.500000403274717	0.49999385827251214	0.5000630415940622	
0.6667214437895088	0.7500756160512891	0.9999353045524848	0.3333363470088037	0.4999880624164778	0.5000005212802976	0.5000010562188307	0.49999400131706645	0.5000634900980756	
0.6667052103888601	0.7500769663718418	0.9999511234164788	1.7667994894424588E-5	0.4999880427547038	0.49999908505897184	0.5000009921731372	0.49999400504843106	0.5000634811333908	
0.6666672121871661	0.7499669897144198	0.6666332444894287	0.9999909401640733	0.4999880439580558	0.500001429003821	0.49999969892112683	0.49999287870478754	0.5000633608466645	
0.6666672516322224	0.7500664854610821	0.6666354199351464	0.49999442825767376	0.49998855816625337	0.500001772221075	0.5000009687145652	0.49999405508392314	0.5000633820241996	
0.6666662712909366	0.7499213289505471	0.6666354069981122	5.077077695120043E-7	0.4999885701334971	0.5000001200950539	0.5000005473944823	0.49999352846500883	0.5000633819364576	
0.6668548183694785	0.7500640547897233	0.3339268519356224	0.9986924402600179	0.49998259003909445	0.500000765117577	0.49999835129909387	0.4999928973846955	0.5000644432865948	
0.6666785968818002	0.7499223093332965	0.3334321254741979	1.677069651723171E-4	0.4999888535123813	0.5000033812377155	0.49999998255736827	0.49999388325696426	0.5000630387199133	
0.6667200248020557	0.7500625453788748	2.851912354470967E-4	0.5245538113697998	0.49998825740323116	0.5000004116400122	0.49999983761558187	0.49999420704971226	0.5000629230194783	
0.6666683914429686	0.5000385270350504	0.999991476314373	0.9999947141437413	0.4999885650349991	0.4999980587463901	0.4999991686144152	0.49999352856394813	0.5000633724364851	
0.6666687330998239	0.4999845159469285	0.999993589251387	0.4999742183957094	0.4999883613139122	0.49999943489079984	0.5000005961156502	0.499992817913881	0.5000633869548375	
0.666712899594045	0.5000394233131582	0.9999994588402703	4.7817819507087975E-4	0.499988716272363	0.5000056003754944	0.49999977976361404	0.49999420546738665	0.5000634067116984	
0.6666871883466235	0.5000497670269406	0.5006057762389478	0.9990487752418384	0.4999887231214438	0.5000008805509776	0.5000000591894875	0.49999189847655373	0.5000630386179212	
0.6666695595676415	0.5000012410928907	0.5000327214277224	1.0707544454643391E-4	0.49998856141119236	0.49999939135764226	0.4999995972995353	0.49999285529911	0.5000620658657212	
0.6666786549226876	0.5000032051253555	2.0831036639609984E-5	0.5000065787675408	0.4999883719133015	0.5000002562903124	0.49999775307019567	0.49999261140943785	0.5000633867912618	
0.6668406728665563	0.2503114657408807	0.9990511501171188	0.9998493934929896	0.49998877855278895	0.500003246028476	0.5000008488909412	0.4999926050322364	0.5000632739582143	
0.666840672867521	0.2503198185243497	0.9999668784099892	5.339856039738113E-4	0.4999877959718776	0.5000033759054924	0.5000008326856095	0.4999942275978113	0.5000634773225153	
0.6668454456607996	0.25085064107264493	0.0030068101595291134	0.4991608466645608	0.49998827303895776	0.49999998966052817	0.4999990434832319	0.4999941901283176	0.5000632773469849	
0.6668407772144487	1.7083612733604964E-4	0.8719697251335268	0.5502385390428397	0.4999887430059576	0.5000009018425134	0.5000000484416555	0.4999941854724645	0.5000621141685488	
0.5002394359021242	0.9997968970499002	0.9997919637793918	0.9998321220334679	0.4999878664428472	0.5000031859960142	0.4999988110065245	0.49999315107090025	0.5000632038213859	
0.5000177059954348	0.9999935746427512	0.9999987333944972	0.6666743324616101	0.49998831584622155	0.4999996088466274	0.49999868704394046	0.499993159522165	0.5000633905811079	
0.5000179840224664	0.9999905955856134	0.9999476813535364	0.33319619758435826	0.49998807117590244	0.49999996482354153	0.4999996200718242	0.49999226017779147	0.5000643977884273	
0.5001488110201361	0.9998392483663874	0.9999592119591647	1.33063845635542E-4	0.4999887776119153	0.5000018552530138	0.4999996018717234	0.49999389764548363	0.5000633853559578	
0.5000261745001656	0.9999736114401832	0.6666266757222639	0.9999529889487614	0.49998832335453913	0.5000029880016087	0.4999986869556733	0.499993138367592	0.5000634116689744	
0.5000151928560129	0.9999912958157934	0.6666259774066433	0.5000425701732084	0.4999888585563037	0.5000014688562092	0.4999964372335537	0.49999356734928	0.5000633916815895	
0.500018775672743	0.999989643508322	0.6666225023868366	6.280242084784468E-5	0.4999867057126891	0.5000005193681423	0.4999983185798933	0.4999936181047187	0.5000642107471315	
0.5001466779806383	0.999999490740525	0.33385101809678325	0.9986927852155044	0.49998664420889316	0.5000015094290062	0.5000003063759321	0.499993963966238	0.5000631680664452	
0.5001440579300275	0.9998955719162763	0.3334342240737356	2.3993225875932966E-4	0.49998821803565136	0.5000016339873653	0.5000002669105339	0.49999396396479023	0.5000631712257857	
0.5001440579300275	0.9999849153269732	5.489110401814268E-4	0.5259865053391845	0.49998834399126474	0.5000005932100242	0.49999957018255153	0.49999397192925876	0.5000629133205333	
0.500239364315555	0.6669101443398232	0.9996769504372252	0.9994495322378462	0.49998680969702924	0.500003147429938	0.5000002345459176	0.4999927883593705	0.5000638530887659	
0.5000135331560771	0.6665392361913733	0.9999978596892476	0.5000630747405165	0.4999881369413269	0.5000006015004489	0.4999999986156195	0.499993429206332	0.5000639112012412	
0.5001488166415801	0.6668956074143213	0.9998336376290801	2.459012432684285E-4	0.4999886921942161	0.4999982029008523	0.49999905200854594	0.4999935542267478	0.5000635232704354	
0.5000152585097287	0.6664776738299331	0.500056905643663	0.9999999532143383	0.49998893924493054	0.5000032550615465	0.5000005929670982	0.4999938758320134	0.5000633486498798	
0.5000147832634324	0.6665631769556093	0.500054149498355	1.315935383278677E-4	0.499988322723221	0.5000032552099712	0.5000005932853586	0.49999390555096074	0.5000633131887695	
0.5000173619135803	0.66666940869804	1.99609671119072E-4	0.5029986580651925	0.4999881164222812	0.500000601710714	0.5000006694996633	0.4999938780658214	0.5000633292478686	
0.5000391163369939	0.33357980706786555	0.9996948665757115	0.9994613640956989	0.4999880623272503	0.5000032540604815	0.49999967298289477	0.4999943079458784	0.5000635388445741	
0.5000453802507683	0.3335797352650046	0.9996989638157343	3.013757483961582E-4	0.49998682897554914	0.500000071126714	0.4999990679107658	0.4999943096043102	0.5000635412546107	
0.5000406094249744	0.3335350873114143	6.292517761789728E-4	0.49915259270865614	0.49998825483542014	0.4999999849134587	0.4999990363232047	0.49999418166931464	0.5000633080446554	
0.5000404195452752	2.9735840699629534E-4	0.0010194182003130502	0.4997238642205605	0.4999881164222812	0.500000601710714	0.5000000477097174	0.49999395489101045	0.5000633081896554	
0.3334873182337803	0.9996537189432022	0.9999343635476129	0.999907098784952	0.49998799427795493	0.4999993532949431	0.4999994394531933	0.49999309564384625	0.5000633126836646	
0.3334752435924377	0.999830203841091	0.9999396197429077	0.5000433802553457	0.4999881734920846	0.49999925759833563	0.49999651218123936	0.4999929095046988	0.500063170720692	
0.3334749951405716	0.9998538753654809	0.9999490729474856	2.419767245673313E-4	0.49998825509563805	0.5000016976168916	0.49999960667851245	0.4999934005077534	0.5000640289487717	
0.33338646896617263	0.9998539108094133	0.5000568556433667	0.9997597287595802	0.49998892709783643	0.49999953829361216	0.5000004241745234	0.499993857696201	0.5000633479552313	
0.33344142146391126	0.9998539067729348	0.5000302325324834	1.560975791322408E-4	0.49998893321724003	0.49999947568569514	0.4999982719241748	0.4999938644655132	0.5000633114481313	
0.33347524404175244	0.9998436943165331	3.8038314059680566E-4	0.5004509567411428	0.4999889358540717	0.49999935812696766	0.5000005518201555	0.49999292586665467	0.5000633079229307	
0.33341846062613917	0.499988025526773	0.9998096507976534	0.9998625157217007	0.4999887242608931	0.4999995553539636	0.5000005284608209	0.4999938981689827	0.5000633850725824	
0.3334184861314895	0.49998794888416787	0.999849377864354	1.3120276632788382E-4	0.49998870570534026	0.49999925868798484	0.5000005937149233	0.49999131151869286	0.5000633860894218	
0.333419217412563	0.4999879415794069	2.0081375760336312E-4	0.5751396614572571	0.49998882857424515	0.5000002836517289	0.499999516461627	0.49999341339595404	0.500063320713495	
0.3334741042243654	6.211292627374248E-4	0.6663012142982033	0.4980426439748171	0.4999881338499991	0.5000016352007176	0.49999990137828576	0.4999940609204302	0.5000633893317947	
0.16728512600352974	0.9993608416069686	0.9987850168204412	0.9988424307444606	0.4999883890142525	0.5000016484133206	0.4999996638602425	0.4999931933637122	0.5000633483628028	
0.16703209367101418	0.9998433488563897	0.9986835693067085	1.560975791322408E-4	0.4999863396361763	0.5000006909492221	0.4999983438081669	0.4999930968776743	0.5000633128782771	
0.16730505889467848	0.9993657587769664	0.002862084539531684	0.493665173234649	0.4999889032752272	0.4999995540047359	0.5000004024516808	0.4999928799840518	0.5000633100661066	
0.1666576232625905	1.5977732583171648E-4	0.5046435138362902	0.3431407920652552	0.49998892059266226	0.5000018825092012	0.5000009161707505	0.4999938731036953	0.5000634089128393	
7.169631350092964E-5	0.6324783414550491	0.6904786131243196	0.5061880562568173	0.4999881866244319	0.5000016378659795	0.49999964390864793	0.49999309565606104	0.5000633899293699	
