0.99998267828716	0.9999508247401345	0.9999860950967749	0.9999948027550601	0.5000043663170423	0.49999985678341047	0.499995714130117	0.49999980631216473	0.49999867133043063	
0.9999938115333991	0.9999968019549522	0.9999964286003755	0.8333123592614549	0.4999973184870242	0.5000000513307308	0.49999561111084373	0.49999964997919283	0.5000006874564085	
0.9999834318618459	0.9999965496015595	0.9999871440178033	0.6665956941912097	0.49999848203302694	0.4999996454647696	0.49999456813138227	0.4999998512488511	0.49999947013131296	
0.9999952786918432	0.9999843689135606	0.9999822287236326	0.4999514301734744	0.4999984182091464	0.4999999518622152	0.4999947042067674	0.4999996188647912	0.5000011966018219	
0.9999993520940702	0.9999954971688958	0.9999984797417504	0.3333405909983681	0.49999689129111025	0.5000001315377912	0.4999945579956008	0.4999995952760323	0.49999963504584566	
0.9999877117571259	0.999941949402784	0.9999669038663	0.16636426138964377	0.49999581130322385	0.4999995867736387	0.4999957892947256	0.4999995976819209	0.5000006888057493	
0.9999956799088718	0.9999970031933345	0.9999665640473046	3.9885023893152175E-6	0.4999969832400492	0.5000001329957778	0.49999243617935624	0.4999995076190571	0.4999984720061764	
0.9999992807361557	0.9999967019989171	0.8333217578120345	0.9999955534711776	0.4999973608720693	0.4999992234664339	0.49999568885788026	0.49999964764646937	0.5000027332170123	
0.9999996466647786	0.9999966981272385	0.8333217550628198	0.7999714091599713	0.4999984865224231	0.5000004004688353	0.4999945906566236	0.4999996422216513	0.49999959505228775	
0.9999880766596378	0.9999934182312994	0.833321755453805	0.599920534935049	0.5000033794746171	0.5000000708171132	0.49999438204306923	0.499999854967989	0.5000006450046103	
0.9999877445970505	0.9999966149724802	0.833322924816216	0.3999360634194164	0.49999870180236666	0.49999994226992994	0.49999455776778345	0.4999996018488062	0.499999407625577	
0.9999966545568374	0.9999908813401559	0.8333217123255418	0.1999374596604039	0.499997058200584	0.5000001534086618	0.4999956464905531	0.4999999330124999	0.49999996422029414	
0.9999963757565806	0.9999972426224177	0.8333229336278257	1.2724855110697266E-5	0.4999985781955376	0.500000132245518	0.49999457950394677	0.4999999901798782	0.4999994046827045	
0.999992905724211	0.9999967154139372	0.6666750191118372	0.9999966873566387	0.4999971889079717	0.4999999768738551	0.4999956639888734	0.50000048204023	0.4999992394075707	
0.9999935356243947	0.9999967736228217	0.6666749255166599	0.749920212547299	0.4999972051139459	0.5000001754902192	0.49999599596311745	0.49999959525295473	0.49999916591248306	
0.9999994208430558	0.9999964044687456	0.6666704753318669	0.5000089866300059	0.4999963029040411	0.49999975826005255	0.49999586072439	0.4999998523103275	0.49999964418105314	
0.9999968614156228	0.9999970228182448	0.6666704758549354	0.2500278173928259	0.49999922030575145	0.49999972430898226	0.49999458881019765	0.4999993687821748	0.5000008922362956	
0.9999962787275174	0.9999985188660087	0.6666669642898195	1.5461266653174205E-6	0.4999964727269475	0.5000001303917215	0.49999590413290956	0.49999959012936135	0.4999993538021258	
0.9999833184858589	0.9999840518039346	0.4999971213441615	0.9999759895378612	0.4999973974240972	0.4999997470863928	0.49999573468182634	0.4999995002880634	0.4999993689054897	
0.9999979685365387	0.999999585957032	0.4999971993032917	0.666662879022269	0.499997283887254	0.4999997787110096	0.4999955461989173	0.4999996283697291	0.4999994857241297	
0.9999909562689179	0.9999969709047042	0.49999281810416296	0.33323471648021763	0.4999991688192807	0.49999979409624074	0.4999957267949266	0.4999994987658886	0.5000008295314134	
0.99999701855778	0.9999973704717391	0.49999282047047267	2.455615836513663E-5	0.4999972737982405	0.5000006012606034	0.49999601670368016	0.4999986016359976	0.4999994391167732	
0.9999923245903188	0.9999983871136344	0.3332845525185461	0.9999874875628164	0.5000035810712659	0.49999977147006763	0.4999935751232532	0.49999946902223075	0.49999937734418165	
0.9999969999326029	0.9999969637370782	0.33332342966523415	0.50001946949524	0.4999992293328302	0.5000000371558261	0.4999948836675779	0.4999993649805962	0.4999993980806663	
0.999992477659137	0.9999948213292993	0.3333272484753956	1.44407291078813E-4	0.4999993410041603	0.5000000324510725	0.49999572859659736	0.49999886171632346	0.49999938257275495	
0.9999971428012769	0.9999723446310489	0.16696768722194483	0.9988350366365019	0.4999992420747966	0.49999894063056893	0.49999524575781734	0.49999931985852386	0.499998670374406	
0.9999925112637509	0.9999947713354999	0.16671994309919064	8.318423768875413E-5	0.49999935154805364	0.49999949178343017	0.49999532546471914	0.49999876334491533	0.49999960032285534	
0.9999950437845924	0.9999987190608154	4.515238406569073E-6	0.18736952082707553	0.4999993045066989	0.5000006083234686	0.4999957821609586	0.4999988714877716	0.4999988854648972	
0.9999936567676567	0.8333051612243721	0.9999999561557398	0.999998421503365	0.5000032585367518	0.4999992193327118	0.4999941802657503	0.49999981066645866	0.500000562046009	
0.9999953929643938	0.8333395458678959	0.999999879085059	0.7999745644883582	0.49999636786024104	0.49999992532277554	0.4999956042126561	0.49999987809109914	0.5000006627404686	
0.9999834126675758	0.8333226918766422	0.9999984919904169	0.5999209072463061	0.49999710665674846	0.4999996446151935	0.49999411687372447	0.500000101318042	0.4999994629325183	
0.9999627506240039	0.8332979657196157	0.9999567669225976	0.3997636292238658	0.4999985760773812	0.5000000117895748	0.4999942263821059	0.4999995813646218	0.4999998571292586	
0.9999889893363821	0.8333044174159036	0.9999985026182352	0.19993628950440268	0.4999976323333047	0.5000001338584886	0.49999470059991286	0.49999985470520786	0.49999942617030496	
0.9999958185941928	0.8333438091854789	0.9999978788670336	3.3103074511095717E-6	0.49999658171744454	0.5000001359587863	0.4999945439574634	0.49999908632680534	0.4999994364264721	
0.9999990357981069	0.8333241269177346	0.8000157226099429	0.9999946504118009	0.4999977171352192	0.5000005823153405	0.4999959857102364	0.499999837415662	0.49999972746771926	
0.9999976924958508	0.8332985177245245	0.8000012103674659	0.7499970213822674	0.4999972603308228	0.5000002163671161	0.49999454224240947	0.49999987562601106	0.4999992764025598	
0.9999954072029288	0.8333416294726993	0.800001484956442	0.49995114393734036	0.49999893975256277	0.4999998111840198	0.49999595446746153	0.4999999487596841	0.49999967906641146	
0.9999984615560764	0.8333414823689073	0.8000011033585094	0.2499997251803916	0.49999704540447687	0.4999997943130424	0.49999578014530227	0.49999967420305536	0.49999942004173126	
0.9999959926314269	0.8333436798600344	0.8000011033585094	4.122117510511056E-6	0.4999987912947028	0.49999992168096	0.49999573727572244	0.49999950006567445	0.4999994391543861	
0.9999989363700706	0.8333241697188897	0.5999758112203512	0.9999999624392331	0.49999713875233814	0.49999962547106025	0.499995708420868	0.5000004903464814	0.5000007645822145	
0.9999965036905363	0.8333239227956786	0.5999757589568133	0.6666054809660266	0.49999866789664416	0.4999999313758465	0.4999939674410513	0.4999998875530444	0.4999996763206524	
0.9999834098666424	0.833291195131993	0.6001459354768228	0.3333920631845724	0.4999992247536616	0.5000003896457296	0.499995940247789	0.4999996320996454	0.5000006047503319	
0.9999835241074629	0.8333444625201922	0.6001527971959923	1.1483075264215434E-4	0.49999873870589334	0.49999978641014653	0.4999945986224141	0.49999985732423974	0.4999996368790611	
0.9999849249222046	0.8333237957154899	0.4000895557496776	0.9998897997167177	0.49999930151962146	0.5000039359926605	0.4999957930834645	0.4999998682741782	0.49999866474126753	
0.9999963681113874	0.833323953156503	0.39997044733181	0.5000079887627379	0.4999992774630427	0.4999997801581631	0.4999953761598569	0.4999991589865895	0.4999993818443503	
0.9999911145618039	0.8333226052857365	0.39997431178729614	3.956471100726416E-6	0.49999732254413737	0.5000000394569856	0.4999945682955591	0.49999964458811746	0.5000000778741096	
0.9999969602627037	0.8333258660500484	0.2000169719639884	0.9999413687291469	0.4999982494201994	0.49999977090817904	0.4999958291151375	0.4999998702340605	0.49999899869759173	
0.9999963714530068	0.8333258688251132	0.200016776965531	3.967800189175708E-5	0.4999988484535919	0.499999690162829	0.49999538013811773	0.49999914164490405	0.49999968684369306	
0.9999921948665382	0.8333259751992738	4.4640780424113174E-6	0.4847635931880567	0.4999972167407202	0.5000000500907813	0.49999578219248003	0.499999631711638	0.4999989321466158	
0.9999952600279389	0.6666141658697795	0.9999998393993417	0.9999973885708199	0.4999976955858173	0.49999956586117233	0.4999952690558304	0.4999998383976609	0.5000006784374406	
0.9999935407788139	0.6666142499843997	0.9999998792964746	0.749996987899392	0.49999719336490756	0.5000005835900276	0.49999336363989205	0.49999995931570057	0.4999997248090781	
0.9999955102299868	0.6666150618525041	0.9999998912269153	0.49995245116080567	0.49999697259494247	0.4999997948331309	0.4999956718141503	0.49999961259338477	0.4999999160443621	
0.9999979191171194	0.6666538748711115	0.9999978632992216	0.2500274296148392	0.49999765976708366	0.4999999474196575	0.49999493422816543	0.4999999327075635	0.500000688824074	
0.9999900369542194	0.666714773909131	0.999998619607289	1.1812454303233302E-5	0.499998630048908	0.4999999500975087	0.4999946114644574	0.4999986772978005	0.49999943919856404	
0.9999916127540212	0.6666142296569585	0.7500472358642915	0.9999958906715619	0.4999969828756436	0.5000004144317272	0.4999937030560521	0.49999996744602443	0.5000028156969026	
0.999993477145248	0.6666141653925042	0.7500163878990256	0.6666574887077878	0.49999775986385203	0.5000004684972134	0.499995303390014	0.4999993380874824	0.5000026513788979	
0.999997056426132	0.666645231387581	0.7500164111903352	0.33325335905030384	0.49999698349249927	0.5000001350711223	0.49999440470021234	0.4999986921002926	0.5000009113820844	
0.9999907022100811	0.6666207467596761	0.7500164288516749	2.8709787150885223E-5	0.500002464001146	0.49999980110800923	0.4999956460727596	0.49999995694101756	0.49999985340804387	
0.9999824348469484	0.666607378139923	0.4999970749807409	0.9999936350216735	0.49999704128988615	0.49999988356896313	0.49999471893028263	0.4999991319628724	0.49999961640083435	
0.9999909431650033	0.6666453626759854	0.4998715353967876	0.49991416883772133	0.4999995227556654	0.49999944321663686	0.49999440834854514	0.4999993971969355	0.49999952375400675	
0.9999970323314821	0.6666459446398746	0.49999617661907925	2.842484110134905E-5	0.4999973571448748	0.49999995392052904	0.4999944042406271	0.4999986966689299	0.5000006643829206	
0.9999824468578464	0.6666142716149818	0.2503713324028568	0.9994086618532367	0.4999983187950991	0.5000000313752044	0.49999399089567614	0.499999151262589	0.4999996856029072	
0.9999927619075061	0.6666060505797343	0.25000553858672203	2.8314605869519905E-5	0.4999992009209672	0.4999996835568675	0.49999579725283594	0.4999996026001831	0.49999953507823547	
0.9999931505919902	0.6666042785408471	7.810593199954403E-7	0.46419831871393447	0.4999982548098517	0.49999878703980466	0.4999957986947561	0.4999996029574626	0.49999897855505204	
0.9999829559788723	0.49985710199973143	0.9999999719191329	0.9999942704901635	0.5000033026101638	0.5000001820984163	0.49999533392264867	0.49999854486538936	0.5000005887333618	
0.9999974319784618	0.5000749317887501	0.9999999253022357	0.6666579981101439	0.4999949241924078	0.4999967419981459	0.4999954162494196	0.4999996531457113	0.49999969915508763	
0.9999904195611847	0.5000446567256358	0.9999644698663059	0.33351775840222825	0.49999705574829645	0.499999980399023	0.49999573793252033	0.49999932594138913	0.49999947318275234	
0.9999933018541142	0.5000520371926657	0.9999643286279253	4.255319126728922E-5	0.4999976648210637	0.499999112896695	0.49999499993290575	0.4999985718411968	0.5000006077269481	
0.9999705756517896	0.5000565796975838	0.6666437232910088	0.9995000545602195	0.4999978675554617	0.4999994342078182	0.4999957400142001	0.4999991572548461	0.49999966551619707	
0.9999972644285858	0.5000561021967224	0.6666426946964585	0.5000002053324369	0.49999885706677427	0.4999999352854241	0.4999954176963923	0.5000000033168978	0.5000001449552003	
0.9999390124983353	0.5003473396807124	0.6666427051346127	3.9145384184545093E-4	0.49999700533642577	0.5000005316748356	0.49999262280799517	0.49999959708691133	0.49999933583774736	
0.9999850743591884	0.4998849854699234	0.33326820287987713	0.9995493342124341	0.4999991733844012	0.49999986674158725	0.4999957366356001	0.4999999535081575	0.5000010628537063	
0.9999398964787581	0.5003449036036	0.333795287696257	0.0013240447712685596	0.49999764952711107	0.4999997101306738	0.49999503613975455	0.4999988888910546	0.5000006225079604	
0.9999876587647135	0.5000201570259851	4.071641931136687E-5	0.09697320744892635	0.4999982820849865	0.49999986340464847	0.4999954340441626	0.4999999527309199	0.4999994072226796	
0.9999973382410015	0.3332833178148062	0.9999998796199961	0.999973928632754	0.49999762339351317	0.49999940967454165	0.4999945794350194	0.49999995339553105	0.5000002909076205	
0.9999959660845162	0.3332833178148062	0.9999998793006075	0.4999996869407229	0.49999764466180835	0.5000005927083937	0.4999954159591907	0.49999995426740884	0.4999997263502909	
0.9999810330643754	0.33388356942459946	0.9994386659141944	8.85837766298063E-4	0.4999978274398792	0.4999994739703683	0.49999522682151903	0.49999881873882757	0.5000001466235933	
0.9999971854739826	0.3332957230420246	0.500190320073748	0.9998651414437805	0.4999991467578797	0.49999985343007464	0.4999933608851187	0.49999943202279606	0.49999947227982927	
0.9999815060917339	0.33342830427494974	0.5002428389437503	3.6387490652126553E-4	0.49999831444714865	0.5000000266969237	0.4999952337960512	0.4999999512118192	0.5000007695605198	
0.9999835574450797	0.33357374345047264	6.513980882935533E-4	0.49651217204859777	0.4999976254303941	0.4999994109281001	0.4999957717900477	0.4999992532480367	0.500000266872546	
0.9999950167597816	0.1670014300954638	0.999364887438623	0.9996584547292106	0.4999967226783868	0.5000016984264747	0.4999952175385525	0.4999997522586445	0.49999953420832255	
0.9999847810941641	0.16670038992321023	0.9999936403241572	3.497051707289205E-4	0.4999969668062352	0.4999994161206563	0.49999533288860853	0.4999997778796908	0.5000001585074739	
0.9999808663106323	0.1672120544402504	0.0036565262578810327	0.49812860840872014	0.4999978139206391	0.49999911041531736	0.4999953461305816	0.499999401280643	0.4999996579511097	
0.9999974487331932	2.9061776006394924E-6	0.4921770882557902	0.004706705400167282	0.49999509219239385	0.500000522096971	0.499993369663838	0.4999997397829457	0.4999990029468471	
0.8333363407960961	0.9999959044458026	0.9999981207405786	0.9999980654742148	0.5000034017985493	0.4999991932129756	0.49999419138793594	0.49999984138445575	0.49999943980437983	
0.8333349029550753	0.9999967022653439	0.9999998789624249	0.7999743291387343	0.49999636994081065	0.5000000467612759	0.49999465676213867	0.49999989390660987	0.4999998740124735	
0.8333357489565746	0.9999958601571136	0.9999714548645625	0.599924045366337	0.49999720854681784	0.5000000037498512	0.49999578515861687	0.4999995896904604	0.49999978819353147	
0.8333308225474311	0.9999438718210234	0.9999566712853869	0.39978453014557946	0.49999853224688495	0.5000001332263867	0.49999457930627167	0.4999999264630873	0.4999980467114493	
0.8333366615560203	0.9999734078504945	0.9999641142271039	0.1998856509484443	0.4999986940443655	0.5000001425676125	0.49999590328322335	0.4999998238950804	0.4999999043137964	
0.8333455725761304	0.9999936800807412	0.9999983218279245	1.6210679607770507E-6	0.4999984282282856	0.5000001323372059	0.4999959242167385	0.4999998533203034	0.49999992103562246	
0.8333310526503722	0.9999995087605257	0.8000011553102204	0.9999997841527575	0.5000034428521412	0.5000000708657129	0.4999957209905472	0.49999985158508875	0.4999999180936804	
0.8333347787408889	0.9999995068464546	0.8000011553102204	0.7499970324405483	0.49999731549641185	0.49999988415328633	0.4999943736336877	0.4999996351128271	0.4999999163603929	
0.8333370007721896	0.9999903633265967	0.8000014843311541	0.49994804053794284	0.49999873113652205	0.4999999351132876	0.4999958562203729	0.4999996774509259	0.4999996550991939	
0.833336663741548	0.9999960715858688	0.800001115126719	0.25002742457992067	0.4999987612891464	0.4999997875379414	0.49999593910526535	0.49999993619769106	0.49999965252123035	
0.8333358497858978	0.9999944484800611	0.7999857582653533	3.6432460679054702E-6	0.49999855194189297	0.500000159753338	0.499995938242651	0.4999999191086564	0.4999994608370166	
0.8333364107376885	0.99999624344658	0.5999759331042855	0.9999994721104486	0.4999976972605933	0.4999997707091487	0.4999941866325946	0.4999996269621945	0.49999956411491403	
0.833336439459101	0.9999948051755578	0.5999744626260506	0.6666627626924602	0.49999708685566085	0.49999977545736624	0.49999470142675545	0.4999995898673863	0.499999408405903	
0.8333292605171574	0.9999948238794545	0.6000220670120306	0.33322877100258397	0.49999929611590804	0.49999978033179737	0.49999464444172714	0.4999992957599744	0.49999941025095324	
0.8333293308541365	0.9999948235352841	0.600090778788626	2.725109478503518E-6	0.4999972542154302	0.4999997878662035	0.49999595665652946	0.499999401110652	0.4999993550614051	
0.8333364089369268	0.9999948390168446	0.4000666165274601	0.9998818175198911	0.5000034012144597	0.4999997653417324	0.4999954484133289	0.49999955605218876	0.4999996906004336	
0.8333291967913744	0.999994858438173	0.39996739675277343	0.5000085362319042	0.499998375359375	0.49999962656764085	0.4999946769268888	0.49999997664493295	0.49999941010943477	
0.8333291960066415	0.999994858438173	0.3999680117218871	7.810514472822438E-6	0.49999928731788196	0.49999979137406037	0.49999467896581856	0.49999934911461613	0.4999993827571745	
0.8333369439761142	0.9999967519780881	0.2000169657069896	0.9999426035811316	0.4999985084980691	0.4999996267079509	0.49999569130108723	0.4999995357251289	0.5000012398026754	
0.8333501635318494	0.9999949310291298	0.2000184014424191	8.530331120616E-5	0.49999871401160023	0.49999962493765143	0.4999953937640934	0.49999996679911174	0.4999993859751966	
0.8333350990007347	0.9999987587453765	1.7572461652408339E-6	0.4636303749930693	0.49999823560896484	0.4999996710322112	0.49999522622903625	0.4999988843123884	0.4999989829130437	
0.8333355228949525	0.8000069724022006	0.9999986718245742	0.9999945475861678	0.49999717964368817	0.4999998927814922	0.49999570754266665	0.4999996240043688	0.5000009869256289	
0.8333348743166574	0.8000074434112382	0.9999999570330187	0.7499978674191249	0.49999910154674837	0.49999970807102373	0.4999954971601824	0.4999996301023601	0.4999994598939844	
0.8333348550146201	0.799965763226442	0.9999998830554119	0.49995113469852587	0.4999987119927306	0.5000001630773712	0.4999959004741532	0.4999999535838129	0.49999967960351194	
0.8333370550507199	0.7999655129871686	0.9999983273627958	0.2500278604626534	0.4999987391912838	0.4999997912458801	0.49999592085252587	0.4999998342679141	0.4999996437371128	
0.83333686694091	0.7999657475181565	0.9999991883074661	3.7265393249309144E-6	0.49999866545044913	0.50000011909187	0.49999593876556725	0.49999975098981125	0.49999964735065244	
0.8333368798072047	0.7999694502534948	0.7499820916299936	0.9999998687119	0.4999973208790317	0.49999990500401537	0.4999947185698226	0.4999998733489271	0.500000628978236	
0.833336879691198	0.7999185515543399	0.7500154934314655	0.6665920933358017	0.4999973510453963	0.4999999061837997	0.4999940515516088	0.49999964178879575	0.49999969173911496	
0.8333369366763298	0.799965443231834	0.7500164109612407	0.33340554900626845	0.4999977432838727	0.5000001393290514	0.4999959161707414	0.4999996187367271	0.5000008972896864	
0.8333369371658441	0.7999654324291797	0.7500164418652198	3.693378475636074E-6	0.4999985407944017	0.4999997828483887	0.49999595698472105	0.49999970432594304	0.49999987209359165	
0.8333364796487555	0.8000188264308451	0.4999894375713292	0.9999999258719413	0.49999738249442793	0.5000000233992329	0.49999546405236667	0.4999996086891303	0.4999995809103628	
0.8333292348819232	0.8000200932671286	0.4999894375713292	0.4999912338884059	0.4999977149077754	0.5000000355755049	0.4999946758261087	0.4999992784922045	0.5000005727434799	
0.8333346704926731	0.799969116342815	0.4999919838384805	1.1167337782934772E-6	0.49999730498586636	0.4999998129798016	0.49999554803383695	0.4999995516070858	0.5000008150877512	
0.833335822452168	0.8000202280784193	0.25000078045628	0.9999998869031151	0.499999221629989	0.49999975460176743	0.4999954484893352	0.4999996027853771	0.4999996989168065	
0.8333348982501828	0.8000186070324186	0.2500121988485076	4.073670793736906E-5	0.49999918113427694	0.499999683602551	0.4999954484199986	0.49999963994772845	0.5000005989243209	
0.8333343325462799	0.8000183726853123	2.4003791369000248E-5	0.47927183838126675	0.4999992959144899	0.49999942980118317	0.4999958080478864	0.4999996399997371	0.4999987524596707	
0.8333156985610622	0.6001205313562427	0.999867893226813	0.9999890420945383	0.4999978782730066	0.499999421899765	0.4999952423326022	0.5000005073282229	0.500000766289925	
0.8333360949579929	0.600009433024158	0.9999831983276923	0.6665920930081208	0.4999991835259316	0.4999997137642731	0.4999954733142315	0.49999963078669657	0.5000007438061498	
0.8333465447877259	0.6000141509503447	0.9999760869947071	0.3334407950483285	0.49999775024052157	0.49999934226108356	0.49999575497396487	0.4999986405746534	0.4999994609746347	
0.8333367955069012	0.6000079355401139	0.9999912798065367	6.672418048100055E-6	0.4999975394796034	0.5000001616844012	0.49999492761474373	0.4999988880229882	0.5000007702387456	
0.8333445255720014	0.6001147499559085	0.6666419289956104	0.999992416891214	0.49999844909158125	0.5000004690653821	0.499995293303508	0.49999963062152447	0.50000076417796	
0.833336102099962	0.6000034395490167	0.6666532904210912	0.5000092526031916	0.49999917373482533	0.49999970980479563	0.4999954353395479	0.49999997331635787	0.49999963497086103	
0.8333366715865975	0.6000094279675804	0.6666509803298368	3.1911355356224115E-5	0.49999918520596526	0.4999997909951879	0.49999542443617356	0.49999935771582754	0.4999993853742295	
0.8333362119722534	0.6000117963806564	0.33327142550044825	0.9999937378547814	0.49999917443532044	0.499999937953877	0.49999540152392774	0.4999995875292072	0.5000010806939852	
0.8333367002746368	0.6000117965403986	0.3332714800575367	1.948473642689451E-4	0.4999972273391919	0.4999998052858396	0.49999543736483193	0.4999995499826369	0.5000007863899878	
0.8333367452660889	0.6000133099858533	1.755863495716825E-4	0.4939720345699577	0.4999990256460219	0.49999948019892837	0.49999547691733404	0.49999997255151285	0.4999998014803474	
0.8333503568109697	0.40008129499281103	0.9998675058762111	0.9998348958264939	0.4999978945377249	0.49999941792051544	0.49999575086342507	0.4999995493031793	0.4999996754462501	
0.833338035675106	0.39994670993593817	0.9999999430837263	0.4999758429615856	0.49999695476737654	0.4999997920150571	0.499995324627889	0.4999996106733688	0.5000004039220081	
0.8333462395398166	0.4002193055382807	0.9997491017919068	2.96313128109867E-4	0.4999985157415791	0.5000004994718041	0.49999489937380515	0.49999994998977365	0.49999980717085124	
0.8333363865902242	0.39995294898191297	0.4999974493021628	0.9999936813758341	0.4999969525917208	0.4999997133405801	0.4999954995014708	0.49999998543010077	0.5000004142334771	
0.8333501490015959	0.4002192912496989	0.5002353049910467	6.380261867965102E-4	0.49999786685430475	0.5000001667768736	0.4999952222078072	0.49999985288658266	0.5000006748678042	
0.8333366628210819	0.4000943927439744	1.8492463642658363E-4	0.4919583688591673	0.499999109034252	0.4999997787683019	0.499995415135752	0.49999997254225215	0.5000011827406248	
0.8333461749850828	0.20009849219036183	0.9998646518228211	0.9998044831726914	0.49999831243564896	0.49999364747544445	0.49999528465636955	0.4999999624113507	0.5000007669086035	
0.8333463626934853	0.20009848419282258	0.9998663358237053	2.4176418359849887E-4	0.499997644026913	0.4999998782148939	0.4999953572099992	0.499999954101076	0.49999953315123813	
0.8333288909735714	0.20000180787548827	6.191749310213712E-7	0.0071439786677092686	0.49999775216709713	0.49999971278571187	0.499991700678596	0.4999999185282757	0.4999997452602746	
0.8333289464648221	1.2495114732941045E-5	0.6662880324979384	0.4994160571212293	0.4999987535758801	0.5000005288878885	0.4999949451505759	0.49999869197526464	0.49999984300036776	
0.6666908339326106	0.999975009222654	0.9999821370657401	0.9999883770779965	0.4999961303564507	0.5000000371598959	0.49999412394114817	0.49999984316267604	0.5000009298740689	
0.6666742951490787	0.9999933729078709	0.9999943644918556	0.7499968153044919	0.4999964673006289	0.5000000243637045	0.49999455515500146	0.5000001079800649	0.49999990342378564	
0.6666742967547243	0.9999961251958167	0.999990136821104	0.5000169345407138	0.4999969246534206	0.4999997487283673	0.49999495313004483	0.49999986145852243	0.49999999537869605	
0.6666773177850189	0.9999954276682201	0.9999960137756945	0.2500274319967404	0.4999986473873831	0.4999997977866331	0.4999945819293533	0.49999993652335434	0.5000000471313308	
0.6666903887421777	0.9999821601445882	0.999975026059124	1.2318130886647792E-5	0.49999654293070067	0.4999997782057146	0.4999958763714478	0.4999997502662622	0.49999923167480553	
0.666674247857424	0.999991350340097	0.7499804020876597	0.9999914718858529	0.49999773556411903	0.5000000709552546	0.49999437391729495	0.4999998401062125	0.49999926110615406	
0.6666760843822507	0.9999982360287862	0.7499804020876597	0.6666055861789437	0.49999932417591003	0.499999247525922	0.49999340748753096	0.4999999533479248	0.4999999364528565	
0.6666739971318827	0.999996521413171	0.7499795158363464	0.3333343024434488	0.49999655253347103	0.49999972649438396	0.4999949094706525	0.4999999980070473	0.49999928883516154	
0.6666778005746976	0.9999909957104524	0.7499286908058074	2.694302897415747E-6	0.4999975413620528	0.5000001716055811	0.4999958975441286	0.499999872921166	0.49999946305191567	
0.6666699036280436	0.9999983046711202	0.4999899727885154	0.9999999671922792	0.5000032004467584	0.49999671121060996	0.4999942482284548	0.4999995990564527	0.4999981974050705	
0.666669701863321	0.9999915585904158	0.49998868084475906	0.5000093263723494	0.4999992937230074	0.4999997600521688	0.4999942695931153	0.49999995421457455	0.5000010697410796	
0.6666693696263238	0.9999967260016903	0.500006450216062	3.965009924503798E-6	0.49999730535188697	0.5000000635584293	0.4999944723249206	0.49999964536519276	0.49999965048578987	
0.6666699052482649	0.999990121307873	0.24987031265459292	0.9999995055476739	0.4999992017608336	0.49999668252613755	0.49999427351293096	0.49999934715187144	0.4999979882315307	
0.6666699100390142	0.9999984611467915	0.25001351199468325	8.60401459081585E-5	0.4999973548003534	0.49999953211035214	0.4999942485967072	0.4999999771417219	0.49999976377707067	
0.6666702179775024	0.9999971183816528	2.2948403990878932E-5	0.5037337898704314	0.49999928846332425	0.49999977028342235	0.4999956969816062	0.4999988820098635	0.49999963493599486	
0.6666912932165842	0.7499639475170744	0.999976264358571	0.9999221073821163	0.49999765847593863	0.5000007564542067	0.49999415984622025	0.4999996027680323	0.4999997650080071	
0.6666758134366086	0.7500161627956631	0.9999775913158021	0.6666068148619978	0.4999979276878716	0.5000007617918099	0.49999616627689597	0.5000000410061941	0.499999779135245	
0.6666767346910145	0.7500969867047662	0.999923481183723	0.3333424318897502	0.4999993097905725	0.49999962132386155	0.4999946098558708	0.4999999894887205	0.4999992356978394	
0.6666765651322805	0.7500212253786226	0.9999904878578265	2.952901544920019E-5	0.4999976299045835	0.4999997992388608	0.49999606237931393	0.4999988699238482	0.4999994354317618	
0.6666900210158808	0.7500082592557568	0.666664982977325	0.9999213540490669	0.49999516254212756	0.4999999439343274	0.4999941600273731	0.49999903253524136	0.49999956607116924	
0.6666760348108338	0.7500163663503789	0.6666652727697957	0.4999918948593252	0.499997697646491	0.4999997219658866	0.49999467598812286	0.5000000167147328	0.49999960352406625	
0.6666765530122369	0.7500218729470486	0.6666649048896821	3.26086276586133E-5	0.4999978931875355	0.5000001247723962	0.4999960591069071	0.5000000376052322	0.5000011263035405	
0.6666890431858744	0.7500181386524606	0.33351307180391665	0.9997373163981667	0.49999723067519836	0.4999997883363976	0.49999428192439277	0.49999993428997197	0.4999995411873112	
0.6666765651322805	0.7500212253786226	0.33374475399657044	2.3072960725065432E-5	0.4999976299045835	0.4999997992388608	0.49999606237931393	0.5000000917421347	0.4999994354317618	
0.6666696177397531	0.7500173663007433	2.3971770833451683E-5	0.5034128931042235	0.4999987628630121	0.49999947592381144	0.49999533403352925	0.4999987616282706	0.49999977424489056	
0.6668002326093897	0.5004580125883467	0.9994614700484288	0.9994685561456609	0.4999977609143959	0.4999993034586514	0.49999245008434756	0.499999592219599	0.49999976551170155	
0.6667275016503824	0.5000735318350967	0.99997512616751	0.4999863145243004	0.49999766641825727	0.5000005942197001	0.49999522631354476	0.5000004161824346	0.49999976980371086	
0.6666898130919698	0.5000529152979399	0.9999653409012147	1.8268716732259692E-5	0.4999976550171056	0.5000002231953298	0.4999942958966597	0.4999987050301365	0.5000006074705642	
0.6666751912202742	0.4999311854213164	0.5000019412458613	0.9997484416030561	0.49999510880651826	0.5000005608640072	0.4999951223320181	0.5000004987996959	0.4999981673830907	
0.666689813252555	0.5000528093074427	0.5001986385748807	3.697214578328976E-5	0.49999767304950604	0.4999999385889207	0.49999526207546946	0.49999871398051055	0.49999937709798953	
0.6668617016471005	0.5006437843763532	0.0015169770764394328	0.49996030460974045	0.4999988762612269	0.4999994694063745	0.4999937185672075	0.49999996584200945	0.49999960622499456	
0.666799317763289	0.25048258723800254	0.9995640564577675	0.9989490720226333	0.49999762938321707	0.4999996128722914	0.4999941235019658	0.5000005079993309	0.49999971116338277	
0.666799317763289	0.2504858361826721	0.9996840645565018	0.0013067307793221373	0.49999765455095146	0.5000002136698031	0.49999522700013316	0.4999999177598918	0.49999933378315453	
0.6668623208732573	0.250715972505879	0.001809458914135531	0.5034298380877238	0.4999970108325271	0.4999997252271856	0.4999937183843324	0.4999999637519577	0.4999997464825265	
0.6667251913191873	9.458658414246424E-5	0.5250322291897376	0.5091920434500435	0.49999877603846	0.500000551912187	0.49999532385348905	0.4999992594879656	0.49999966439114213	
0.5001858876896519	0.9998666703473607	0.9997973410558932	0.9998092011869842	0.4999971160303094	0.4999997042262475	0.49999268584027723	0.500000609997941	0.5000009765988114	
0.5001889588665526	0.999854538008048	0.9998315726110482	0.6665919843208209	0.4999976622754939	0.5000008437455561	0.4999941385526498	0.500000465408702	0.5000000355570081	
0.5000327051254648	0.9999450138172253	0.9999567415850221	0.33325220130585775	0.4999970654673677	0.49999951881566895	0.4999945802559974	0.49999994467692815	0.5000000480794514	
0.5000358946505562	0.9999822303645026	0.9999835585076554	1.3483303778168486E-5	0.4999978298411563	0.49999709584985086	0.499994668207157	0.4999999419889399	0.4999900288752567	
0.500034049738834	0.9999987554388807	0.6666109509931559	0.9999056879116511	0.49999720869523306	0.49999972660385367	0.49999439302434323	0.49999964319967816	0.49999968549331136	
0.5000332988071863	0.9999916996396344	0.6666652707700973	0.4999919322340785	0.4999971476202396	0.49999972532152737	0.49999426887771364	0.49999975136758273	0.4999997294773624	
0.5000528457686285	0.9999961261243578	0.6664755492896312	5.893201766174309E-5	0.4999971528518986	0.4999996610256439	0.4999944814401927	0.4999994155357643	0.49999972910614043	
0.500174845383239	0.9998782481032424	0.3335128639729992	0.999288923141778	0.5000045626007582	0.49999830158440417	0.49999414227850314	0.49999850427549364	0.5000009770063971	
0.5001751738612431	0.9998415292792591	0.3335599369848845	4.409474327530357E-4	0.49999741868665687	0.49999964732957225	0.4999937421801916	0.49999946042074705	0.4999992878254868	
0.50017504563988	0.9999955755035089	2.0477977483794363E-4	0.5056486580985678	0.4999987338878388	0.499999750736773	0.49999429066854634	0.49999946414798796	0.4999993220923693	
0.5000323530499077	0.666662336409358	0.9998482473445094	0.9998446204955018	0.49999749439914337	0.5000007515899403	0.4999943901483388	0.49999943345212955	0.5000000490063419	
0.5000311992735238	0.666672505872767	0.9999757891397121	0.49999375799632734	0.49999803335517684	0.49999972517103297	0.4999943868914701	0.5000000793789603	0.5000000505583283	
0.5000282545034109	0.6666716249656259	0.9998466502134262	3.252513393393368E-5	0.49999804964839867	0.4999997083192157	0.499994932033147	0.49999944191783213	0.5000000507773887	
0.5000337215899109	0.6666796457876326	0.5001425128239619	0.9997389022358768	0.4999980345495935	0.4999997956993174	0.4999943893151637	0.5000000197849935	0.5000000829613047	
0.500051003658919	0.6666803688324773	0.4999088711383069	2.060747747085543E-5	0.4999980331481248	0.4999997943476042	0.4999943867116554	0.500000019246501	0.5000000500247614	
0.5000471754401096	0.6663709693777359	1.1611719695331804E-6	0.044572783083330125	0.49999835023568234	0.5000022254246754	0.49999469168809196	0.49999941870160386	0.49999969936584654	
0.5000512987185429	0.33341529916902485	0.9998646417489603	0.9991156543578557	0.4999975461243663	0.49999985925126256	0.4999938034494759	0.4999998532623971	0.5000000600433683	
0.5000509062229349	0.33342199659754507	0.9996541178053375	4.7373945448132485E-5	0.49999748233867175	0.5000005207710277	0.49999459556893244	0.49999949771886215	0.5000000480708235	
0.4998625909334273	0.3330937433757405	2.3980262282151887E-5	0.4674957984609883	0.4999970538575333	0.49999978099740083	0.49999468473315173	0.49999960144583677	0.5000005914750054	
0.5000336849551209	5.126988799147858E-6	0.9996794903437126	0.4995867815512861	0.49999918353956807	0.4999998167660599	0.4999952291468452	0.4999996565686354	0.5000003900323057	
0.3333716587424488	0.999984128442178	0.9998761391855104	0.9998052870936364	0.49999703329737977	0.4999999748175368	0.49999338012185335	0.4999999315870293	0.49999967384350646	
0.33338015808231736	0.9999045684583264	0.9999758547836507	0.5000030140794391	0.49999713844889565	0.49999971145808936	0.4999942628455746	0.4999997370891032	0.4999996665446743	
0.3333801746514115	0.9999913962494112	0.9998700582570705	1.9049546513490902E-4	0.4999980451711243	0.49999980582400866	0.4999942722060745	0.4999999394160721	0.5000000408782438	
0.33337140317258346	0.9999843454406037	0.5001535267209898	0.9997382361705613	0.4999970337180167	0.4999999804522154	0.49999340868884956	0.4999991720464892	0.49999954086872617	
0.3333778597714242	0.9999904592456563	0.5001530652343315	1.998679938311726E-4	0.4999980542439121	0.49999988803233697	0.49999338159161644	0.49999993075729365	0.5000000245835583	
0.33338237284388056	0.9999876119452876	2.3441096377901992E-4	0.5006704111960265	0.49999877976963947	0.49999973297706674	0.49999368670912764	0.4999997513410755	0.49999977239990046	
0.3333660997969627	0.5004624059791397	0.9994569987611941	0.999749733235613	0.49999689886883214	0.49999987870325113	0.49999333753321823	0.49999994868693765	0.4999998014939107	
0.33339952025216046	0.500079354602931	0.9997775965191943	1.8570168099347383E-5	0.4999985912103308	0.49999598075049734	0.49999429785095995	0.4999986996210337	0.4999992449796197	
0.3333774458237868	0.49984777743795117	5.971773791403409E-5	0.47403417772616374	0.4999980341691265	0.4999998753119825	0.4999943847163992	0.4999995776343404	0.499999657509141	
0.3334943995236255	6.586689870862753E-4	0.6633777736172286	0.5086706222380175	0.49999868526011404	0.49999687974725565	0.4999951735942034	0.49999960093320467	0.4999998489004433	
0.1666609095410492	0.9999926136017809	0.9999990921925452	0.9998813534013717	0.5000059425463377	0.49999696228095153	0.49999411962149276	0.4999999276573227	0.5000000411741173	
0.1666615489414079	0.9999787946402705	0.9999702623934746	1.5037734283123805E-5	0.4999979197372176	0.49999987459106404	0.49999361206582976	0.4999999644231199	0.49999895031320996	
0.16702846373774244	0.9989373390320221	8.188935044738709E-4	0.5233950492849033	0.49999712605264773	0.49999974037565936	0.4999932918791517	0.49999854109598624	0.5000009747373921	
0.16687702963423054	0.0010759829751139783	0.6736245416516818	0.5004920435516338	0.4999971153821314	0.49999963602341696	0.49999435915431883	0.4999985410917898	0.5000024641645872	
2.1698407172698886E-5	0.6669333186534419	0.5275351561785053	0.49439334777708277	0.4999970077033027	0.5000004208329372	0.4999934398047159	0.5000004088966091	0.4999994219374434	
