0.99999314735778	0.9999994029902743	0.9999965391709975	0.9999987969998454	0.5000007953116623	0.5000005381771196	0.5000015832912155	0.5000003156148161	0.5000035263458859	
0.9999944652178426	0.9999963423657964	0.9999970950279348	0.8333499897051736	0.5000005083241198	0.5000006889781873	0.5000019070979072	0.5000015028359625	0.5000033680998811	
0.9999817947479841	0.9999842113448111	0.9999841212756247	0.666693859484075	0.5000010763100633	0.49999943675963593	0.5000016808764702	0.5000017607946633	0.5000033892593208	
0.9999988260652818	0.9999959259836996	0.9999986916821993	0.499992023445326	0.5000004245517893	0.4999994038339432	0.49999933959625187	0.5000012639339478	0.500003225649719	
0.9999989074754763	0.9999933525609507	0.9999968173240867	0.33331916500996295	0.5000002033245752	0.5000000622312047	0.4999995456079278	0.5000012145733799	0.5000055384525622	
0.9999992490448891	0.9999973523911445	0.9999930168633246	0.1666879842649056	0.4999989548229339	0.49999943662091295	0.49999942572732325	0.5000014168208483	0.5000033827925708	
0.9999948159776927	0.9999969088558861	0.9999374200884471	1.3678832972650418E-5	0.5000000541690974	0.5000000808250358	0.4999993207349413	0.5000012605076534	0.5000034136257898	
0.9999945437377808	0.9999963375746532	0.8333155580219549	0.9999948480214386	0.5000009500308749	0.5000006184182623	0.4999995369511038	0.500000295428211	0.5000032216913401	
0.9999953040167725	0.9999826530678791	0.8333179284071502	0.7999508012139208	0.5000009410490253	0.4999985719831587	0.49999981806857496	0.5000014849427885	0.5000032546819975	
0.9999978074787437	0.9999833280427113	0.8333180023248616	0.599944698410457	0.5000003980398501	0.4999997834745923	0.499999648280107	0.5000002836037437	0.5000033662159226	
0.9999815570600737	0.9999878181811722	0.8331924486685441	0.3999748899951806	0.5000004249464222	0.5000000230294065	0.49999933532986574	0.5000014702008806	0.5000032805124148	
0.9999814513153052	0.999973077911672	0.833192510185296	0.1999597297169418	0.49999997688888076	0.4999998341717268	0.49999941304392975	0.5000012522088767	0.5000032897033895	
0.9999808507870038	0.9999807173572256	0.8331965564585724	7.682493094582366E-6	0.500000107895398	0.49999996858858325	0.49999942236522865	0.5000013818742471	0.5000031997586813	
0.9999945780289583	0.9999634273521238	0.6664908183407693	0.9999977327580922	0.5000008900911216	0.49999857111359547	0.500001986353894	0.5000013122999017	0.5000032219255561	
0.9999798137495826	0.9999832929783611	0.66678653516516	0.7499377343165746	0.5000011888672946	0.499999397722088	0.5000024634055354	0.5000013072630216	0.500003355385559	
0.9999793585172064	0.9999927719714333	0.6667874694390147	0.50000051354374	0.5000004696385097	0.49999989878694634	0.4999996973303737	0.5000002157095451	0.5000037442975864	
0.9999551456715946	0.999964134614265	0.6664327819551198	0.2502486894149417	0.500000409024925	0.5000000498251288	0.49999964975944394	0.5000011543885708	0.5000062390193946	
0.999990025683149	0.9999807156326519	0.6665958281398375	2.964903368884949E-7	0.4999999073852999	0.5000000196494074	0.4999993275162895	0.5000013771831691	0.5000061847439353	
0.9999998990992806	0.9999951201067097	0.5000144406278697	0.9999757175080983	0.5000010320571439	0.4999993965554263	0.49999965239235555	0.5000012668525143	0.5000033486126322	
0.9999940892702052	0.9999927811833026	0.5000199401386859	0.6667561790766605	0.49999750830158873	0.4999992343954612	0.5000018147654322	0.5000011113990389	0.5000033717516595	
0.9999869014052438	0.9999805159931503	0.5000159507640888	0.3335118247817339	0.5000003680114679	0.499997757178232	0.5000001100698315	0.5000006890847146	0.5000034567467169	
0.9999802018420689	0.9999732901298435	0.5000159571925185	7.206191656242394E-6	0.5000000734955689	0.4999998361115234	0.49999939178564856	0.5000012559780527	0.5000034428804957	
0.9999790161046171	0.9999887836014497	0.33360831306758576	0.9995175197816004	0.5000005670555975	0.49999915314021753	0.49999917437771785	0.500000153382721	0.5000054137007197	
0.9999869564771906	0.9999965973774672	0.3332302251349993	0.5000001740942484	0.49999969480264833	0.5000004695088426	0.5000007096266297	0.5000001325676753	0.5000033331858945	
0.9999503101075482	0.9999642895119267	0.33321270480385407	9.905091450333194E-7	0.49999823844752744	0.5000000464705072	0.4999959250933733	0.5000010593634939	0.5000058933343238	
0.9999567554973979	0.9999929941350048	0.1672087041478825	0.9970397035060552	0.4999996508737072	0.4999976736638889	0.49999917428860263	0.5000014747946339	0.5000034363929827	
0.9999441842092333	0.9999266657646018	0.16665330153716118	6.127760064591175E-5	0.499997382820833	0.5000004728569766	0.5000004310630077	0.5000001229415276	0.5000030473251831	
0.9999956003073631	0.9999994091328351	4.44811297127314E-6	0.4862968157317966	0.4999993746367644	0.5000004261512005	0.4999992759215026	0.49999959600590915	0.5000067165218582	
0.9999996061270838	0.8333275892438953	0.9999987899007552	0.9999944599728507	0.5000010335890414	0.49999857039541773	0.5000019268425709	0.5000015347817154	0.5000034297191168	
0.9999925969146302	0.8333007559182382	0.9999971236316134	0.7999508107167143	0.5000001197665819	0.5000006116771106	0.49999960650744657	0.5000015723259631	0.5000034293789076	
0.9999820419078239	0.8333006461117303	0.9999841571541306	0.5998221427125717	0.4999999107960619	0.4999979763658179	0.49999959002563793	0.5000003952161646	0.5000032245949235	
0.9999926419911876	0.8333019230732014	0.9999970783811758	0.40003932585524216	0.5000004020834582	0.5000004850476797	0.4999996443675987	0.500000213208656	0.5000032581162158	
0.9999658804989361	0.833317052748744	0.9999883228747304	0.20023433712551325	0.4999999740943684	0.49999982615464417	0.4999996427884644	0.5000013753822741	0.5000035348870789	
0.9999992491423426	0.833317891742113	0.999998693196003	9.195489666976466E-7	0.500000424357423	0.5000000214608248	0.4999993250867545	0.5000014201740175	0.500003434207714	
0.9999914667013191	0.8333009867793876	0.8000539612352913	0.9999723912247465	0.4999990260736523	0.4999993929876584	0.4999962162815081	0.5000002927876716	0.5000035182108433	
0.9999793939041446	0.8333047883528708	0.8001326276799919	0.7499718614896463	0.5000007630942018	0.4999991746692642	0.4999997446796369	0.5000011271558997	0.500003333859038	
0.9999871661252829	0.8333529808140503	0.8000041083393443	0.49999115803300864	0.4999999711407274	0.499999964648662	0.499999619135843	0.5000011323495396	0.5000032837414776	
0.999996848762892	0.833317588734182	0.8000031743008094	0.24998231754447708	0.4999999602497992	0.5000000019602403	0.4999996096827333	0.500001208367948	0.5000051435346405	
0.9999978583012419	0.8333541884917898	0.8000041819654261	3.714112727162934E-6	0.49999990920138504	0.49999983086253275	0.49999961272151117	0.5000011978116234	0.5000032781717386	
0.9999793052268123	0.8332980750176354	0.5999700840926503	0.9999981123958736	0.5000007771604331	0.4999994179012993	0.49999950175995167	0.4999998104588468	0.5000034073610413	
0.9999887819753311	0.8333627556172675	0.5999743759937679	0.6667389093947678	0.5000002609247537	0.49999937560375407	0.5000017817023109	0.4999998584194239	0.5000032991560902	
0.9999960891398435	0.8333076699980638	0.6000115384947162	0.3333417158814307	0.5000003758690885	0.4999994722810235	0.5000000720375858	0.5000007091825565	0.5000032997375511	
0.9999981157208815	0.8333157544674867	0.5999743839745488	1.796079832074652E-6	0.49999822325988896	0.4999998687756844	0.49999573714576107	0.49999995349288756	0.5000051287362105	
0.9999978623015269	0.8333181504551957	0.3999971686776178	0.9999990738686906	0.5000010668610835	0.49999939375184654	0.49999964835021604	0.5000006473004057	0.500003653732292	
0.9999993167915628	0.8333181530964328	0.39999596753351796	0.4999914431649342	0.4999997802625334	0.5000002918494245	0.5000000877251628	0.5000007073504987	0.500003312600346	
0.9999979785235953	0.8333553544649007	0.3999971220325376	1.8148184748612375E-6	0.5000000485466009	0.5000003120411375	0.4999955666391948	0.5000006658388763	0.5000033317060381	
0.9999786879009642	0.8333550046963338	0.2002217158026346	0.9992890108220817	0.4999998748794079	0.5000004309452272	0.4999996537719252	0.5000005985263938	0.5000034598211854	
0.9999867308273409	0.8333552429732369	0.2002217158026346	7.162143118251535E-4	0.5000003041301717	0.49999837885080856	0.4999995007491801	0.4999996327721706	0.5000035523352206	
0.9999935009943869	0.8333178853495403	4.432877223065603E-6	0.5150260769148789	0.49999977752917835	0.4999979134846302	0.4999994507615296	0.500000085942257	0.5000034940746025	
0.9999888244851064	0.6667562953064489	0.9999580160256819	0.9999419639912395	0.5000010240390251	0.5000006877920948	0.4999999082107786	0.5000001255445583	0.500003395682851	
0.9999998915875772	0.6666487843138652	0.9999988356070013	0.7499998381246137	0.500000736384808	0.4999979082083972	0.4999995249639583	0.500000248949367	0.500003189555468	
0.9999830705780229	0.6667498501569252	0.9998775010840728	0.49968323722806346	0.5000002417036297	0.499999166476497	0.49999926931941246	0.5000002299984289	0.5000034107915381	
0.9999816862357229	0.6667395540999581	0.9999302651186515	0.25007671813242194	0.5000002387845296	0.5000000465415543	0.4999996035473933	0.5000011539810688	0.5000041849669129	
0.9999995556535455	0.6667398452364097	0.9999917652964632	8.00054074011062E-5	0.4999984119512706	0.5000007381756686	0.4999995800344145	0.500001108740224	0.5000034327435755	
0.9999891745614534	0.6667508347251463	0.7500216091745382	0.9998883621266907	0.5000011890328034	0.5000001060911669	0.4999997535244892	0.5000017477752721	0.5000057282476519	
0.9999870741397598	0.6667405375122105	0.7500216401785684	0.666695935670963	0.5000000597307331	0.4999989472392301	0.49999937637820924	0.5000011148114332	0.5000034176335896	
0.9999887979261244	0.6667379543366275	0.7499290777253821	0.33335802385308644	0.5000004247364861	0.49999996401704977	0.49999923285441605	0.5000010835808127	0.5000032824901448	
0.9999884308849455	0.6667372337088073	0.7499937207500322	1.2849734871214687E-5	0.5000004328338341	0.5000006872370734	0.4999996097076357	0.5000010686333893	0.500003339010423	
0.9999881963957562	0.6667412488313472	0.5000245286629957	0.9998883222258497	0.5000011789357893	0.5000010223431705	0.49999939566827706	0.5000031830498023	0.5000053785959776	
0.9999956959616237	0.6667397543411065	0.5000435573339795	0.5000543353779319	0.5000002826972562	0.5000011186245553	0.4999994421678726	0.5000009792847289	0.5000034955789905	
0.9999871551059936	0.6666308773906229	0.5000015062525569	3.047679685406373E-7	0.5000044856232643	0.49999982740667936	0.49999924530577067	0.49999980911949965	0.5000026049590828	
0.999987477445308	0.6667642799677784	0.25003413211683095	0.9998122805786787	0.4999996894009183	0.49999762190717684	0.49999722839926936	0.5000017280729289	0.5000040380752808	
0.9999902966923793	0.6666277442269579	0.2500341338677548	7.478947633395003E-5	0.5000003203401154	0.4999994131770697	0.49999943698127874	0.4999997167979882	0.5000035043609389	
0.9999878617170788	0.6667619623663211	1.7616003492550159E-4	0.49999097613778326	0.49999966206342933	0.4999999811342806	0.4999996510027627	0.49999979124691607	0.5000034248937002	
0.9999620019132881	0.500234976739312	0.9997603865017535	0.9997890225334881	0.49999990396928323	0.5000000343242303	0.4999931291871482	0.5000010875445394	0.5000031364539411	
0.9999620124104293	0.5002347924661962	0.999758685308875	0.6664842469160179	0.4999999136958801	0.5000002984450348	0.4999996046602008	0.5000004279039807	0.5000031876699137	
0.9999909317374104	0.500035572456618	0.9999878726177894	0.33334584061713624	0.49999975734728364	0.4999987594476918	0.4999996676310666	0.5000012901537799	0.5000033324894252	
0.9999872416449195	0.5001140487820476	0.9998328636070423	7.298759331443313E-5	0.4999984203699602	0.5000024502131167	0.49999974841796885	0.49999996244717265	0.5000035251623947	
0.9999619083037524	0.5002352857062277	0.666577885813745	0.9997888782941606	0.5000010547919658	0.5000007824627544	0.49999871203872814	0.49999985944084985	0.5000031575018903	
0.9999694598331222	0.5001654061404036	0.666607581429366	0.5000018545829091	0.4999996503749588	0.4999998418952559	0.5000020608086508	0.5000013219856759	0.500003212038086	
0.9999853489674828	0.5000371543740125	0.6666723972546496	6.643588041387331E-5	0.4999996974974691	0.49999980672139976	0.5000021116971273	0.5000011938433194	0.5000053362846212	
0.9999618866536018	0.5001865696886186	0.3337277071637893	0.999732905181701	0.4999999341645851	0.4999999102693952	0.4999996695478898	0.4999997073941165	0.5000034001205472	
0.9999618866477525	0.500115361620618	0.33341510424222287	7.538970020062888E-5	0.49999992823890865	0.49999990931249855	0.4999996696539512	0.5000000230147673	0.5000033917730318	
0.9999999176875602	0.49996951689556507	3.2539789732282385E-6	0.012493704785360105	0.4999998926251538	0.4999996724077089	0.49999950474929666	0.49999971072066085	0.5000073980320903	
0.999981778185605	0.3334801357970667	0.9995652210434147	0.9999935740822269	0.500000734516204	0.49999934262488205	0.49999951422118993	0.5000004376995396	0.5000031638981995	
0.9999800417711452	0.33348133656103846	0.9998765543096872	0.5000005869792686	0.5000002643559642	0.4999978490636719	0.4999996135205633	0.5000014271151362	0.5000030879168489	
0.9999609804778266	0.33350302788626296	0.9994006085713544	9.087033852883423E-4	0.49999913568884463	0.49999934557640563	0.49999953393781954	0.4999999790291299	0.5000031559627061	
0.9999800393342453	0.3334812239848921	0.500245566274247	0.9996266755709303	0.5000002662875977	0.4999977788364525	0.4999988058383605	0.5000014284515445	0.5000048379223866	
0.9999621387478045	0.3334812966461982	0.5000432774661716	1.743033703778818E-4	0.5000018083387958	0.4999987834171898	0.49999877968677514	0.5000010616209316	0.5000035225903771	
0.9999800730757628	0.3334450819851889	5.796647561997215E-4	0.591892455209299	0.5000017512576171	0.49999843159096774	0.4999994514419672	0.5000014204704422	0.5000041425408289	
0.9999454886441216	0.1672282277167821	0.9985090056676794	0.9989294620909294	0.4999999767225266	0.4999997962956726	0.5000005523540006	0.5000012390159508	0.500003140742923	
0.9999615136175127	0.16721532218161478	0.9985033097585587	0.0013051626426564154	0.50000177580644	0.49999984603346653	0.49999878437031475	0.5000030533125712	0.5000050003888943	
0.9999707910662302	0.16677399316749936	7.900668580850256E-4	0.4707468544622276	0.5000002436907129	0.4999993538973608	0.49999925716001126	0.4999999712273479	0.5000031593988824	
0.9999706057882808	2.045939183324963E-4	0.5004963237792195	0.4602681447568059	0.5000003920497288	0.5000018400987075	0.5000021331226079	0.4999998666241662	0.5000033064284002	
0.8333338325979953	0.9999991932749909	0.9999988022829063	0.9999944377773297	0.5000009352399915	0.49999999709586607	0.5000016615957844	0.5000013252939531	0.5000035361799725	
0.8333338989447076	0.9999866074946357	0.9999925557236886	0.7999448590489884	0.5000000083797375	0.4999999483887458	0.4999992394952703	0.5000003176156959	0.5000032275022702	
0.8333349010473314	0.9999977086141421	0.9999988390515642	0.5999923913818321	0.4999999870806472	0.49999993208535126	0.5000020575713844	0.5000003248816377	0.5000035366522415	
0.8333287156396918	0.9999807838724332	0.9999879038534649	0.3999300694164069	0.49999991183429904	0.49999981797750154	0.4999996031848546	0.500001109182996	0.5000032295861413	
0.8333287157718002	0.9999973529316822	0.9999885182218997	0.19996652126598077	0.4999988671454815	0.5000004967927174	0.4999993207442201	0.5000002040976007	0.5000033433101366	
0.83333240898643	0.9999991152907809	0.9999998508065344	9.095630273710682E-7	0.5000000204460378	0.5000000752605486	0.4999995718095207	0.5000011993090061	0.5000032658456851	
0.8333244461193855	0.9999991752376929	0.8000552779096249	0.9999423096997831	0.4999989988107666	0.49999998814292573	0.5000016623240933	0.4999999643551277	0.5000035162285792	
0.8333246186427953	0.999986680049363	0.8000552255272154	0.7499718998595886	0.4999989779966761	0.4999997583827041	0.4999995030377603	0.5000003004557467	0.5000033665011371	
0.8333161786886727	0.9999973687100349	0.800056997632518	0.4999921298311422	0.5000002162918038	0.4999997658279917	0.4999991676493834	0.5000011084666708	0.5000035330979913	
0.8333288384762129	0.9999814085116441	0.8000284031874205	0.25015726318037407	0.4999999171747579	0.4999999931917692	0.4999993852778486	0.5000010930956579	0.5000053624674234	
0.8333288253165749	0.9999987717095019	0.8000025026896448	1.152355228978047E-6	0.5000000216265338	0.5000000612273812	0.49999961853821717	0.5000013614581789	0.5000032706665958	
0.8333333885281297	0.9999945526403586	0.5999673530640903	0.9999996973413393	0.5000007309163105	0.49999984940869757	0.49999970421740464	0.5000003073705539	0.5000032704534222	
0.8333358034587541	0.9999764779311158	0.5998322584112838	0.666420907280716	0.5000007840905927	0.49999921118763335	0.5000017858606224	0.49999985357788673	0.5000033447650541	
0.8333352156383124	0.9999971434363427	0.6000178400723509	0.3333431929202341	0.4999999360062333	0.49999981595164406	0.5000000679009635	0.5000012619198418	0.5000061584189222	
0.8333352511210431	0.999996716363331	0.6000178623220759	3.270452643571569E-5	0.49999882579543253	0.5000004317582275	0.49999957654227917	0.500001197156607	0.5000059361513849	
0.8333308713697265	0.9999932746293296	0.3999703959420455	0.9999912265655686	0.5000005040653771	0.4999990700144388	0.5000022691898095	0.499999887252487	0.5000043456917964	
0.8333327718967829	0.9999929221467485	0.3999952116323043	0.4999578500961357	0.5000002637914526	0.49999942502780453	0.5000002657085431	0.5000006985342712	0.5000035752861789	
0.8333363484999049	0.9999929076834646	0.40001663741070076	3.3144798997552914E-5	0.5000002933115409	0.49999939483175476	0.4999996484188201	0.5000010121881167	0.5000037159132636	
0.8333284181315753	0.9999929236632266	0.20019845993774138	0.9993769085612709	0.49999993556012695	0.5000003519630786	0.49999965232345667	0.5000006354633715	0.5000035645702505	
0.8333327716618794	0.9999929218850707	0.20005467283879041	1.883752416758438E-4	0.5000003035731637	0.4999979231912285	0.5000002408471989	0.5000007002585362	0.5000037120662507	
0.8333330149451805	0.9999994098710006	4.414251521040089E-6	0.5441537623192405	0.4999996630915295	0.49999836911417406	0.49999955443279887	0.49999966904551785	0.5000033307307108	
0.8333338197864246	0.7999964134271697	0.9999993837555152	0.9999996596741791	0.5000010115216517	0.4999998709256997	0.5000020904502607	0.5000001983749298	0.5000032692556385	
0.8333378122467522	0.800015367449799	0.9999887631781709	0.7499710435345286	0.5000003974108139	0.4999993737070616	0.49999953601922537	0.5000012008616515	0.5000034289875245	
0.833334864426064	0.7999927954281811	0.999998892525671	0.4999826886259669	0.50000002313138	0.500000146823925	0.4999994989983282	0.5000012803849639	0.5000032792798754	
0.8333326209023184	0.7999981925240163	0.9999883209180955	0.25015403288745824	0.500000401065733	0.5000001822972612	0.4999996461836199	0.5000012005585882	0.5000032295951138	
0.8333326214121728	0.7999982359828984	0.9999997755591747	3.7214838861876517E-6	0.499999908088092	0.5000000209740066	0.4999996139129448	0.5000011983328683	0.5000032846618374	
0.8333333427438794	0.7999964065159648	0.750022607747706	0.9999998457382845	0.5000010626257183	0.49999918448388586	0.49999975402991226	0.5000003408529398	0.5000034137975621	
0.8333376166958572	0.7999961316083961	0.7500236699875323	0.6666936325147613	0.5000001554373871	0.4999992512940211	0.4999994786539232	0.5000003203519607	0.5000033679869368	
0.8333325915719014	0.799997220656333	0.7500183312220176	0.333345339005565	0.5000003969548158	0.500000630400484	0.49999949431257384	0.5000011328578609	0.5000032598055214	
0.8333325072475983	0.7999972334596254	0.7500192238772692	3.706110394432847E-6	0.4999999624034611	0.5000003001537239	0.49999948667169997	0.5000011321092304	0.500003244553998	
0.8333333905085658	0.7999964670709491	0.5000224932508432	0.9999899221124039	0.500000271394953	0.49999905579726955	0.4999995631949862	0.5000003139117405	0.5000034183461404	
0.833332500238344	0.7999979675085045	0.5000226835465437	0.5000005215481941	0.5000007680936268	0.5000003174897459	0.499999698539441	0.5000009701818486	0.5000033354892304	
0.8333338222360748	0.7999979856614027	0.5000542718603612	5.62574765627977E-5	0.499999910483377	0.50000000032123	0.49999969366403935	0.5000006098545294	0.5000034362984739	
0.8333330442670359	0.7999964065025684	0.24999837175556583	0.999999847508263	0.499999643400722	0.4999988125102308	0.4999996576376056	0.5000000631421361	0.5000034492022241	
0.8333338252252813	0.7999979684701752	0.25003413386775275	6.855353011318541E-5	0.5000007496029985	0.49999998640536536	0.4999996519163786	0.5000006138923027	0.5000033310508455	
0.8333330156047349	0.799998015985562	4.258130763283623E-6	0.5072965917340388	0.5000002798794059	0.4999991431228328	0.49999955367511817	0.5000000273933105	0.500003342408903	
0.8333330892969028	0.6000283776443442	0.9999771950005474	0.9999857200041375	0.5000001803396347	0.49999894707873227	0.49999956707769727	0.5000011056781929	0.5000034131029555	
0.8333373491099462	0.6000454036074147	0.9999723302558728	0.6667074657568668	0.5000001289612342	0.5000000166038947	0.4999996786660962	0.5000000275827536	0.5000033722472754	
0.8333379831810459	0.6000301026153803	0.9999876966379685	0.3333461063905581	0.49999992299223717	0.4999999490996189	0.4999991813625333	0.5000007071594399	0.5000033343822713	
0.8333383949293691	0.6000238635549017	0.9999019305563599	3.488621309796449E-6	0.500000400951712	0.5000000218440716	0.4999996118755375	0.5000012026268811	0.5000032860395418	
0.8333371133712894	0.6000457525073326	0.6667100665562972	0.9998757355463777	0.5000010917120705	0.49999979668932065	0.4999958545808224	0.5000010228748814	0.500005336130203	
0.8333379828124376	0.600030128069663	0.6666661660134454	0.5000002384045017	0.4999999301924062	0.49999994701498807	0.49999596252977196	0.5000007026988728	0.5000032713918936	
0.8333379728756661	0.6000295538683785	0.6665902004246005	8.301661810292042E-6	0.5000004001966551	0.5000002824533685	0.4999995839360098	0.5000010744687831	0.5000053743650631	
0.8333285595137212	0.6000299435672989	0.33334802700133875	0.9998489559331456	0.4999999857981131	0.5000003167156104	0.5000007334845892	0.5000009644802061	0.5000033452747996	
0.8333328074552385	0.6000400603183265	0.33336567427460173	3.286008078018141E-5	0.5000002740856555	0.500000066370579	0.4999998212554917	0.49999974337268793	0.5000059356405016	
0.8333265345854166	0.6000070417879515	1.4610788736369764E-5	0.5287668593284012	0.49999964874599895	0.49999836778332196	0.5000004353511714	0.5000000705808251	0.5000033935296427	
0.8333335549872425	0.40001808516589266	0.9999693661105383	0.999993176037994	0.4999996974710897	0.49999981969337787	0.4999996411813577	0.5000013211867806	0.5000032717042141	
0.8333325804524304	0.3999793844101942	0.9999981727553509	0.5000020995377872	0.49999965111514966	0.49999925097258363	0.4999996445913162	0.5000013312774146	0.5000032095494832	
0.8333378520556205	0.39999510705901586	0.999950555502232	3.590962567834912E-6	0.5000000287815785	0.4999999139616474	0.5000002622052506	0.500001137504722	0.5000032788599074	
0.833333014025576	0.4000190381992895	0.5000030414805317	0.9999854372712594	0.5000000603369662	0.500000555302077	0.5000020034437793	0.5000013168551426	0.5000034057410518	
0.8333325996489117	0.4000191667406327	0.5000012842940605	1.9255208866640486E-6	0.49999990902220043	0.5000001272688959	0.49999954996874213	0.5000004504580134	0.5000031482568088	
0.8333328938957038	0.4001594651012511	3.221386601394648E-4	0.49378285642939956	0.5000007905808442	0.4999970072756283	0.5000021780903025	0.500001346888127	0.5000031676609791	
0.8333335426245069	0.20033900935040103	0.999270408259233	0.9992916300906497	0.500000050679404	0.49999977604626955	0.5000022471122654	0.5000013191472961	0.5000035250540926	
0.8333924965167956	0.2003660004554781	0.9994850660673885	9.04558572682493E-4	0.5000028801183315	0.49999161271927606	0.4999994997742967	0.49999989838399894	0.5000033557065315	
0.8333335192605994	0.20003493396618258	7.672361382128033E-5	0.9540494213457619	0.49999964050096923	0.4999992566642432	0.500002111313427	0.5000003866222367	0.5000032152596874	
0.8333325972862237	3.1352989177137723E-6	0.49293674556393297	0.1322312966133459	0.49999991371958147	0.49999982592682246	0.5000003890852381	0.5000004505185472	0.500003150151968	
0.6667312373543122	0.9999792068240487	0.999950539567433	0.9999727270711429	0.500001418248428	0.500000293230445	0.49999624695284595	0.5000013618743845	0.5000035353740376	
0.6667312430193867	0.9999658391899545	0.9999503442382849	0.7499698365860621	0.5000002163519649	0.49999953519863	0.4999963873727569	0.5000008090074972	0.5000035416494839	
0.6667196049428392	0.999959909604657	0.9999484278479988	0.5000257743179641	0.4999997712573988	0.5000001173226205	0.4999998468017127	0.500001114754942	0.5000033103826751	
0.6667232919342366	0.9999567785541645	0.9999493137484677	0.25015368707884605	0.49999998198240864	0.4999999562312787	0.49999920724763214	0.5000011599758617	0.5000032305474418	
0.6667232919951065	0.9999568665520551	0.9999489592443646	3.946408889733175E-5	0.4999999069946157	0.5000001180387027	0.49999961493425765	0.5000013572113137	0.5000033663302901	
0.6667162321949947	0.9999632278898433	0.7499575492062698	0.9999636735573665	0.5000005292794801	0.49999917669438854	0.4999995153230818	0.5000002816201824	0.5000033697371941	
0.6666427136671859	0.9999972155748329	0.7499246934050113	0.6666881963729262	0.49999888657705843	0.4999998455341711	0.4999995674852365	0.5000007935325609	0.5000033985370942	
0.6666417312165507	0.9999594981105422	0.7499547229128605	0.3333003711595405	0.49999993356042494	0.49999953791382934	0.4999991952268964	0.5000007283824278	0.5000032568619669	
0.666722266542878	0.9999594623326266	0.7499579055567636	3.948553091768581E-5	0.4999990776096778	0.5000001167326731	0.4999993207138827	0.5000007485661646	0.5000032567529373	
0.666715460417137	0.999958949896457	0.500287454410692	0.9996274343510464	0.5000007317129609	0.5000007443161107	0.499996759655484	0.5000010454665411	0.5000034461718931	
0.6666661220077879	0.9999684696766784	0.5000112303415751	0.4999991043246265	0.49999880469038344	0.499997903944578	0.4999949012050269	0.5000007749789231	0.5000034399281669	
0.6667239326007955	0.9999649199886997	0.5001526106307699	2.849098593980733E-4	0.49999974313203815	0.5000000268957709	0.49999562039508866	0.5000011553409243	0.5000048832940808	
0.6666443580611123	0.9999776691364874	0.2500348104379592	0.9999343702936482	0.5000007586221511	0.49999998942560175	0.4999996640857347	0.5000006441739709	0.500003443216888	
0.6667153452654222	0.9999604025042882	0.250034809815989	2.0100206566764101E-4	0.4999997031488301	0.5000007465814515	0.5000020239137326	0.5000007938790894	0.5000034403055956	
0.6667219093727418	0.9999601667160612	6.037059319537441E-5	0.4598482119183066	0.5000027869916507	0.4999991153247171	0.4999999485176202	0.5000007896775979	0.5000031749831696	
0.6667244929870049	0.750053193114199	0.9999458667654367	0.9999899253268157	0.5000000506915931	0.5000002001372719	0.4999993572514234	0.5000013548953035	0.5000035355187444	
0.6666266511388496	0.7499898407726608	0.9999787886520555	0.6666879603779539	0.49999991008754935	0.4999989836121154	0.4999966088641377	0.5000010128918041	0.5000033449667662	
0.6666469329137303	0.7499907486600725	0.9999999274572915	0.3333453500717632	0.5000001427171081	0.49999995006825904	0.49999992136744376	0.500001142326959	0.5000033349556766	
0.6667221881232027	0.7499905441362404	0.9999361793720791	4.352118454395075E-5	0.5000001446868179	0.5000000580659302	0.49999964077221704	0.49999989827548713	0.5000034478884051	
0.6667152783405467	0.7499901218685889	0.6667603493387544	0.9998578261484846	0.5000011654775111	0.5000007832445467	0.4999996110953432	0.5000010221152701	0.5000033200402556	
0.6666355816862485	0.7499901039884675	0.6666158263776477	0.5000446963293962	0.5000002625690856	0.4999990428962984	0.49999980171717384	0.5000012717964748	0.5000054614535469	
0.6666539507988434	0.7499907659814535	0.6666170230105023	2.1264369495949413E-6	0.5000005367071547	0.4999990850599078	0.4999999018409772	0.49999989941168305	0.5000034330363908	
0.6667293467156923	0.7499891828332433	0.3333427124417932	0.9999212539925825	0.5000005842038664	0.49999906308032066	0.5000043151487263	0.5000005305666951	0.500003415371058	
0.6667259777726414	0.7499891893755892	0.3333663698722262	5.5233441785296176E-5	0.4999997504574449	0.5000000048091002	0.49999962794318226	0.4999998192502334	0.5000062193563048	
0.6667277969533391	0.7499900282753381	8.549706441419484E-5	0.5000002999937494	0.500000565171044	0.5000003525339102	0.49999961699069984	0.4999998650461118	0.500005465595866	
0.6666524800451937	0.4999700445638543	0.9999575262705379	0.9999908026442094	0.5000010153709726	0.5000007549486655	0.49999979435251923	0.49999973718065005	0.5000034166356658	
0.666656542259433	0.4999696499202407	0.9999937236091688	0.5000002370825557	0.5000004369278569	0.5000001187523881	0.49999982341882154	0.49999975392617585	0.5000037378490568	
0.6667257644037387	0.5000745268163659	0.9999033281492378	3.7010561122363295E-5	0.5000004076185587	0.5000000380811909	0.4999997873107813	0.49999990693393626	0.500004692814704	
0.6667277344047337	0.5001667359926825	0.5004073319876655	0.9995531538223429	0.4999996941388229	0.500000037239127	0.4999994685088036	0.5000010367762547	0.5000033232820328	
0.6667323526001312	0.5001593235129882	0.5000921368215775	4.1367994352892656E-4	0.5000005552547834	0.5000000368442852	0.4999996127067373	0.5000010458506692	0.5000032809128019	
0.6666578026611757	0.499967031909161	3.1165944235999506E-5	0.5062266305783265	0.4999989351543736	0.49999935115598537	0.49999616846603684	0.5000010507177304	0.5000058668832388	
0.6666961349025483	0.25056464195742456	0.9992499142595531	0.9992181020772997	0.50000275927191	0.49999947586890836	0.49999636730259384	0.5000010504337823	0.5000058082238545	
0.6666786888804316	0.25012922471428256	0.999833294134726	4.214585251003256E-5	0.5000000614471749	0.4999991515579595	0.5000019905698074	0.4999999141519834	0.500011189599083	
0.6667240733656975	0.25056464195742456	0.0023432408114684167	0.49486478765708275	0.499999948630935	0.4999997888365136	0.49999963380760093	0.4999998268612089	0.5000041216758648	
0.6667234799360018	3.3184674704736896E-4	0.5275216930853106	0.5051408746964501	0.49999677025087247	0.5000001308832841	0.4999995486210766	0.500000442608448	0.5000048573903296	
0.5004616891660812	0.9994582259580533	0.9993884055235851	0.9992975721004109	0.49998966910395004	0.4999973092204799	0.49999643919957076	0.4999999428157083	0.5000034183496851	
0.5002305246573117	0.9997420887908188	0.9998304207266028	0.6662302973384674	0.49999874802862626	0.4999979389297649	0.4999963432115601	0.4999999640250323	0.500003403222307	
0.5000448988850572	0.9999790364102548	0.999965966747175	0.3333003756191213	0.49999992543731003	0.49999999327278793	0.49999588949336765	0.49999995104295725	0.5000031441962746	
0.5000454119093215	0.9999589833262205	0.9999712699874758	2.591216062811432E-6	0.499999648301375	0.4999999035934912	0.5000003635573271	0.5000038271611734	0.5000055265909917	
0.5000478597928393	0.9999611236863176	0.6668659556035406	0.999820478090188	0.5000002150481717	0.4999999717635998	0.49999950767776075	0.5000007839466521	0.5000032340577942	
0.5000455452263498	0.9999713848117098	0.6666233109910942	0.5000003053391193	0.5000002131203607	0.4999999522854912	0.4999992312724498	0.5000011350854091	0.5000050857956597	
0.5000468302225952	0.9999572623006924	0.6665348246561961	1.2167534825372107E-5	0.5000001588254708	0.4999999240544355	0.5000004754259149	0.5000011356474066	0.5000055317189471	
0.5000468156115736	0.9999719369727225	0.3333809446992848	0.9999206308408519	0.4999988390157475	0.4999973324046756	0.5000002299296767	0.5000005162573985	0.5000034459112926	
0.5000468161660135	0.9999721032474503	0.33338142511551067	8.601357554852262E-5	0.5000007370681017	0.49999941385568925	0.5000004482577206	0.5000005241229917	0.500005221134543	
0.5000481962476001	0.9999488771318916	3.6659362486576226E-5	0.3962103018696347	0.5000007224912641	0.4999935462335086	0.4999964022491084	0.5000050333478924	0.5000058351151314	
0.5000584439721688	0.6669008084158651	0.9998321475491811	0.999825752511834	0.4999997295677977	0.4999999946167668	0.4999958970308391	0.5000007739333924	0.5000032110884564	
0.5000584439721688	0.6669999570947568	0.9998321475491811	0.5000452800486239	0.4999997230019114	0.49999984383749985	0.4999965626901549	0.5000007893917102	0.5000031134322548	
0.5000456374658119	0.6670060200868728	0.9997517132465681	1.913339038582555E-4	0.500000441818784	0.5000012278135115	0.499999656909319	0.4999999512146564	0.50000329571989	
0.5000447853672932	0.6669014953304949	0.500103689839982	0.999618106923161	0.49999993235664475	0.4999999864270637	0.49999588683174706	0.5000011953310303	0.5000032112190327	
0.5000297625444365	0.667009875213003	0.5000765551766213	1.8882419117551694E-4	0.49999941619155286	0.49999902768698096	0.49999981980748964	0.49999994275475185	0.5000050365504632	
0.5006695789467187	0.6670040338452794	0.0020549217563010165	0.5000254410416561	0.5000007288761226	0.4999926369231146	0.49999979095021824	0.4999997808761071	0.5000037308427695	
0.500017125093358	0.3333536311353026	0.9999972397984034	0.9998332680105833	0.5000000510945757	0.49999974475634534	0.4999958413060256	0.5000012519352348	0.5000033622213309	
0.5000491103130301	0.33332422009867113	0.9999474389144067	3.7039072858562456E-6	0.5000004082914291	0.4999996089632448	0.49999947512458304	0.4999999794231829	0.5000033275181783	
0.5000298703731816	0.33346550249774837	0.0019251468242050818	0.4515864677261189	0.500000736386673	0.4999992418800197	0.4999925609298448	0.49999989304243275	0.5000049833602139	
0.5004264235400574	0.001242346332422789	0.7268722827235368	0.4792957780300009	0.49999697343577326	0.49999978917231885	0.49999955502011534	0.500000457316642	0.5000031531629545	
0.3333919461935311	0.9999789182934586	0.9998757471432657	0.9998245709490239	0.5000002407529114	0.49999350550758115	0.49999823579979	0.5000007845511637	0.5000051730327203	
0.333455445175133	0.9999713585509697	0.9998301950742159	0.5000007314245379	0.499999921939352	0.49999460177397986	0.4999996886271193	0.4999997110078663	0.5000053057624411	
0.33340529328665464	0.9999596414241293	0.9998594671681575	5.056282953786579E-5	0.4999990699759599	0.5000011341308217	0.49999930312096397	0.49999995157417393	0.5000032945461317	
0.33339242543042175	0.9999708577244333	0.5000818516264709	0.9998598492989659	0.5000001685968195	0.499999445038622	0.4999965804718985	0.49999796065312424	0.5000033555416344	
0.33339242959798304	0.9999591832914607	0.5000818638909175	2.2390990311532553E-4	0.5000001882982574	0.49999507372019963	0.4999947034138123	0.49999827229868565	0.5000050907382844	
0.3334545534518839	0.9999679075606208	2.4409707017658544E-4	0.44213169465411084	0.4999982036506933	0.4999979360862677	0.4999943754726553	0.500000860710327	0.5000051573472377	
0.33345992243693695	0.50015803755404	0.9998302274754257	0.9998605888699459	0.5000001619078217	0.4999992578929375	0.4999947055801011	0.5000011213182446	0.5000054809881913	
0.334310736924431	0.5007446406631635	0.9982043506554938	0.0012405969767457343	0.5000001623920263	0.49999946415764096	0.49999470547809405	0.500001125061055	0.500003297544992	
0.3334804421389498	0.5002830905542377	4.353492824255567E-4	0.49516103858445126	0.5000001623143979	0.4999982289311879	0.49999465867595133	0.5000011014721549	0.5000050720616088	
0.333405281425405	1.7423866996263648E-4	0.5707594145990622	0.4974469037979821	0.5000009899403041	0.4999990581624974	0.4999996333303818	0.5000009968911079	0.5000033949157068	
0.1669413574827248	0.9988636592288963	0.9998304644611918	0.9996551238268436	0.5000006295746473	0.4999992341656196	0.49999462967772895	0.5000001358222236	0.5000051043264628	
0.1669413574827248	0.9998748387685723	0.9998349144486659	2.5147860864790613E-4	0.5000010361446007	0.4999944907792946	0.5000024053018565	0.5000007715666108	0.5000053057628184	
0.16694354685964877	0.9997306355908144	0.0016112506105018982	0.5174056723645737	0.500000992631146	0.49999780217841827	0.5000037758561275	0.5000007676033733	0.5000036668816349	
0.1666428020218149	3.450820297074735E-7	0.5226134690732593	0.518754917121079	0.5000007468944815	0.49999780676150984	0.4999963629110472	0.50000079761873	0.5000037453444316	
2.2936717705424048E-6	0.48461194177736944	0.058561120587972915	0.04081248834893633	0.4999997017127558	0.49999984721702645	0.4999948413071694	0.49999791954909517	0.5000053332653944	
