0.9999805055596869	0.9999910159640524	0.9999146279681298	0.9999978468697814	0.5000010740684713	0.49999951867543285	0.5000002882926119	0.500000559434695	0.4999980541752077	
0.9999048250092866	0.9998835373439088	0.9998868746034596	0.8329343153260602	0.5000010741138087	0.49999955959457937	0.5000005464365197	0.5000041136134772	0.5000000077888127	
0.9999351223536508	0.999979743732766	0.9999190988065599	0.6663706587356628	0.4999991591819269	0.4999997872047214	0.49999907526325127	0.4999993766621383	0.5000001057436194	
0.9999955673577225	0.9999700014483711	0.9999964211862802	0.49999210531236304	0.5000007164217001	0.49999988263899803	0.499999221104708	0.49999996701767524	0.5000006538807342	
0.999990543276896	0.9999963636991253	0.9999939781214883	0.3332458948893388	0.49999988910177146	0.4999990100741709	0.499999997756923	0.5000002747860424	0.5000003007993674	
0.9999976433421595	0.9999963470846556	0.9999936920792927	0.16664024243030434	0.4999999477100502	0.49999946597187345	0.5000008841970816	0.5000008906877318	0.5000007003774203	
0.9999957190615874	0.9999992407111606	0.9999979737790864	7.613847542051332E-7	0.5000008806636079	0.49999693729834516	0.4999996929938531	0.500000989359809	0.5000001682316343	
0.9999879117548801	0.9999963478749488	0.8333241037170455	0.9999980722490301	0.5000009652791073	0.4999994743834695	0.5000005503038703	0.5000005783807113	0.5000000915449109	
0.999982558327739	0.9999963482445072	0.8333241187093834	0.7999731136806966	0.5000005987993192	0.4999988866565622	0.4999998453787334	0.4999996540932611	0.5000000916968883	
0.9999978126183655	0.9999973528683607	0.8333241632490302	0.6000160468966185	0.5000005677188183	0.50000001569516	0.500000174622508	0.4999999610023532	0.5000005620658038	
0.9999958781299295	0.9999700919024005	0.8333190665017665	0.4001290986259258	0.5000008457412701	0.4999992888355153	0.49999992329058845	0.5000003743778002	0.5000003141353719	
0.9999987832927787	0.9999970773792769	0.8333181944810928	0.19999958201624798	0.49999978353910735	0.50000002834269	0.4999999211355452	0.5000002040684435	0.5000004620895561	
0.9999964665908124	0.9999957567968609	0.8333109343769691	1.0670693073912282E-5	0.5000008407484418	0.49999838336680963	0.49999967422457514	0.500000345709376	0.5000005420248853	
0.9999973898356317	0.9999959724025496	0.6666850254882007	0.9999879248586695	0.5000012904305327	0.4999994939582763	0.4999991912271885	0.500003561038465	0.5000005947625699	
0.9999900604467591	0.9999765748787993	0.6667130830518441	0.7497911673965226	0.5000002208793706	0.4999988921866331	0.4999999668994721	0.5000001263982593	0.5000001186289269	
0.9999911694066623	0.9999946158265166	0.666669346081334	0.4999958706332679	0.49999969417522655	0.5000001439432895	0.5000000015539724	0.5000002585505028	0.5000001339708148	
0.9999936729885281	0.9999956800954021	0.6666696932472019	0.25006844701889425	0.4999999641146358	0.5000001651622527	0.500000363426314	0.5000003268381804	0.5000001957586505	
0.999998439144902	0.9999957350254529	0.6666692654704287	1.338021721530382E-5	0.4999998206084658	0.49999679451873247	0.5000002069280419	0.5000010961837857	0.5000005130225198	
0.9999933595896144	0.9999874970491274	0.5000382531996138	0.9999975677295965	0.5000005280063119	0.5000059984764986	0.4999999344079483	0.49999992301325374	0.500000275346653	
0.9999934771779799	0.9999959585065321	0.50003955568676	0.6667006193452943	0.500000519177303	0.49999994415455656	0.4999999318267207	0.5000003249342722	0.5000003683220318	
0.9999908565571621	0.9999878944270932	0.5000957191399737	0.33337450794433116	0.4999999606964601	0.4999992066750194	0.4999999856828749	0.4999992029608398	0.5000001950053319	
0.9999835976904465	0.9999822236688388	0.5001016516663004	1.2538925262769258E-4	0.4999997934170634	0.49999757832309993	0.5000000545437908	0.5000003075115236	0.5000001595624881	
0.9999999073174726	0.9999936993152563	0.3333404739454569	0.9998357945910755	0.4999998217724539	0.49999905063830735	0.5000035630425479	0.5000000425993575	0.5000000842288045	
0.9999952740522782	0.9999817946836985	0.33334585500018143	0.4999959886500697	0.4999996962642757	0.500000142020231	0.4999997680796702	0.49999894214661617	0.5000001345432322	
0.9999715474067622	0.9999808703438615	0.3334774810232286	4.7182513512649316E-4	0.49999997619584063	0.5000001901827434	0.4999999700438406	0.5000015857140541	0.5000000161987606	
0.9999778821657314	0.9999819276825863	0.1668904727915672	0.9989159917684381	0.5000011173978236	0.4999993085761613	0.4999999114978088	0.49999884311779735	0.5000003739074695	
0.9999989687988847	0.9999960819306006	0.1666598846640662	2.7367940250327742E-5	0.5000011142925342	0.49999991405594585	0.5000003213749864	0.5000002641861244	0.5000001737266097	
0.9999981878251862	0.9999989619208546	2.4014402970114994E-5	0.5806530189609408	0.499999629932075	0.5000003991269715	0.5000003126033564	0.4999986901870444	0.5000003714622804	
0.999999450537249	0.8333285130480091	0.9999988332367453	0.999998988019005	0.5000010563391397	0.4999988894574914	0.5000005406530809	0.5000010311484422	0.5000000419854544	
0.9999955546787651	0.8333285065188826	0.9999976132123733	0.7999726798296631	0.4999998305578536	0.4999998876555643	0.5000000415783936	0.5000006600984308	0.500001232170294	
0.9999979917404511	0.8333279418467474	0.9999999816591028	0.599992908227581	0.49999966544288266	0.5000005336678588	0.4999998353626199	0.4999997361463051	0.5000006803678829	
0.999990741120932	0.8333337767281488	0.9999939352562767	0.4001238542852375	0.49999988634351145	0.4999995061710525	0.49999999127961847	0.4999996517028086	0.5000003078779619	
0.9999972425403216	0.8333279859745478	0.9999964538676315	0.19997741148251133	0.5000007706387412	0.5000000141490726	0.4999996691043773	0.5000002574519569	0.5000005383014624	
0.9999994402756502	0.83333404829772	0.9999984684247089	2.6882579705692756E-7	0.4999998424249611	0.49999834817704997	0.500000065522524	0.49999963174230605	0.5000006135155732	
0.9999877058501543	0.8333279320631592	0.7999981534033402	0.9999607620226094	0.49999983103925555	0.4999980125533612	0.5000005279097878	0.4999994497537368	0.49999830941473694	
0.9999981560811044	0.8333337685876567	0.799998215738942	0.7500128796309331	0.4999996330649698	0.49999988344525415	0.4999998315384591	0.5000022237445438	0.5000006875727048	
0.9999981724964185	0.8333341138410465	0.7999982069759412	0.49999695026464086	0.4999998858672853	0.5000001010858977	0.4999999551827892	0.49999976658705575	0.5000012905223676	
0.9999976254136503	0.8333340482298232	0.8000038292453501	0.25004999751351614	0.4999997825124137	0.5000000306122565	0.500000045907935	0.5000001992900593	0.5000001627644509	
0.999998237690412	0.8333340485468755	0.8000032911024019	1.826112829008001E-5	0.49999980422735146	0.499998970200738	0.50000016553261	0.5000002712876662	0.500000165529649	
0.9999956287687296	0.8333281683682207	0.600043269440518	0.999959997469457	0.500001494261667	0.5000000925290636	0.5000000121069376	0.500000299970938	0.5000002033083827	
0.999995392833932	0.8333337404879837	0.6000457159057784	0.6666358008023127	0.5000002787612019	0.5000001325590828	0.5000001681940279	0.5000002783578921	0.5000002390361754	
0.9999953007739618	0.8333338992279224	0.6000380859670702	0.3333809943723385	0.49999979156717733	0.4999992356319603	0.5000002790329355	0.5000020643676021	0.5000004117578156	
0.9999962127578083	0.8333316225328016	0.6000370849687086	2.5797419002213687E-6	0.49999995295215166	0.49999844939692734	0.4999999996309408	0.5000002035113322	0.5000001867319971	
0.9999976916733261	0.8333281624416831	0.4000030151232534	0.999997698675112	0.5000009405940515	0.500000042921042	0.4999999592719506	0.5000024292885237	0.5000003872955913	
0.9999965457509549	0.8333335680024855	0.4000035331213055	0.5000541122096389	0.500000258917732	0.5000000875928945	0.4999998971965266	0.5000002678967072	0.5000001975139478	
0.9999906145069986	0.8333702279138364	0.40020477245040037	4.1281017667730603E-4	0.4999999763405314	0.49999927896939117	0.4999999670808604	0.5000011637998506	0.5000000989606155	
0.9999714396843973	0.8334173505885045	0.19985433197169042	0.9998603156781938	0.5000000275989027	0.5000000145382903	0.49999995718690404	0.500000025801487	0.5000002089874206	
0.9999983669669552	0.8334173505885045	0.19985441411266272	1.842479178691265E-4	0.5000000473554977	0.49999976962063425	0.4999999797996925	0.49999917643676695	0.5000016966355157	
0.9999988483244199	0.8333334941712771	1.386350073180527E-7	0.4892847262324549	0.49999998124616774	0.4999996108383192	0.5000003165491291	0.5000000787206967	0.5000001897336442	
0.9999962904943277	0.6666867198049289	0.9999810330929096	0.9999808478874032	0.4999998376307022	0.49999986547590114	0.49999974691227717	0.4999997110254181	0.5000003655912667	
0.9999983775927892	0.6666738135323913	0.9999944553856606	0.7500129604164428	0.4999991867486323	0.4999999278199345	0.4999998380122656	0.4999993799576872	0.5000001243551825	
0.9999988106684309	0.6666829738705178	0.9999766035752372	0.49999223062159975	0.500000790800822	0.49999994564754546	0.4999998891148701	0.5000002736287108	0.5000002369188132	
0.9999956895340091	0.6667288414202593	0.9999752716792961	0.25004999708617603	0.4999998803431737	0.500000581639895	0.4999994328315307	0.49999878331613234	0.5000004852198012	
0.9999916273383425	0.6667288729953987	0.9999728097399241	1.1385041112233593E-5	0.5000004806382179	0.49999902799712886	0.4999996733903218	0.4999989753033608	0.5000004881645934	
0.9999920623292441	0.6666730890836283	0.7499426462871923	0.9999984011973982	0.5000012759180655	0.49999993720495356	0.5000011944467434	0.499999676816996	0.5000009514277504	
0.9999962892640466	0.6666729617600183	0.7499426455910492	0.6667023095785835	0.49999914037807963	0.4999981159537159	0.49999974056610624	0.49999964791541895	0.5000012919589324	
0.9999958536757433	0.6666725815433386	0.7499424142046814	0.3332528188561665	0.5000001494157231	0.5000006059305656	0.5000000168048011	0.5000009226586859	0.500000186197522	
0.9999911222800849	0.6666979844740296	0.74993721155724	1.792351700224752E-5	0.49999988171079734	0.49999921092116933	0.500000606098945	0.4999986938036659	0.5000011701366733	
0.9999808160648966	0.666716568230561	0.5001412755398075	0.999794289254868	0.4999997507649192	0.4999995598593993	0.5000000028139626	0.4999997528024289	0.5000002277559514	
0.9999983287780487	0.666683357682914	0.5001412755398075	0.5000401453414338	0.5000000810533997	0.499999943813368	0.4999998854999664	0.5000008014020373	0.5000000363078877	
0.9999911386724462	0.6666979853883691	0.5000675644604415	2.828841255155683E-5	0.49999988196750794	0.4999972267590252	0.5000009857948153	0.5000011435396535	0.5000011877350079	
0.9999932365113406	0.6667157889199671	0.2500873558536534	0.9998402428735202	0.500000353032828	0.500000045747454	0.5000008994175671	0.4999991606627031	0.5000003850554504	
0.9999932709461303	0.6666852393539983	0.2500882335416018	3.157565240931026E-4	0.5000000099242053	0.5000000082442358	0.500000224928058	0.49999941616466453	0.5000005679164663	
0.9999982077922027	0.6666863491797271	2.4003667768749995E-5	0.4760991017951778	0.4999996661307702	0.5000000628124521	0.5000002720251839	0.4999987542976574	0.5000010104316226	
0.999997625631661	0.5000170424764105	0.9999619711096553	0.9999806002622821	0.5000010753266351	0.4999988325280203	0.5000000423222513	0.500002320563081	0.5000000561868954	
0.9999920814838005	0.5000658948517598	0.999914421507263	0.6666300300202584	0.5000012755775046	0.4999995369905731	0.5000012355632263	0.49999976041899585	0.5000000646840853	
0.9999914352610573	0.50008507874746	0.9999615799126115	0.3334606619429236	0.49999981058673104	0.49999955835221666	0.49999979303090863	0.5000010271966178	0.5000006689974278	
0.9999915925439791	0.5000850907237419	0.9999665333898259	1.6452974450898697E-4	0.4999998290859523	0.4999995334349195	0.5000008288564958	0.5000011613992411	0.5000004609096736	
0.9999920534274255	0.5001342522367861	0.6666152174992512	0.9998354658470504	0.5000012365360347	0.49999953284446336	0.49999999879024615	0.4999997607800873	0.5000000651756253	
0.9999981612268538	0.5000073701635538	0.6666152170581015	0.49999353905871124	0.5000002012250123	0.49999982156957473	0.5000004551286232	0.49999976179765554	0.5000013153880956	
0.9999982309782475	0.5000071227426611	0.6668516069737969	1.6780606616182412E-4	0.49999980470634886	0.4999998345594277	0.4999999572868404	0.5000002744786389	0.5000006746959148	
0.9999814578136077	0.5000209265778656	0.33334635262561885	0.9999746169782336	0.5000012132150127	0.4999995641129699	0.49999997945133023	0.5000010446067245	0.5000000591174383	
0.999993459365946	0.5000208271303317	0.33343791719429444	2.575721442133047E-4	0.500001217142622	0.49999953278369325	0.4999999917955272	0.5000000414204939	0.5000013835866034	
0.9999934814044366	0.4999995677820209	1.8641488378407512E-5	0.9720675649600945	0.5000000099200977	0.499999999538862	0.5000002119620204	0.49999941660368175	0.5000005679365963	
0.9999448299854977	0.3335949784853423	0.9996617657355809	0.999550771539891	0.5000002939814732	0.4999993105985011	0.50000004671101	0.499999736816518	0.5000003301018145	
0.9999480541763444	0.33364111968433685	0.9996498141998209	0.4999954982884824	0.49999973750866106	0.49999974615613535	0.5000005333748254	0.4999997304992596	0.5000000783432558	
0.9999495654674341	0.33360291795379005	0.9995416064761273	3.2504763051045094E-4	0.5000002836328484	0.49999986894810533	0.49999970485421413	0.5000008938035594	0.5000000784166649	
0.999990090866379	0.333353381767721	0.5000299236928137	0.9999995286604139	0.5000009907874285	0.4999997666288336	0.4999999825014028	0.4999996307774908	0.5000000679900779	
0.9999899635217422	0.33323901268349965	0.5002646325531592	1.3636278204176021E-4	0.500001158588852	0.49999976710879546	0.5000005423569912	0.5000002463547363	0.5000013135484042	
0.9999446131967124	0.33364106124461573	0.00100614959434106	0.49959363171078214	0.5000011546830567	0.49999992269072396	0.5000001911808047	0.4999997039675702	0.5000013408648374	
0.99995657063981	0.1670183870090366	0.9995865800273611	0.9991624762167737	0.500001467806164	0.4999997621807223	0.5000005574321408	0.5000000923233148	0.500001313588949	
0.9999898635284552	0.1670208947909676	0.9996258597490038	0.0011267770486643714	0.5000012444318326	0.4999983098068495	0.49999979946666806	0.5000000555291284	0.5000004751300816	
0.9999821592508328	0.16700395817742972	7.020153525863096E-4	0.5163303678594844	0.5000011903887315	0.4999999349858589	0.5000001972774232	0.499999707916285	0.5000001500148152	
0.9999994828703532	2.2894358336052943E-6	0.4590357089523366	0.5361230501767569	0.4999997308001715	0.4999992395757403	0.5000001662998221	0.49999968932571676	0.5000013398012498	
0.8333339383209848	0.999998680082148	0.9999991729179647	0.9999996892717954	0.49999966665923096	0.4999994622158306	0.5000003460736071	0.499999433357701	0.5000000914982282	
0.8333339325847952	0.9999967045884953	0.9999986105416601	0.7999731136624592	0.5000001816864625	0.4999995374599484	0.49999999750204105	0.49999892598104806	0.5000000318274992	
0.8333344322515985	0.999993719829411	0.9999983468478079	0.5999930934778582	0.5000007267840222	0.4999995531060197	0.5000001916185014	0.4999996884824694	0.50000067646136	
0.8333327730636453	0.9999938132531696	0.9999994470198201	0.3999829282795682	0.500000698823701	0.499999029157936	0.5000000567196677	0.500000338905032	0.5000002465986865	
0.8333345762610765	0.9999996007691527	0.9999986441285956	0.20000037705480497	0.49999994185248814	0.49999839460355044	0.5000002021666681	0.49999963396165253	0.5000006242953906	
0.833334575418335	0.9999999563420123	0.9999978572648641	2.0973444192299463E-7	0.4999999378777093	0.49999834083319206	0.4999999974557632	0.5000002050104246	0.5000006291935069	
0.8333299902404889	0.9999937815512113	0.8000074087296754	0.9999962511638197	0.5000010947734286	0.49999947309279585	0.49999981148798056	0.4999993592545655	0.5000000870382575	
0.8333337978577788	0.9999937950961352	0.7999979767949428	0.7500089695623682	0.4999998855629364	0.4999994726359011	0.500000004535688	0.49999944885321723	0.5000005934161571	
0.8333328384266724	0.9999936929976914	0.8000350149055518	0.49999735308855126	0.4999998854676227	0.4999990365835096	0.5000000039044837	0.49999964288199716	0.5000001862397236	
0.8333328748314238	0.9999957020037928	0.8000038190474147	0.25004935605499284	0.4999998626311218	0.4999991032075226	0.5000000572507866	0.5000003272128721	0.5000001957350809	
0.8333328672658168	0.9999995914647605	0.7999856791591258	2.945579849209177E-7	0.5000006959971921	0.4999989737179747	0.5000000120708648	0.49999965628133625	0.500000254768352	
0.8333344937821222	0.9999966534865624	0.5999804866498957	0.9999999194580221	0.49999781906733826	0.49999905872351047	0.49999993562807804	0.5000000392984102	0.5000000835789067	
0.8333269469926565	0.999992170075721	0.5999801899093735	0.6667358871122945	0.5000008193314835	0.5000000040500229	0.4999999511626681	0.4999995162801172	0.5000002411298732	
0.8333328701519604	0.9999956847625886	0.600036962496778	0.33337454154649016	0.5000005969352846	0.5000001824695355	0.5000000092850327	0.5000003321949293	0.500000186226131	
0.8333328794015916	0.999991412562323	0.6000369624970134	5.694811497963343E-5	0.5000002746083415	0.4999969200888939	0.4999991871820324	0.4999997024706293	0.5000006312092854	
0.8333348885440282	0.9999999579863269	0.4000038443557246	0.9999993289496688	0.5000010674886535	0.49999812814776295	0.4999999213522826	0.5000002746041938	0.5000001320657138	
0.8333327995852681	0.9999962802266104	0.40000388561590106	0.5000536672569109	0.5000001812507732	0.4999999764864665	0.5000000035125751	0.4999996787130498	0.5000003909192039	
0.8333349533968789	0.9999987071097901	0.40000386473662203	7.550579551643703E-6	0.5000013325725481	0.49999928719676223	0.5000003438793771	0.5000021280603578	0.5000006300986125	
0.8333350252803169	0.9999967367785748	0.20001763534538594	0.999943408914048	0.5000001584332029	0.4999996813618797	0.499999768899514	0.5000017750017942	0.5000001483852204	
0.8333349692998995	0.9999955832111569	0.2000170676319122	9.596160779402034E-6	0.5000002830885654	0.4999992839376458	0.5000003516685947	0.5000019053806787	0.5000006289268675	
0.8333349216805285	0.9999967452292139	1.1157395209269277E-5	0.5064002997486435	0.4999999854364745	0.49999988555683245	0.5000003264455529	0.5000002969576337	0.5000002372998711	
0.8333299727634712	0.8000131858962771	0.9999921393890165	0.9999970682728139	0.5000010377225717	0.5000005021143467	0.49999992863595927	0.4999996535094871	0.5000001987923587	
0.8333299903927108	0.8000130102072494	0.9999922194015178	0.7500153372837143	0.49999983120582825	0.49999994260130165	0.500000318234177	0.4999996571500144	0.5000002761866019	
0.8333346776551693	0.8000066670692338	0.9999960158459628	0.49999284546177314	0.49999971204088633	0.4999999479122387	0.4999998862915544	0.4999996234235628	0.5000002727368268	
0.833336383833825	0.800007214230496	0.99999388765627	0.25008401793725404	0.5000008088839364	0.49999985662513274	0.4999998779569711	0.49999968186329646	0.5000001831514735	
0.8333345227366148	0.7999923322076483	0.9999995850587822	4.310775104430177E-7	0.49999994824787497	0.4999990693649884	0.49999968035239506	0.500000310362802	0.5000006891126044	
0.833329949261123	0.8000137281554426	0.7500356893478882	0.9999570364871346	0.49999964379051576	0.49999805782911094	0.4999999800323367	0.4999992330952323	0.5000000757330262	
0.8333340177561852	0.8000137268070139	0.7500353896940913	0.6667045336719258	0.5000007889606757	0.500000226357353	0.5000003230935856	0.49999939145720673	0.5000002713391586	
0.8333343100393935	0.8000069803716888	0.7500162972563986	0.3333744998100499	0.49999996449437417	0.5000000109936168	0.5000006460773371	0.4999997943051479	0.5000001991363594	
0.8333339685425831	0.7999926972334563	0.7500150289523526	7.944195865244044E-6	0.500000812474155	0.5000001308684169	0.4999996759039303	0.500000290090779	0.5000001703829994	
0.8333349477687129	0.7999814030226511	0.5001418096317143	0.9998471777299386	0.500000031672171	0.4999993010146256	0.49999987465534396	0.5000017452570809	0.5000002373823097	
0.8333365948950567	0.7999924862059442	0.49994969271529377	0.5000017574873279	0.500000145782214	0.49999995882411014	0.5000002887409912	0.5000004437428632	0.5000001618303884	
0.8333365287105714	0.7999924446293836	0.5000838286330679	9.407882513990323E-5	0.5000003316833416	0.5000004125012812	0.4999999997761021	0.5000011547221962	0.50000015939258	
0.8333263682640457	0.7999379260336259	0.25008838143045187	0.9998470817659584	0.5000000961247671	0.49999998807241336	0.49999991417561357	0.5000002829496847	0.5000002366663192	
0.833335607966225	0.7999814177375475	0.250079501143917	2.4502578430202204E-4	0.5000007360243074	0.5000000228251608	0.4999998630858352	0.5000017633908146	0.5000002253304634	
0.8333354939640156	0.7999781862143986	4.4314781038885695E-6	0.5242503751931533	0.5000000609280829	0.4999998901156067	0.500000021491513	0.5000001948707845	0.5000001900602834	
0.8333336990467721	0.6000193165383658	0.999866302526945	0.9999976275324062	0.49999968742195383	0.500000125001404	0.5000003487733109	0.49999965624191317	0.5000012213176779	
0.8333270433395329	0.5999295449622135	0.999998896110769	0.6667339690888572	0.5000009963441596	0.5000002380768828	0.5000003228265648	0.49999938996199145	0.5000002281250151	
0.8333348577986989	0.6000164658545124	0.9999877660811144	0.3334003927671777	0.5000009435306471	0.4999999493657831	0.5000006895633518	0.4999996565481773	0.5000002904209765	
0.8333349924950674	0.6000164658344279	0.9999877622152424	1.7114268725357693E-5	0.5000001139660923	0.4999995127041854	0.4999999519126757	0.499998732274306	0.5000004927058326	
0.8333338036969364	0.6000166467963263	0.6666649215434726	0.9999802029786734	0.4999998836172912	0.4999988615550851	0.49999992798546483	0.5000004639644055	0.5000000562620998	
0.8333340050918755	0.6000144089914113	0.6666671040656711	0.49999284624320706	0.49999976633732	0.499999257203998	0.5000001827479728	0.4999996157332888	0.5000002782001705	
0.8333338311253573	0.600014448378874	0.666616292554208	3.2877398505740726E-6	0.4999998288325869	0.49999929087902695	0.4999999386825391	0.5000000500686986	0.5000002651186609	
0.8333365179258009	0.600014562261405	0.3333777365210576	0.9999157535885194	0.4999997798997328	0.5000000082733964	0.4999999558022826	0.5000000503397583	0.5000002060254214	
0.8333297828988427	0.6000144151434506	0.3333747920589922	9.119051758018395E-5	0.49999964735329666	0.4999998834972419	0.49999995444239625	0.49999971977387275	0.500000997048676	
0.8333334846039818	0.6000145861332755	6.088031166228113E-6	0.5408298840793612	0.5000000273351112	0.5000000093761456	0.5000000147152787	0.500000050422934	0.5000002102723196	
0.8333339934353972	0.4000602331864544	0.9999136071438441	0.9999454907992853	0.49999981939804533	0.49999982856097597	0.5000007331466005	0.4999996508002505	0.5000000826316964	
0.8333388576084022	0.4000593347968492	0.9999165811527378	0.5000823999064805	0.4999998486585354	0.500000131993263	0.4999997103003152	0.49999940811711296	0.5000002921861194	
0.8333363838318324	0.40005842327701335	0.999960195214037	1.357987208912698E-4	0.49999943489131016	0.49999757983867277	0.4999998629615616	0.5000006756055145	0.5000004945708494	
0.8333387765133906	0.4000593316701223	0.5000812587212434	0.9998389848666308	0.5000013162408039	0.5000001572214229	0.4999999593029327	0.49999900731700636	0.5000012526475326	
0.8333387772356924	0.4000593316701223	0.5000832673959379	2.7382917134644025E-4	0.5000002041216894	0.49999958035094205	0.5000002524634473	0.49999900396565955	0.5000012500970709	
0.8333290374090556	0.4000708002277748	6.1481836981420066E-6	0.5008493754536377	0.4999998241674966	0.4999998836290969	0.4999999998091198	0.5000000503235242	0.5000004350473232	
0.8333347332449187	0.2001452466682402	0.9997302244563516	0.9995524522949297	0.49999974702798566	0.49999831737478306	0.5000000958228467	0.5000000403388895	0.500001324091625	
0.83333865397287	0.2000918311235549	0.9999172932434398	2.495126669742054E-4	0.5000012382391941	0.5000000929181343	0.4999999534312535	0.5000000519506286	0.49999998517503397	
0.8333346664737982	0.20014523394403444	6.760320523894747E-4	0.49953758707925255	0.4999997460163201	0.49999997950621433	0.49999997747851027	0.5000000503307179	0.5000003572223378	
0.8333344030494261	1.9835284610358883E-6	0.6527196024143364	0.4994816729468904	0.49999974719688	0.4999996122215553	0.5000000971641892	0.5000000688696284	0.5000000435074021	
0.6666495579840916	0.9999987422705937	0.9999992705341242	0.999999880577546	0.4999999158087384	0.4999988424172417	0.500000564222874	0.4999998130112908	0.5000005908097616	
0.6666642525300706	0.9999989984007155	0.9999986073595527	0.7500091093512515	0.5000006496871446	0.5000002053326997	0.5000002025241069	0.49999853929664384	0.5000000997896743	
0.6667040574453902	0.9999929057014397	0.9999963817168062	0.49999564338476044	0.5000006525728468	0.5000000623691718	0.5000011055821467	0.4999995358075637	0.5000002665655334	
0.6667007847547084	0.9999837262605922	0.9999958155590847	0.2500832184487351	0.5000007158086746	0.49999816073240266	0.49999993084343375	0.4999995387348857	0.5000005974502706	
0.6666609536047773	0.9999303312275428	0.9998931757820498	9.229636298169647E-6	0.4999997678160539	0.49999956450836286	0.4999998742151533	0.5000003042730011	0.5000005435753746	
0.6666741368607759	0.9999915285787131	0.7499311362147338	0.9999984060671753	0.4999997093014411	0.49999947441196807	0.5000006311846308	0.500000589504276	0.5000006572270409	
0.6666738059918927	0.9999928392980273	0.7499311362147338	0.6667352043090606	0.5000006424115723	0.49999906920075843	0.5000002171779245	0.49999968642471626	0.5000007753816438	
0.6667031961881646	0.9999774219929994	0.7500357075967534	0.3333298071251739	0.5000001421453848	0.4999990454241208	0.499999952036201	0.5000025914252031	0.5000000994607154	
0.6666583085286311	0.9999835668669682	0.7500156492824448	2.2953984736670538E-5	0.5000004891589922	0.49999955302684196	0.49999997372452026	0.49999877136328946	0.5000005520190682	
0.6666485742408674	0.9999846152240425	0.49993311375189364	0.9999992955342079	0.5000008087848593	0.5000000153204858	0.5000000258115203	0.49999924766471865	0.5000002752171788	
0.6666624860947485	0.9999996950160456	0.5000587353844921	0.4999924197133427	0.500000131053075	0.4999991843418327	0.5000002914648564	0.4999996790901934	0.5000002672983287	
0.6666583078435185	0.9999996250338135	0.5000559169170725	1.742604234824778E-5	0.5000003020561667	0.49999957723957933	0.4999999739681215	0.49999950949297073	0.5000008674396247	
0.66708129223033	0.9999851483633254	0.25086822364230377	0.9970610486158353	0.5000001730373103	0.5000000070279871	0.4999999920434904	0.500000913251099	0.5000002341907118	
0.6666623448503487	0.9999994576720398	0.25011387342100205	7.547844278723475E-5	0.5000000793866387	0.4999995745256611	0.5000002648861743	0.4999992732619532	0.5000002012494628	
0.6666824145409548	0.9999848527186083	1.1040391518955659E-5	0.4825019688419863	0.5000000871253776	0.5000002057665242	0.5000000170574981	0.5000008725014531	0.5000003854398313	
0.6666614831791134	0.7499699676828755	0.9999968386590176	0.9999979128327123	0.5000010150096542	0.4999994908504527	0.5000006326282357	0.5000005786517918	0.5000003855185178	
0.6666651944512865	0.7499714034874951	0.9999999872030497	0.6667237941318912	0.49999987877278124	0.49999954090358517	0.5000003013954766	0.49999946157884206	0.5000009186842863	
0.6667038145347851	0.7499699960178068	0.9999917586793723	0.33340648150629015	0.5000006842639576	0.4999985056839834	0.5000007332723659	0.5000003204380191	0.5000002835382893	
0.666739043380592	0.7499791915924252	0.9999476080251607	5.227534809696169E-5	0.49999992792438785	0.4999983952966458	0.500000256137994	0.4999996309544123	0.5000006220107179	
0.6666634692375063	0.7499719328805249	0.666624801573668	0.9999997002864953	0.4999998735411727	0.4999994716690566	0.500000035083131	0.5000008492549256	0.5000003777211083	
0.6666624610333115	0.7499719724906503	0.6666740407961687	0.49999255479069804	0.5000001432135477	0.4999995416635714	0.5000008781176544	0.5000002701841105	0.500000264162902	
0.6666623848789636	0.7499792656023305	0.6666285403090182	3.5967733423753848E-6	0.500000292356982	0.4999995179161559	0.5000009049841063	0.5000003012097674	0.5000002635196841	
0.6666487393673673	0.7499720549635006	0.33336035086336324	0.9999946153768807	0.5000000299327519	0.49999994247364615	0.49999992770655666	0.4999990511235524	0.49999988226960873	
0.6666570609051231	0.7499792633901382	0.3333742187458661	2.7246844406565422E-5	0.5000003022158941	0.4999995412965155	0.4999998747173572	0.5000003011108173	0.5000008493950615	
0.6666592670913482	0.7499675201104612	5.799103820064379E-6	0.5227509902342184	0.5000001406207316	0.4999995185026277	0.5000002673888246	0.5000002716108571	0.5000004425758704	
0.6666662328063349	0.5000529381392763	0.9999513947399521	0.9999475968822453	0.49999984681340887	0.49999807903522164	0.49999988376744	0.49999965043773736	0.49999999868137995	
0.6666666028561	0.5000030467180833	0.9999796334766214	0.4999935577888226	0.49999998486898667	0.4999998628747961	0.5000006917965584	0.4999997281565783	0.5000012479977146	
0.6666602143363612	0.5000897040301453	0.9998146701597316	3.677541348182427E-5	0.49999974390423196	0.49999930020337685	0.4999998758633915	0.500000301964724	0.500000263574991	
0.666747700874928	0.5001680609092017	0.5003396166501887	0.9990463008759536	0.5000006542557485	0.5000000848715802	0.49999987056459627	0.49999965743257574	0.5000003033260717	
0.666732286042269	0.5000532744483818	0.5002413935719991	5.115264213583677E-4	0.5000001675465433	0.49999996636750194	0.5000001442826377	0.5000002741907573	0.5000003441972841	
0.6667479712325167	0.5000879500985216	3.5924919950858225E-4	0.4951111700703854	0.5000001200139952	0.499999981068134	0.4999999058494252	0.4999996609241602	0.500000370289709	
0.6671574792609458	0.25031656144771774	0.9999811230407643	0.9982259853778103	0.49999984681340887	0.49999807903522164	0.49999988960426717	0.49999965043773736	0.4999999848314837	
0.6671538995166157	0.25165826398753216	0.9944851277475523	0.002336305634598827	0.4999994603065864	0.5000000279180236	0.4999998368993769	0.5000007822220176	0.5000005941749233	
0.6668206614708978	0.25027941208106863	8.612348176515461E-4	0.5703154827231298	0.5000013621462241	0.5000003235668944	0.49999994929645325	0.49999964775625616	0.5000012267712196	
0.6667353224727343	1.0499116024731203E-4	0.6334542669272674	0.5130955882114755	0.5000001191939087	0.4999999795087941	0.5000000437626397	0.5000000894550712	0.5000003579313537	
0.49999979993404675	0.9999859397492686	0.9999997682902224	0.9999983760814255	0.5000007567699545	0.49999902965698273	0.5000006351408239	0.49999906590311227	0.5000006669953828	
0.49999907107144625	0.9999937156278464	0.9999911042593506	0.6667045341934333	0.5000001572354634	0.5000002203179323	0.5000000266187219	0.49999891761555426	0.5000001934526709	
0.500054666274932	0.9999708040005779	0.999953375779939	0.3334068273526014	0.5000000980736498	0.4999990681295697	0.5000010927102141	0.4999998541667782	0.5000006762056742	
0.5000124694895793	0.9999966578950469	0.9999980050795354	3.319495915039177E-5	0.5000003894711346	0.49999898330802983	0.5000028858494541	0.5000007126423951	0.5000005444205317	
0.5000133539127749	0.9999967685269336	0.6666428920767468	0.9999885722655231	0.50000040461354	0.49999970233817065	0.49999986797551	0.5000008007340749	0.5000000209691517	
0.500004739283811	0.9999939441121936	0.6666743083637923	0.49998696739406046	0.5000007198039764	0.49999902584028694	0.5000003648990453	0.49999923011924485	0.500000599884337	
0.5000098963161342	0.9999971944979816	0.666675467570744	3.8288248658977086E-5	0.5000001433550157	0.49999904388242605	0.5000009045968496	0.5000004056493565	0.5000002635751414	
0.5000133992635878	0.9999584491624952	0.333393403900989	0.9982055346798587	0.5000001211165793	0.5000001934586148	0.4999999994426919	0.5000008794420044	0.5000002936487531	
0.500009834488188	0.9999940350646505	0.33339279233736935	4.0632365475123926E-5	0.5000000833774685	0.49999906677583866	0.4999997940129976	0.4999988160919567	0.5000003448699188	
0.5000095562469915	0.999978068591774	7.764285672232074E-7	0.5587033633903535	0.5000000844951105	0.49999907331593246	0.49999999914484283	0.4999988173093797	0.5000001289953687	
0.49999980005416866	0.6666942246395468	0.9999997632592678	0.9999892854659644	0.5000003725035632	0.49999902006197333	0.500001132581112	0.49999896551950956	0.5000000037978285	
0.49999979994355276	0.6666946162926143	0.9999942156502353	0.49999938245292824	0.5000003227323597	0.49999995825460203	0.49999988024334874	0.5000003689649539	0.5000000006529477	
0.4999995576835992	0.6666964598951874	0.9999970461461021	1.0543415067415778E-5	0.5000003206729386	0.4999993485335032	0.4999998798814386	0.500000359905557	0.5000007221896816	
0.499999791240289	0.666694250245141	0.49994057880752363	0.9997255235227163	0.5000003807244306	0.4999996873917706	0.4999998708834438	0.49999897291182516	0.4999999850511454	
0.5000051802297095	0.6666942247590345	0.49993967159234914	1.0514365077403917E-5	0.5000003129266075	0.49999957180937293	0.5000002768534073	0.49999894991380217	0.49999999671721024	
0.4999982715440096	0.6666897442750894	8.328396612507206E-6	0.49388348865797715	0.5000007435295877	0.4999991183109291	0.4999997672556733	0.5000003343129368	0.5000000030755269	
0.5006458012236635	0.33499293261945245	0.9979570916108123	0.9967892654392525	0.5000006435989448	0.5000004223971851	0.5000002512416237	0.500000493584348	0.500002681526577	
0.5005480437144215	0.33479664002205944	0.996897902240773	0.0016748270246369132	0.49999974867818503	0.49999802007098093	0.5000002769364518	0.5000031754776195	0.5000001094438797	
0.5005212326161167	0.3348037850669859	0.004368947288747394	0.5002969659513157	0.4999998547311731	0.49999995868198316	0.5000002517587779	0.5000004433027876	0.5000008456145186	
0.5000114580319135	1.25040955359506E-4	0.4443371062462874	0.48947894618983273	0.49999970867806776	0.49999993906254175	0.500000520285265	0.5000000383811	0.5000000398209409	
0.33366319131634803	0.9995478254350613	0.9991619037446691	0.9999762350115836	0.5000006280444567	0.49999948787955434	0.49999982369814294	0.4999998831995777	0.49999733021633835	
0.33394410146393394	0.9993265376399437	0.9993089676298119	0.5001122555465964	0.5000001708270335	0.4999997266169344	0.5000001528914222	0.49999992769548773	0.5000006050047981	
0.33391955439607984	0.999558784822748	0.9988939334759028	7.436315257177877E-4	0.49999981596531473	0.49999897403842325	0.5000031015972983	0.5000007560948724	0.5000006053022032	
0.3336651425657379	0.9995588644484648	0.5003808562940729	0.9987621116754022	0.49999986117847806	0.49999993785818264	0.5000030994389751	0.50000092916067	0.5000008262451394	
0.3336701265897175	0.9995583606819094	0.500381862969625	0.0013050977387173424	0.49999981353030015	0.49999956694939335	0.4999997733366013	0.4999987165790605	0.5000005699076528	
0.33365267965483963	0.9995470017569286	4.8297407699934847E-4	0.504118833802088	0.4999999251123961	0.4999970392099666	0.500000223334338	0.5000293003533685	0.5000008803472771	
0.3336541667714613	0.5006796743674083	0.9988580049342397	0.9987943986025897	0.49999989512443926	0.5000002349270964	0.50000035438516	0.49999983472591164	0.5000009154922945	
0.3336695805351959	0.5006814160829416	0.9992730958490212	0.0016108482132234443	0.5000006145661859	0.5000003698750807	0.4999998497954275	0.5000298333296003	0.4999974197383875	
0.33365416005858317	0.5001798672184509	0.0014665629558845536	0.5001821926381728	0.499999925204338	0.5000000520747706	0.500000222796932	0.5000009310466426	0.5000008376111014	
0.33348778794314504	7.538201473435979E-4	0.4745026639994573	0.4713314107174664	0.4999974620226068	0.4999974189679455	0.5000002710523271	0.49999897062505483	0.49999981290269835	
0.16718710564024963	0.9985466285993838	0.9993000799869824	0.9999453785160408	0.5000001534435065	0.49999996040391453	0.5000030149682166	0.5000001137430908	0.5000000094986614	
0.16800982705953127	0.9968697041333239	0.9979629549272699	7.760724824825054E-4	0.49999770239959623	0.49999707121550835	0.5000002663163224	0.5000016565118627	0.5000001692348911	
0.16800981556228195	0.997225934336727	0.003805630591266429	0.5112240211532799	0.4999998704198726	0.49999979231354963	0.49999985829582694	0.5000013326141867	0.5000008742194677	
0.16666532614106772	1.25040955359506E-4	0.5109653576678138	0.5040799755503027	0.5000005944794379	0.4999992661837361	0.49999990316841975	0.5000000483942182	0.5000007500135256	
3.926278698732216E-4	0.6691708427967806	0.662593977864469	0.4963308110429401	0.5000006829786793	0.5000003951058187	0.49999984456960156	0.49999986436091604	0.49999773137600395	
