0.9999951509675733	0.9999948471849915	0.999997777350333	0.9999938821625796	0.5000023833746006	0.5000130924213811	0.4999992141244921	0.49992634015179493	0.4999909352858316	
0.999990769435318	0.999999959501825	0.9999983896901277	0.8332178596785592	0.5000003929683839	0.5000117974144135	0.4999992261758532	0.49992510242909394	0.49999152946040626	
0.9999954295354053	0.9999799244185333	0.9999962293926691	0.6665187478464307	0.5000012541258904	0.5000130142618343	0.5000016429697444	0.49993299352298015	0.4999908063438309	
0.9999969625166398	0.9999907516446053	0.9999963060918202	0.4999670457630547	0.5000011089798502	0.500011856724732	0.5000016420848882	0.4999262856061217	0.4999908253989497	
0.9999965089613037	0.9999524580439728	0.9999951275573828	0.33353134493483305	0.49999729207724425	0.5000139010463001	0.5000032222522759	0.4999274618397561	0.4999910320676447	
0.9999952624740138	0.9999955608590773	0.9999970020939699	0.16672148407651016	0.4999971805779036	0.5000067448218193	0.5000031758346601	0.499925964681843	0.4999883530916226	
0.9999926845493375	0.999952460093237	0.9999951408390225	4.807932560733206E-6	0.49999729333584086	0.500012111681154	0.5000013838543963	0.49992749328051306	0.4999910385809739	
0.9999996481877433	0.9999975676833265	0.8333116004277967	0.9999996065355848	0.5000008727637577	0.5000119903258704	0.5000010640465951	0.49992629410161443	0.49999037513442046	
0.9999944055095802	0.9999923405499367	0.8333116294369596	0.7998893612735465	0.5000025949012203	0.5000127701261587	0.5000003619481407	0.49992623543918285	0.4999927106255663	
0.9999965672489768	0.9999899909715716	0.83332079291444	0.5999527229383939	0.4999994485203084	0.50001190106693	0.5000020254786346	0.4999263149438205	0.4999905261603879	
0.99999517601615	0.9999809669629097	0.833314334333223	0.39999835255082616	0.5000023489876129	0.5000127431038075	0.500001938714243	0.4999262498065111	0.49999116997493814	
0.9999991094215182	0.9999954676048323	0.8333143309085266	0.2000133272746014	0.49999800400261507	0.5000118435385675	0.5000015855769461	0.49993278202580455	0.4999920796705249	
0.9999949621261424	0.9999954760892261	0.8333143309085266	1.6325503948903194E-6	0.4999995117252946	0.5000113253171996	0.5000020508092385	0.49992594842016974	0.5000108954678931	
0.9999909664583416	0.9999968399840782	0.6667322034762212	0.9999086430208776	0.5000003567714819	0.5000118668708773	0.5000091751410167	0.49992630963268636	0.49999143952468017	
0.9999823623477706	0.9999922221954026	0.6667462717377768	0.7499104246979167	0.5000025421250047	0.5000127918509731	0.5000016742970361	0.4999268434933149	0.4999920846691056	
0.99999929743248	0.999998761250249	0.6667464413110796	0.5000040949444636	0.5000017548837579	0.500011978818283	0.5000017335449386	0.4999262855122744	0.4999925919656378	
0.9999953132150292	0.99998049809817	0.6667508768402319	0.2500242753451672	0.5000023482182415	0.5000127530378812	0.5000019387134355	0.49992518781286244	0.4999909199929741	
0.9999997235437387	0.999996247905318	0.6666229865095812	7.744908049108137E-7	0.5000036300549467	0.5000066010157969	0.49999944432349464	0.49992594507339677	0.499990119617707	
0.9999613934276477	0.9999981506369773	0.49999260963154046	0.9999258841754296	0.5000022504006297	0.5000137709470615	0.500000309915154	0.49992627020753555	0.499990702045072	
0.9999958531041071	0.999999241195076	0.500018253162601	0.6666415480521631	0.5000018347084431	0.5000146718041169	0.5000052607980259	0.499926185202688	0.49999269574309	
0.9999998826906565	0.9999947578429451	0.5000155430528777	0.33328248655860915	0.49999785505656563	0.5000062731121845	0.5000030428631359	0.4999259635103042	0.49999253262758586	
0.9999977805986787	0.9999889824119936	0.500015654456982	1.0109558611106663E-4	0.5000024618938471	0.5000120208524129	0.5000055982771711	0.4999262990427634	0.49998875790560693	
0.9999986712257124	0.9999944228333324	0.3334050983329335	0.9999773109750226	0.5000026321083441	0.5000137187297046	0.500000013827806	0.4999263014578972	0.49999063737966004	
0.9999990654116347	0.9999952723987356	0.33335799335865157	0.5000030708245276	0.4999964309747231	0.5000127338201313	0.5000067141857578	0.49992648368373027	0.49999005064760005	
0.9999928190620638	0.9999952856840316	0.33335799335865157	1.4870382572751417E-4	0.5000029217232861	0.5000139938371414	0.5000016298898367	0.49992646155237325	0.49998271089901475	
0.9999938576621157	0.99997080020079	0.1666499057382711	0.999904493829752	0.500005118730296	0.5000063785695368	0.49999965506683075	0.49992492590875837	0.49998841684655215	
0.9999987003338195	0.999989839374604	0.16664253596730885	8.967713655308938E-7	0.4999974084775122	0.5000064928392686	0.5000004463597508	0.499926073656164	0.4999912950413083	
0.9999996602401275	0.9999959211506025	8.518964330703363E-8	0.030375164766204166	0.5000051055203483	0.5000148250336914	0.5000054333992814	0.49992620349407374	0.4999903531823817	
0.9999991265243376	0.8333383468281299	0.9999962207293058	0.9999988282108044	0.5000027071373961	0.5000118587193353	0.49999941318916247	0.4999262965707543	0.4999877917145775	
0.999997369229201	0.8333251745439805	0.9999731198526791	0.7998737788732945	0.5000026742472573	0.5000117611904163	0.49999939180458736	0.49992631382449226	0.5000084662533725	
0.9999906604497187	0.8333385079510942	0.9999974200713903	0.5999551748270784	0.4999993277063003	0.5000118506214042	0.5000032212247957	0.4999264093059045	0.5000087369001255	
0.9999776131749701	0.8333100996357692	0.9999962559373806	0.40003126816639667	0.5000003621340946	0.5000064054260015	0.500002233156861	0.5000287646653266	0.49999260885537006	
0.9999994064390438	0.833311940185891	0.9999963080192231	0.20001353850893583	0.5000023339123548	0.5000065251573286	0.5000011931114696	0.4999259594251821	0.4999920189327482	
0.9999984837281646	0.8333117904358581	0.9999963091193986	4.790225445555663E-6	0.4999973600504745	0.5000064952240145	0.5000014238981612	0.4999274934023068	0.4999910154227002	
0.9999993607868294	0.8333386665801329	0.7999892482651383	0.9999990360156505	0.5000018294758612	0.5000119625968619	0.49999967286354896	0.5000158331580948	0.49999229415949764	
0.9999970999045797	0.833324713721507	0.7999892316110616	0.7500450056475787	0.5000018426935481	0.5000118642443675	0.4999996703185922	0.499926311212136	0.5000084663928202	
0.9999966475299477	0.8333093497855019	0.799989226542207	0.4999910759087447	0.5000019144356977	0.5000127148426602	0.5000030556186014	0.5000151931869672	0.49999126102911495	
0.9999964784441082	0.833311924545461	0.7999890828680817	0.25001673244356687	0.5000019004552037	0.5000066838747629	0.5000015868131159	0.500024723568661	0.4999920809111944	
0.999998943718543	0.8333117074750688	0.7999892240623632	1.150850229770822E-7	0.49999736643852616	0.5000060952129713	0.5000013769881181	0.4999263089347318	0.4999910037231744	
0.9999938946649768	0.8333288418518978	0.6000089738323221	0.9999207883139583	0.5000024251845704	0.5000065319908343	0.5000044475720472	0.49992631066062454	0.49999111943039587	
0.9999958394225913	0.8333286184997383	0.6000109282653125	0.666642435891499	0.500004808942913	0.5000063922310276	0.5000051291105811	0.4999260150130433	0.4999926727725914	
0.9999940345062177	0.833310486381791	0.6000098474925449	0.3332942862400736	0.4999962080846891	0.5000060186000439	0.5000006061789541	0.4999262336623021	0.49999111554629067	
0.9999998775250547	0.8332896482170512	0.6000127710733536	9.677548624591743E-7	0.5000017527928216	0.5000061771889174	0.5000005779396779	0.4999262362795745	0.4999906048725208	
0.9999972730975516	0.833328790088614	0.4000690647992886	0.9998946665583466	0.5000018321763935	0.5000066260172992	0.5000045770868332	0.4999263151428775	0.49999211180773284	
0.9999938938383525	0.8333404684161132	0.4000376079743955	0.4999595963258578	0.500002418294722	0.5000064409972627	0.5000019784036661	0.499926161747187	0.49999112019213887	
0.9999938639189592	0.8333426160815386	0.40003745478808445	1.3825640695486516E-5	0.5000024186581085	0.5000068690323186	0.5000058804633395	0.4999249955616401	0.4999909867067889	
0.9999974332618832	0.8332799309110881	0.1999615374951337	0.9999983760045059	0.49999606185933876	0.5000133097595157	0.5000019620663892	0.49992646771602944	0.49999124680402635	
0.9999959825683691	0.833283036074078	0.19996154130518848	4.962681879294547E-6	0.49999629736293466	0.5000072370523452	0.5000020003671841	0.4999248942012348	0.49999084009615086	
0.9999996472001194	0.8333394801294559	9.285469358508673E-6	0.04824095285006286	0.5000026423701176	0.500006255095926	0.4999997229796233	0.4999262044803884	0.4999899655856784	
0.9999993868262762	0.6666652973313716	0.9999983528153792	0.9999988321590001	0.5000002935847804	0.5000117972198056	0.499999226631935	0.49992630758805523	0.49999152699267857	
0.9999994585553126	0.6666631494535417	0.9999980357001237	0.7500485363600146	0.500002602885456	0.5000117644986193	0.4999993007423759	0.49992630980811736	0.5000092517091923	
0.9999999361883136	0.6666609179901744	0.9999311789483988	0.49998965855701755	0.5000026104748461	0.500011852282858	0.5000041345021742	0.49992595880064983	0.4999909206597659	
0.9999952413291503	0.6667551445134953	0.9999293615990174	0.2500158378155599	0.5000017467755298	0.5000111686061417	0.5000043098267736	0.4999302092093626	0.5000078816345941	
0.9999546824468123	0.6666613329222827	0.9999967089004956	3.07836506070546E-5	0.5000027644644292	0.500011831089723	0.5000023337009344	0.49992601031426276	0.4999910826104192	
0.9999974315510893	0.6666541975896519	0.7500298597906252	0.9999974952739109	0.5000010400128249	0.5000139708065768	0.5000017520308266	0.5000358933977946	0.5000109307801112	
0.9999954211165282	0.6666539391962789	0.7500301691072337	0.6666448372498849	0.5000010400742578	0.5000139113663377	0.500000053323328	0.49993279893060255	0.49999264984141567	
0.9999933810617959	0.6666599360272873	0.7500301606359289	0.3333132030542814	0.5000023612131417	0.5000135761665732	0.5000020630823114	0.5000307824506867	0.500008056236562	
0.9999950711482012	0.6667550729091553	0.7500248091223829	1.1785711211073986E-4	0.4999953888136301	0.5000171445717021	0.5000029685652755	0.49992601509021267	0.5000077867972044	
0.999997640646572	0.6666632047442345	0.49999953401136243	0.9999937992841019	0.500001968927091	0.5000064505242481	0.5000027020679337	0.5000281117651536	0.4999921604498125	
0.9999998777866924	0.6666632065222624	0.5000035693947605	0.5000042090329816	0.5000027184412389	0.5000066971713635	0.5000004867015998	0.5000305309189506	0.4999911311587857	
0.9999998802363649	0.666663138795553	0.500003568198443	1.563396660497338E-5	0.4999980270606655	0.5000135782944043	0.5000030716211643	0.500035930226493	0.4999911303850793	
0.9999996411387307	0.6667266570853335	0.25039085806158623	0.9992218422587197	0.4999961868766831	0.5000067877173947	0.5000021404098781	0.49992533872867917	0.49999229145005764	
0.9999935367282071	0.6667283692892668	0.250173125812485	4.6026300091721957E-4	0.49999649383785133	0.5000144410246049	0.5000030700007667	0.4999264515222319	0.4999904004894336	
0.9999920694156775	0.666720407613389	5.2417514865994155E-5	0.4997984712073567	0.49999618118815853	0.50001362185463	0.500006714925725	0.49992647638227516	0.4999925804542492	
0.9999965073856164	0.49997919857883216	0.9999978661053297	0.9999998809984227	0.5000008006316083	0.5000139774559312	0.500003238205625	0.5000188223248901	0.49999254652287817	
0.9999996061735025	0.499979206823532	0.9999989829326886	0.6667176282540024	0.4999972337578428	0.500011563406314	0.5000033684291385	0.500034173482125	0.49999067765040567	
0.9999998321064845	0.49999932484533255	0.9999990195560757	0.33331649074089553	0.5000024131083168	0.5000115611087208	0.500002325781925	0.4999305007255079	0.4999904184710438	
0.9999970520422127	0.499998418096508	0.9999983757819331	2.988709250206518E-6	0.5000034024634836	0.5000118819863881	0.5000009893631095	0.49992624460989143	0.49999082647491905	
0.9999926086927771	0.4999950234274398	0.6667122970348238	0.9999465002452491	0.49999677892898026	0.5000113581880888	0.5000015356512374	0.500021991382759	0.4999922595089509	
0.99999719981698	0.4999973080658362	0.6667246526616958	0.499982898930453	0.4999972350220333	0.5000063777447435	0.5000022072097401	0.4999261915712609	0.5000093266975839	
0.9999972046143694	0.4999756979609751	0.6667246526970854	1.8849945593909193E-6	0.4999972424120371	0.5000066967120578	0.4999994940040786	0.49992620535240173	0.5000095175301663	
0.999993496734681	0.5000648429511918	0.33385914060608335	0.9978762050550142	0.5000026925791132	0.500013579651971	0.5000005237286338	0.4999249937720109	0.4999911004340054	
0.9999897266968615	0.5000587009524201	0.33359402330753185	2.8050110214188106E-4	0.5000018374068376	0.5000115165393719	0.500000121822315	0.4999262644609179	0.5000083370093489	
0.999993465075572	0.500065537611415	3.3738672443538176E-4	0.006673075142536122	0.50000660069224	0.5000135801000254	0.5000001561087254	0.49992499918808225	0.4999919238712403	
0.9999972923527929	0.3333559507319705	0.9999877504350018	0.9999455647365804	0.49999661715445815	0.5000113570426431	0.49999988535921724	0.5000354332917881	0.4999906875861483	
0.9999952123095255	0.33335595907530574	0.9999694590803173	0.49999669610680053	0.5000093238455681	0.5000111814550176	0.5000015776604929	0.5000355182938657	0.4999917081707669	
0.9999831336324353	0.33335641687863565	0.9999473378615417	2.3371725821413338E-5	0.5000018756617977	0.5000118238266811	0.5000016097082828	0.4999260100588722	0.49999042157579937	
0.9999986025059827	0.33335552564335424	0.5000104122221722	0.9999461987986187	0.5000002817780107	0.5000113572882664	0.5000015277921712	0.5000223689318842	0.49999225843283784	
0.9999971998743068	0.33335593581840967	0.5000101208454167	1.2542195121811872E-5	0.5000053968627673	0.5000112604957343	0.5000023090582706	0.5000368729405452	0.5000068744146542	
0.9999890474887901	0.3333564016174798	1.8965540205628795E-4	0.7843479065508194	0.5000019054543005	0.5000069126101434	0.5000023497963599	0.4999358641955205	0.49999215442570255	
0.9999844536602414	0.16704791099430363	0.9993429746123702	0.9989330153444193	0.5000020337702926	0.5000149182418072	0.5000016379070097	0.5000237487315096	0.5000134460709802	
0.999830864544264	0.16680903306405723	0.9995934768872485	1.6210898131794243E-4	0.5000012531606498	0.5000112037154576	0.5000020079373965	0.5000387962236296	0.4999924988671032	
0.99998311621514	0.16679413272992724	5.253889498380282E-4	0.4199812118698453	0.5000013157218417	0.5000118847797866	0.5000000922163528	0.49992541895105114	0.49999163069539887	
0.9999844606877273	5.6066959214263155E-5	0.46282818376707185	0.5006132324816239	0.5000013208171206	0.5000112794719586	0.500001655820776	0.5000192088823613	0.4999921195613859	
0.8333232719881579	0.9999999082272679	0.9999977060034511	0.9999981449356173	0.5000023722544314	0.5000118609743682	0.499999216789942	0.5000310716550194	0.49999149794033076	
0.8333232153250931	0.999999149678728	0.9999976879508371	0.7999890728946173	0.5000008777328658	0.5000128947152591	0.5000005722775676	0.4999262998400278	0.4999930004787042	
0.833323272357456	0.9999923601936892	0.9999934595567271	0.6000678184233376	0.49999732881681536	0.5000119914588078	0.5000053226254269	0.4999262368709906	0.4999927006938301	
0.8333386584748901	0.9999981306057693	0.9999912582725254	0.39999838897560824	0.49999735466077694	0.5000064837463478	0.500001503017141	0.4999260048986714	0.4999927522054478	
0.8333200515791209	0.999998380274114	0.9999998163670456	0.2000133271602819	0.49999807770197147	0.5000122820057286	0.5000020695844405	0.499930167214204	0.5000081194014594	
0.8333131836918097	0.9999994307679855	0.9999959559962236	1.998769145236659E-6	0.4999969722885719	0.500006426324302	0.5000052894439254	0.49992595176181676	0.4999883091909617	
0.8333232719983215	0.9999948605957539	0.7999886278534439	0.9999982322580508	0.5000023928734257	0.5000130902232984	0.5000018772906559	0.5000315229779408	0.4999914708177098	
0.8333232683029894	0.9999927143875812	0.7999889766163959	0.7500540496480715	0.5000009572179509	0.5000119819406826	0.5000016770283326	0.49992628963531704	0.4999926169533846	
0.8333377663362809	0.9999983736428212	0.7999892350682353	0.5000022039406162	0.5000002798796618	0.5000127148628796	0.5000034331753348	0.5000276399421887	0.49999212949339894	
0.8333363215580327	0.999993057976363	0.7999882277353881	0.2500162695668814	0.50000233481917	0.5000065502756669	0.5000015218680658	0.4999325626695497	0.4999920447382043	
0.8333196342297424	0.9999954113367366	0.7999878122077185	3.851946477737111E-6	0.49999797417396097	0.5000117639024223	0.5000020622725904	0.4999327586403831	0.5000083485841506	
0.8333243197715029	0.9999925459930872	0.600050867822361	0.9999189152170889	0.5000022508573794	0.5000065105920862	0.5000005266319233	0.4999262734617282	0.49999111277793956	
0.8333412704415735	0.9999945297438936	0.6000594718238339	0.6666404393768485	0.5000024238894589	0.5000117782944036	0.5000004225861681	0.4999250579651805	0.4999928177550436	
0.8333403046821275	0.9999925582739239	0.6000508898748396	0.333301880856156	0.5000024315725948	0.5000065503233903	0.5000011472889112	0.4999325617667018	0.4999911114489305	
0.8333241840750403	0.9999998976663241	0.6000908623164616	7.816803251749011E-6	0.4999962187453681	0.5000061836220686	0.5000051513828006	0.49993032378954505	0.4999905787789371	
0.8333408607880654	0.999999570273725	0.3999989669386514	0.9999994078888781	0.5000026450716406	0.5000063206923522	0.5000005361403	0.49992633860965774	0.4999916445628957	
0.8333237382326468	0.999999537502588	0.4000351583692123	0.5000010615259649	0.5000016931349033	0.500006693256163	0.49999691098000315	0.4999338201934086	0.4999899049949977	
0.8333379850326356	0.9999974021198689	0.40003745521895673	3.538455743437363E-5	0.5000023212145788	0.5000121748831268	0.4999968853344795	0.4999247747359565	0.4999911240490969	
0.8333422397922425	0.9999944176076199	0.2000008630388971	0.9999999505801088	0.5000021661093192	0.5000064839440316	0.5000004530567702	0.4999260766603534	0.49999041332330696	
0.8333289397026405	0.9999959059901096	0.20000264799130607	6.83672738997494E-6	0.5000038439643053	0.5000068316929086	0.49999794031906103	0.5000267818932124	0.4999914317542812	
0.8333404763928239	0.9999947263430579	4.637274735856481E-6	0.43749655198391146	0.5000022930986675	0.5000062303597548	0.4999972886255072	0.49992621597407805	0.49999251658084026	
0.8333232685984225	0.8000282474849975	0.9999954326721278	0.9999872315104916	0.5000009582497499	0.500012755387356	0.4999992617761667	0.49992626443248944	0.500009088556821	
0.8333239715148311	0.8000110342302617	0.9999796998727173	0.7500487165702471	0.5000009721030739	0.500014205561539	0.5000054156466297	0.49993254109201196	0.4999927164338284	
0.8333209130818244	0.799995145773144	0.9999967144659611	0.49996436594028637	0.49999627376362005	0.5000065001009495	0.5000015651894874	0.4999336851632788	0.4999917475659322	
0.8333200653143873	0.7999959704845143	0.9999976140062953	0.2500152108554995	0.5000024309119874	0.5000070076185346	0.5000031726543156	0.499930191996214	0.5000087258263259	
0.8333380497075605	0.7999974711035756	0.9999963704890112	1.7647920323854973E-6	0.5000024959541002	0.5000065537414937	0.5000021348019531	0.5000300312770386	0.4999924874542622	
0.8333242713656196	0.8000110388176054	0.7499442407142867	0.9999987734354293	0.499999457284816	0.5000117532265491	0.5000035229723221	0.5000370738969361	0.4999923677396662	
0.8333385990396532	0.7999957100207518	0.7500270692717392	0.6666448351097753	0.5000034124448889	0.5000139083907654	0.500001623979415	0.49992626484256586	0.49999275693628137	
0.8333384457379096	0.7999950214976443	0.7500106818882618	0.333344811556857	0.4999979206731577	0.5000065469084172	0.5000015326245716	0.5000278535208841	0.4999920439189115	
0.833338409621361	0.7999959786482308	0.7500165025218936	4.7069326166376425E-6	0.5000023609285428	0.5000065464644989	0.5000011913728423	0.5000263514590909	0.49999203326471464	
0.8333243121589949	0.8000115121997591	0.5000080265159375	0.999977448145002	0.5000022530071958	0.5000066235217563	0.5000002191739846	0.49992633498585554	0.499990199962899	
0.8333373767108785	0.7999971027306407	0.5000108569866355	0.5000010498459752	0.5000024627290496	0.5000066205630367	0.500000246921257	0.5000297697847428	0.49999045439416095	
0.83333764422709	0.7999950263236996	0.5000108316042051	1.4113226620452703E-6	0.5000023243302856	0.5000064931152165	0.5000002701255837	0.5000297151882757	0.49998877302618605	
0.8333242780497462	0.8000288565862955	0.25016105133450184	0.9993193421248631	0.5000018643541844	0.500006805291511	0.5000005713783954	0.5000238926407541	0.4999906279083199	
0.833341000026188	0.8000288582310492	0.25014928110517953	3.8202880198363E-4	0.5000016070974698	0.5000139974091746	0.5000010986782565	0.5000283783583955	0.4999900148100578	
0.8333404721430605	0.8000016850944831	5.127365404362218E-6	0.5022480407270907	0.5000016880776088	0.5000062272242681	0.4999974238861041	0.49992523063196287	0.4999925497415914	
0.8333214109975796	0.5999582333745334	0.999999476238211	0.9999730432196331	0.500001016715251	0.5000128821531094	0.5000005798400977	0.49992594894124165	0.500009877066791	
0.8333239398505511	0.6000247959526029	0.9999688683278369	0.6667170346972584	0.49999812460908777	0.5000112893353067	0.5000033716932419	0.4999302795505625	0.4999907342528784	
0.8333242696116572	0.6000248030901703	0.9999474310359776	0.3333027013759252	0.5000023855356893	0.5000066341731848	0.5000015327556021	0.4999259634138282	0.4999919830003928	
0.8333231735719143	0.6000248055445178	0.9999968192100179	8.250865940686121E-6	0.4999971833760398	0.5000129941438449	0.5000014508505666	0.4999259948130062	0.4999920817228495	
0.8333221093418642	0.5999582148287397	0.6668591315473442	0.9999767940249228	0.49999621415521933	0.5000128730419813	0.50000214488921	0.4999263267819601	0.49999213715732044	
0.8333232833747788	0.5999553921612336	0.6665747492408927	0.4999966275128093	0.49999632771890984	0.5000063920811806	0.5000021684865101	0.4999261894385352	0.49999214113006485	
0.8333425235347727	0.6000231875029027	0.6665772159635033	7.152926213989472E-6	0.5000019441364899	0.500011850515707	0.4999946032022041	0.49993029689207413	0.5000069447333748	
0.8333375762561149	0.6000138726594484	0.33342495419430096	0.9999198482604931	0.499996232268841	0.5000065618047468	0.5000027565246844	0.4999252026157623	0.5000078032384684	
0.8333409977684396	0.5999526032237423	0.3333861686473868	7.478119256305985E-5	0.5000016097022201	0.500006796555703	0.5000011846835369	0.5000268454549758	0.49999198207290413	
0.8333374080387442	0.5999982633178755	7.695208456170999E-6	0.9965058243502544	0.499996315134664	0.5000062132442578	0.5000019259250889	0.5000289682321658	0.49999046137583775	
0.8333211631543137	0.4000020204002515	0.9999782365320737	0.9999960856203299	0.4999973914830731	0.5000150517556982	0.5000015169414043	0.499927129001882	0.49998942224958576	
0.8333234259201407	0.40000893786053676	0.9999893977504315	0.4999908100878452	0.5000020216759264	0.5000118776480557	0.5000014670157399	0.4999284060092086	0.49999212141943206	
0.8333422463583028	0.40001556626391505	0.9999899415845974	1.1989458254319294E-6	0.5000015693995625	0.5000118477191737	0.5000015777613632	0.49992643537859177	0.5000059753780532	
0.8333412334349481	0.40000321814524287	0.5000080752132481	0.9999885888770247	0.5000011552807649	0.5000132953903195	0.5000015205236077	0.49992491465204436	0.5000077409095811	
0.8333448593375549	0.4000030722411294	0.5000100705137527	1.4064586442254692E-4	0.5000026056620475	0.5000113307813328	0.5000018966596074	0.5000334993651349	0.49999104830958446	
0.8333229932806834	0.40000896074940157	1.3191673667827898E-5	0.3936312615021201	0.4999963167526321	0.5000061747450046	0.5000019840308574	0.49992573117052747	0.49999248167996785	
0.8333450865467099	0.20012511376720163	0.9995935982286913	0.9990646503483158	0.5000020033667495	0.5000149201984242	0.5000014544545754	0.5000390242213418	0.4999894834644918	
0.8333450865467099	0.20012511376720163	0.9995935982286913	2.440425018899739E-4	0.5000020393368348	0.5000112730851539	0.5000018586577303	0.5000367660865808	0.49999165345653246	
0.8333229942272967	0.19999444840969574	1.3689526735104288E-5	0.004690327659271715	0.5000013306737077	0.5000121690532713	0.500002588209061	0.5000232515881071	0.49999227658582346	
0.8333452912168781	7.315702176394212E-6	0.9911884693758584	0.4689650339384438	0.5000013318773306	0.5000112574967646	0.5000018160718142	0.4999293512586974	0.5000071149026696	
0.6666996528319046	0.9999948541199966	0.9999883856233172	0.9999729562571823	0.5000023171071433	0.5000131228294311	0.5000019064237587	0.4999259281461146	0.5000085555126873	
0.6666800786669367	0.9999938089348417	0.9999545407251389	0.7500625542152776	0.4999993217144458	0.5000144436538082	0.5000020594908147	0.4999264156328695	0.5000083121860434	
0.6667104310029229	0.9999921880612346	0.9999854251393181	0.5000057439645859	0.5000026192994458	0.5000118636513948	0.5000015498729847	0.49992641596527904	0.4999927718403088	
0.666709577833911	0.9999972717356318	0.999954687011125	0.2499739158638157	0.49999950639820223	0.5000113236129389	0.5000018221043439	0.4999259490906111	0.500008869727081	
0.6666952602091895	0.9999827299573879	0.9999865266462413	1.9974350245057093E-6	0.4999970809254547	0.5000114684085107	0.5000012133812997	0.499926341628003	0.5000081314345394	
0.6666872373865764	0.9999882971331199	0.7500260728772803	0.9999670779738391	0.49999756723260436	0.5000130924102898	0.5000036525638157	0.4999276566722201	0.5000073548535087	
0.666687148564751	0.9999878105277528	0.7500106837191736	0.6666407407041067	0.5000021982324081	0.5000115821164923	0.5000018865127007	0.49992629713009235	0.49999104486233675	
0.6666873503478026	0.9999864864035822	0.7500106841112306	0.33330159692533395	0.5000026977626344	0.5000065494071657	0.5000052219427555	0.49992640496091567	0.5000129590244629	
0.6667048619209403	0.9999873292704266	0.7500106826902049	2.5043255900758216E-5	0.5000033203028261	0.5000130099702902	0.50000639905034	0.4999262959100043	0.49999193105207074	
0.6666790120942214	0.9999920688149807	0.4999568046885264	0.9999732545099863	0.5000024483672052	0.5000144526541607	0.5000001216863388	0.49992629493805574	0.4999894334572498	
0.666707552379364	0.9999814047419875	0.4999568046885264	0.49999666075976357	0.4999974744019953	0.5000132219800086	0.5000001794856915	0.5000321179878893	0.49999210057623206	
0.666704282523998	0.999982376066915	0.5002268192916588	3.280966740313993E-4	0.5000024548001961	0.5000130986921135	0.5000086354758269	0.4999251993032068	0.5000075798315291	
0.6667075529686852	0.9999936201022962	0.2501636268696833	0.9996282007494848	0.5000024512450081	0.5000066388767584	0.5000004507692098	0.49992552064921203	0.4999901083819519	
0.6666596019204752	0.9999974021693031	0.2501636268696833	4.232659109835985E-4	0.500001974778238	0.5000115318269105	0.4999967859767107	0.4999263291751386	0.49999060485830465	
0.666658384715899	0.9999986386035622	4.2389292229210506E-7	0.9414377328597949	0.5000015916909185	0.500006896194288	0.5000012779572788	0.49992954174489346	0.4999912442462486	
0.6666978420477115	0.7501387594386049	0.9999566917296172	0.9998986273420188	0.5000011004718192	0.5000118832011148	0.4999993279720398	0.4999262904555429	0.49999091471497875	
0.6666985688950184	0.7499946541231265	0.9999741704545848	0.6666407393412396	0.5000024310702419	0.5000112711713118	0.5000018841774085	0.49992631843218777	0.500008824390932	
0.6666984992213117	0.7500236817630375	0.9999006469404392	0.33327747022816395	0.4999980718249385	0.5000120909372162	0.5000011390768213	0.4999259044350744	0.4999925628557682	
0.6666921376759165	0.7500280462271335	0.9999769643010084	7.232119516526229E-5	0.49999693852319216	0.5000122521428388	0.5000020911203369	0.499926416049981	0.5000084180051764	
0.6666975876447754	0.7499911709198969	0.6666290426392996	0.9999533137013056	0.4999993908174934	0.5000062395090324	0.5000018968776173	0.4999259635720922	0.5000123402408652	
0.6666610991204586	0.7499945030912765	0.6666512113332007	0.4999953630285111	0.4999995354412901	0.5000132139240983	0.5000018842226236	0.499926318268958	0.5000085369164928	
0.666693078738416	0.7500296236675763	0.6666526168373762	4.485598632844218E-6	0.5000019866088148	0.500011397769298	0.5000014458572067	0.4999259846313194	0.500008104193427	
0.6666928923759	0.749990636606228	0.3333840763240678	0.9997761075544291	0.5000019781867844	0.500011481942529	0.5000003780986719	0.49992652994604364	0.4999907344679435	
0.6666928928228261	0.7500286669995272	0.3333752867955413	2.030904357046016E-5	0.5000019747783979	0.5000114677248435	0.5000003423413972	0.5000300283010736	0.49998998100771397	
0.6666932020216642	0.7500291642486948	3.626419009262444E-5	0.5188414793899017	0.5000026786605196	0.5000139111182578	0.5000011147179186	0.5000285167050116	0.4999914485786734	
0.6667861194301605	0.5002439400215831	0.9996566241780112	0.9996719761083409	0.500002419525473	0.5000145983548213	0.5000014955398836	0.5000349104339392	0.499990952914102	
0.6666906017372151	0.5000666015766978	0.9999626958734553	0.4999950756894597	0.5000021784252512	0.5000112724144634	0.5000015096187286	0.49992649227832686	0.4999907402988848	
0.6666927077538163	0.5000556357488574	0.9999521703485248	1.3816672112735795E-4	0.5000020248646434	0.5000135204196113	0.5000039386719255	0.4999304288963668	0.499991997547754	
0.6666934957566123	0.5000442272445034	0.5000528671569898	0.9996078941633222	0.4999981349649628	0.5000064256833348	0.5000015083058836	0.4999263649594681	0.4999913051449779	
0.6667144176984521	0.5000563522950051	0.5000098971029902	1.403269470930712E-4	0.500003340823913	0.5000118852347457	0.49999488108078133	0.4999304244640616	0.49999199685160356	
0.6667010453836493	0.500073550070482	2.889381016873092E-4	0.6605183828188557	0.4999962988870194	0.5000126962550758	0.4999980341531592	0.5000397631542703	0.49999005233777666	
0.66682566368945	0.25024180967889037	0.9996704342335435	0.99980932174969	0.5000012782902366	0.5000132122400609	0.5000024202684251	0.5000328045575618	0.5000081361784873	
0.6668338104052224	0.25024180967889037	0.9999631954368308	3.3339846720692456E-4	0.49999684613106404	0.5000135091728203	0.5000039933606671	0.5000311698019004	0.5000122732504408	
0.666701070524361	0.250143858198449	1.8332465867254566E-4	0.37372663116651206	0.5000023301151233	0.5000070747720661	0.5000022317582121	0.5000313618014278	0.49999211413638806	
0.6666742126557644	7.009049593592609E-5	0.530301340892679	0.49990718343671703	0.5000013263657744	0.5000072712013613	0.5000015080872475	0.5000211036131774	0.49999132038701694	
0.5003494551821135	0.9997656696552162	0.9995960587873602	0.9997601439908796	0.5000019474770685	0.5000114615353095	0.500060617773245	0.49992640812121436	0.4999831172238424	
0.500120347435424	0.9999926141284303	0.999889058958714	0.666635443634265	0.5000027074172125	0.500012908187008	0.49999666098823753	0.49992647331949663	0.49998901427348763	
0.5001097846850964	0.9998987536442825	0.9998812944736047	0.33321128670064737	0.5000022510392862	0.5000120106696369	0.5000015295463762	0.5000289897676118	0.4999885704528585	
0.500033860859808	0.9999797911321747	0.9998818123403626	5.305233778943555E-6	0.5000025310831369	0.5000115432467831	0.49999638085253734	0.5000268342934598	0.5000081829228288	
0.50014354128967	0.9999167807392604	0.6666285304678846	0.9997738325790546	0.49999716883158535	0.5000121157809727	0.5000103403221536	0.49992682921117865	0.4999908490685705	
0.5001078958524904	0.9998990277953064	0.6666505694414271	0.4999197059874756	0.5000022818547815	0.5000114436320575	0.5000036580507394	0.4999219139574322	0.49999081145189783	
0.5000341832863278	0.999888496051831	0.6666710272441962	5.9181209803786225E-6	0.5000024963844651	0.5000115448668041	0.5000018723809857	0.5000265904417746	0.5000092860441483	
0.5003602195370707	0.9996587158697797	0.33348023652895037	0.99989354548795	0.4999968490270794	0.50001187303387	0.5000093914549666	0.5000256389336033	0.5000088353443572	
0.5001161763471144	0.9998396111933961	0.3334772901646378	1.7256551608067945E-4	0.5000016060111313	0.5000132141455762	0.5000019342306565	0.5000244607922248	0.4999919578017238	
0.5001163204153719	0.9998377768624321	6.021818385553556E-6	0.5010716772662105	0.4999971678379322	0.5000066487840967	0.49999807473226765	0.4999266710896273	0.499989910630819	
0.5001181127828992	0.6666617779571546	0.9999554179793072	0.9996719912062525	0.49999717582927833	0.5000118638038845	0.5000018395064925	0.5000247750560085	0.49999095466396837	
0.5001054873595367	0.6666108739897223	0.9998324295702457	0.49999066510206613	0.49999637534723795	0.5000060523077302	0.5000014273438038	0.5000267982909432	0.499991357112307	
0.5001060258552563	0.6666702976067282	0.9998689200065504	6.992116224846637E-5	0.4999980852915307	0.5000120106807389	0.5000015349538897	0.5000266292777704	0.5000083741392338	
0.5001181151400087	0.666663155346664	0.5002180945795807	0.9996694450153668	0.5000140170542845	0.5000128126240361	0.5000011611894947	0.5000255281363619	0.4999884031720586	
0.5001192447057979	0.6665849668764675	0.5000138050708248	1.3724829017323437E-4	0.500002676054616	0.5000128753392824	0.5000048261993022	0.5000327394197635	0.49999133435596177	
0.5001073603987742	0.6666581295996383	3.597290599148866E-5	0.02749865230518031	0.5000015847503356	0.5000151156102564	0.5000030926182412	0.5000265060342262	0.49999144982153015	
0.500143526386085	0.3338047366700499	0.9995378412415156	0.9998582783877568	0.4999964563937202	0.5000071059081208	0.4999958924064449	0.5000216887377414	0.4999922055967062	
0.5001054921478559	0.33350588727949626	0.9998345387288142	6.983291348944543E-4	0.5000021256929357	0.5000068066290889	0.4999954106854555	0.49992539527694446	0.4999914028245448	
0.5001188797275056	0.33374042659162967	0.0010483447064523754	3.282117661809643E-4	0.4999974072092575	0.5000118851375686	0.5000103999403047	0.5000324933127502	0.49999135554469226	
0.5000719085027107	2.3405803421033822E-4	0.5065466990031569	0.49940217071646736	0.5000026694317052	0.5000128538642925	0.500001088508501	0.5000261156979738	0.49999133188161865	
0.33346675606879383	0.9999967883287244	0.9995543522818209	0.9997430250222873	0.49999632468580396	0.5000153052537377	0.4999954889915827	0.4999260118182532	0.49999166386839183	
0.333515814931603	0.9998981703051224	0.9998812963673797	0.49999488331295777	0.49999817431029786	0.5000060517228013	0.5000014278054805	0.49993140601242775	0.4999913614415179	
0.33351570289025567	0.9998167648345172	0.9998787411866772	1.9884394778415062E-4	0.4999970496263499	0.5000144562892005	0.5000069442506794	0.49993088819782366	0.5000103457102063	
0.33349195017413696	0.9999017103358698	0.5001468432069739	0.9995755243046809	0.5000019829038671	0.5000129234119737	0.4999966659384309	0.4999300432044078	0.49998840432039365	
0.33354181665590227	0.9998317003534065	0.5002217590509412	5.245029782783048E-4	0.49999557803456657	0.5000144723062185	0.5000045324101695	0.4999307451909046	0.4999912267147407	
0.33349086273114953	0.9996499988598253	2.1767223156981112E-4	0.49430838111558656	0.4999969257391198	0.5000127728750176	0.49999541252834845	0.49992895115726227	0.4999887188244953	
0.33351567027275963	0.5000511424565441	0.9999073059510312	0.9998091338211291	0.49999700104358297	0.5000131363612561	0.5000097543611768	0.5000265305994378	0.49999156960824936	
0.33351581162369165	0.5000612034118624	0.999816869009915	2.7309649378266164E-4	0.4999971391711612	0.5000109563661433	0.5000035767091452	0.5000294693374969	0.4999908901231274	
0.33349117987914884	0.5000558706184738	4.756405414393927E-4	0.49190683588673073	0.500002231594974	0.500006067746474	0.499995261898309	0.5000305108673572	0.49999083154796603	
0.3335345138496992	5.215322163524903E-4	0.5144063940260375	0.9785609473631534	0.4999977680749326	0.5000118749021817	0.4999955778553997	0.500026900603951	0.5000091638389574	
0.1668550424632399	0.9997157018774281	0.9997737687900821	0.9998144550107017	0.4999968522670949	0.5000118454828794	0.5000090547386079	0.499931060621188	0.5000085256088784	
0.16685501972370093	0.9999016983726116	0.9994692319112545	3.9725484590115814E-4	0.4999981810677978	0.500006178266212	0.5000066445711411	0.5000361449347847	0.49999025576294565	
0.166814107307158	0.9997422913233484	4.7513576267201523E-4	0.2738102792546586	0.5000021145070214	0.5000115763478076	0.5000040169031177	0.5000290996765135	0.4999852086335137	
0.16686467504741045	0.0010929932337961912	0.6867859348104689	0.4043544414482602	0.4999981807459081	0.5000060573786584	0.49999585777908995	0.5000277192756013	0.5000105008381172	
2.3326690988256793E-5	0.6025608863140463	0.6789779339791936	0.4997385770337819	0.4999971011480969	0.5000145161229492	0.5000015490585337	0.4999264253192399	0.4999904161512266	
