0.9999979063444415	0.9999954247411288	0.9999831914099194	0.9999947338787346	0.4999994185999851	0.5000288075507741	0.499999560607466	0.5000018969029721	0.50000681690217	
0.9999969507381824	0.9999215831444372	0.9998931566174335	0.8330052851645395	0.4999998107876168	0.5000158394044866	0.499999586034973	0.5000002197228528	0.5000066890156958	
0.9999989710139668	0.999995578271444	0.9999999172730847	0.6666500253224437	0.4999997698648409	0.49998248617038143	0.4999994863100435	0.5000017134583953	0.5000065488518499	
0.9999958461362494	0.9999920180145667	0.9999977511686029	0.5000005883929215	0.499999457797351	0.5000160408508056	0.4999989977788815	0.5000030313124578	0.5000066373067408	
0.9999960099092221	0.9999931625411239	0.9999979737784691	0.333329303874246	0.4999998536853388	0.5000249391524467	0.4999980597883413	0.5000014659023284	0.5000054288600125	
0.9999885331009858	0.9999781196203081	0.9999850909613259	0.16665942510449916	0.500000161625585	0.500021585670165	0.4999990625355223	0.5000003594784885	0.5000055636122067	
0.9999959664888141	0.9999761366408708	0.9999986228498378	6.3242697564288805E-6	0.5000002496643143	0.5000233281361468	0.4999991717569574	0.500001465725378	0.5000054146662802	
0.9999849844006599	0.9999955614921504	0.8332915217253543	0.9999983127437594	0.49999932486248067	0.5000199312946155	0.5000050170567145	0.4999970174189251	0.5000056315252811	
0.9999849746310981	0.999999076786045	0.8332957650636248	0.800005915227532	0.49999982891054695	0.5000173979186233	0.5000016125991363	0.4999994051232797	0.5000066826330543	
0.99999751803051	0.9999974642366576	0.8332958997973865	0.6000072562823053	0.5000000811077994	0.5000176942243317	0.5000017032925961	0.5000026177112868	0.5000066818676936	
0.9999885730610982	0.9999916484442262	0.8333101378055745	0.40006815444821553	0.49999971870687177	0.500023396032307	0.4999989935670923	0.5000004275524894	0.5000068074089669	
0.9999885986913888	0.9999916462415485	0.8334962163925254	0.2000809067583384	0.500002392682281	0.5000223401247321	0.4999989875490892	0.5000004274824991	0.5000056994621642	
0.9999931652158944	0.9999773813124326	0.8333096410012591	1.0902377056377023E-6	0.5000000965041462	0.5000232778283513	0.4999995640495616	0.5000017151716865	0.5000070608504996	
0.9999946228966236	0.9999956152602482	0.6666281971147422	0.9999989896223108	0.4999999444208361	0.5000234398548002	0.4999995942204187	0.500001933374655	0.5000065926408744	
0.9999952917204677	0.9999915483453741	0.6666282635082614	0.7500469581215601	0.4999997188665768	0.5000145569301637	0.4999995866160752	0.4999997853900823	0.5000071339112628	
0.9999886779144697	0.9999955277451069	0.666634120768705	0.5000010929215054	0.500000120748139	0.5000176990116769	0.500001404766049	0.5000031107400149	0.5000072252256905	
0.9999936848545512	0.9999965260223932	0.6664315614715487	0.2500279535353394	0.5000004818387934	0.5000165604061115	0.4999990058206249	0.5000004410459413	0.5000065797385125	
0.9999886963886502	0.9999970210439587	0.6666428801992454	2.1822203547587865E-7	0.5000001227634009	0.5000216091442251	0.49999906522445203	0.50000000581513	0.5000073476875785	
0.99999551382143	0.9999992480130065	0.5000238520893054	0.9999717332943783	0.4999999736168166	0.5000158127625963	0.5000016083985048	0.49999609455587907	0.5000065589770981	
0.9999948966390106	0.9999998498025943	0.5000143103854241	0.6666247776826121	0.4999999976258856	0.5000225397725204	0.4999994492278943	0.49999912462382895	0.5000065942575612	
0.999993697615468	0.9999547175276959	0.4999468812527623	0.3330150154151412	0.5000000058400401	0.5000221116764761	0.49999884856152293	0.5000000642665712	0.5000053821450089	
0.9999946488302632	0.9999835890606416	0.5000228541758588	1.916352493320306E-5	0.5000004964307272	0.49997688333494755	0.4999990641059625	0.4999960362696216	0.5000056131042333	
0.9999742986551913	0.9999696649548182	0.3335063709324223	0.9996920390744513	0.49999663956708795	0.5000207435257996	0.49999997182730926	0.5000022905173445	0.5000053497516352	
0.9999978441395196	0.9999977070868328	0.33332090575510204	0.5000196467857693	0.5000001949041832	0.49997870841486497	0.5000002888949981	0.4999990855897868	0.5000082809066346	
0.9999928980541769	0.9999529168514669	0.3334717025494741	8.943310698370788E-4	0.500000077371345	0.499978765717099	0.5000003196208889	0.5000020593444847	0.5000053705886532	
0.9999543463608958	0.9999097271608095	0.16709195551691733	0.9978037370899975	0.5000000453052721	0.5000307575532419	0.49999982524267006	0.4999991230432627	0.5000079878472938	
0.9999543667487654	0.9999962438518519	0.16709404538514155	0.0010846660711290178	0.49999983543894766	0.4999788241013	0.4999998252395931	0.4999990089440691	0.5000079809287407	
0.9999952973382066	0.9999985333919558	2.251074461945316E-5	0.47822922603444756	0.5000003911069176	0.5000247699595425	0.5000004143780358	0.49999935586060307	0.5000082190401368	
0.9999946230178258	0.8333153543053302	0.9999974661872335	0.9999989984394752	0.49999942769492445	0.5000181054863472	0.49999965754234776	0.4999993632570215	0.5000068975451539	
0.9999960833394823	0.8333217446661978	0.9999830821219554	0.7998906615008927	0.4999994266109814	0.5000157156024888	0.4999995264391219	0.5000003039413521	0.5000054498695568	
0.9999944492742516	0.8333162542486927	0.9999972149122645	0.6000072573677542	0.49999943661512	0.49998231351936806	0.49999964033414734	0.4999993834041053	0.5000066214998159	
0.9999898172760552	0.8333216274227184	0.9999856659404613	0.40006834634397553	0.5000000774850962	0.5000210208120164	0.4999994623957331	0.5000023894297861	0.500007063630104	
0.9999885364832936	0.8333217873784013	0.9999855730694432	0.20008094491197145	0.5000001712294367	0.5000173615285651	0.4999990668438616	0.49999999435451004	0.5000065783803177	
0.999999944110294	0.833321755810459	0.9999951836565215	1.1828406153033754E-6	0.5000002949658946	0.5000225438181392	0.4999997566903587	0.5000003166753205	0.5000060329363921	
0.9999850025167997	0.8333152091086439	0.7999362829105844	0.9999937335097661	0.49999973009991466	0.5000173186602302	0.49999957365973163	0.5000021250402557	0.5000068528631821	
0.9999946656575417	0.8333153537268911	0.8000319080237653	0.7500471494871821	0.49999942618955007	0.5000195164684877	0.4999995386576567	0.4999992589289883	0.500006898498096	
0.9999978464078991	0.8333153591752508	0.7999575980872424	0.49999716564785357	0.49999989295643676	0.4999788318220792	0.4999995899654092	0.4999992924615333	0.5000066344870693	
0.9999925370428282	0.8333216884266156	0.8000415831296196	0.2500323096595957	0.49999997670536517	0.5000238284966958	0.4999997189013693	0.5000001388829103	0.500005390959414	
0.9999965428816258	0.8333217390528221	0.8000416675006828	1.6360674610612038E-5	0.5000003326086686	0.5000238447293992	0.49999879989254664	0.5000003528477064	0.5000059903410156	
0.9999945853493953	0.83331542440643	0.5999975902277078	0.9999965965541965	0.5000023954892842	0.49997424827771736	0.4999998012085787	0.4999993566660709	0.5000065466999821	
0.9999968937937559	0.8333154903567088	0.5999966811558561	0.6666428684288791	0.49999997461382545	0.5000176823020961	0.5000000329358868	0.5000020229874309	0.5000082399264896	
0.9999895262932016	0.8333139963652556	0.5999289072913024	0.3331597362957367	0.5000000162443983	0.4999812061339289	0.5000007325329572	0.4999999402396581	0.5000054994284513	
0.9999887729054625	0.8333188602481155	0.5999289417657925	4.947397984076889E-7	0.5000001274241178	0.5000224605014733	0.49999883870059453	0.5000001403877804	0.5000080858129251	
0.9999942813616317	0.8333140967888291	0.400037320050038	0.9999498710930553	0.49999982269498605	0.500024134951653	0.499999655869369	0.5000013164013543	0.5000052982345187	
0.9999945579405042	0.8333138880189473	0.399960031409504	0.5000196533645676	0.5000023859350451	0.4999811755722515	0.5000003187607178	0.5000020587565168	0.500006513685354	
0.9999895647341438	0.8333136702755786	0.3998645796098444	4.209037447983489E-7	0.5000000088850667	0.5000165604836946	0.499999402059417	0.4999999417718685	0.5000056231339631	
0.9999905206710678	0.833320364562657	0.199955513586272	0.9999967183939615	0.5000000895029317	0.49997791316046636	0.4999985418355462	0.5000024181780213	0.5000073907662552	
0.9999891478052901	0.8332531137025999	0.2000123338104172	7.878519180172278E-6	0.49999995319485224	0.5000241381488776	0.4999988322783792	0.500002324468617	0.5000054226662162	
0.9999967064636931	0.8333204381401198	3.358645944809032E-6	0.7320578324895094	0.4999999771691956	0.49998052416599104	0.4999985498120134	0.499999854376653	0.5000080768421363	
0.9999696071380393	0.6667122373635449	0.9998936730989729	0.9999960608304749	0.4999999926877567	0.5000222854793257	0.5000000855353206	0.5000020727704314	0.5000069121868238	
0.9999714781713712	0.6669287084906668	0.999890538890676	0.7496348432424638	0.499999703041631	0.5000259535489363	0.49999958747601597	0.5000003928023395	0.5000084761938102	
0.9999963934135465	0.6667106997287162	0.9999848993130013	0.49999698850885543	0.49999970522603887	0.5000229985911834	0.4999994600583855	0.4999994256235448	0.5000072012537378	
0.9999965711268878	0.6666823859703467	0.9999948951155225	0.25002962801946305	0.4999997778005757	0.5000175516915104	0.5000000424283713	0.5000019213026478	0.5000066644914275	
0.9999896663748096	0.6666846933170509	0.999985849284341	1.645984948506515E-5	0.49999976433660354	0.500021605868928	0.49999838303196903	0.500002476008436	0.5000073386006073	
0.9999890389880286	0.6667100115796274	0.7500701549699588	0.9998926153683034	0.499999985755123	0.5000223175270274	0.500000096239857	0.5000008332794302	0.5000067053869839	
0.9999938930319638	0.6666841925944086	0.7499295231735231	0.6666251571411455	0.5000000826137063	0.5000206044730882	0.49999897822989525	0.49999801556176227	0.5000064962382792	
0.9999893092869024	0.6666269868670793	0.7500536147121573	0.333124188935505	0.5000000814158444	0.5000240373118183	0.49999858595403085	0.4999999284057063	0.5000064919481865	
0.9999894697762687	0.6666840075111637	0.750137380806739	6.849262593843385E-5	0.4999985498162653	0.5000214983710524	0.4999978082651799	0.5000018914822265	0.5000066644545474	
0.9999946224189061	0.6666840479882893	0.5000369251859843	0.9998178167590794	0.4999996141283468	0.5000205271061472	0.4999991946491322	0.49999952027444444	0.5000053410066482	
0.9999893473759297	0.6666841805815577	0.5000275569216266	0.50002694782473	0.4999998565219361	0.5000201166901691	0.49999741803978986	0.4999993325510225	0.5000056661278345	
0.9999894607545515	0.6666846901217298	0.5001073895634399	1.795529562908115E-4	0.4999995391304905	0.5000215998901978	0.49999969597393024	0.4999997924456298	0.5000051376088414	
0.9999892230225346	0.6666840479977083	0.2499758044386677	0.9998178167590794	0.4999966894104917	0.5000205271061472	0.49999921279716325	0.49999952027444444	0.5000053409520113	
0.9999894607700245	0.6666842557126472	0.25005648251678375	1.407430190584892E-4	0.4999998983165256	0.5000205709699884	0.4999993054605964	0.5000013101119725	0.5000053929572915	
0.9999954738147291	0.6667033510399255	3.356271648316483E-5	0.5064071399462609	0.500000082071873	0.49998083974189433	0.49999966885250513	0.5000013082131399	0.5000054531689236	
0.999989512528765	0.5000147664962058	0.9998936680512863	0.999998520051091	0.49999998808878837	0.5000221868311082	0.5000008429221865	0.5000008283082045	0.5000068276935156	
0.9999888526344852	0.5000147378121771	0.999996950646671	0.6665883156157055	0.49999993442599305	0.5000213757008868	0.5000002049576752	0.5000007471188637	0.5000069089498579	
0.9999967099026549	0.5000313399981896	0.9997181518475833	0.3333405369568552	0.5000000635024867	0.5000173263270109	0.5000006964692172	0.5000007531602153	0.500006496591309	
0.9999906712295998	0.5000306293745861	0.9999907091065562	2.8658091336803337E-5	0.4999997601686743	0.5000214332646773	0.4999993504138235	0.5000004040657403	0.5000129993911475	
0.9999944384427798	0.5000326074274396	0.6667285764317242	0.9999142235460735	0.49999973520675456	0.5000224876395446	0.4999996466119442	0.5000004591318491	0.5000068983388932	
0.9999950526885517	0.5000326074274396	0.6667285764317242	0.5000134861404438	0.4999999189458779	0.5000213834878541	0.499999151088125	0.5000026025487335	0.5000068809847804	
0.9999964883589461	0.4999644362972227	0.6667270901129675	1.3817303785337543E-5	0.5000002441094094	0.5000241748875113	0.49999913037037075	0.5000005155889155	0.5000068716390346	
0.999989255046832	0.5001972715868556	0.33362605632080894	0.9987806898488935	0.5000004811560181	0.49998141175014443	0.4999983646538323	0.4999997438660307	0.5000053117921339	
0.9999768917358771	0.4999643482804931	0.33362853072797954	5.270760098064022E-4	0.5000000904149058	0.5000264242583631	0.4999995738359158	0.4999997141596007	0.5000073117671833	
0.9999877509820462	0.5000776863378792	1.6476568567588276E-4	0.5184962538099606	0.5000003036107014	0.4999869519282853	0.4999985184120728	0.4999998855268054	0.5000080820638899	
0.999981244122837	0.333574633673522	0.9997581023808025	0.9995101698152001	0.4999997489986726	0.5000246509396358	0.49999962481569094	0.5000014144152475	0.5000087054381498	
0.999980635778016	0.33357447470045437	0.9996739270821867	0.5000307226350911	0.4999998569562838	0.5000201216516699	0.4999994203706949	0.5000031890785341	0.5000066535591231	
0.9999768629298473	0.3335745211884391	0.9996594817811347	3.10606903558799E-4	0.5000000147795962	0.5000203545226433	0.5000008399227045	0.5000016168247329	0.500009228621913	
0.9999814863301056	0.33348093796988804	0.5001055853200536	0.9995455602960839	0.49999975843686256	0.5000202700956288	0.49999952549460036	0.499999507539044	0.500006913010196	
0.9999758751373572	0.3335276620087504	0.5001053278926213	6.592039523666836E-4	0.49999931553593935	0.5000214238490949	0.49999740981146695	0.4999996726893672	0.5000065929264003	
0.9999893637325397	0.3332935014178468	4.396606495147025E-5	0.9036794453240309	0.4999990766566987	0.5000201093863892	0.5000011636694922	0.5000008385991094	0.5000068409283791	
0.999967634104087	0.16738981583851004	0.9991426878353845	0.9979960386452714	0.5000000999863413	0.5000225753285874	0.49999947392609273	0.5000016096213549	0.5000093965674721	
0.9999678179755945	0.16737906770206257	0.999150494894963	0.0010353210609300723	0.5000001625922867	0.5000203594121782	0.4999995294981656	0.49999958268563854	0.5000072719244015	
0.9999889324153007	0.1668707229999374	8.054155821855535E-4	0.13513808677920747	0.5000002466584357	0.5000209265258181	0.5000009541600499	0.500002859590024	0.5000086482138307	
0.9999992074099072	7.648099291360851E-6	0.9327763225040002	0.4865593235382162	0.49999934923334444	0.5000203778175301	0.49999934854550615	0.5000029391522068	0.5000083730824456	
0.8333352252294514	0.9999927564426633	0.9999838145328501	0.9999965702329586	0.5000000099722242	0.499982397241214	0.49999980131696226	0.499999256385962	0.5000066008406625	
0.833334882317079	0.99997942567121	0.999984140275725	0.7998762428414711	0.49999978728830663	0.5000175719042969	0.5000000649217926	0.5000017134585306	0.5000077880551901	
0.8333352060488007	0.9999975485854731	0.9999968141054533	0.6000072562852458	0.49999989430699354	0.5000177167325879	0.49999959388588744	0.49999931644661016	0.5000066482002921	
0.8333367580938136	0.9999946907770331	0.9999929368811189	0.4000677290210889	0.500000226880493	0.5000170221947978	0.49999906235774827	0.5000003979749655	0.5000064493977239	
0.8333275806367858	0.9999765806989637	0.9999888894078777	0.19989346662597857	0.50000266666612	0.5000174648410687	0.4999994564004887	0.5000004501716262	0.5000064693430125	
0.8333275122236609	0.9999946960003414	0.9999976092807381	7.030334188211698E-7	0.500000185133554	0.5000214366606213	0.4999986625384325	0.5000022254991099	0.5000064649829793	
0.8333353108628555	0.9999927008980998	0.8000250206054798	0.9999903003411285	0.4999999759429724	0.5000147918044884	0.4999995992945892	0.4999998071931334	0.5000065286163317	
0.8333347349956353	0.9999988448448165	0.8000308156658077	0.7500470979900099	0.4999999835681999	0.5000145733391073	0.4999995916956175	0.4999997691367625	0.500006553970213	
0.8333350969502796	0.9999878365328311	0.7999131683716806	0.49999573211130754	0.49999982640102236	0.5000162456715251	0.4999992653422912	0.5000021676081561	0.5000069955089287	
0.8333276548793189	0.9999968476760316	0.8000331581910746	0.2500276590702596	0.5000003451056142	0.5000172393486354	0.4999990664467857	0.5000004261782649	0.5000065783888611	
0.8333275966820329	0.9999996118141089	0.8000347452792458	6.240446615161524E-6	0.5000001132930835	0.5000224417804677	0.49999909149654104	0.5000017199738207	0.5000071893138553	
0.833335225710705	0.9999928064216225	0.5999927095518018	0.9999982300440114	0.5000000879334066	0.500016098996652	0.500000829862069	0.4999996513291006	0.5000052236540431	
0.833334739911981	0.9999990542107366	0.5999970942888827	0.6666475517211693	0.4999996419557351	0.4999821469145378	0.4999994666201543	0.5000020496677839	0.5000060180265067	
0.8333348794632338	0.9999829397722896	0.5999224233709979	0.3333171371833436	0.4999999845898128	0.5000227536594917	0.499999535332262	0.500000179340906	0.5000076092523891	
0.8333278931668714	0.9999933760938102	0.5999289178099954	5.137371293803061E-7	0.5000001000661434	0.5000171321582564	0.49999883262741657	0.49999990459175303	0.500005424144724	
0.8333229475705539	0.9999878351794762	0.40003567621929464	0.9999500617078924	0.4999994297381971	0.4999799409372149	0.49999978014923985	0.5000019508184744	0.5000052380306671	
0.8333334823718291	0.9999965480650985	0.3999571542867563	0.500026720912519	0.49999946155827635	0.4999816193928554	0.4999991277846752	0.5000030402923109	0.5000051959042745	
0.8333334823718291	0.9999955260714048	0.3999571542867563	9.98028339971313E-7	0.499999888724819	0.49998139878064385	0.5000013866555626	0.5000030612536132	0.5000051959042745	
0.8333380940341839	0.9999874377562418	0.20012342206903888	0.9996787588473531	0.5000001967721969	0.4999777551953597	0.49999882336066215	0.5000023325475312	0.5000053975292714	
0.8333381174712858	0.9999873542640075	0.2001234220991475	5.122095290631641E-4	0.5000001962878049	0.4999795661790661	0.4999988281581236	0.5000023267753161	0.5000078482183413	
0.833333374980482	0.999974654899238	3.201151718246609E-6	0.7881287304072162	0.4999999889107437	0.499979066989863	0.5000001575580411	0.5000016785071092	0.5000080007242853	
0.8333352923282372	0.8000148594537692	0.9999827325791609	0.9999873850407816	0.5000000797836279	0.4999825564256776	0.4999993988015907	0.4999992533916199	0.5000056254505069	
0.8333365254167268	0.8000148515545141	0.9999823700122075	0.750058274893431	0.4999985313719035	0.4999789667985363	0.5000007579329149	0.49999977060586515	0.5000065524034746	
0.8333353119161762	0.8000150916577983	0.999997038913974	0.500002685487846	0.4999998487005163	0.4999798554235322	0.49999940186031505	0.5000021440471125	0.5000067071224027	
0.8333344787103513	0.8000093692179007	0.9999975401939293	0.2500372697185268	0.4999997101755866	0.5000171318094628	0.4999989729450952	0.49999989357533686	0.5000056472489398	
0.8333276524958464	0.8000155062329162	0.9999947819712792	6.151952257389836E-6	0.5000001668833822	0.5000170281755053	0.49999906226650853	0.5000003832905698	0.5000071892612106	
0.8333341967757764	0.8000134365204448	0.7500701548793036	0.9999083181861201	0.5000001235723914	0.4999835105209947	0.5000007381782446	0.5000016680979674	0.5000067237680215	
0.8333347333883843	0.8000113611943952	0.750097011919613	0.6666475903968242	0.4999996468891738	0.5000152355184003	0.4999996430574277	0.5000016653986101	0.5000071719626814	
0.8333279060718166	0.7999700604008189	0.7499335814005994	0.3333177744388009	0.5000001094490288	0.5000152057077234	0.4999990168788776	0.5000016664953777	0.5000065143097476	
0.833327439540195	0.7999889419229095	0.7499335982209838	2.175857213954725E-7	0.4999997128460614	0.5000170383137945	0.4999990553635032	0.50000043318886	0.5000071922635455	
0.833333791504453	0.8000373078924435	0.5000266247300797	0.9999378144989892	0.49999989840384135	0.5000165103044523	0.4999999594666304	0.4999992667459626	0.5000056473775676	
0.833332661441594	0.800009491325705	0.49993449879683655	0.5000264116408417	0.4999994385883523	0.5000205578628087	0.49999921062534536	0.5000030210390454	0.5000053641969002	
0.8333381145942242	0.8000005472143528	0.5000379397207717	2.1092522539604367E-5	0.500000251743901	0.49997847206653007	0.4999988534476533	0.5000032767282172	0.5000057052391428	
0.8333274891842178	0.8000259056905654	0.2501748594541357	0.9995767651078039	0.499999888461258	0.49998303237360364	0.5000014734617673	0.5000001405240332	0.5000054107509394	
0.833327948368172	0.8000902814486274	0.25017490364729494	3.755326046488883E-4	0.499999888568847	0.49998158664839765	0.499999409102093	0.5000000230088238	0.5000057058111959	
0.833333412210391	0.8000089631592292	1.2627868623874529E-5	0.011140818920856138	0.49999998886437097	0.500020662016974	0.4999992898796757	0.5000000842786201	0.5000056350502664	
0.8333354246870627	0.6000118089624358	0.9999827324658545	0.999987337614566	0.4999998316340586	0.4999820843443393	0.4999993843093871	0.5000028251369637	0.5000067248920971	
0.833335418052244	0.6000107887444373	0.9999845956713306	0.6666349391380016	0.49999968871107275	0.5000218496022405	0.5000001451918593	0.5000005401409527	0.5000069930986476	
0.8333385222233005	0.6001587292549037	0.9999962140564704	0.3333504098270238	0.4999999913031158	0.5000216161613807	0.4999994544157018	0.5000021288762311	0.50000646029829	
0.833331351716672	0.6000148816741098	0.9999928228088106	1.0074304976246248E-5	0.5000000451436221	0.5000213269197767	0.49999892558087794	0.5000018103353506	0.5000064497499409	
0.8333373556808309	0.6000108693763138	0.6665941614994157	0.999998630309422	0.4999997352055422	0.5000269690414485	0.5000007695249034	0.500000405857077	0.5000064030222611	
0.8333638570859899	0.6000145674279111	0.6667380702523605	0.5000051860255681	0.49999856098988993	0.5000205418493239	0.4999991498613711	0.4999998813945626	0.5000064214115814	
0.8333381203918098	0.6000143925686094	0.6665935590851081	2.109647943321843E-5	0.5000002452673323	0.50002160938004	0.49999886525728954	0.5000021288183877	0.5000055067174684	
0.8333356854261192	0.6000108407479009	0.3333177749880058	0.9999849306131553	0.4999998913594291	0.5000204991614872	0.49999854414933576	0.4999995059864972	0.5000080639758993	
0.8333379392598349	0.6000621975248541	0.33346173403646573	2.9625923103249185E-4	0.4999998544818746	0.49998096424371113	0.4999986976245016	0.49999975446042705	0.5000056945931448	
0.8333343332786547	0.6000570024790836	7.374065208127421E-5	0.5004135176154001	0.4999999099087307	0.5000205814789076	0.4999995631771354	0.4999999402431294	0.500005134271659	
0.8333372866273419	0.3999701631087697	0.99999627535739	0.9999935677937657	0.49999994120354535	0.5000224264893108	0.5000000896244804	0.5000007469306789	0.5000067022732909	
0.8333686919359408	0.39996834090829353	0.9998998234497074	0.4999882751043587	0.49999929404399557	0.5000222426153189	0.49999953883881815	0.4999994563125742	0.5000072269177754	
0.8333381146392925	0.400240193946865	0.9996774606224098	2.5699992676470095E-4	0.49999975332240454	0.5000213220957579	0.4999995569384423	0.4999993053862436	0.5000087892099454	
0.8333372668419554	0.39996998909927384	0.5001051903128515	0.99999356587284	0.4999995507371441	0.5000250597860986	0.4999999659566703	0.49999979323183497	0.5000085052036974	
0.8333372210256306	0.39997359977012503	0.5001050861784755	5.325471790544206E-4	0.4999997189571298	0.5000222629184597	0.49999955959494635	0.5000004159098402	0.500006786674022	
0.8333629560195509	0.40024019443949066	5.932807927076767E-4	0.5004522143247597	0.4999998027052533	0.49998163203239104	0.49999837545868014	0.5000013152160048	0.5000057802923944	
0.8333629452292967	0.20025085072609083	0.9996739471525353	0.9992830261844615	0.4999998932344644	0.5000203190780522	0.4999994272582766	0.500003174716174	0.5000066645207027	
0.8333379986403999	0.20011733006028876	0.9999930638201959	5.389521451653612E-4	0.4999992639925959	0.500021629166	0.49999942101345823	0.5000013350529937	0.5000056644111387	
0.8333562276577646	0.20025085064658577	9.404877223886646E-4	0.44838852860561984	0.5000000827808376	0.4999821049523342	0.5000000955976022	0.5000014820926626	0.5000068396911794	
0.8333562052016726	1.4906545644702906E-5	0.9848300571709663	0.4685940076637418	0.4999999520463307	0.5000213791651338	0.5000006984651714	0.5000007986575575	0.5000067203387922	
0.6666798771154748	0.9999927511955767	0.9999946221033121	0.9999928739179422	0.49999967529377126	0.4999821765352152	0.500001770688877	0.4999998046554078	0.5000091984619827	
0.6666652530350119	0.9999997931966846	0.9999655125456451	0.7500471390989529	0.49999961930006354	0.5000271322327037	0.5000011982690392	0.49999979830659286	0.5000054633043504	
0.6666649798209847	0.999985329893894	0.9999814821060248	0.500024019583878	0.5000000539948601	0.5000270517178492	0.4999995868253101	0.5000003898851882	0.5000078828896221	
0.6666656215833328	0.9999865527009548	0.9999975191649895	0.2500275423292315	0.5000000956509162	0.5000174618437409	0.49999945520954275	0.5000004472155047	0.5000064730687515	
0.6667240134714855	0.9999650144443816	0.9999888516132855	3.8687990545297096E-5	0.5000025602335554	0.5000170823749439	0.49999541803135766	0.5000004334435006	0.500007184590504	
0.6666695803148222	0.9999795093049506	0.7500830007335403	0.9999873470060109	0.4999997251707535	0.5000171521916937	0.49999936764325514	0.49999981794154813	0.5000064295311857	
0.6666695885139404	0.9999673409195723	0.7501029065828817	0.6667779739504823	0.4999997839758171	0.5000176736643828	0.5000000425865049	0.4999995656423663	0.5000065743800082	
0.6666667475581092	0.999995510554363	0.749933599114764	0.3333374466898653	0.500000314716113	0.5000203116196665	0.5000014312282401	0.5000000863222063	0.5000063440476904	
0.666722921485858	0.9999691198863254	0.749929160140494	3.3869278944254316E-5	0.4999999326502533	0.5000162393267088	0.49999875894857987	0.5000018310188211	0.500005262185424	
0.6667282250761256	0.9999664805160595	0.5000239473952537	0.999938115794459	0.4999999746193016	0.5000253416487619	0.5000014906144965	0.5000020587414035	0.5000056440161436	
0.6666626975981289	0.9999676070128465	0.5000403220766512	0.500005167358545	0.4999995562161865	0.5000244111387026	0.5000000440908934	0.4999991892021627	0.5000064376822702	
0.6666672490760494	0.9999991955444167	0.5000401310343113	3.98761147261736E-6	0.5000000348187643	0.5000218838942987	0.4999988328541669	0.5000000945250932	0.5000054929011778	
0.6666814877131038	0.9999964339429103	0.2500494599520975	0.9999507116095881	0.49999985965109844	0.5000245423762444	0.4999999786646932	0.5000016969989525	0.5000080473564292	
0.6666805233074218	0.9999964457646229	0.2500496053740668	5.576073881445663E-5	0.49999985963557025	0.500024503044764	0.4999988722304877	0.5000016996623604	0.5000080499688992	
0.6666672701368304	0.9999998164139293	9.816633043236184E-7	0.498572262866836	0.49999954496039695	0.4999780040071082	0.4999999918222081	0.5000032580049943	0.5000054361696782	
0.6667327957669007	0.7501290332659603	0.9999393931557018	0.9998666341766551	0.49999967667109735	0.5000251515363544	0.5000016208421296	0.4999978959022759	0.5000086746848815	
0.6667239789587244	0.7499948225389643	0.9999445274696961	0.66663387129509	0.5000000356490538	0.5000173535530658	0.49999957928189437	0.4999999647177519	0.5000077229231241	
0.6666651567578852	0.750101490289591	0.9999832997929364	0.3333344567001764	0.5000001666683004	0.5000197667613837	0.4999995620466473	0.5000016409873214	0.5000064583076606	
0.6666662977307536	0.7499902518359621	0.9999885878785352	3.056111596524215E-5	0.5000032755084969	0.5000173812948986	0.49999976599696255	0.5000004832741302	0.5000063574857802	
0.6666696199447072	0.7499810772669482	0.6665929392964576	0.9999962522684869	0.4999986576689599	0.5000164953076963	0.5000000390274293	0.49999668692129434	0.5000056425000783	
0.6666775895855498	0.7499960904004477	0.6666709324616397	0.5000056092493997	0.499999988194996	0.500020283979803	0.49999998002128326	0.5000000756721236	0.5000077864626552	
0.6666662697356256	0.7499961926892926	0.6666777185891691	1.5149981929814396E-4	0.5000031611472661	0.5000224499132092	0.49999885002622424	0.5000017476766199	0.5000064390489288	
0.6666682631136392	0.7499919632161545	0.3333336322009516	0.9999865117111187	0.4999999729797106	0.5000160923037344	0.4999986222227798	0.5000032532250986	0.5000052859763818	
0.6666796706896209	0.7499792565050857	0.33330253208586763	9.603616329056714E-7	0.49999992338361116	0.5000154228557884	0.4999998188323958	0.5000001159799912	0.5000052697401405	
0.6666686237687632	0.7499810694936205	1.4855374881993577E-6	0.9837118015511088	0.4999998981504212	0.49997990798474545	0.4999997767778552	0.49999928710619024	0.5000052316511646	
0.666668595019528	0.5000095517663125	0.9999829912776221	0.9999909097209798	0.49999994213435073	0.5000244812535932	0.4999993864131676	0.5000008207538696	0.5000064367508987	
0.6666556050880251	0.5000251763824752	0.999974920148733	0.5000133858795135	0.4999999200552848	0.5000214257716837	0.4999998439992772	0.5000025905354643	0.5000061338980771	
0.666739396479898	0.5001547058793044	0.9998243509757343	2.3587671313579173E-4	0.49999968787411553	0.5000225174019949	0.49999918445831726	0.5000012564226293	0.5000054124119412	
0.6666681555810027	0.500024631044321	0.5000492298538916	0.999970495044453	0.4999987008885998	0.5000214148474789	0.5000011042156716	0.5000025253822092	0.5000060777124715	
0.6666026611851477	0.4999651521863725	0.5001023698112151	5.253814673041916E-6	0.49999907094230905	0.500019161076887	0.4999995967174552	0.5000007941490846	0.500006123750535	
0.6666115108249538	0.4998839065814599	2.368027517518634E-6	0.0028792492936396963	0.4999998501223616	0.5000191864526179	0.49999991216480705	0.5000013059276858	0.500006123750535	
0.6667332840475944	0.2501856910083801	0.9996837137756941	0.9998386829256287	0.49999993012443134	0.5000224427575579	0.5000001393126472	0.5000014306198162	0.500005808508398	
0.666734035931714	0.2501956294141497	0.9994101688524669	3.0277698247621013E-4	0.49999650940759915	0.5000219181179387	0.5000006632340219	0.5000020771554362	0.500005369140404	
0.6666697200417439	0.25018570603371865	6.666633712133221E-4	0.03033877491903786	0.49999994555686456	0.5000128607291252	0.500000163051839	0.500002001794237	0.5000058507394344	
0.666668143448807	4.976693895688387E-7	0.9846569586682141	0.0012333380034138253	0.4999987048772006	0.5000191809053413	0.4999991451228229	0.500002496713603	0.5000072091844902	
0.500089514200912	0.999966848844878	0.9999936652405198	0.9999164654473008	0.4999999946856668	0.500023618765325	0.49999959573720365	0.5000016236830639	0.5000101418054473	
0.5000485333736482	0.9999179048077147	0.9999754292574627	0.6666308758138711	0.49999957737356615	0.5000176067639768	0.4999996169615762	0.5000018322519252	0.5000068315105917	
0.500086100038275	0.9999209231116352	0.999970325427808	0.33333762039149345	0.5000025131260895	0.5000203315029571	0.500001359729407	0.5000001605674086	0.5000065241711265	
0.5001928607839033	0.9999186068243202	0.999781390441233	1.6623837903143035E-4	0.5000003279550669	0.5000204093855369	0.5000012693375951	0.5000025974818078	0.5000067051451217	
0.5000824282697922	0.9999217662386818	0.6665990032007759	0.9999525232171583	0.49999998904470205	0.5000162726973932	0.4999999391951586	0.5000032887610882	0.5000050123486353	
0.5000823864579594	0.9999216214622472	0.6666713609735524	0.5000249785344965	0.4999999845300311	0.5000205311195643	0.49999994704807205	0.5000001065459863	0.5000075634612359	
0.5000826731063147	0.9999774614029026	0.6666696450983036	1.9383892698949124E-4	0.49999976963172343	0.5000227599575849	0.49999842950194	0.5000001519730698	0.500006310633395	
0.5001918178134185	0.9999210448004662	0.3333184254236367	0.9996455966591555	0.5000000358698892	0.5000138870332235	0.5000012472821447	0.5000000656232682	0.5000082222261872	
0.5001915914916047	0.9999198299827048	0.33371811497889603	0.0011637004783277005	0.49999976474047464	0.5000135776847618	0.5000013570765738	0.5000000675335241	0.500006322219611	
0.5000148394898258	0.9999870015334728	7.016431030253686E-6	0.5135857914748068	0.5000000387613149	0.5000200321732992	0.5000013323134953	0.5000025490485707	0.5000051307318683	
0.500082242248093	0.666778199788265	0.99950398240307	0.9998558222111686	0.4999998918158526	0.5000262961006176	0.49999993534065357	0.4999993260771181	0.5000070135890357	
0.500177524293827	0.666775415916758	0.9997636005671734	0.49999376905965515	0.49999997885727165	0.5000213966921523	0.49999917717314535	0.5000001314521245	0.5000053349035225	
0.5001808672863326	0.6667756592070871	0.9997636005671734	2.6745948083545246E-4	0.49999988692973224	0.5000204636525937	0.5000014531162729	0.5000002238069177	0.5000085844574659	
0.5001807774377893	0.6667754226370675	0.5000469974521341	0.9994501356862895	0.49999987843200727	0.5000217046191627	0.5000014489229013	0.5000013792765	0.5000118394794836	
0.5001776533621629	0.6667756446351784	0.5000128544979449	3.839530367216529E-4	0.49999994568750716	0.500012984628864	0.49999880947396236	0.500000069935955	0.5000064826009577	
0.5001778450131239	0.6667735178464494	3.836052114427793E-4	0.5007494352408708	0.49999997175521105	0.5000187765360038	0.5000015804184295	0.5000000844925594	0.5000081500758266	
0.5001846752920467	0.3338324412911857	0.9996640611235769	0.999043118388242	0.4999999228732471	0.5000211916248682	0.5000001430080372	0.5000000935303949	0.5000066969258631	
0.5001896123037187	0.3338324412804464	0.9996716038605832	0.001154000778703701	0.4999998809633133	0.5000185316181424	0.4999993585477524	0.5000002146154301	0.5000069916720828	
0.5001808697545552	0.33383244130612777	0.0013328793018490364	0.499994632485834	0.49999988015577695	0.5000210340624425	0.50000140715141	0.5000002362667265	0.5000085789415656	
0.5000233077000755	6.910041177532467E-6	0.4986640570264752	0.49967281573409705	0.49999969003166894	0.4999824695313197	0.4999985430615192	0.5000032794535143	0.500012761023549	
0.3336409721230433	0.9996738808360188	0.9996823216713652	0.9996414785369968	0.5000000479205866	0.5000195208438354	0.4999996938141296	0.5000001241963122	0.500006419065585	
0.3333606244331983	0.9999862790131249	0.9999697114665612	0.4999942916618993	0.49999998293042125	0.5000211680620791	0.5000012433255459	0.5000000957331762	0.5000054511439158	
0.333640979191418	0.999554072416835	0.9996845212557648	1.510740702709693E-4	0.5000032723713989	0.5000200086376045	0.5000017963633783	0.5000001862015798	0.5000064194141793	
0.3336417308372833	0.9997367243064076	0.5002907178545348	0.9991077838942123	0.5000000357873299	0.500020324133171	0.49999983603209613	0.5000000733017173	0.5000051832098373	
0.3336417308372833	0.999736689234169	0.500289585708702	0.0011503667396315805	0.49999991303206354	0.5000132436012595	0.500001461516222	0.5000017859293657	0.500009025263811	
0.3333379235480426	0.9999919657320055	6.876882955728233E-6	0.49961037002856157	0.49999976120278655	0.5000211374062022	0.4999998567089068	0.5000002441761443	0.5000065585661798	
0.33337636449026986	0.5003491085080044	0.9996032642256051	0.9996647903645273	0.5000000312837226	0.5000196883714885	0.5000011319095976	0.5000000345933034	0.5000115863494474	
0.3336408422010431	0.5003990078325558	0.9996854813519478	0.001150401019366953	0.5000002169671064	0.5000129041611989	0.5000017961674672	0.5000003573925756	0.5000063731464942	
0.33336838008084846	0.500349458290212	8.199075570751734E-5	0.4919510587504258	0.49999992432627266	0.5000185604839165	0.5000015687238252	0.5000000437574017	0.5000081818201417	
0.3333596172873965	6.910041177532467E-6	0.9999183716604034	0.4976835920940235	0.5000000505163532	0.5000201874859808	0.5000011715016067	0.5000001099548224	0.5000054370780789	
0.16709977735904247	0.9993218927190607	0.9993136221438841	0.9990123899069729	0.5000001610904484	0.49997458553674945	0.49999972924792974	0.5000000440704154	0.5000063830515232	
0.16697641505805572	0.9995622018144015	0.9996844587645899	0.0011482431795637783	0.5000002133906323	0.5000233881398357	0.5000014615169532	0.5000002623564423	0.5000062524047009	
0.16698059965867573	0.9995563154125557	0.0013328876078353789	0.501304269356192	0.5000000723599034	0.5000211249834691	0.5000017672271203	0.5000000357155656	0.5000066999804712	
0.16698121674691557	0.0017748396268889577	0.6322910116802389	0.49063467283319934	0.5000000605453249	0.5000238315018151	0.5000014466356328	0.5000028911150579	0.5000064940095177	
2.401209848928998E-6	0.6589977784657882	0.6399107918909099	0.9280329208809015	0.5000000872059733	0.5000196282698697	0.4999996440750582	0.5000001767666831	0.500006448997806	
