0.9999819960635186	0.999976687944457	0.9999974104724485	0.9999991592376528	0.49999909318598024	0.4999987699671442	0.4999964133613233	0.5000093868175525	0.49999507281818284	
0.9999935084421874	0.9999782311941102	0.9999944791361244	0.833259404794234	0.49999918620700073	0.500000763860998	0.49999658120330415	0.5000094057498969	0.4999956913419836	
0.9999925695238112	0.9999887522386777	0.9999959996335555	0.6667068332111907	0.4999997254455706	0.5000002976741684	0.4999965650328571	0.5000094065029107	0.49999569081820866	
0.999992788375633	0.9999875981872482	0.9999981009590083	0.500015461543047	0.500000888570458	0.49999963306613954	0.49999670548058966	0.5000089183269514	0.49999606760701365	
0.9999941075568796	0.9999954628020299	0.9999978519193883	0.3333628985273119	0.5000003333175362	0.4999980686342459	0.4999970212847542	0.5000087967729789	0.4999960376849215	
0.9999931742771279	0.9999892018810022	0.9999951113837423	0.16674629417699477	0.4999990037768131	0.5000008733882234	0.49999729326232606	0.5000101815527085	0.49999558404423	
0.999993434990788	0.9999982525627742	0.9999952750104381	7.47503514556229E-6	0.49999792078577243	0.4999995957015627	0.4999967894595287	0.5000092757776732	0.499995633024357	
0.9999817897518848	0.9999683770656181	0.8334879578920763	0.9999597109185704	0.49999972656507224	0.4999987943864337	0.49999611876676464	0.5000093909570966	0.49999530283894034	
0.9999813722744233	0.9999773525306097	0.8334879578920571	0.799943914255381	0.4999987373556779	0.5000007756242315	0.499996721472199	0.5000093880981634	0.4999956864008183	
0.9999934879007685	0.9999991490398232	0.8332472635863816	0.5999944454758244	0.499998744290135	0.5000007758912317	0.49999658947941983	0.5000099215234194	0.4999956935473465	
0.9999934879007685	0.9999889642091391	0.8332489490982055	0.3999001063784307	0.49999870786829864	0.4999996190911009	0.49999662026875186	0.5000099093258593	0.49999566296125714	
0.9999838200582442	0.9999625042408605	0.8332245279246449	0.20011434632629116	0.49999909293748546	0.49999883209925045	0.499996643819808	0.5000093293874697	0.49999589788839	
0.9999922124297173	0.9999946740994403	0.8332245279246449	6.351701443697306E-5	0.5000000663198134	0.49999956909690696	0.4999966636363734	0.5000092809845158	0.4999953085279064	
0.999992492674398	0.9999887709592787	0.6666326981470246	0.9999993882704896	0.49999969271688927	0.5000009619175014	0.4999973686156644	0.5000090290526242	0.49999614755321276	
0.9999958010167908	0.9999741369478334	0.6667636599139419	0.7499656535628894	0.49999976442034205	0.5000009508206228	0.4999967235020107	0.500008750974749	0.4999960055376065	
0.9999994180300696	0.9999754179781485	0.6666833008232501	0.49999024525180535	0.499999695241454	0.49999959945633604	0.49999671078438096	0.5000087901758576	0.49999597851856725	
0.9999926738699055	0.9999984359079307	0.6666949478291474	0.2500206452676488	0.5000009542689565	0.49999899742420845	0.49999680741945235	0.5000092825839876	0.49999537267065114	
0.9999941137915723	0.9999891858413653	0.6666934197889142	4.2163459818817756E-5	0.49999900836501543	0.4999980381908456	0.49999727733111904	0.5000087988777421	0.49999622419880346	
0.9999924743079929	0.999989301790164	0.5000235141825287	0.9999877254084013	0.4999999779529181	0.4999988028788038	0.4999965647159463	0.5000101390595277	0.4999921550071477	
0.9999999846965955	0.9999909824228365	0.4999864567687466	0.6667128524202667	0.49999923782880995	0.5000007496488943	0.4999968734508436	0.5000090421794708	0.4999953062200429	
0.9999901421198312	0.9999943169486462	0.4999863195258296	0.3333673034395245	0.49999854731492027	0.5000007994683511	0.4999967179587869	0.5000087847879559	0.4999959966829876	
0.9999911109651575	0.9999674631002011	0.5000411897880277	8.943337741414744E-5	0.49999882132392	0.5000018577134562	0.49999665325742926	0.5000094740941797	0.49999528971678936	
0.9999898497746761	0.9999913516733628	0.33340020703799	0.9999000060672416	0.49999983177385415	0.4999936095411646	0.4999966959288175	0.5000097344139246	0.49999531400611535	
0.9999724460381726	0.999986950836279	0.33342060789439576	0.5000196821559657	0.4999996998868035	0.4999994995984082	0.49999662643951237	0.5000085580571603	0.4999940677845824	
0.9999898626367291	0.9999891473142419	0.3334002089072516	1.561969269769359E-4	0.4999965057582541	0.49999875601568755	0.4999965022285087	0.5000094939507983	0.4999961191601121	
0.999988686551076	0.9999841824212506	0.16668604946238533	0.9996591698042805	0.49999977127339923	0.5000010229465773	0.4999967717826636	0.5000097231449518	0.4999954692129062	
0.9999901142801007	0.999988685076349	0.16668711088732158	4.466627925572447E-5	0.4999963093017019	0.5000019213095801	0.49999669268557806	0.5000093597311799	0.4999954913399701	
0.9999877893315383	0.9999996729240963	1.8298267344298263E-5	0.42919968051078133	0.49999971147072175	0.49999892290018183	0.4999967394345177	0.5000106751161288	0.4999959015817697	
0.9999957571062351	0.8333250386941347	0.9999991030344545	0.9999994951301406	0.5000004950441407	0.49999898797030135	0.49999479714962247	0.5000091456449638	0.4999953487608792	
0.9999957831183683	0.8333416124484482	0.9999823099150684	0.7999689174013954	0.4999998019936046	0.49999891385487744	0.499996251762494	0.5000091464211978	0.4999955596557263	
0.9999923988433189	0.833323460611053	0.9999832627046329	0.599993056419427	0.49999972170050105	0.5000007824307116	0.49999723824936526	0.5000093279258453	0.4999953070022285	
0.9999939781071758	0.8333420450768798	0.9999928962222385	0.400038706070852	0.5000002763341411	0.5000011894041463	0.49999666731436265	0.5000093399390065	0.49999615902638356	
0.9999917107623175	0.8333234985127852	0.9999810222832012	0.2000983608407851	0.5000000498378127	0.5000012138453217	0.4999972372952484	0.5000093137967982	0.49999529837353995	
0.9999927256359129	0.8333430821941898	0.999994287863251	1.8678473648576645E-6	0.49999900118119067	0.49999872567502374	0.4999967396059975	0.5000092446123433	0.49999594885652726	
0.9999999419898505	0.833342456653693	0.8000106873228303	0.9999957512932875	0.4999996352016831	0.5000004921054514	0.49999674699882257	0.5000097612502321	0.49999551706071205	
0.9999954875043229	0.8333235831757461	0.8000100763933116	0.7499975365556255	0.49999980323701715	0.4999986548208827	0.4999966251898762	0.5000090628392715	0.49999556067629514	
0.9999989991450745	0.8333223201407272	0.8000107461967854	0.499990341593031	0.5000002460438545	0.5000012096414452	0.4999966679788089	0.5000087901619158	0.4999955663548468	
0.9999957637735275	0.8333429703742478	0.8000039141345935	0.25001624714827736	0.49999965821195425	0.49999966877099683	0.49999727869307925	0.5000091102683357	0.499995353582256	
0.9999911567139476	0.8333487485479013	0.8000015738231399	9.543276010489952E-6	0.499999659503197	0.4999996259705859	0.49999728227632123	0.5000091194594415	0.4999961926468007	
0.9999996708093893	0.8333235151725419	0.6000043125466874	0.9999956515308817	0.4999996377347625	0.5000009056296635	0.49999674807226285	0.5000097647837412	0.4999954690562143	
0.9999920657612418	0.8333224208185057	0.6000049415918078	0.6665730883406166	0.4999995967509553	0.49999967199177403	0.49999674771274055	0.5000087947060092	0.49999553945534714	
0.9999920674738778	0.8333429859215498	0.6000037100571256	0.3333873926470804	0.4999991249812659	0.499999668256439	0.4999973020205349	0.500008793662697	0.4999961663506012	
0.9999927236324857	0.8333625756243738	0.6000794321596529	1.1179888839002957E-4	0.4999992176608182	0.500000653757584	0.4999966855113738	0.5000088051432147	0.4999951900896425	
0.9999992696066679	0.8333218987728297	0.39996988355998975	0.9999996258445434	0.49999800343979245	0.5000008353087682	0.4999968767306711	0.5000096731361442	0.4999960815568363	
0.9999979215706492	0.8333434903497904	0.39996989924278287	0.5000148102324398	0.4999994860730589	0.4999987033359218	0.4999970350907957	0.5000087583528288	0.4999960562228826	
0.999997545072057	0.8333434774200108	0.4000677703379073	9.213256579981613E-5	0.49999921042223106	0.49999902406846064	0.49999666235708873	0.5000088752326092	0.49999616424900345	
0.999999278437769	0.833343468516601	0.20008655449510243	0.9997671286790603	0.4999994860389014	0.500000778235318	0.4999966946967451	0.500008790153306	0.49999545205706236	
0.9999952304262534	0.8333434722836691	0.20005345240874856	1.9337582752295746E-4	0.49999974069314895	0.5000007030246189	0.4999952787119645	0.5000087609359543	0.4999932216962311	
0.9999879056484997	0.8333433330737104	2.0094318504414447E-5	0.0047743469733123045	0.4999991872093265	0.499998617455929	0.49999445597140846	0.5000092384393345	0.4999960383518962	
0.9999876642570936	0.6666735784089538	0.9999945460779188	0.9999337547083028	0.49999973129254416	0.5000005069489094	0.4999940203208239	0.5000093656391553	0.49999376457964617	
0.9999953197340483	0.6666741939557437	0.9999980094721544	0.7499636566431913	0.4999991482284001	0.49999959435121744	0.4999941016147494	0.5000087446036081	0.49999618245686356	
0.9999927111444883	0.6666831806796016	0.9999950626100564	0.4999904588775614	0.500000247506826	0.49999862614538665	0.49999710787782875	0.5000089490139852	0.49999711230917976	
0.9999974163035817	0.666677011871895	0.9999986919179231	0.2499278412559706	0.4999996602734828	0.4999996830997603	0.49999730243046037	0.5000092744657336	0.49999528383282993	
0.9999941586088669	0.6666792822922762	0.9999930029120901	1.3415249053011735E-5	0.500000108005186	0.49999894185581095	0.4999970739181742	0.5000088329953495	0.4999939580906486	
0.9999993130453116	0.6666753857679201	0.7499827676981765	0.9999990063989607	0.4999997329095704	0.5000005239693079	0.49999662872714784	0.5000093657791765	0.4999961377526741	
0.9999952581324146	0.6666752650112927	0.7499239693710733	0.6666813861014043	0.49999915875375606	0.4999995237197932	0.49999689013503146	0.50000947640406	0.4999955442967715	
0.999991381143068	0.6666752595013108	0.7499839352955173	0.3333462576910528	0.4999995967743024	0.4999995591425898	0.49999650453969086	0.5000084676140574	0.49999525118528204	
0.9999861107742842	0.66667721690521	0.7499816210399094	6.74587424622473E-8	0.5000001373021881	0.4999986931238004	0.4999975021168432	0.5000092623946855	0.4999964759369946	
0.9999961145174748	0.6666819922162648	0.5000245464557446	0.9999409453692758	0.49999958666507743	0.5000008068402773	0.4999967911115512	0.5000087533201273	0.499996221379934	
0.9999918174715232	0.6666753180357484	0.5000647028382927	0.49997265587991824	0.49999954809208896	0.5000007811685083	0.4999965794369349	0.5000084666773925	0.49999525072736845	
0.9999921306165048	0.6666757852395255	0.49992858369012155	6.28908372837426E-5	0.49999959443646885	0.4999986464458455	0.49999649080512193	0.5000084500759665	0.49999528316521147	
0.9999950168648679	0.6667036748469941	0.2501792436271612	0.9998918947318715	0.5000004604675138	0.5000009369731359	0.499996671363836	0.5000103427814684	0.49999526022001484	
0.9999907015311678	0.6667031751813957	0.25017923482397764	1.6359696143531885E-4	0.499999752866417	0.500001001866769	0.4999966891418647	0.5000092969474766	0.4999952746691807	
0.9999990067956481	0.6666755563069338	7.518846873203188E-6	0.15487700092283657	0.5000006464740602	0.4999989379351945	0.4999965757323568	0.5000093323673896	0.4999951113722144	
0.9999847474774871	0.4999949788705443	0.9999955915529786	0.99999169549422	0.4999997171838878	0.49999849296811383	0.49999738968466273	0.5000088281834806	0.49999603369381024	
0.9999843517662472	0.4999996272800975	0.9999946312819906	0.6664864949339812	0.49999972481842186	0.49999893323682193	0.49999662813428036	0.5000088379651233	0.4999954563824604	
0.9999863006263019	0.49992305128691733	0.9997972305950519	0.3328918089741333	0.5000001484767544	0.49999860151689346	0.49999750265464327	0.5000088239062827	0.4999953539246841	
0.9999785185680307	0.5001349116489522	0.9998937592353152	1.7792534688387224E-4	0.4999988885052981	0.49999842143321277	0.49999746174623727	0.5000092737812178	0.49999623300304213	
0.9999995124128707	0.49999627330073493	0.6666720795009671	0.9999997630774127	0.49999966625635583	0.5000013229391415	0.5000043647504191	0.500009427782609	0.4999948658720532	
0.9999929119506105	0.4999962862957825	0.6666720625703297	0.5001227580399185	0.4999996324740963	0.500000515595477	0.4999965321030509	0.5000093544628584	0.4999965303497225	
0.9999922077841085	0.49999549505993474	0.6666720726359846	2.0001109299333986E-4	0.4999988483172416	0.5000021775858366	0.4999942771568955	0.5000086979101364	0.49999618341530055	
0.9999928296849222	0.4999962542078196	0.3333066897355184	0.9999923903012492	0.49999962631490413	0.5000009283787358	0.49999704315480004	0.5000093643447121	0.4999960130997603	
0.9999963040782485	0.499996320629109	0.33331235409927373	6.546500202713895E-5	0.4999988886132274	0.500001008638239	0.4999968198160834	0.5000088822937089	0.49999554655712214	
0.9999916950639783	0.49999343833490906	8.727826699505497E-5	0.472207181601363	0.4999978476348216	0.4999984851904997	0.49999449939832535	0.5000108093826201	0.4999955504772393	
0.9999865607267384	0.33355678421488916	0.9997020517794178	0.9995743084545617	0.49999963707997336	0.49999797342479374	0.49999330782716134	0.5000088053731788	0.49999559627435053	
0.9999839398382157	0.33355680339771066	0.999698961521042	0.5001171920819335	0.4999996048972552	0.49999855554165584	0.4999932306242776	0.5000088429921205	0.49999554982117755	
0.9999897323304195	0.3331912719288748	0.9999965714249013	5.87604561945454E-7	0.4999996546088043	0.4999949096714516	0.5000044650582851	0.5000093350206702	0.49999526515396403	
0.9999837616496706	0.3332290026281181	0.5000751039891624	0.9999968883454918	0.4999997269736571	0.49999810888581697	0.5000040872623329	0.5000093383283651	0.4999963494382377	
0.9999837665302916	0.33319173336579105	0.4999288515811683	4.332710718892306E-6	0.4999997266599034	0.4999979819323171	0.5000042820924728	0.5000093382795582	0.4999963544329753	
0.9999851351716686	0.33323500772822495	7.963920293170594E-7	0.4266538694428239	0.4999997087309307	0.49999811000103056	0.499994435640881	0.5000090495900433	0.49999554911375693	
0.9999835249509175	0.16764627616325867	0.9976835278205547	0.9969570854182677	0.4999996447713601	0.5000010720664105	0.49999411122010845	0.5000096550105112	0.49999554974681887	
0.9999959270649607	0.16764627616325867	0.9980763948631	0.001944695617418335	0.4999996484241775	0.5000010720664105	0.4999938624957097	0.5000093156749925	0.49999554041931016	
0.9999865283323195	0.1668391147500539	8.035435137857538E-4	0.4985662631103216	0.4999996460985028	0.4999985967470469	0.5000042822567656	0.5000093097814419	0.499995366170131	
0.9999993368985416	2.8479318910646354E-8	0.9999448769806021	0.9662414998070099	0.49999970803650634	0.49999875768887564	0.49999644523925807	0.5000089708929647	0.49999550647492647	
0.8333346267896832	0.9999959770104332	0.9999998503264864	0.9999964020073391	0.5000002297837035	0.5000008865096601	0.49999715201213074	0.5000090095759175	0.49999513241935406	
0.8333355118579208	0.9999870168576933	0.9999902998530105	0.7999530477870639	0.4999996830505425	0.4999984041110162	0.49999663969369285	0.5000090418153785	0.49999543692996773	
0.8333355115202885	0.9999942333453328	0.9999877853576765	0.5999324738915268	0.5000002296492169	0.49999963631571653	0.4999973708457966	0.5000090143648581	0.4999960124471237	
0.8333352172280012	0.9999941983853141	0.9999877721483158	0.4000387051847351	0.4999990502218056	0.4999995542017961	0.49999673121595994	0.5000089025072926	0.49999593457473535	
0.8333340162764422	0.9999907133957421	0.999993149245161	0.19996622041653414	0.4999990173989817	0.5000006638694533	0.4999972784684425	0.5000091193253663	0.4999962351466497	
0.8333340170596399	0.9999986405294361	0.9999980311977196	2.1964510387075238E-6	0.49999997058095536	0.49999873814158663	0.4999972750912044	0.500009119122946	0.4999960124350189	
0.8333347539894634	0.9999962344988673	0.799978867801597	0.9999972280978969	0.5000002757096637	0.49999879358219723	0.4999968938281549	0.5000088404944819	0.49999598970248277	
0.833335522184282	0.9999956948998997	0.7999788683592169	0.7499683849260687	0.499999692795993	0.4999995739873406	0.4999973686128261	0.5000090300645847	0.4999961386566199	
0.8333358033737376	0.9999996018931301	0.7999847778984807	0.49999124611188966	0.49999980939982525	0.5000006848656565	0.4999966056864358	0.5000087388179231	0.4999955508347365	
0.8333358033669402	0.9999996273139153	0.7999847797038926	0.250016261017034	0.4999996806710505	0.4999989211136245	0.4999971562029198	0.5000088975892844	0.4999960120282003	
0.8333339287060141	0.9999945289181367	0.7999846394848322	2.0098660811647585E-7	0.50000014260023	0.49999954582969336	0.49999673803533534	0.5000092136009626	0.4999959361720409	
0.8333339890940045	0.999999367337315	0.6000072206901776	0.9999922177281358	0.49999969051030796	0.4999987109134189	0.4999968055813373	0.500009753900692	0.49999497267955945	
0.8333370235339234	0.9999834032745092	0.6000064503707782	0.6665942680429886	0.4999996904029216	0.49999876811196126	0.4999968066252152	0.5000089085329444	0.49999609844390236	
0.8333366790906215	0.9999907227710357	0.6000767378325691	0.333372451485715	0.5000001159870773	0.5000008522303379	0.49999674416245216	0.5000087921447696	0.4999960250004329	
0.8333339347993435	0.9999872395926667	0.6000532155407409	1.5191267134446735E-5	0.5000004657062512	0.49999949667600985	0.49999668363943106	0.500009121915349	0.4999960256074796	
0.8333357227904965	0.9999870396263885	0.3999705503201536	0.9999970920170629	0.4999997211909383	0.49999912891735016	0.49999241271457534	0.5000088963563464	0.4999922013436464	
0.833334734874383	0.9999870393558083	0.3999696258485294	0.5000152841369979	0.4999995624905268	0.500000744110172	0.4999965848024126	0.5000087933136687	0.49999613258620745	
0.8333338758498459	0.9999889662593078	0.3999711322374002	4.1918366642963075E-5	0.499999562499027	0.499999008731945	0.49999658055380236	0.5000087925209621	0.49999612164760343	
0.8333593810238075	0.9999835858483479	0.20004487278317112	0.9999921306790794	0.4999980961020558	0.4999987042334302	0.49999658478770037	0.5000087433567543	0.49999606180166095	
0.8333357152064554	0.9999983905820718	0.2000042877461276	3.7887476894136226E-5	0.4999996983980409	0.4999990100680999	0.4999952841637289	0.5000108829378538	0.49999565643450034	
0.8333385319275548	0.9999983907981695	1.1527868521632516E-6	0.9994162874753032	0.49999997215584385	0.5000007232373657	0.4999925730224796	0.5000106083389418	0.49999619769029136	
0.8333346371639642	0.800002818336195	0.999999094019308	0.9999963464673045	0.49999970860044246	0.49999878351924393	0.4999967813583514	0.5000093678457151	0.4999954656925103	
0.8333355401225616	0.7999688492456605	0.9999973364315284	0.7499683788464636	0.5000002788784537	0.4999986782618858	0.4999973732315559	0.5000090137066681	0.4999958934720938	
0.833335509194312	0.7999690659426408	0.9999976949205553	0.4999906160422031	0.49999967865223327	0.49999953631955435	0.49999737664221366	0.5000089111578399	0.4999958815542448	
0.8333340157203373	0.7999676042072367	0.9999978309605481	0.25001566482738835	0.49999901531696606	0.49999956299641385	0.4999973746484274	0.5000090746161393	0.499995884139721	
0.8333369438405089	0.7999572016157929	0.9999996023561769	2.1519510086489865E-6	0.5000000271994086	0.49999904814331464	0.49999668188589336	0.5000090852293695	0.4999961538286306	
0.8333347561685798	0.8000019334579316	0.7499922119505873	0.9999982717740985	0.4999997305330694	0.5000007596235695	0.49999663059367616	0.5000093119654967	0.49999604767886685	
0.8333358050578226	0.8000019299133075	0.7499846899885049	0.6666373388402942	0.49999897810216687	0.5000007721682296	0.4999966880721867	0.5000087471720669	0.49999621665209637	
0.8333347616329267	0.7999572409285345	0.749927955470527	0.33322708677871715	0.49999969460666	0.49999904972697395	0.4999967174448936	0.5000088759389959	0.49999614736372916	
0.8333346317600244	0.7999436343284786	0.7499329030728299	6.065766976117068E-7	0.5000000224859575	0.49999956570482385	0.4999972481077737	0.50000935175063	0.49999623586044023	
0.8333347551515609	0.800002414857366	0.500023470898082	0.9999796312997805	0.4999990038800363	0.5000007889486314	0.49999672429873193	0.5000085212001502	0.49999621794119425	
0.8333357503044271	0.7999566112319151	0.5000234804619199	0.5000155007167794	0.4999992372928333	0.49999842766083835	0.4999967010217181	0.5000089080871718	0.4999962182623395	
0.833333911486316	0.7999572940830129	0.49998568346676764	4.5706364184045634E-7	0.4999981103094689	0.49999901106887285	0.4999971474169824	0.5000087952208714	0.49999044430231393	
0.8333370608645564	0.7999566102239828	0.2500452971099549	0.9999446535860763	0.5000000088935919	0.5000007428479633	0.49999680139832	0.5000093829111428	0.499996193649152	
0.8333333939058579	0.7999375016822575	0.25007455144890756	2.931853848257262E-5	0.49999950475011284	0.49999952059930264	0.49999657603655256	0.5000087627986401	0.499996186574722	
0.8333351092073326	0.7999567356797721	7.49499644902494E-6	0.5119279415957413	0.4999992428641582	0.4999986030708685	0.4999967024547274	0.5000088656868844	0.4999960447201847	
0.8333347497708717	0.6000096620211364	0.9999930765642477	0.9999964742422557	0.4999982152175515	0.49999994419976174	0.4999960981159626	0.5000093644185631	0.49999546554775076	
0.8333381520922577	0.6000407304471358	0.9999666760382393	0.6665106328190463	0.4999997697060705	0.49999833085569284	0.5000040089726353	0.5000093765544886	0.4999950668532646	
0.8333348751568576	0.6000108866609367	0.9999904521760216	0.3332235627115868	0.49999967042581733	0.4999990480973638	0.499997151142348	0.5000092726054635	0.4999955268769924	
0.8333339134507457	0.6000140539308486	0.9999930079514704	2.816830291128244E-5	0.4999981498101677	0.4999988102088189	0.49999669616584663	0.5000087663698389	0.499996070775798	
0.8333348534854059	0.6000096646043914	0.6666675080003551	0.9999926595673823	0.4999998054974345	0.4999988035885449	0.4999966426265527	0.5000093706323878	0.4999955713501191	
0.8333347660053791	0.6000097211485451	0.6666674757537927	0.5001275943564008	0.500000369587109	0.49999969023645957	0.49999731178003143	0.5000088794136771	0.4999961732408033	
0.8333370141177516	0.6000130960787112	0.666667399399573	2.7285830235405382E-5	0.49999966326243367	0.4999989384430852	0.4999972223316458	0.5000093704913351	0.49999192612245813	
0.8333346898230456	0.6000116520403097	0.33331453371374925	0.9999956494581711	0.4999994803595706	0.4999990106794965	0.49999638401134816	0.5000087916822386	0.49999567700901776	
0.8333337680672368	0.6000116529516971	0.33331402150066697	2.925626911124912E-5	0.5000002196070227	0.4999990105701577	0.49999657195997804	0.5000087902232117	0.49999567699953934	
0.8333347672087756	0.6000093376895482	8.28817524902949E-6	0.1178527766023888	0.4999990086480196	0.4999987524482569	0.49999657631749267	0.5000087416030539	0.49999524874568607	
0.8333384470855024	0.40006266703458304	0.9999649823208557	0.9998901517979881	0.4999994783142531	0.5000008770104664	0.5000042683505537	0.5000088251861295	0.4999960822741512	
0.8333346401553645	0.40005580774258087	0.9999087282920092	0.5000596220904955	0.49999965698774196	0.4999989124458759	0.4999972478867944	0.5000093490890589	0.4999960614968889	
0.8333346476368594	0.4000492346869475	0.9998299181320159	5.841876935539224E-5	0.49999811186416243	0.49999890777584666	0.5000031265752355	0.5000088162210166	0.4999970529208177	
0.8333384000988109	0.40004630949505426	0.5001039059957834	0.9997821692915889	0.5000003352111472	0.5000008693161048	0.4999969370170314	0.5000093705564282	0.4999960862128248	
0.8333355966929774	0.40004792481382534	0.5000772975244528	6.980021960793743E-5	0.4999996552899705	0.4999988103533457	0.4999973063714389	0.5000087551039638	0.4999955585352088	
0.8333377842554097	0.40005565564235473	1.6022448874035482E-4	0.5068134266738382	0.5000004602762447	0.49999846127665726	0.49999647678023695	0.5000087690928104	0.4999955307049752	
0.8333350843684195	0.19998541248833587	0.9999930669189325	0.9999995184452382	0.4999983764929343	0.4999998953342627	0.49999678118454755	0.500008861690948	0.49999546549219376	
0.8333327790768378	0.19998575142872654	0.9999931164461462	9.940249361616374E-6	0.49999842885639983	0.49999797316739064	0.49999675757935236	0.5000089890350512	0.499995503932254	
0.8333328498200993	0.1999857502042532	8.245052124378205E-7	1.0640150448350087E-4	0.49999843714590375	0.5000008328240277	0.4999967177970784	0.500009017778577	0.49999604320319624	
0.8333355851271348	3.237719994192423E-6	0.6696837488087336	0.5004367026210187	0.49999962475822957	0.49999877757246064	0.49999694011729395	0.5000087574234106	0.4999959950106534	
0.6666585483925825	0.9999917244203078	0.9999989226824291	0.9999963190126876	0.5000005670894025	0.49999890393099666	0.49999330436865863	0.5000093633991575	0.4999950612875759	
0.6666871547977624	0.999987028764845	0.9999975168246704	0.7499615368164751	0.499999007990402	0.49999962632883993	0.49999740028454326	0.500009263687272	0.49999450634959064	
0.6666574189135214	0.9999870251255124	0.999993360043456	0.4999905883783328	0.499999027820901	0.4999996543020726	0.4999974064233901	0.5000095691598976	0.4999962437801122	
0.6666981674294419	0.9999680973259985	0.9999814026396787	0.25001626603659105	0.5000000756064942	0.49999858918119033	0.4999965527983567	0.5000090761159078	0.49999620755685525	
0.6667220434593129	0.9999630454061392	0.9999678408138754	1.0089585758141757E-5	0.49999999990088145	0.4999998776161355	0.49999689171842276	0.5000092524583786	0.4999961630081294	
0.6667041112836228	0.9999592054500579	0.7499640006319152	0.9999985432111569	0.4999997455281068	0.4999988231674776	0.4999971629863865	0.5000089479253134	0.4999962913433839	
0.6666530014723675	0.999965773426869	0.7499839997725651	0.6668843662767181	0.5000006789495262	0.5000005866082173	0.4999966576100836	0.5000089010730799	0.4999950531087906	
0.6667163907864772	0.9999815701886654	0.7499287966212438	0.3333757692526095	0.5000001424325927	0.49999992985170594	0.49999714675986223	0.5000088887999792	0.49999601651548725	
0.6667156257708912	0.9999788016529194	0.749930623694879	3.001516525809098E-5	0.4999999481256214	0.4999984029639669	0.4999967264541221	0.5000088976794514	0.49999416029527555	
0.6667039290106691	0.9999822067435183	0.5000431672658494	0.9998923228354448	0.4999983477985704	0.49999881333645035	0.49999690298713806	0.5000097350619002	0.4999951692278276	
0.6666990921206252	0.9999879920170519	0.5000217533198799	0.5000150586885288	0.5000000237203324	0.49999966198558277	0.49999595517288964	0.500009030909529	0.4999961773541099	
0.6666956232288935	0.9999857400163942	0.5000280120795644	5.351003126937428E-5	0.4999988207628098	0.4999985356993859	0.4999937847776142	0.5000109006302883	0.4999906224348112	
0.6666958537523797	0.9999834509326193	0.25002544891881584	0.9998913563212737	0.4999989055695586	0.4999987039731238	0.49999206312927463	0.5000109184894993	0.49999567968952885	
0.6669417217453458	0.9998538352484357	0.2506582852286408	0.001568866462791245	0.49999642471797845	0.49999840476771723	0.4999953508339932	0.5000087614553838	0.499995681293963	
0.6667331784909455	0.9998267509322645	1.2570255370236998E-6	0.4925853749554647	0.49999885978092296	0.4999989901708462	0.4999965662362245	0.5000096057820357	0.49999516486702883	
0.666656451228029	0.749978515419484	0.9999994610347014	0.9999999877388537	0.499999689091449	0.49999832954101847	0.49999716639863895	0.5000090222654853	0.49999515028792296	
0.6666564479948727	0.7499790048180287	0.9999670174723427	0.666706553204519	0.4999974856158552	0.49999840110844035	0.499997387475739	0.5000095444539903	0.4999951766227029	
0.6666981767169081	0.7497972959604299	0.9999824518599314	0.33335473925302456	0.499999029072884	0.49999877297398926	0.499994988584915	0.5000088957200431	0.4999962437441019	
0.6667217575977797	0.7498014740732829	0.9999764752781248	5.63007003738404E-7	0.5000001035987729	0.4999990372821411	0.4999965913686667	0.5000088774114202	0.49999615931216257	
0.6666957662470184	0.7499790783709794	0.6666677328017759	0.9999722429440057	0.5000002336395178	0.5000007535614107	0.49999688991480074	0.5000088348433366	0.49999598680862156	
0.6666939427201466	0.7501111370131395	0.6666035709973656	0.49999082601901274	0.5000002083619542	0.49999903413288893	0.4999965902894156	0.5000088947738605	0.4999962924785824	
0.6666993267953585	0.749801292177794	0.6667586128707932	4.243393875472474E-5	0.5000001100339384	0.4999990227223006	0.49999687566315376	0.5000088674207822	0.4999961870043424	
0.6666958540571404	0.7499420696271982	0.33342294138560447	0.9999178564291725	0.4999995444356963	0.49999849839774924	0.4999969729845617	0.5000102888008532	0.49999447413222375	
0.6666926867331214	0.7499913348777744	0.33330805782406586	7.287834271351191E-5	0.5000001713519726	0.5000009320463047	0.4999966257457813	0.5000085767857223	0.4999945300908133	
0.6666927480394677	0.7499928988978388	1.2988879630986036E-6	0.014804158407334289	0.500000186254584	0.5000009272556715	0.49999705769524455	0.5000088887389529	0.4999957130719816	
0.666672797129066	0.5000190988125697	0.9999878977384202	0.9999807747938322	0.4999997827189501	0.5000005147061339	0.49999639376839794	0.5000090612528418	0.49999564305734207	
0.6666575298330571	0.4999965413161907	0.9999963010027498	0.5000552466820894	0.5000002101269768	0.4999986172965479	0.49999736278019313	0.5000094770883258	0.4999961536622285	
0.6666979134747528	0.5000805258916997	0.9999625558050306	5.284918227605389E-5	0.4999965587101339	0.4999928100417708	0.499994405204688	0.5000089316700403	0.4999951529090454	
0.6666955796011425	0.5000657148563505	0.5001025704285166	0.9997833243194486	0.4999983226428301	0.4999987907981383	0.5000049914289842	0.5000094551251701	0.4999962252590859	
0.6666955926733371	0.5000672324537673	0.500106595484379	1.0030860066814374E-4	0.4999985290684855	0.4999985244354038	0.49999372755709554	0.5000087393900752	0.4999935904611552	
0.6666923288777814	0.49999607378148575	1.2988879630986036E-6	0.013604860611047875	0.5000004682554521	0.5000009254513066	0.4999970575479795	0.5000088785348523	0.49999569476127076	
0.6668641312106877	0.2504795119314586	0.9987166475122057	0.9996314323009841	0.49999977638987364	0.4999984887212242	0.49999681969450877	0.5000088767054501	0.49999548227775215	
0.6666943941470161	0.25021634288680544	0.9998917713985832	5.311572688456445E-4	0.4999998588566897	0.49999923975055155	0.49999645667638026	0.500009061688336	0.4999956599144124	
0.6668641312106877	0.2504770120909747	0.002141957794582483	0.4812833590465722	0.4999997590916973	0.4999984887212242	0.49999681988970357	0.500008873530754	0.49999548227775215	
0.6667064735696836	2.710578907015315E-4	0.7139099051661189	0.5350275473883972	0.49999977805491036	0.4999988320516892	0.5000043764608862	0.5000087705649741	0.49999607532794144	
0.5000421072679281	0.9999035318705126	0.9999669311500893	0.9999987215393207	0.4999962625747042	0.49999939664270127	0.499996882896233	0.5000088326916842	0.49999513720970706	
0.5000129492563274	0.9999837820557808	0.9999940655586347	0.666711276720305	0.49999963576795414	0.49999448231967925	0.4999967857557142	0.5000095569482355	0.49999609013671187	
0.5000136027054664	0.9999636580983695	0.9999603049307049	0.33337443447956017	0.4999989926804727	0.4999993831114901	0.49999673568813185	0.5000092022543873	0.4999961425444564	
0.5000164594327156	0.9999604574314892	0.9999971934617208	3.025461030145669E-5	0.5000000002008861	0.49999961377889746	0.49999664641917657	0.5000089698762543	0.49999627912774597	
0.5000127562238986	0.9999939289259493	0.6666056713555504	0.9999986097625673	0.5000033627044767	0.5000007653283073	0.49999668047124207	0.5000088839309212	0.4999962040887388	
0.500014614728488	0.9999815834638266	0.6666051646163548	0.499991842038079	0.5000001480003714	0.4999990237592025	0.49999659064961144	0.500008911603128	0.4999962601965117	
0.5000173289341355	0.999999002787966	0.6665752687888911	4.607223835033955E-6	0.49999999987606564	0.4999987307464681	0.4999968926321443	0.5000106303981244	0.49999617738015734	
0.5000498359909338	0.9999649590801908	0.3336594530325997	0.9984621498689901	0.5000007030947304	0.49999962156040145	0.4999966645828887	0.5000089023536896	0.4999950509884827	
0.5000687741392178	0.9999918526286141	0.3334293974175591	3.9164436740884805E-4	0.4999983341672533	0.49999852855331	0.49999662502426756	0.5000102641381434	0.4999956530015885	
0.5000325809382752	0.9999999329002286	6.790480114686215E-5	0.9383102042160373	0.4999985225470856	0.49999893983537425	0.49999654028362267	0.5000088064707555	0.49999571624647093	
0.5000434006311477	0.6668053751499781	0.999801014412156	0.9998893616520478	0.49999860530288837	0.5000000286771887	0.4999966793200223	0.5000089305440516	0.49999616952579556	
0.5000433866742957	0.6668053753057716	0.9998413074992135	0.4999277535393136	0.4999985745416586	0.49999842636747005	0.4999969616523149	0.5000089145603362	0.4999950347268385	
0.5000433017020098	0.6668053753057716	0.9998517812686551	8.733900253308325E-5	0.4999991260824228	0.5000009238989291	0.49999662640717996	0.5000090303052747	0.4999956423804939	
0.5000429556194785	0.6668052927867737	0.500106475545334	0.9997228645466038	0.5000000087706186	0.49999967772778	0.499996858086149	0.500008748718833	0.4999934529795755	
0.5000437968256326	0.6668052928461351	0.5001257097727904	3.90843056248433E-4	0.4999992031340517	0.4999987030735984	0.4999967997575084	0.5000090695590445	0.4999961832512255	
0.5000230793171575	0.6666937850252515	6.970074898351978E-5	0.43352761147403474	0.499997887646048	0.49999910077558907	0.499996626451536	0.5000087771508289	0.4999957495042158	
0.5000407823398486	0.3333855873605591	0.9998243468251287	0.9999948402416604	0.4999994903683342	0.49999893141301716	0.4999972545946972	0.5000087570016234	0.49999351842302914	
0.5000406687883743	0.3334407933032143	0.9998239387396874	1.1494148170199114E-4	0.4999994943819706	0.4999990060164188	0.49999696065090776	0.5000088524457853	0.4999962369583845	
0.5000230868168763	0.3334371964636964	6.97189633702933E-5	0.8301764164057044	0.49999760461835596	0.4999988199334843	0.4999962858140728	0.5000089204396814	0.49999570367345714	
0.5000852426265672	1.920865263637661E-4	0.9799167021554092	0.009529542515812284	0.4999985002312022	0.5000009357216478	0.49999683151022023	0.500010417343578	0.49999507886852	
0.3334773799686739	0.9998284458412735	0.9998007676348568	0.9998789128639686	0.4999963670709374	0.49999915451512494	0.499997097684296	0.5000089078966843	0.4999950797724287	
0.3334058457078627	0.9999092898809027	0.9999686004714458	0.500039748892577	0.5000002881564976	0.49999938926960624	0.4999944670158999	0.5000088318911046	0.4999952073162517	
0.3334069863667912	0.9999095224646368	0.999984915207309	1.5968094388918295E-4	0.500000488005966	0.4999986790560828	0.4999965171829994	0.5000088951337655	0.4999952594173756	
0.33340622702324235	0.9998939172719968	0.5001235426973953	0.9997839649073887	0.49999832303750696	0.49999881314089256	0.49999633367711777	0.5000089269855804	0.4999961996503347	
0.33340581826980753	0.999906735014575	0.5001159225105339	1.8921608749104867E-5	0.5000000054510043	0.49999937158404156	0.4999966250832664	0.5000089088284919	0.49999614342406656	
0.3334063389784734	0.999999983955354	2.222304097008527E-4	0.4769430652750976	0.4999984293805015	0.49999910090369565	0.49999647874118636	0.5000117220882355	0.4999957627526286	
0.3334753858261429	0.5003082561432265	0.9997041759756006	0.9996885770267028	0.49999859200881286	0.49999916342289447	0.4999968333088071	0.5000090375152024	0.4999961412996474	
0.33340707279575754	0.5003082553181051	0.9999284787093057	3.042901618032053E-4	0.4999975270553791	0.49999939099726776	0.49999445541087517	0.5000090543939596	0.49999618495903486	
0.3335373733083545	0.5003136877335125	0.0011908819469924072	0.4489593299819003	0.49999860897686077	0.4999984522347878	0.4999948842704003	0.5000093898805495	0.4999950960995891	
0.33341184083471503	4.419091410978737E-5	0.6816276710509905	0.035778265129521786	0.49999920330245107	0.4999995977419826	0.4999972513509386	0.5000088921653828	0.4999956192108233	
0.16676850464330328	0.9998897729957833	0.9999812846929502	0.9993912677751493	0.500000487756858	0.4999993858321346	0.49999709582858687	0.5000090572525808	0.4999961260901649	
0.16675110362766205	0.9998920456654058	0.9998247917657498	1.6183030425629172E-4	0.4999994855504054	0.49999961351634437	0.4999951256521433	0.5000103097348947	0.4999926920463348	
0.16674917204278572	0.9999634656672535	4.3141715591266117E-4	0.4976032971063845	0.4999969025293378	0.49999905397525807	0.4999966201710349	0.5000090258646288	0.49999633169799573	
0.16700852651151868	0.001277011054397592	0.5776959622887518	0.4769243634498268	0.49999861457097255	0.49999858726653346	0.4999948490082508	0.5000093800699276	0.4999937927501092	
2.2323595275097752E-7	0.6733392551273627	0.5103313240771723	0.5371925941329597	0.49999914161625203	0.4999983594490991	0.4999953990524829	0.5000096361566788	0.49999558489754087	
