0.9999992510341846	0.9999996945406475	0.9999997058997387	0.9999997161547706	0.49999972668392895	0.5000002476241561	0.49999866366566753	0.4999835415916816	0.500000477427634	
0.9999902599816523	0.9999952928656102	0.9999926100045256	0.8333715768996208	0.4999989278847297	0.4999992061731048	0.4999989282384904	0.49998331198639806	0.49999646249631996	
0.9999943791427857	0.9999989383131811	0.999990200125431	0.6667019870084858	0.4999988844910047	0.5000025352419208	0.49999852727590277	0.49998339768975686	0.49999716118857745	
0.9999818303503352	0.9998995441723088	0.9999977419570221	0.49953481443953324	0.5000000775039034	0.5000021577414808	0.5000035648759867	0.4999840059791536	0.49999839898238263	
0.9999965659364799	0.9999818001027702	0.9999972851255573	0.33334462669077647	0.5000000418575282	0.499999045993916	0.4999992938752403	0.499984762585679	0.49999750223674433	
0.9999814035575477	0.9999374912833353	0.9999937618569996	0.16694689196468934	0.4999986004212964	0.5000023767609919	0.49999774222991117	0.49998014010249864	0.49999718136204346	
0.9999999869653531	0.999999867877825	0.9999989654138428	6.0797752572142995E-6	0.5000002704296417	0.4999996286969647	0.4999992726160625	0.4999845222964405	0.4999977622475242	
0.9999818053363733	0.9999895368358008	0.8333359411953344	0.9999949349342512	0.49999972330075865	0.4999991833045934	0.4999985421039588	0.4999834534446936	0.4999975770684826	
0.9999860499209304	0.9999995131288335	0.8332778072453197	0.7999623422091481	0.5000000297338544	0.4999991811471843	0.49999760550235534	0.4999839859748421	0.49999875382050907	
0.9999818435613028	0.9999994797229047	0.8334857976974038	0.6000034816911319	0.5000001163055569	0.5000026768477203	0.49999852396434646	0.4999853496175054	0.49999893938460016	
0.9999816550274266	0.999981813872282	0.8333499708106205	0.4001138232346371	0.49999959719842174	0.49999999147554397	0.49999910090715266	0.4999839454427132	0.4999965470860804	
0.9999993016149276	0.9999998593121746	0.8333499334718699	0.2000176781933306	0.4999995863492043	0.4999994927135018	0.49999937957928475	0.4999835160286944	0.4999956637223536	
0.9999993074207726	0.9999935188983419	0.8333525386149027	6.201136805678664E-6	0.5000000363145823	0.4999990567446485	0.49999942623158955	0.4999847624401141	0.49999540282044086	
0.999995541041229	0.9999997713427579	0.6667578699935262	0.999636220555118	0.49999879587957496	0.5000002483790067	0.499997208128482	0.49998354151005625	0.5000002281803997	
0.9999809699882688	0.9999753335150621	0.6665766121556008	0.7499046033150216	0.49999871962701825	0.5000003467934445	0.49999945100148274	0.4999840114968754	0.49999538204902744	
0.9999810103169355	0.9999860885380074	0.6665759443312991	0.50003220608639	0.49999874410389217	0.5000003317332066	0.4999994151369826	0.49998398979953007	0.49999544670069956	
0.9999997659458298	0.999969086607487	0.6666521962245807	0.25000978548496444	0.49999957341572804	0.49999851335316725	0.49998927220555633	0.49998321590293776	0.4999839280510725	
0.9999999686949405	0.9999988834517691	0.6666531793253612	1.2502630248273278E-6	0.4999999540806456	0.5000058452142593	0.4999991393412897	0.4999840947516383	0.4999978039107551	
0.9999943030852722	0.9999811534833805	0.4999625648681206	0.9999976959881276	0.4999989041847958	0.5000000516647126	0.4999983971290905	0.4999840138606636	0.4999979594149971	
0.9999942426546401	0.9999942320325989	0.49996255874136736	0.6667436909085561	0.5000000528650306	0.5000000532243898	0.49999877313142566	0.4999837842938663	0.49999796812429637	
0.9999909280503664	0.999993350823079	0.49996255874136736	0.3333662995214407	0.4999999223966102	0.49999833789190157	0.5000025339142371	0.4999841875147714	0.49999763100711353	
0.9999865910820349	0.9999969128864146	0.5000690643012573	1.167435000761436E-4	0.49999979996815547	0.5000029057151846	0.5000014527242067	0.49998417306091736	0.4999841213409105	
0.9999949601945365	0.9999988282616297	0.33337268710296014	0.9999552716806438	0.5000000118557496	0.5000016709132185	0.49999733874834157	0.49998319299367416	0.4999969890616408	
0.9999940768286264	0.9999938207442716	0.3333505798903511	0.5000368044391983	0.49999980482618717	0.5000011460907373	0.5000014595819648	0.4999831028514112	0.5000005852860199	
0.9999949885043516	0.9999973554870724	0.33335066054952817	9.542292436132934E-5	0.4999996094628805	0.49999999934094247	0.5000016304734383	0.4999841065945893	0.49998411296217954	
0.9999873182682059	0.9999987265476132	0.1669832154826727	0.9989298820790986	0.4999992906541468	0.5000017749942701	0.49999775438922817	0.4999832050006755	0.4999853018609218	
0.9999863165622228	0.9999935914889574	0.16698141868379873	0.0013885445862060475	0.4999993000275336	0.500001755504284	0.500001409934781	0.49998418292354	0.49999871033464327	
0.999998537921379	0.9999919878189163	9.622429163660105E-6	0.5141801964384829	0.5000000044243466	0.5000016282884542	0.4999941707730264	0.4999831929832962	0.49999788722831473	
0.999995885926254	0.8333542915540098	0.999985286138384	0.9999916870464044	0.49999716997403093	0.5000002648178578	0.49999878963266625	0.49998338813017906	0.5000003293950246	
0.9999958938942134	0.8333437426278614	0.9999925054926769	0.79998143083035	0.499998971062121	0.5000003151914297	0.49999866233267737	0.49998436030051707	0.4999965523074189	
0.9999979097790415	0.8333427849530863	0.9999979884018229	0.5999749689799161	0.4999999066512514	0.49999919801251497	0.4999987177319338	0.4999842782121884	0.500000654188432	
0.9999945324986429	0.8332968329519477	0.9999904305090738	0.40011382323064404	0.49999889430939537	0.5000001148176496	0.499999767019838	0.49998404839305705	0.4999965461709337	
0.9999975892387134	0.8332928833758761	0.9999981516609417	0.20001767832005396	0.5000006139522553	0.5000016609622144	0.4999993312682724	0.4999845706853312	0.4999956679306037	
0.9999963330463191	0.8333451497402669	0.9999989924067019	4.1010906705039133E-7	0.49999886644913794	0.5000001689883407	0.49999931701035494	0.49998452407190763	0.4999977547836848	
0.9999975240288287	0.8333542915618473	0.8000022416411919	0.9999916708636657	0.4999997338026105	0.5000002479466734	0.49999889659070457	0.49998428821380553	0.4999990668208679	
0.9999955299367425	0.8333542915618473	0.8000022204080243	0.7500479345647835	0.4999998537729474	0.4999992993282457	0.49999889659070457	0.49998323233387376	0.5000006753211022	
0.999998813569303	0.833342788959297	0.8000015826879282	0.5000350784721164	0.5000000938596639	0.4999996554334341	0.4999994486576146	0.49998456464567465	0.5000005529856236	
0.9999963942094796	0.8333427907237663	0.800034453906312	0.25000984738530085	0.499999924074206	0.5000021971761962	0.49999792420545763	0.49998457045658534	0.49999448546473707	
0.9999963234596443	0.8333428926851917	0.7999995248006775	1.974263471179366E-5	0.4999999587499213	0.5000022291929938	0.4999991621709129	0.49998407433649394	0.4999955850478063	
0.9999906263055859	0.8333231332040535	0.5999515784521068	0.9999894185011584	0.499999705369731	0.5000003070343719	0.499998882338711	0.49998353776913673	0.500000772664195	
0.9999905587065702	0.8333444826155751	0.5999513126657895	0.6667442355186564	0.500000308896022	0.5000000654171586	0.4999967939793651	0.49998352495428544	0.49999853759122864	
0.9999963989178576	0.8333427890169578	0.6000381060033125	0.33335549025495187	0.4999998511512282	0.49999953583906426	0.4999994501615394	0.4999840167967224	0.49999828622476145	
0.9999964012900932	0.8333436221400244	0.5999454438188936	2.4573213799694236E-7	0.49999882237818266	0.500000092365	0.499999554735908	0.4999845342464315	0.4999982776144895	
0.9999963224501358	0.8333458763004087	0.4000279053538437	0.9999893899136615	0.49999999055802363	0.5000003047174347	0.4999981616854175	0.49998294263277604	0.5000002519325202	
0.9999958521500224	0.8333229914987207	0.3999923756841122	0.5000321757683414	0.499999623791028	0.5000003148636286	0.49999944746853153	0.4999840147373744	0.5000003480270058	
0.999996396044467	0.8333427364058594	0.40002728179929403	4.019199096639574E-5	0.4999996084588688	0.5000000031010896	0.49999941565952827	0.4999840164377797	0.49999600550884077	
0.9999940161105525	0.8333237468491348	0.19989663195558613	0.9999893759526076	0.5000002607508777	0.5000002290897799	0.4999973667868752	0.49998292318986354	0.49999927370013164	
0.999995997825612	0.8333450532335918	0.20004454005595304	1.5522542525211566E-4	0.49999756425317193	0.500000063980415	0.49999887332348686	0.4999841742278919	0.499998708837622	
0.9999988190540168	0.8333259114991801	5.925273236332998E-6	0.5712259190473445	0.4999987125638046	0.5000002168616976	0.49999951689105454	0.4999843420075936	0.49999930337949555	
0.9999975458058297	0.6666338875553149	0.9999911767797038	0.9999935893764699	0.4999988894025888	0.5000002708160738	0.49999877700847495	0.4999841550869385	0.4999977757163403	
0.9999998919160851	0.6666618434160632	0.9999799636448978	0.7499427959116394	0.4999999588954519	0.4999993257760905	0.49999879913422635	0.4999803039270897	0.5000006886777859	
0.9999980248253872	0.666659650819669	0.9999991319763143	0.5000582396718952	0.49999873259065514	0.5000014867201644	0.49999974849526907	0.4999840393300577	0.49999891080514214	
0.9999895203289683	0.6666318264934933	0.9999991012688492	0.2500280260707204	0.5000006360713363	0.5000016358948012	0.4999997662988304	0.499984749062248	0.49999834595926684	
0.9999977886761049	0.6666363383393575	0.9999983715237842	1.995915983259064E-6	0.4999979662261482	0.5000062862460323	0.4999976405556523	0.49998373950160657	0.49999572401155074	
0.9999996517997791	0.6666339705942913	0.7499655174507671	0.9999990566155824	0.4999977002975831	0.4999993491892157	0.49999883844790827	0.49998397415135637	0.5000000192006157	
0.9999848768502231	0.6666612069142263	0.7499633972662222	0.6669099107003571	0.49999977131095363	0.49999965351172815	0.4999996064303386	0.4999840327429301	0.49999441508286946	
0.9999943278106193	0.6666315802845817	0.7499691855317434	0.3333555181072994	0.5000001454895859	0.5000014866725951	0.49999943198237756	0.49998400329747283	0.4999989210590357	
0.9999856316259517	0.666631367250796	0.7499644378698656	1.7572783306320577E-5	0.49999800820766815	0.4999997255959424	0.5000023001107825	0.4999841998321114	0.49999494365501385	
0.9999857967008904	0.6666584966329839	0.5000705004046859	0.999990948626026	0.5000000341624222	0.5000024966049473	0.4999985042727457	0.49998415432919735	0.4999943202457018	
0.9999958359659384	0.6667196875508715	0.4999030272209345	0.5000536251625444	0.4999974907378753	0.49999939203197963	0.49999750066817034	0.49998410153272227	0.4999998896612573	
0.999985024781134	0.6667146081498851	0.4999792139221809	2.4174680932635567E-5	0.49999878504573536	0.5000016527275223	0.5000022990863164	0.4999841986913747	0.4999999896075973	
0.9999873361328983	0.66680618672317	0.2500915011004836	0.9996862916193521	0.500000255135576	0.5000002232156777	0.4999975003194122	0.49998406577105575	0.4999979564817691	
0.9999970013229762	0.6667136249747004	0.25009150011150894	5.9569656955235964E-5	0.500000249309668	0.5000002119798361	0.49999686699848755	0.49998412136479076	0.4999979636283278	
0.9999982845957395	0.6667196811978336	1.1078658127981636E-4	0.5226942880274222	0.4999999600899623	0.4999994277594019	0.4999995547798373	0.4999840854563536	0.49999986356288717	
0.9999928647709121	0.4999222632154923	0.999992263693923	0.9999978472363775	0.49999811830272406	0.49999981148644135	0.49999878130483905	0.4999803819218073	0.4999996180031997	
0.9999748735488215	0.5000556134067468	0.9999646375303448	0.6668129726656175	0.4999988078964181	0.5000026259327781	0.4999997632377196	0.4999843298198153	0.4999986932915938	
0.9999980240537586	0.5000341502546669	0.9999870150657507	0.33339626945648426	0.4999979943504975	0.4999995767271867	0.4999988871943067	0.4999845747972183	0.49999649756201237	
0.9999969304509491	0.5000330959690857	0.9999866837439915	5.8558298980316806E-5	0.4999979271269629	0.5000021212631343	0.49999988262302936	0.4999842149599534	0.4999979789730628	
0.9999845586888593	0.5000395723416315	0.6666292370943362	0.9999731688868778	0.4999999199312273	0.5000000175829826	0.4999975104168399	0.4999841360125614	0.49999808889414754	
0.9999971140601891	0.49998555650028476	0.6666784648804651	0.5000319841502765	0.49999987409219426	0.5000002417333836	0.5000000093932601	0.4999840698481996	0.49999807518955264	
0.9999963207345688	0.49998909990553364	0.6666792718038667	1.033412956081203E-5	0.4999998995965548	0.5000002490616082	0.49999983057175845	0.4999842146874051	0.499998931663553	
0.9999971555230422	0.5000329269075855	0.3333732174421569	0.9999030566000999	0.5000002797449743	0.5000000608748569	0.4999951362462296	0.4999839549710118	0.4999814176884624	
0.9999979400220159	0.5000451873142635	0.3336295401534086	0.0010507464808973107	0.5000000455724916	0.49999996152334264	0.4999973080819178	0.49998395441517796	0.49998212333301595	
0.9999939342618211	0.5000430620994929	3.38730632848969E-5	0.9982471804845201	0.499999623006304	0.49999924972826726	0.4999994652533787	0.49998417497293607	0.4999991809508656	
0.9999765345504577	0.3335939497000492	0.9994079119790333	0.9998039951987517	0.49999990168602	0.49999923643504424	0.49999741410673193	0.4999842326218516	0.49999852028456115	
0.9999733634388935	0.3332957609731799	0.9999989655122928	0.5001810721908797	0.49999778799528394	0.4999994860827366	0.4999996249311052	0.499984395774232	0.49999911058137714	
0.9999852222508923	0.333405728008413	0.9998831790396288	2.3132214392528363E-5	0.4999977693026399	0.5000063662022012	0.4999997189187548	0.4999844166175669	0.5000001235667398	
0.9999913169027109	0.3333036742992951	0.49996977453823005	0.9999154127238038	0.4999996315939864	0.5000011898810575	0.49999948453730625	0.49998307134751746	0.4999980582503709	
0.9999843989923272	0.33329581382786855	0.49996977453823005	4.2833782917876513E-7	0.49999884170282605	0.5000011786510223	0.49999763986031287	0.4999841389759575	0.49999868513714507	
0.999988439512444	0.3335939575472785	6.856704685158986E-4	0.477131480747932	0.5000002285915404	0.5000011890083012	0.4999997559671238	0.49998315042254976	0.49998077502560706	
0.9999140941140443	0.16674375583483197	0.9999887747086996	0.999959522912077	0.499997938985643	0.49999820813890694	0.499999625056399	0.49998417848645504	0.4999981154935129	
0.9999854734860935	0.16658269251093985	0.9999997206428006	1.0277792109967001E-5	0.4999981501866136	0.5000103001937528	0.5000000825009404	0.49998420672870386	0.4999980695096584	
0.9999704802740167	0.16726681414639594	0.002843915175297918	0.5209216010430489	0.5000003188950263	0.5000016220142298	0.49999967431918624	0.49998420127735904	0.49999755855244693	
0.9999921476067126	2.403023707652844E-6	0.9994016467473451	0.4969906070169745	0.5000002756760925	0.5000012138549725	0.49999966946814073	0.4999840577229637	0.49999933925561396	
0.8333327450871291	0.9999934803506115	0.9999924560351523	0.9999929413140904	0.499999832748893	0.49999922190375606	0.4999986640433797	0.49998333920156257	0.49999879035201883	
0.8333342484400068	0.9999993934458881	0.9999971563037661	0.7999643125130409	0.5000000346736722	0.49999930632290596	0.49999760312932034	0.4999831915439966	0.49999875642044367	
0.8333342953689554	0.9999999471190587	0.9999986586118647	0.6000023869505721	0.5000000970690353	0.4999995919987263	0.49999887472045895	0.49998427682006674	0.4999990343202927	
0.8333302610367829	0.9999752999975365	0.9999830562767645	0.400111761222597	0.4999989270463053	0.5000023840735853	0.49999974200158137	0.49998393152000126	0.49999924875391666	
0.8333314646846648	0.9999999696873446	0.9999937983799141	0.20001779045000034	0.5000000304539498	0.500002266817572	0.49999945302206455	0.499984753728998	0.5000003587758982	
0.8333063815366413	0.9999993648784186	0.9999929899656498	4.908814393014547E-8	0.500000098421532	0.4999997361163343	0.49999901718230466	0.4999843484322201	0.49999751731022357	
0.8333306016196653	0.9999995494522624	0.8000007498259555	0.9999928887042278	0.5000001197974149	0.5000029784254256	0.49999889362567185	0.4999842874597301	0.49999905603886396	
0.8333421463452093	0.999994387381024	0.8000111503683196	0.749908028520177	0.499999854451781	0.5000001304794928	0.4999988535989322	0.49998400995652975	0.5000009912761397	
0.8333305751737016	0.9999990692250293	0.8000008101525959	0.5000319494598523	0.4999999227032501	0.4999984192916466	0.4999988945457421	0.49998420683790107	0.4999982818047773	
0.833330984570913	0.9999982781040737	0.8000365905532362	0.2500096257649664	0.4999986581169225	0.5000024617901052	0.5000017182951716	0.49998469298681464	0.49999522867742496	
0.8333364934884686	0.9999990747776546	0.7999999676205864	1.9673479370957608E-7	0.5000001010363581	0.4999996221017773	0.49999888820637095	0.4999847279148428	0.4999973643628606	
0.8333317172398248	0.9999964460655315	0.6000410568682581	0.999940646716805	0.49999984231190187	0.49999953369653477	0.49999918221172934	0.4999843084082089	0.5000013647127868	
0.8333317439570409	0.9999938138915755	0.5999514073605199	0.6666963292923014	0.49999978641812615	0.5000000702416108	0.4999993420148836	0.4999843090880869	0.4999950517780405	
0.8333492230660917	0.9999905775538417	0.6000322411190022	0.3333579478487331	0.499998637405298	0.4999995457236578	0.49999954512811656	0.4999846506345177	0.4999950310233449	
0.8333313354860467	0.9999899712324478	0.5999450551607716	2.934934311903353E-7	0.4999997976622358	0.4999984828749447	0.4999987942314645	0.4999842052589687	0.49999828255102774	
0.8333317489266755	0.9999938245424056	0.4000000180630569	0.9999894279974976	0.5000000242587687	0.5000002781036401	0.49999845284793154	0.49998009242401625	0.5000002570472608	
0.8333325431717116	0.9999987148439807	0.40002544882154883	0.5000321894407809	0.4999979710998101	0.4999995152739991	0.4999994070887147	0.49998339778863443	0.5000002092318098	
0.833330925063225	0.9999906400162962	0.4000015543745211	2.1682324623102975E-5	0.4999987221299633	0.5000010662754244	0.500002400214149	0.4999847474021155	0.4999984409894918	
0.8333493585135407	0.9999766649663414	0.20017873383824097	0.999453244184155	0.49999960857934256	0.5000001994143273	0.4999984577403455	0.49998307703418493	0.5000010325469896	
0.833332715085389	0.9999937935197571	0.20004300909004802	1.4894903278134329E-4	0.4999996080864264	0.500000195736248	0.49999935948967494	0.4999843242572067	0.5000001872801764	
0.8333331424705929	0.9999930559306267	8.055665750382096E-7	0.5332586507377064	0.5000000703010818	0.4999994823494317	0.49999741349530663	0.49998426464333806	0.5000001877139526	
0.833333121170108	0.8000015295539941	0.9999920460027846	0.9999918380390236	0.4999997722370628	0.4999998087837512	0.4999987890329019	0.49998408732418054	0.4999996058610491	
0.8333424989306171	0.8000005070340522	0.9999826694976505	0.7497256055632908	0.5000000285461785	0.5000014762945264	0.4999988959958395	0.4999842043037381	0.5000001795934634	
0.8333317525220685	0.8000010021740174	0.9999907686150297	0.49999079398906	0.5000000015997006	0.5000000894781851	0.49999952958216226	0.49998267080596015	0.4999985787596549	
0.8333309815885596	0.8000017718940977	0.9999990725201342	0.24997687752810027	0.5000006290926927	0.5000066369009005	0.49999935662392797	0.49998475241778895	0.49999524314987515	
0.8333315742509422	0.8000018417114927	0.9999939300435279	8.169773415646142E-7	0.49999878473709597	0.5000023831883847	0.499999753371807	0.49998475949528015	0.49999485788955295	
0.833333353959411	0.8000004929460748	0.7499651400439822	0.9999990649652004	0.49999976812357166	0.49999982648929087	0.4999985491562755	0.49998420430234847	0.500000179283364	
0.8333243865995356	0.7999617693179361	0.749968864896403	0.6669099107055314	0.49999988626991754	0.5000014917109497	0.4999991236523026	0.49998406495264924	0.49999654034210234	
0.8333308401691376	0.8000016611166605	0.7500062422499881	0.33335794210559616	0.49999866677056304	0.49999949083512407	0.49999881298073595	0.49998383466040114	0.49999897062516835	
0.8333309679648956	0.8000017040559154	0.7500062513937533	2.1363590592133594E-6	0.49999873451065724	0.49999944464232876	0.5000025225152441	0.4999847594689022	0.4999848881907779	
0.8333290099416051	0.7999617544860707	0.5000252072911193	0.9999807405667315	0.4999998530619023	0.4999995223614248	0.49999911770383465	0.49998297612331705	0.49999790672402905	
0.833332570387773	0.7999698221213979	0.5000821489380357	0.5000319469165615	0.49999967514771293	0.49999946983236165	0.49999717411038613	0.4999839573524582	0.49999905435013414	
0.8333313208924942	0.8000021068408483	0.49998506430195894	4.2796117687409705E-5	0.5000002590927669	0.4999997625080492	0.49999904506718107	0.4999830842384927	0.499998465677843	
0.8333497423475718	0.8000130696593253	0.25010120395995666	0.999745875981157	0.49999624308926693	0.4999994813684229	0.4999994742188694	0.4999841822834452	0.49999799579666787	
0.8333309037656684	0.8000130635110533	0.25012781586317323	3.3201460873914616E-4	0.49999872138429863	0.4999994813684229	0.5000023375726935	0.4999841822834452	0.4999979930369004	
0.8333326754824156	0.8000130738361139	5.693552035618908E-6	0.06996507136676083	0.49999870915295036	0.5000002225866186	0.4999990878237688	0.4999841757165446	0.5000007030323808	
0.8333331771340934	0.6000343835101136	0.9999651931081103	0.999953796799495	0.49999985067532976	0.4999996692592	0.49999879654988116	0.4999840452425424	0.4999979079320605	
0.833342377314477	0.6000343832045658	0.9999856690253773	0.6665094950178166	0.5000000742342475	0.4999995729507467	0.49999880456384865	0.4999840656759649	0.49999653950733425	
0.8333309418135136	0.6000590302284886	0.9999652936738053	0.3332793064221174	0.49999987974463206	0.5000002182625886	0.4999987823121279	0.49998426232045534	0.4999964309632806	
0.8333308085196814	0.6000588303495035	0.9999656386983037	1.0052623131935243E-5	0.49999866038401714	0.5000061287612692	0.4999997895973954	0.4999840153334388	0.4999964939336848	
0.8333329919239604	0.6001210214301104	0.6666439917121038	0.9999568386340013	0.49999989062412664	0.49999961240025587	0.4999974694036885	0.4999842974189199	0.4999977529618199	
0.8333156236742193	0.6000023557301946	0.6666412327028827	0.5000313650666866	0.49999878862445973	0.49999972011957144	0.49999904697379	0.4999839748108248	0.49999910595938124	
0.8333160709749324	0.600060110349428	0.6666785417375614	1.2784371181383865E-4	0.5000007750319787	0.5000049687062779	0.4999997703499542	0.49998261214758877	0.49999507198186277	
0.8333325933675291	0.6001284451653225	0.3333704581451974	0.9999594419780758	0.4999990871003613	0.4999995739589037	0.49999877342726773	0.49998413506478656	0.49999860570474247	
0.8333327046159464	0.6001211371679684	0.3336232196268662	9.642503589098849E-4	0.4999961701742479	0.4999994616183791	0.49999731726323593	0.4999831249666709	0.49999808205953733	
0.8333319573500899	0.6001284605527429	2.819224751504391E-4	0.5298132951552552	0.4999992192648752	0.500000036509276	0.4999987858223056	0.49998396759857217	0.49999862492472497	
0.8333341427249447	0.4003797677902804	0.9990024440310608	0.9996879732820658	0.49999872119114014	0.49999973411304427	0.5000030907609145	0.49998421770208207	0.5000002247480079	
0.8333330816468493	0.3999757820229566	0.9999982037784103	0.500053167989987	0.5000002538589498	0.5000000623705513	0.49999750328948706	0.4999840608415714	0.4999985667889052	
0.8333059290211317	0.3998770119293653	0.9999993712693689	1.783129343904849E-7	0.500000228847483	0.5000016147432026	0.5000023670847017	0.499984199887744	0.5000001403560851	
0.83333316201106	0.3999698085394335	0.5004123250814831	0.9989867698835884	0.49999616518570006	0.5000004235051833	0.4999993426731036	0.49998420632395735	0.4999980028108885	
0.8333160834857205	0.3999282093574767	0.49996325782303985	1.7846826766078366E-7	0.5000002497632369	0.4999994640754345	0.4999986468812506	0.49998419336988026	0.49999803410731625	
0.833332153994689	0.399970800878693	1.1419903655361294E-6	0.9683009881982865	0.5000003368064794	0.49999982373641555	0.49999963215195226	0.499984158587479	0.499998794232151	
0.8333321137408521	0.2005610172803993	0.9983008372746844	0.9991362473066522	0.49999964571722216	0.4999997712990001	0.49999961449891817	0.49998408049424314	0.4999984981534289	
0.8333332457406967	0.20021822633159042	0.9997276408747306	5.491143798324327E-4	0.4999988018630293	0.4999997026613274	0.4999997074374623	0.49998432899271045	0.4999991068164433	
0.8333311046573899	0.2002182358176309	7.449450782228834E-4	0.46833224111446875	0.49999870147130543	0.5000015839586679	0.499999691421082	0.4999840557776224	0.49999805813472487	
0.8333341142968632	3.7187173494051314E-7	0.010325360745554318	0.012914304041370395	0.49999818602464985	0.5000017114296725	0.4999997177254413	0.49998433401075426	0.4999988023717218	
0.6666730118558735	0.9999966427339397	0.9999982639724779	0.9999872566900759	0.5000000363972059	0.5000020927762735	0.4999976028822886	0.4999831723291785	0.4999993853839638	
0.6666730189199919	0.9999943866954152	0.9999976044363801	0.7499080137374673	0.49999985483849746	0.5000001311780353	0.4999991337117246	0.49998393168770416	0.4999964905512005	
0.6666731704384473	0.9999987942488507	0.9999595265459749	0.4999683622438711	0.49999979175790177	0.5000023527054982	0.49999972953965743	0.4999840636112491	0.49999908958301	
0.6667086894834421	0.9999940588071108	0.9999584504813974	0.25018396930503206	0.499998858137038	0.5000022132777633	0.5000023666922787	0.4999840589235912	0.49999494198687283	
0.6666702368040893	0.9999990759809655	0.9999816928210461	3.7799265781618727E-6	0.4999997578666486	0.5000057970675725	0.49999884523089605	0.49998398208464245	0.49999487029367656	
0.6666721942426126	0.9999936306714482	0.7500061462575957	0.9999883852327804	0.49999893945768886	0.4999998749616519	0.4999987411552942	0.4999842710622068	0.499999433284858	
0.6666721623637695	0.9999936361428508	0.7500061419052081	0.6666769158649376	0.49999978225707564	0.5000001331788847	0.4999993527655409	0.4999843006906434	0.49999503599678935	
0.6666721526036546	0.9999937060076544	0.7500065226192002	0.33335877847261974	0.4999997879217818	0.5000001600909723	0.49999937653941406	0.4999842971245566	0.4999988266186739	
0.6666662398023955	0.9999994120357404	0.7500061216162487	1.7073020502566723E-6	0.4999989161157791	0.5000027990800358	0.5000027706355267	0.4999841273474217	0.4999951407792278	
0.6666721552056947	0.9999936785997455	0.4999848219466236	0.9999810784065727	0.4999997809789878	0.49999959774176905	0.4999988041957335	0.4999842393484348	0.4999985393225939	
0.6666701765988137	0.9999839931250994	0.49998462779298075	0.5000637311647569	0.49999926333248673	0.5000001562849128	0.49999795911255523	0.4999842960952997	0.4999852000275743	
0.6666656403024065	0.9999969679299707	0.5000751450472944	5.215429891826523E-6	0.4999990422447502	0.5000023670436715	0.49999775002331415	0.4999836512610207	0.49999497077130056	
0.6667956308783585	0.9999744079999484	0.2501329536749654	0.9995424944135731	0.5000002184519103	0.49999845972827045	0.4999984847840973	0.4999838699240569	0.49999910927857827	
0.6667026722573872	0.9999745782972136	0.2501315993798579	4.100737973658731E-4	0.5000002052700758	0.49999949248330444	0.49999825931534714	0.49998387304903835	0.4999991988181952	
0.6666744184470267	0.9999939650488227	5.3248605194319115E-6	0.5013441717441425	0.5000000320630642	0.49999967219360253	0.4999973563896701	0.49998428833486347	0.4999985336042611	
0.6666729763727831	0.7499147490811287	0.999993264089141	0.9999949544527151	0.49999987325640355	0.49999923220135245	0.499998787219345	0.49998055534626795	0.4999811248694351	
0.6666729928292333	0.7499142676574044	0.9999908789446796	0.6668019700872415	0.5000000820158865	0.4999997928427632	0.4999987773930933	0.49998404523377643	0.4999948524646054	
0.6666729340467177	0.7501079010074808	0.9999026140781332	0.3333962453333904	0.4999998170752281	0.500002359521379	0.49999846314150515	0.49998344661750543	0.49999910795924885	
0.6666726019975575	0.7499798508224247	0.9999992299866489	2.0048266014018677E-6	0.4999988532327268	0.49999983164579237	0.499998259433889	0.4999842092114408	0.49999472481577867	
0.6666726920434243	0.7499779313356466	0.6667293290863497	0.9999581966232115	0.49999943314786127	0.5000012569919304	0.4999995278944716	0.49998399802379173	0.49999614450919694	
0.6666727889417491	0.7499801129912415	0.6666955882572337	0.5000306797962865	0.4999994191260385	0.49999791984016984	0.4999987774117791	0.4999839704010079	0.4999989936456748	
0.6666663243519911	0.7499840844027008	0.6666352493339083	1.3775523311757256E-6	0.4999994150064233	0.5000028052041652	0.5000024497294925	0.4999840590996784	0.49999514105458115	
0.6667448678351305	0.7500665619754403	0.3337363337139534	0.9993239377775714	0.50000017231569	0.4999995742401824	0.4999993782764033	0.49998414098719485	0.4999987879655551	
0.6667159911096118	0.7500672033089143	0.33348464591121685	0.0011299129783546857	0.5000002929205719	0.49999944923977613	0.49999936858940147	0.49998315125566084	0.4999848544592193	
0.6667027874623075	0.749919812511013	5.232553900370491E-6	0.0012907059217961278	0.4999996434037733	0.5000002150151089	0.49999931984487056	0.4999841236810677	0.500001019789234	
0.6666808401413984	0.5000306911061859	0.9999906374529266	0.9999558397294989	0.4999997614131971	0.5000015226205118	0.49999857105970813	0.49998005846698274	0.49999474024706636	
0.6666876769642192	0.5000440895088683	0.9999593031293058	0.4999497563002473	0.4999987238313218	0.5000015382225601	0.4999993589838218	0.49998042811921406	0.499995322228396	
0.6666876769642192	0.5000440877525733	0.999991063245807	4.682349312854955E-5	0.4999996234019301	0.5000016770201995	0.4999982710859281	0.4999826065289638	0.4999972690502684	
0.6666791166727871	0.5000329282329361	0.49989808122964274	0.9999617201930696	0.49999618785094846	0.5000011506091673	0.4999988086478858	0.49998391313233914	0.49998174484298163	
0.6666882099663904	0.5000440895081546	0.4998993902179885	2.1299201175681683E-4	0.49999872657916045	0.5000011204434825	0.4999988118720385	0.49998365378812004	0.4999821552289229	
0.666687778500407	0.5000329330721974	1.0894704491941245E-4	0.4505542473648201	0.4999961870690826	0.5000011203157368	0.49999743602328334	0.49998395417849384	0.499998838495171	
0.6666876695515404	0.2501150255981522	0.9999655009341887	0.9995541677225164	0.5000002634760288	0.5000000416553964	0.49999875305093583	0.49998328985186014	0.4999985852657448	
0.6667323805717368	0.2501147682001076	0.9999655830604716	5.82956237313137E-4	0.499998697036739	0.5000016581642353	0.499999475867749	0.49998435854011086	0.4999955361891621	
0.6667326194496791	0.2501143031238208	5.108143410297861E-4	0.5176255254063598	0.5000008827063419	0.5000000627465733	0.4999986878297261	0.4999842740111876	0.4999973742677441	
0.6666806933348006	2.0347322768399234E-5	0.6960716016420238	0.4941122497022624	0.5000002562462283	0.5000016234376633	0.49999881667126755	0.49998420645434183	0.49999805485591764	
0.500055070635353	0.999820976413975	0.9999346210651165	0.9999883648209519	0.49999987865278617	0.49999938443678965	0.499998741724185	0.49998427303838266	0.4999810919486209	
0.5000499164634874	0.9999656648580155	0.9999976830594062	0.666675299069681	0.4999998837076457	0.5000012488174602	0.49999758639024444	0.49998324775731773	0.49999730549429	
0.5000361443578761	0.999986618609635	0.9999649448355482	0.3333534702209173	0.4999997924803412	0.4999992988927968	0.4999983737333683	0.49998407217228164	0.49998158953070515	
0.5003398170291665	0.9996601867261745	0.9996561374225488	1.9247089987824687E-5	0.49999974570704886	0.5000026304206103	0.4999922846333088	0.4999811512492524	0.4999854796584831	
0.5000131085509518	0.9999791482652273	0.6666539473272838	0.9999950574065208	0.49999986376164635	0.4999994986431248	0.499998110958045	0.4999840057041356	0.4999950915413838	
0.5000381283158518	0.9999786070242932	0.6666493248674477	0.5000321350193568	0.4999994188620971	0.49999949681238326	0.5000024631645016	0.4999842903571974	0.49999497045539565	
0.500012116171611	0.9999983616458875	0.6666517531673655	4.477929005937517E-6	0.4999997400758866	0.5000013567828081	0.49999754067600144	0.4999832050394184	0.49999861534445733	
0.5001313936838125	0.9999730655931668	0.33369817243307115	0.9993697099615076	0.49999983631274986	0.49999955422898223	0.49999958466384287	0.4999841871215286	0.49999522883089403	
0.5000138124011483	0.9999993079690562	0.33333645492147623	7.515946484831825E-5	0.4999993057357107	0.4999994945698867	0.4999982260777232	0.4999840272375323	0.49999898601717035	
0.5000130970947602	0.999984954594698	1.5711631927964704E-5	0.32704886750297746	0.4999995905679088	0.4999995546639163	0.4999995909531826	0.499984644664115	0.4999950846696247	
0.500036268401645	0.6667900944936347	0.9999314715887974	0.9998172209049017	0.4999998869103627	0.5000026861617416	0.49999518853752495	0.49998427663892775	0.4999818613103558	
0.5000365383367065	0.666748553003157	0.9999396905480328	0.49999164497525617	0.4999999910918458	0.500001644755931	0.4999995280734155	0.49998309865065077	0.499998570062465	
0.5000403813797772	0.6667535986917841	0.9998652125677037	4.717247142791413E-5	0.4999994177013062	0.4999995542635411	0.4999981990261324	0.4999842103877918	0.49999484651778753	
0.5000405451248882	0.6667527927870055	0.4999854838505626	0.9999624627758702	0.49999951997917025	0.5000016480822738	0.4999993438398298	0.4999842637285215	0.4999987383316458	
0.5000406812394421	0.6667868846876585	0.4999854696123817	1.3597635460961047E-4	0.4999995303300127	0.5000016449867304	0.4999993029086315	0.4999830948859373	0.4999985803019002	
0.5000126425800089	0.6667536896743267	1.4173921879628173E-4	0.49602917114056533	0.4999995294911966	0.5000022869568285	0.4999993644139612	0.4999825891327829	0.4999953616968339	
0.5004210053374532	0.3343495588120835	0.9989837858123791	0.9976072142171247	0.5000002603510402	0.5000016447257815	0.4999987736298035	0.4999833583094942	0.499998604079291	
0.5004910590415063	0.3344412456133846	0.9977573812744985	0.002420743314058789	0.49999958786138593	0.500001650260583	0.49999459737211116	0.49998427544052004	0.4999990672684593	
0.5004198409092471	0.33459461937292184	0.004156406359015787	0.5001992749272176	0.4999995307868771	0.5000023758268595	0.4999993585191588	0.4999835527856164	0.4999985589138413	
0.5000088293154428	1.3276847601989246E-5	0.7004744271848943	0.49744271656858396	0.5000000660560053	0.5000017082131828	0.4999997419340386	0.499984051033209	0.49999882197679535	
0.3335396713474655	0.9999918720153297	0.9996467989990692	0.9997129857873218	0.4999995601585245	0.4999989835509382	0.4999953727488511	0.4999842822754714	0.49997955485180123	
0.33354471964234694	0.999986548404043	0.9995648174899036	0.4999678370036372	0.49999979245651727	0.5000021360976363	0.50000253696073	0.4999831594048333	0.49998558307589963	
0.33354159750081974	0.9996575373973537	0.9998142728910406	2.2230179860011442E-4	0.49999889488613347	0.49999975048965367	0.49999934566344206	0.4999812586491939	0.4999947178096433	
0.33354287218191414	0.9997639288813477	0.49998569554792766	0.9997052529696145	0.49999975701380667	0.4999992128469926	0.49999824695256373	0.4999843547966081	0.49999507578936925	
0.33354287072812655	0.9997490583138563	0.49998569446083346	4.4035869315180653E-4	0.49999965224309817	0.4999992128245938	0.4999982198977796	0.4999842439665793	0.4999950757913627	
0.33333384763090146	0.9999987595952711	2.1657935504459935E-6	0.0017913983021699345	0.5000000551697407	0.5000021819448353	0.4999978627832594	0.49998316255191627	0.4999986252206694	
0.3336718526175644	0.5004296474639389	0.999170874326148	0.9992494234727003	0.49999943269907177	0.5000026442172094	0.4999947123521871	0.49998130761592136	0.4999951303093708	
0.3332015992471968	0.5002508939934347	0.9999389984328954	1.3596128198051924E-4	0.4999995224274504	0.5000015824196632	0.49999785739326535	0.4999830737805842	0.4999990701864871	
0.3333345904259413	0.5000592326628248	1.6003979989657216E-5	0.5017213497450229	0.4999995347310236	0.5000020256627761	0.49999778455575117	0.4999842666845252	0.49999639843353066	
0.33376785836655737	0.001531355850784566	0.6805228910446767	0.4753639737154164	0.5000003536123848	0.499999982569446	0.4999991671164989	0.4999845976186936	0.49998109202215896	
0.1672978495319853	0.9994414465498115	0.9988034247249601	0.9993542874819726	0.499998906552716	0.49999920392520475	0.4999978192207382	0.4999833911004892	0.49999490443788996	
0.16728403223438226	0.9987333709177494	0.9988034252747445	4.399015881139101E-4	0.499999626620124	0.500003996723728	0.4999982106603619	0.4999842176363393	0.49999473058801563	
0.16729610382778873	0.9993808676188174	0.0023013309292736484	0.5412181500939864	0.49999963647792434	0.4999989633213663	0.49999787362135156	0.4999843018189424	0.4999950264254026	
0.16729974848339638	0.0037899248813623877	0.6805342151439372	0.5001875438258173	0.49999957758851454	0.500001442684558	0.4999977983405915	0.4999846020676123	0.49999721967400546	
8.024748975099527E-6	0.6667252580245512	0.5056612047688602	0.9998638856606602	0.49999947981001414	0.5000015400852104	0.4999981881076621	0.4999843662790347	0.49999494837004854	
