0.9999880738523311	0.9999915290345504	0.9999988053773647	0.9999497869035163	0.49999932339559483	0.4999920543280109	0.49998999917801634	0.4999486602495435	0.5000001931538349	
0.9999894648561632	0.9999030745151932	0.99999009176341	0.8333472915200546	0.4999992885494903	0.5000001818512139	0.49998996904513027	0.49994840770931276	0.5000001093511582	
0.9999829359818809	0.999972732243868	0.999997259463028	0.6667675432046095	0.499999086253763	0.500000793950122	0.49998996193778883	0.4999496045385891	0.5000012539612572	
0.9999879649243523	0.9999961984647415	0.9999799670534433	0.49998531447815725	0.5000007109395274	0.4999988215428708	0.49999008834661973	0.4999487248480825	0.5000001558148547	
0.9999917060159413	0.9999841380720046	0.9999475090254277	0.33355983186942506	0.50000064499413	0.49999925683600815	0.49999021116026254	0.49994823299753166	0.5000001604307542	
0.9999898418996996	0.999999845330579	0.9999945036079584	0.16663999584271655	0.5000007560905394	0.49999880095493127	0.4999904096363478	0.49994935170131843	0.49999491775092186	
0.9999682061382978	0.9999837022407748	0.9999891460207919	6.774837213844467E-6	0.5000010902451294	0.49999941096334183	0.499986894943898	0.49994641729052025	0.49999940008774124	
0.9999898455674988	0.9999937682422685	0.8333873842299515	0.9999766149722029	0.5000003721635194	0.5000076620680224	0.49998993340512465	0.4999492832617285	0.5000001073937494	
0.9999920602541682	0.9999848110577788	0.833387991984569	0.7999197407371469	0.49999958508965675	0.5000001662515157	0.4999899836778993	0.49994863265203393	0.4999986629852875	
0.9999904214166305	0.9999840922217833	0.8333878696568563	0.6000982893243234	0.5000006542955091	0.5000022214422968	0.4999896673820158	0.4999486726312111	0.5000001356800851	
0.9999857707696082	0.999995945812794	0.8333689904889588	0.40000891035297054	0.5000006806702487	0.49999981178414465	0.49999025230048455	0.49994947342732055	0.49999733404211993	
0.9999925258434325	0.9999959710094736	0.833387855412253	0.19997946057683919	0.4999995893446147	0.49999979031734815	0.49998966853397075	0.4999494703353346	0.4999992971429301	
0.9999924783021894	0.9999972402298808	0.8332144304341335	4.310738968480782E-6	0.5000009615078767	0.4999999257301533	0.4999876694739793	0.49994935581954	0.5000014732724927	
0.9999937755645284	0.9999914936424957	0.6666276995656517	0.9999980980232109	0.5000002000300477	0.5000007065436879	0.4999900214651244	0.49994858108625795	0.5000005076909345	
0.9999967400593193	0.9999996817274538	0.6666276995656517	0.7496953898804538	0.5000010137321019	0.4999993800164018	0.49998979529998416	0.4999495559363339	0.4999987635926347	
0.9999944499533069	0.9999969968304797	0.6667166614883072	0.5000055876567181	0.49999790005529143	0.5000001925415555	0.4999897913421326	0.4999493792604097	0.49999891713404615	
0.9999727780483101	0.9999963485459248	0.6666978414812831	0.2500028203891126	0.49999843548147394	0.5000001615643331	0.499990034496248	0.4999492768854903	0.49999943641873146	
0.9999618278700942	0.9999528924452911	0.6668667701596449	1.5881429658361768E-4	0.4999995858232266	0.4999995392680216	0.4999902542898293	0.4999494557834335	0.5000004689309734	
0.9999911920655196	0.9999856996140776	0.4999284817944785	0.9999838784718849	0.5000009959862358	0.500000421523847	0.49998997057320105	0.4999480918337147	0.4999987719098089	
0.9999669146542575	0.9999852966354187	0.4999284619269707	0.666449232399753	0.4999984279181704	0.4999979017076698	0.49998930799381364	0.4999485730020749	0.5000000421239686	
0.9999990094156047	0.9999747247520885	0.5000657849222601	0.3334460845509725	0.49999866642457136	0.5000025089505933	0.49998994379083067	0.49994930202771154	0.5000009596603859	
0.9999953557768736	0.999999578126231	0.500068456051935	1.0735574380302674E-4	0.49999865094755963	0.4999995042510351	0.49998995707528004	0.49994931103161316	0.5000006487901304	
0.9999865779725764	0.9999996606157822	0.33333068243264696	0.999995897016983	0.4999990843830996	0.5000044545943494	0.4999853454836736	0.49994826173719326	0.5000007063461889	
0.9999979032416507	0.9999866866492881	0.33337134487136283	0.4999675512996261	0.4999986078408734	0.5000001233074235	0.499990158143595	0.49994983620833994	0.5000009703904551	
0.9999854935551371	0.9999942879291378	0.33316166320837737	8.996688249161283E-6	0.49999947289066404	0.49999868325614005	0.49999032082174183	0.4999480520651158	0.500000212195531	
0.999918518070499	0.999862950643606	0.16733186782387577	0.997177656787738	0.5000016777071951	0.5000053384455566	0.49998645283117593	0.49994821314113463	0.5000013723034502	
0.9999087969860692	0.9998636737686051	0.16733186782387577	0.0015638908310490196	0.5000016777071951	0.5000053433527266	0.49998645283117593	0.4999480854591312	0.5000013829177085	
0.999994412128287	0.9999993409955984	1.7934113505806067E-5	0.43516608342572854	0.4999997304051939	0.4999991796805565	0.49998977496266594	0.4999490699067543	0.4999979286520351	
0.9999967404634411	0.8333308627437342	0.9999988476263308	0.9999971669724993	0.49999920560776645	0.5000001771047871	0.4999898984998458	0.49994863492360686	0.5000001538446616	
0.9999999442370499	0.8333308423302196	0.999999260929161	0.799978257246879	0.49999909895358235	0.500000214779603	0.4999893328106712	0.49994957239345295	0.5000012541133726	
0.9999973946703016	0.8333307533419525	0.9999942555101715	0.6000387095279138	0.49999906026250535	0.5000007052430296	0.49999012622528083	0.49994960706608066	0.500001266278122	
0.999997290983691	0.833331793236856	0.9999998822664317	0.3999986358914017	0.5000004214476095	0.4999993783722686	0.4999901305536384	0.499949383835759	0.5000002509083397	
0.9999969512263247	0.8333317020943752	0.999993650346658	0.19997940675827688	0.5000023183300151	0.49999954696558385	0.499990234909597	0.49994943173245643	0.49999813098193835	
0.9999949130928049	0.8333275215024251	0.9999994749906698	8.499334075295679E-6	0.49999772238450574	0.5000004489947097	0.499989535423897	0.49994940404200144	0.5000014380389745	
0.9999978132857517	0.8333308416473189	0.7999975229791726	0.9999984965353746	0.49999996564225374	0.4999986530681684	0.49998972692769056	0.4999495614989345	0.49999949833196544	
0.9999981539613799	0.8333308501160843	0.7999977620145031	0.7500062979253805	0.5000003703539827	0.49999938815129275	0.49998974088555265	0.4999481836405037	0.4999995630934612	
0.9999989454362775	0.8333308861738354	0.8000012776142894	0.5000063094611081	0.4999990740927806	0.4999995346038705	0.499989805154065	0.4999495222846119	0.5000000674420261	
0.9999997064234276	0.8333319149663094	0.7999877461589489	0.25000021837802927	0.49999783566478057	0.4999995365353876	0.49999022770923485	0.4999486317567311	0.5000006921973713	
0.9999968997566185	0.83333163900468	0.7999776368615491	4.834862280089518E-7	0.5000010133481434	0.49999957521881067	0.49999024907748785	0.4999486318617816	0.5000006964482886	
0.9999974753252168	0.8333269521434803	0.599964757714226	0.9999984582062225	0.49999999278185536	0.499999208814461	0.4999899747730012	0.4999486942007613	0.4999995324920074	
0.9999913430204715	0.833333556861057	0.5999629277407905	0.6666134807845173	0.5000009058143269	0.5000001587170452	0.4999894315117708	0.4999486570955328	0.4999996426295526	
0.9999954417297652	0.8333229982259431	0.5999629770048523	0.3333480773013871	0.4999986662151468	0.5000002438592993	0.4999896513965339	0.49994944103800204	0.5000008158772193	
0.9999953218011995	0.8333229976587763	0.5999623339218241	5.640295672241607E-7	0.49999965689622994	0.5000025289305214	0.49998965266495476	0.4999495583750278	0.5000007989077131	
0.9999950697683092	0.8333336717110318	0.400163779486673	0.9997421483918651	0.4999992464477206	0.5000001370440293	0.4999903526762095	0.49994925554931424	0.5000002478375613	
0.9999977072079793	0.8333285631871988	0.39998262057895206	0.5000055709591655	0.4999995714108864	0.5000025242666142	0.4999896632248584	0.4999495595813746	0.5000008134629019	
0.9999914520490376	0.8333281551543389	0.3999807683149192	4.230443333136429E-6	0.49999972133971055	0.49999960464468407	0.4999898577888641	0.4999482261530508	0.49999981652156433	
0.9999290426519876	0.8333290745264638	0.2003826424455753	0.9987671111706422	0.500001700821047	0.5000002282111751	0.49999034774353796	0.4999784216016394	0.49999947398282474	
0.9999965319016831	0.833329052141656	0.19998097741619925	1.505561553809395E-5	0.5000017107058998	0.49999926345507334	0.49999034500677164	0.49994825361452266	0.5000012051475423	
0.9999992337859022	0.8333288471925496	5.5541862286918046E-6	9.235793500948558E-6	0.5000017412607356	0.5000001221361735	0.49998990691893597	0.4999790012642859	0.5000012030305336	
0.9999903565737324	0.6666189520421434	0.999999050098234	0.9999971735325799	0.5000003561949269	0.49999942737989633	0.49998974213767217	0.4999480523135865	0.4999995877138343	
0.9999480169462982	0.6668199798411586	0.9999820215357427	0.7493171034899918	0.5000000342965314	0.5000004123514832	0.49998978983972475	0.4999495605263499	0.49999950250491065	
0.9999112378954624	0.6668201904964663	0.9999091735091683	0.4999910680965533	0.4999992750495941	0.5000034950724439	0.4999900463361629	0.4999493643309498	0.4999981419012858	
0.9999949372064216	0.6667122970010355	0.999945342964542	0.25000021747174467	0.5000006572713751	0.5000001589791248	0.4999902356130069	0.49994937444707627	0.5000013223682486	
0.9999949003949884	0.6667045487760932	0.9999653912558748	6.08916224879509E-6	0.5000006526077699	0.5000002536838455	0.49998952566871496	0.4999494206371042	0.5000009404937178	
0.9999974299440664	0.6667050088289658	0.7499937522891845	0.9999994052523788	0.49999586931355405	0.5000011403156354	0.4999903554146475	0.49994925603707957	0.4999999473459605	
0.9999997586569227	0.6666736254635823	0.7499936351991923	0.6666326974771778	0.4999986065931696	0.4999997375819461	0.49998945146388185	0.49994934463682716	0.49999904709938425	
0.9999977304095997	0.6666616794679028	0.7500455492398816	0.33335520405725505	0.5000004565171319	0.5000002533829606	0.49998955342430945	0.4999493194045133	0.49999960683305894	
0.9999974481419197	0.66670455174989	0.7500455302060784	9.627968458209805E-5	0.5000021346677671	0.5000024252621055	0.49998951579260736	0.49994942058359004	0.5000008464842619	
0.9999995796552965	0.6666462448227977	0.5000229433575327	0.9999732748630529	0.49999941413261856	0.49999939702714796	0.4999903526148038	0.49994938705500674	0.5000006744539788	
0.9999976545055471	0.6667046596328031	0.4999696151197118	0.4999762788443904	0.5000009095636673	0.5000000414289054	0.49999007247249416	0.499981493536249	0.4999946553040578	
0.9999949565019348	0.6667093787669334	0.49998476371087897	1.3255676318679006E-5	0.5000016730759171	0.49999771412188637	0.4999866740450823	0.4999487806344413	0.4999996209682042	
0.9999911571559532	0.6667047746790723	0.25003609098393315	0.9998345536722356	0.4999997973427969	0.5000002965317395	0.4999898538498227	0.49994835524341813	0.4999997365896086	
0.9999987324989038	0.6667047746809861	0.25006081280915793	1.5345285969338315E-4	0.5000011714485685	0.5000002185758258	0.4999901170449931	0.4999802354924995	0.49999963367649136	
0.9999969592195442	0.6667047748982932	3.1663471331955316E-5	0.49855868461719055	0.5000008393780557	0.4999997228301188	0.49999015299254596	0.49994985777025014	0.4999988216353318	
0.9999967211516	0.5000777900209232	0.9999836113000335	0.9998818154130236	0.49999577581878063	0.5000002179504337	0.4999901076633486	0.49994869913413026	0.4999997932795423	
0.9999999336109012	0.5000667686466673	0.9999082465396605	0.6666327107718822	0.4999957085389433	0.4999993826402329	0.49999013952039933	0.4999493444741636	0.4999998349866234	
0.9999850212144891	0.5000667205671057	0.9999480938019033	0.33349561149153245	0.5000007131258983	0.5000023123982625	0.49999016816835384	0.49994925789286454	0.49999502555759423	
0.9999848416447065	0.5000667198850447	0.9999600824371898	1.391020350982296E-5	0.5000023988552519	0.49999937561228436	0.4999902526803347	0.499949300857225	0.49999892144253655	
0.9999940669056763	0.5000072404837176	0.6666913001011636	0.9999709177939119	0.5000024636167693	0.5000003449840575	0.49998925717589676	0.4999492521746186	0.500000646368465	
0.9999986122230705	0.49996236546368344	0.6667203714997498	0.5000184595060668	0.5000008663488872	0.5000003787459357	0.4999900691768375	0.49997991044401513	0.49999474505679214	
0.9999852015078501	0.5000667673766903	0.6667204113593281	1.9922005893967652E-4	0.5000015024391911	0.4999977184954667	0.49999006171665633	0.4999492658174138	0.4999996265803822	
0.9999842316461318	0.5001925241636016	0.33371584975037566	0.9988404110140479	0.4999991801346176	0.49999920531429115	0.499989492727328	0.49994877858192904	0.49999990824407536	
0.999965641881385	0.5001923706188454	0.3337814511376804	0.0010643216724727528	0.49999925858953975	0.4999992037799849	0.4999887571182369	0.49994877762607853	0.5000004134903502	
0.9999987268590226	0.49996072773378775	2.1541851738460227E-5	0.5389199533891869	0.5000017092864302	0.5000017614747393	0.49998799302819275	0.4999802439201344	0.499998803562225	
0.9999866606947793	0.3332641266961283	0.9999818686798783	0.9999673064430278	0.5000021785720271	0.5000010562059016	0.4999901306766655	0.4999480951949622	0.5000007785300737	
0.999986607391896	0.33341722531035184	0.9999721617662924	0.49998968983640474	0.5000005071945559	0.5000003590746128	0.4999898036581534	0.4999463616933578	0.49999986774540683	
0.99998261237665	0.3332621812035722	0.999950379311717	4.600179118601927E-5	0.5000014392406567	0.5000002033454684	0.4999900959270118	0.49994926354300356	0.5000001788539339	
0.9999984386281681	0.33341742701036753	0.49996982781353166	0.9999684947278004	0.5000006457862379	0.5000008147437346	0.4999897774489042	0.4999496323187784	0.49999990946321937	
0.9999969296973282	0.3332619897716831	0.4999696185547163	2.4647977690675743E-5	0.5000014979860828	0.4999972379302758	0.4999895941386	0.499947064660196	0.4999995834735621	
0.9999949463900977	0.33327584627162554	6.276895548274715E-8	0.4965843984105837	0.5000010721052099	0.5000018061156267	0.4999897872104086	0.4999490924181954	0.4999997952863914	
0.9999835775736429	0.16719991567485706	0.9985186807826368	0.998912704289727	0.5000013617579385	0.5000000361268195	0.49998836309454653	0.4999480064238671	0.4999999945961116	
0.9999827058653799	0.16719991564508452	0.9988656227574331	0.0011244884205882572	0.500001451517053	0.5000001256339145	0.4999854460197637	0.49994924326469753	0.4999953070771778	
0.9999836157116176	0.16658316941097226	1.2107195526215306E-6	0.47605356929928544	0.5000007899353306	0.5000001272462028	0.499989790160706	0.49994929398912713	0.5000004155113945	
0.9999994777900391	2.1937628828044842E-5	0.8796602847529349	0.334401088553648	0.5000007995971734	0.500000784112535	0.49999010533855737	0.4999492639407803	0.5000006571145457	
0.8333194838280491	0.9999961999782748	0.9999998034831663	0.999994566634314	0.4999993314367885	0.49999874929682747	0.4999899330817264	0.49994864959503427	0.5000002727253381	
0.8333071409269552	0.9999900318595962	0.9999998045118703	0.8000662373482894	0.5000004305481972	0.4999987500897952	0.49998979361523477	0.49994860022620335	0.5000002212568166	
0.8333066825179732	0.9999992867187725	0.9999850534781053	0.6000410050662215	0.5000003646024932	0.4999989463724754	0.49998992697203537	0.49994933874814446	0.5000000481180856	
0.8333067391957902	0.9999991670377808	0.9999850312573624	0.4000658120174838	0.5000004204867443	0.4999988360238073	0.49999025300418964	0.49994921652628943	0.49999723825319325	
0.8333019143021886	0.9999999623643941	0.9999929242115986	0.20000312885549984	0.5000005783189555	0.49999919229357953	0.4999902513857053	0.4999493336986064	0.5000009431574797	
0.8333115897666943	0.9999970460938358	0.9999927301792562	9.36718577459682E-7	0.49999807118661194	0.49999877738846277	0.499990390896393	0.4999493780900327	0.4999949146502618	
0.8333072336426867	0.9999995378450245	0.7999979861838208	0.9999995722777819	0.5000003644842309	0.4999989471389625	0.4999899306166645	0.4999493381795605	0.49999992427889284	
0.8333065470402032	0.999999853997473	0.7999840260956704	0.7500081496932925	0.49999923620832704	0.5000001926071469	0.4999898301675387	0.4999494045995104	0.500000037773747	
0.8333066911011127	0.9999993477506878	0.7999995103747494	0.49999154008495933	0.5000004301123222	0.49999966520564965	0.4999889478573616	0.49994921752859406	0.5000002156162767	
0.8333245320735247	0.9999960138453445	0.79999579243806	0.2499900073411707	0.5000003547828274	0.49999925527383277	0.4999902229645303	0.4999493704349771	0.4999974260252676	
0.8333128413279123	0.9999995993781473	0.7999871141547905	1.9835170243559088E-7	0.5000007585209971	0.4999991940555415	0.4999902517866878	0.49994935017351694	0.49999491537246477	
0.8333070067039711	0.9999996246908666	0.599964764062547	0.9999995757149355	0.5000003506762667	0.4999991917287965	0.49998941654773693	0.49994858025749583	0.5000003860965524	
0.8333118961765626	0.9999999159743088	0.5999647547458922	0.6665914286877965	0.5000003721379818	0.4999996424207788	0.49998996899964027	0.4999493079888133	0.4999998946664279	
0.8333120308162868	0.9999996024578743	0.5999647637604762	0.3334081219565254	0.49999781583837904	0.499999734831925	0.499989538073973	0.49994802808296557	0.49999999022480524	
0.8333311866162271	0.9999957965763029	0.599960253975374	3.492526625979505E-6	0.500000920390537	0.49999903100117526	0.4999900751123014	0.4999492913531971	0.500000645677633	
0.83330827549349	0.9999992404122512	0.40016068136313854	0.9997397178401444	0.49999946937701695	0.49999882581350313	0.49999035157169464	0.4999760412530961	0.5000004722289159	
0.8333309950772041	0.9999965160993655	0.3999856977378278	0.5000026490163859	0.5000009195001385	0.5000022161115208	0.4999903660942116	0.49994924605655006	0.500001476242168	
0.8333317609351107	0.9999958011406036	0.3999843888909953	3.5060911948448017E-6	0.5000001210309586	0.4999994527548796	0.4999900704910142	0.4999482317854114	0.500000639513658	
0.8333309354005872	0.9999999175380226	0.19996700797351802	0.9999942943897989	0.500000076032999	0.4999987659245315	0.49998537063781584	0.49994794422232397	0.5000007011016565	
0.83333086099142	0.9999973392690501	0.19997975949043523	8.509295145239923E-8	0.4999986709459571	0.49999939285640776	0.4999899496624446	0.49994795670540026	0.5000007180002125	
0.8333318694859964	0.9999999142301788	1.2849319250724644E-6	0.6621128866493783	0.4999999633082888	0.4999991985484072	0.49998889417222137	0.49994924953936665	0.5000006096758665	
0.833319471633667	0.8000052121913863	0.9999993174044534	0.9999971917585276	0.5000000489620912	0.4999987936695403	0.49998979311607095	0.4999493482312404	0.499999600852927	
0.8333170875925222	0.8000060783589897	0.9999993910066277	0.750006312907834	0.4999983527960053	0.5000003540376369	0.49998979591052056	0.4999492930983333	0.49999994754371235	
0.8333123159222279	0.8000052292144504	0.9999999234409803	0.4999861892928815	0.5000004827746867	0.5000002516681058	0.4999895482683399	0.49994872509627886	0.49999970205782085	
0.8333151221592384	0.8000043405958209	0.9999994816006786	0.2499999741130233	0.4999990722988747	0.49999932529129504	0.4999900684140633	0.49994865107529174	0.500000068787012	
0.8333151017456473	0.800004092116404	0.9999820941112171	4.578915049112748E-6	0.5000000302899019	0.5000004811507349	0.49998924514581133	0.49994943084407445	0.4999981110802892	
0.8333190057521407	0.8000047813739738	0.7499912175119969	0.9999991457821699	0.5000000229969124	0.5000002272309481	0.49998992504607587	0.4999493373476564	0.49999989921429	
0.8333174421301752	0.8000060762879267	0.7499913811588622	0.6664231323664171	0.5000012671302553	0.49999886566710877	0.4999903494718061	0.49994931613355187	0.4999999041331455	
0.8333118974794324	0.8000078276856905	0.7500494527172696	0.3333521981343794	0.4999987338197347	0.49999893891997904	0.49999034805264936	0.4999494250790932	0.49999982938450294	
0.8333127936362765	0.8000039492321401	0.7500493562852347	5.698744303360087E-6	0.5000009688801728	0.4999994560869183	0.49999010233540137	0.4999494259606775	0.500000143652122	
0.833318903750418	0.8000048944800273	0.49997588229259365	0.9999993241066466	0.499999913378472	0.4999990877597231	0.49998994284474196	0.4999484336188938	0.5000000087341107	
0.8332859701383931	0.8000110439697807	0.4999823931536784	0.4999858623751093	0.4999997677915174	0.4999992039984492	0.4999888920494464	0.4999494350086932	0.5000008404259432	
0.8333116368109817	0.8000039456195208	0.49998239663988236	1.2851198698521877E-5	0.49999981170276636	0.5000002889276067	0.4999899071198583	0.49994927844328213	0.5000017556789943	
0.8333302628184884	0.800010891333957	0.25018043545083213	0.999345859256907	0.49999575033738186	0.5000000495471775	0.4999894310641377	0.4999783806880546	0.5000000332621856	
0.833312014425863	0.8000110525359249	0.2500619790950978	2.794323240714746E-4	0.5000002739812306	0.49999849371911487	0.4999899353836404	0.49994919227916795	0.5000006555593528	
0.8333318735670932	0.8000108854913048	5.615286475880629E-6	0.4994092435776138	0.4999995607375991	0.5000005725274392	0.49999003658232716	0.4999486011510276	0.5000006962844014	
0.8333172464707732	0.6000660357814638	0.9999859784280797	0.999973762799114	0.49999906850637765	0.5000010454671467	0.49998925943588673	0.4999493399394696	0.5000007693543937	
0.8333691878959205	0.6000660356520501	0.9999100905356577	0.6666327107448715	0.4999999359193097	0.5000002167039972	0.49998912116239036	0.4999493461226809	0.5000009601326676	
0.83337094427167	0.6000948411697196	0.9999091085322267	0.333349309186944	0.5000021745727883	0.5000003645294365	0.49998977089090835	0.4999494216932134	0.5000009607645293	
0.8333718182359101	0.5999792369564518	0.9999424804615815	3.3378171910294978E-6	0.5000012734129269	0.5000003709028926	0.49998861113975723	0.4999794989202075	0.4999995930521072	
0.8333172587678425	0.6000705925641869	0.6666439598835281	0.9999710262099754	0.4999984050667887	0.5000004192982427	0.49998604101158167	0.49997619150637984	0.5000000025146982	
0.833312327571784	0.6000697476140571	0.6667287856245723	0.49990801000913593	0.5000008284517202	0.5000011941883611	0.49998922713644167	0.49994925111342425	0.500000006631341	
0.8333116457390507	0.5999792369564518	0.6667324985691864	1.2558417176146386E-5	0.5000012734129269	0.5000004900093792	0.49998989072184835	0.49997964153534885	0.5000015957157573	
0.8333119972457866	0.5998290439143102	0.33341253670118887	0.9999817012586053	0.500001183533422	0.5000000455858753	0.4999891334261732	0.4999784038540902	0.4999999987796433	
0.8333105295397705	0.6001162085486449	0.33341253670118887	5.694875079579886E-4	0.5000002649540212	0.49999846774325213	0.4999887504976645	0.49994918310314207	0.5000012152047992	
0.8333290401724144	0.6000751237975702	4.834756417217633E-6	0.5027307366282386	0.5000011512644778	0.5000004280528426	0.49998965028756637	0.4999487689836531	0.49999991595239596	
0.8333171097428479	0.40012659255936023	0.9997524069257828	0.9998401829560443	0.5000006687670577	0.5000007900539425	0.4999895529884812	0.4999494378146169	0.4999998577898461	
0.8333695040573726	0.40011224907523535	0.9998770062249495	0.5000138693867404	0.5000011526799045	0.5000017035814437	0.4999899541730556	0.49994925551100255	0.499999994714686	
0.8333715121076951	0.40030228546683716	0.999959708852196	6.076563361063018E-4	0.5000011416691128	0.5000004910673321	0.49998876769267997	0.49994821985355814	0.49999978722245	
0.8333716209394586	0.4000956087453901	0.5000746530217043	0.9998336408627426	0.5000006758003356	0.5000007900775679	0.49998918991131425	0.49994931720069574	0.500000612201923	
0.8333733979662075	0.40010733753184036	0.5001554638327028	6.038999151273709E-4	0.5000014420110744	0.500000348546545	0.4999903802858279	0.49994927273640694	0.49999992762098466	
0.8333283708123254	0.40011431905000516	2.496669835314099E-4	0.49998747486576556	0.5000012003978774	0.499999638306928	0.49998956163294683	0.4999480880263414	0.49999957341218426	
0.8333163721159244	0.20025033614866056	0.9994244318609998	0.9995184150786665	0.5000006322942662	0.4999973877155444	0.4999899535817428	0.4999496256036198	0.4999999896054231	
0.8333695043788584	0.20025339702812642	0.9995993879014259	6.044027284876274E-4	0.5000011287859157	0.49999929657772835	0.49999010481192946	0.4999492173750468	0.4999998675752543	
0.833311339630631	0.2001855318289019	2.4272609451123753E-4	0.3741535888049781	0.5000018634990467	0.5000008067255246	0.4999899557577565	0.4999492464247917	0.4999993804980382	
0.8333067388510241	6.491263360229593E-6	0.473731189819709	0.11114281513237054	0.5000011566692728	0.5000016667359739	0.49999017054166517	0.4999479381724327	0.4999999076567542	
0.6666705738760536	0.9999993304093403	0.9999994786080563	0.999996045376474	0.4999993026932362	0.4999987045617024	0.49998994301430755	0.49994959259858096	0.50000027953144	
0.6666747159088025	0.999986630889121	0.9999999413262584	0.7500081993489598	0.5000004305338281	0.5000001698853217	0.49998989932121296	0.4999492739435042	0.5000002234239593	
0.6666729851375204	0.999999253834154	0.9999997768477384	0.4999839185167738	0.5000001717333106	0.49999856440264184	0.4999892292373718	0.4999493371451512	0.5000008468176246	
0.6666265950915012	0.9999993046844756	0.9999926865699739	0.2500051790822416	0.4999977737317962	0.4999991954480824	0.49998949784884006	0.49994940297013213	0.49999822040125474	
0.6666859466822175	0.9999997933551946	0.9999929257769582	4.555136248702983E-6	0.5000006432186621	0.4999992068032809	0.4999872054217215	0.4999493559841397	0.5000010006314611	
0.666676702636305	0.9999896644925577	0.7500201922440769	0.9999729661738967	0.49999942178871903	0.49999900602182135	0.49999004862624236	0.4999493375648425	0.4999991018868271	
0.6666742919101907	0.9999733250160325	0.7500647047966484	0.666684379022198	0.5000002203370764	0.4999984686256679	0.4999897660686206	0.49994921217764615	0.5000001203505133	
0.6666515164176076	0.999985022973743	0.7500492879551174	0.3333494045316662	0.5000006901201769	0.49999994723363866	0.49998722822724034	0.4999493374954807	0.4999984868685397	
0.6666864345777569	0.9999982112820986	0.7500494324396295	5.506140046762921E-5	0.5000000118442832	0.5000004815981475	0.4999903666430735	0.4999494157981183	0.4999987820908678	
0.6666625224570711	0.9999992163239892	0.5000342090689951	0.9999724447953797	0.5000001691917747	0.5000010823459028	0.49998919190795266	0.49994833972933794	0.4999999892395059	
0.6666870128530107	0.9999781917488821	0.5000216701361894	0.4999873060750155	0.5000009262324256	0.5000001288222814	0.4999894266379877	0.49994926518524124	0.49999987349313774	
0.666690983372123	0.9999935736797265	0.500021598682869	1.459939029557208E-4	0.5000007611435733	0.49999865826969603	0.4999882644026141	0.4999486989289496	0.4999998375185167	
0.6666821151830451	0.9999872772624971	0.2501671095597565	0.9997246274811918	0.5000003550739841	0.5000004689971508	0.4999892851857712	0.4999479455275364	0.5000013105797556	
0.6666745412107596	0.9999995598712286	0.2501078720859564	1.4941423562986133E-4	0.49999968896606034	0.49999852233733927	0.49998934525527683	0.4999492382606505	0.4999997434440068	
0.6666608534155093	0.9999997705642988	4.604969698222414E-6	0.9465087483897417	0.49999969304207886	0.49999920140093085	0.4999894869803184	0.49994925561389536	0.5000007290468612	
0.6666709028648301	0.7499806885762238	0.9999998039323167	0.9999959930473132	0.5000010975617329	0.4999986914495314	0.4999892263867247	0.49994960168733926	0.4999987651614549	
0.6666741404966755	0.7499367196908926	0.9999997543042405	0.6666346125003413	0.4999992645746435	0.4999987039796953	0.49998932126960843	0.49994930236934926	0.5000001165458923	
0.6666672666210504	0.7499481037531106	0.9999997586716007	0.3333494045987265	0.49999899322846003	0.49999871462238593	0.49998915299514435	0.49994933834054084	0.499998486839276	
0.6666864341088731	0.7499480836411337	0.9999947090230628	1.0870538247679612E-4	0.5000000055206943	0.5000002601338388	0.4999903619068025	0.49994936006737123	0.4999999525216295	
0.6666746385129807	0.7500098318138193	0.6665979138858532	0.9999989291666976	0.5000009239140406	0.5000001863824797	0.49998992058405256	0.49994933673529207	0.4999994178654105	
0.6666747108881401	0.7500101279584451	0.6666017949792746	0.49998341015086345	0.49999946092703307	0.49999931617898685	0.4999899421890367	0.4999492841747931	0.5000006851568193	
0.6666749533672068	0.7500102949305741	0.6668288895177816	5.8844460261145976E-5	0.5000049238535236	0.49999879226016447	0.4999895403897243	0.4999493217560126	0.49999880803158603	
0.6666724182957919	0.7500445811943203	0.33372842647068146	0.9996078158877272	0.5000012080246148	0.5000007477662521	0.49998894900820035	0.4999491451769196	0.4999988588649828	
0.6666604759593836	0.7500077835350989	0.3334135717841057	3.673578100443022E-4	0.49999936110761145	0.499998656096706	0.49998993772787476	0.49994915775124366	0.5000007368173448	
0.6666721808989367	0.7500445151896266	4.291846825440007E-5	0.5186542993447185	0.499999686960071	0.49999896352439493	0.4999889490415861	0.4999492251265949	0.49999886545170424	
0.6666735232252692	0.5000099328077031	0.9999860235871784	0.9999796872313479	0.4999984510461118	0.49999860867339363	0.49998556789218435	0.49994865385881504	0.5000005475519064	
0.6666880105990658	0.5000131046204276	0.9999856849212991	0.4999831883631157	0.5000050663194897	0.5000017003891886	0.4999899570558117	0.49994937977421877	0.4999998406720778	
0.6666478553663667	0.5002201632025249	0.99972122092456	1.3576160796364522E-4	0.5000012006015787	0.5000003714526097	0.49998914213735246	0.4999492787704831	0.5000012047544924	
0.6666865742372216	0.5001247505643998	0.5001805027553407	0.9999094442212497	0.5000012396492073	0.49999920968061945	0.4999892161284232	0.49994864611119266	0.4999999991395024	
0.6666868547956026	0.5000127253056489	0.4999669029277455	2.0351149238509488E-4	0.5000049983359194	0.49999867987500735	0.4999874028668945	0.4999493012592822	0.4999998923939246	
0.6666721297314578	0.5000549278315258	1.2154118556175197E-4	0.5507400993573969	0.5000018212387518	0.4999989557980363	0.4999883448078588	0.49994968724342326	0.5000000304687903	
0.6669650043531681	0.2511307725202106	0.9977759029509674	0.9982887575350391	0.5000012320485098	0.4999995997155033	0.4999883716877089	0.49994960128721627	0.5000002455381547	
0.6668604661708392	0.25042740658692225	0.9992555693862514	8.25868908261598E-4	0.5000012155701342	0.5000008317711501	0.4999883703234554	0.49994956769568655	0.5000002534308664	
0.6666861999860934	0.2501218814981509	0.0013743900543031207	0.5059868552770621	0.49999999066484063	0.5000012046373444	0.4999895968592869	0.49994927426545765	0.5000024343106505	
0.6666803621305947	1.9908072660367306E-5	0.5276291912873653	0.5035960187115449	0.5000018596979593	0.500000850985363	0.499990080381539	0.49994930076841	0.5000012158495941	
0.5000663205021414	0.9999864707155331	0.9999912837208533	0.9998998402044245	0.5000043250573495	0.49999886633301327	0.499989316983381	0.49994611311619835	0.5000000863822962	
0.50005881022501	0.9999997221644082	0.9999080674491265	0.6666742237056018	0.5000012517791036	0.49999895001483063	0.4999882563028793	0.49994951958866213	0.49999943425307414	
0.5000654993077631	0.9999464338323225	0.9999735166844642	0.333351811203424	0.5000004063017636	0.5000002099020243	0.4999893493557492	0.4999493389651579	0.5000000996362355	
0.5000643480095873	0.9999453258904003	0.9999505250249388	3.5978906167508096E-5	0.5000012933985578	0.5000004243351315	0.49998849673901025	0.4999492905749145	0.49999753181426404	
0.5000588805571541	0.9999601950327144	0.6667803092744423	0.9998871659012325	0.4999985918039504	0.4999989642254489	0.49998923616798724	0.49994951394271686	0.4999994347669161	
0.5000588817099658	0.9999479891101954	0.666514675136386	0.499980697615034	0.5000006911775807	0.5000011571012204	0.49998926704890934	0.4999492254630667	0.4999987753304888	
0.5000647121103317	0.9999459225445798	0.6665876023432143	7.635211108720839E-5	0.5000001406140935	0.500000429543088	0.4999902448947096	0.4999492260270538	0.4999986822429952	
0.5003188519515338	0.999977353129936	0.33354815346269906	0.9987408131338559	0.5000002729274069	0.5000001745855972	0.49998842495248097	0.4999486060571943	0.49999990697370533	
0.5000657267319026	0.9999839938836365	0.3335494819977795	1.8816215755730994E-4	0.5000003167867708	0.5000004703415173	0.4999882739615718	0.4999486061950919	0.49999988249922733	
0.5001357703086594	0.9999612638765007	6.753310671664403E-4	0.49781416561508784	0.4999973973533958	0.5000008239932728	0.49998923434732756	0.49994927793986454	0.5000014624670858	
0.500058878708865	0.6667140129000738	0.9999116763628818	0.9998887058564605	0.49999845357463635	0.4999986908399488	0.49999000910444175	0.499949296610216	0.4999994308731445	
0.5000589770257802	0.6667118253482316	0.9999089608060697	0.49998337487584715	0.5000012760102467	0.5000004232273262	0.49998955726485544	0.49994963118396385	0.4999983535380422	
0.5000589369884694	0.6667096834090642	0.9998425833337297	3.778393519403292E-5	0.5000001310094023	0.5000004250407445	0.4999894325826032	0.4999492902034344	0.49999875389885945	
0.5000590459092642	0.6667095091014554	0.5001804430884462	0.9998338702618651	0.5000001235792992	0.5000004200410892	0.49999002697770994	0.499949285643954	0.4999994341919235	
0.5000590459092642	0.6667117724921436	0.5001804430884462	1.8292303085193362E-4	0.5000014456311224	0.5000004200410892	0.4999895572310402	0.499949285643954	0.4999994341919235	
0.5000585955592802	0.6669929309812234	3.5790743143827733E-4	0.4969465956068291	0.5000002463317332	0.5000001486436292	0.49999009566999186	0.49994922580555645	0.4999998730314981	
0.5001658281298098	0.33381660530271834	0.9994095361891878	0.9994850646899855	0.5000018407547836	0.49999950847631097	0.49999007807145257	0.49994927627912816	0.4999987691234232	
0.5001648292138242	0.33381658893695904	0.9994095586915486	6.143715932963488E-4	0.5000018415825769	0.499999660600992	0.4999901488447262	0.49994961471504257	0.5000022098187331	
0.5001658186942521	0.3338160288253476	0.0017645246158518421	0.5072500570352472	0.49999728198601023	0.4999995024335259	0.4999901579921544	0.499949276275366	0.5000036858000737	
0.5000655854758014	2.288333319992056E-4	0.6736532609419289	0.5810003801231804	0.5000011689650474	0.5000007924202873	0.49999020891634977	0.4999495655364958	0.4999984709198129	
0.33346498095426663	0.9999693523997055	0.9999996216967888	0.9995321566142072	0.5000056832037201	0.5000008474454041	0.49999010463782606	0.49994950535203264	0.49999869757373466	
0.33351082788043235	0.9997807434870872	0.9997064224324613	0.499998764461223	0.5000002239567495	0.5000008935202115	0.49999001835457174	0.4999492450616981	0.4999988349586815	
0.33351392025654447	0.9998486582507865	0.9996852224807163	8.50263898594533E-5	0.5000001319208736	0.5000004361931084	0.4999904472724933	0.4999480964958689	0.49999990593050553	
0.33337204160159234	0.9999485274932275	0.5003538664303439	0.9998837461994399	0.5000057321891024	0.5000003906910767	0.4999905334511596	0.49994928862396426	0.49999998272569296	
0.3335151836927632	0.9999239384411718	0.5000342056865673	1.1505338072637543E-4	0.5000017876411242	0.5000004348415481	0.499988417774176	0.4999493124971794	0.49999990416334306	
0.3335229544999449	0.999817325058808	3.667045055554945E-4	0.497708900493971	0.5000001661933531	0.5000001078198233	0.49998810548386485	0.49994924598172147	0.5000000742304125	
0.3333720616848633	0.5001251148959208	0.9998221457008669	0.9998878163850763	0.5000017653111698	0.5000008836267361	0.4999905176969507	0.4999492599623242	0.4999987481155022	
0.33337189436507964	0.4998892312392891	0.9999914879632666	1.1150276846997044E-4	0.5000018550712229	0.500000911482939	0.49999060186452865	0.49994926065519213	0.5000021403955041	
0.33337196840201466	0.5001252547883525	7.994823994760026E-4	0.48956043946371647	0.5000001755044923	0.5000008276841427	0.49998936881815137	0.4999493370507924	0.5000034875111551	
0.3333719868483374	1.7447416480235122E-4	0.6706163977582925	0.4395197415758698	0.5000018307001219	0.500000845669272	0.4999894017689089	0.49994956759696885	0.4999985055563252	
0.16785558102156778	0.9978873391481923	0.9983932313955503	0.9973151038926111	0.5000003311001259	0.5000004230724252	0.49999026937878327	0.49994925002042884	0.5000001424548893	
0.16691983569907531	0.9999722268733353	0.9999291702067565	1.2462294750635334E-5	0.500005720541012	0.5000008067422627	0.49998941034885297	0.49994656117838265	0.4999972012328329	
0.1669202042065608	0.9996955765835843	8.367279628785917E-4	0.5342945699995933	0.5000001474511705	0.5000004227320249	0.49999025809699804	0.4999492511517126	0.5000037049496828	
0.16666847871606763	8.712414339354189E-6	0.9994146143343943	0.9468737268621642	0.5000001063491382	0.4999995029441853	0.49998959826809103	0.49994930756198536	0.4999999969863934	
1.6878785632565285E-4	0.6669505195311076	0.5636745305653389	0.5039775191513189	0.5000054868724976	0.5000005716943968	0.499989368456695	0.49994957814688346	0.4999998919601675	
