0.9999789520111594	0.9999766790018207	0.9999923053842724	0.9999973789503666	0.5000054043140202	0.4999995171123996	0.5000007696386762	0.5000003857484695	0.5000001636569797	
0.9999885251267504	0.9999955480612969	0.9999963414543207	0.8332715464796374	0.5000052973901347	0.4999995075704283	0.5000008193889278	0.5000001388841423	0.5000002820937699	
0.9999919044809417	0.9999948359752133	0.9999929075312788	0.6666672288760793	0.500005291687128	0.4999995171117349	0.4999994820410884	0.49999990381251497	0.500000111608596	
0.9999967102875721	0.9999969635837673	0.9999921026629445	0.49999059004741453	0.5000049362613234	0.500000091395615	0.5000009027921305	0.5000001129295526	0.500000294675862	
0.9999772749766265	0.9999970900521967	0.9999941156285758	0.33332818999215197	0.500005335880276	0.49999933805793323	0.49999949365225416	0.5000001990531546	0.5000001605576465	
0.9999704430956071	0.9999904818957143	0.9999679152864205	0.1668259098078435	0.5000053337786444	0.5000001357623108	0.5000001793155207	0.49999983414905663	0.4999990970055373	
0.99998772072687	0.9999970871632612	0.9999889656201075	3.395861233034977E-6	0.5000061120459103	0.5000000669070488	0.4999994763776418	0.49999907845904684	0.5000006693419256	
0.9999810035688131	0.9999971464413522	0.8332521141255776	0.9999988950784539	0.5000049158666164	0.4999995089925576	0.499999540970982	0.5000001682639716	0.5000001287171861	
0.9999893779456733	0.9999993173661379	0.8333522409629535	0.7999984652149201	0.5000055042219291	0.49999938397578186	0.4999995599580279	0.5000001491187986	0.5000006138586668	
0.9999875143462705	0.9999829090272987	0.8333977033955594	0.6000293780914185	0.5000053173681475	0.5000006912309926	0.4999994512577761	0.49999910761437655	0.4999998853679401	
0.99996896367183	0.9999819289384897	0.8333525666301205	0.40034090601063127	0.5000052452937971	0.500000438580906	0.49999965295630816	0.4999998634914971	0.5000001827179118	
0.9999827898848386	0.99998962088388	0.8333522884985716	0.20009921499317312	0.5000052453383736	0.500000439162025	0.4999996424011314	0.49999986043656025	0.5000001855846042	
0.9999980234379964	0.9999906006366464	0.8333513581967982	8.729270131529039E-6	0.5000054909011742	0.49999999291503044	0.5000002764412633	0.4999991668886412	0.5000006684816606	
0.9999805763076737	0.9999950276859026	0.6667104640660608	0.9999455975447393	0.5000051558395323	0.4999993828800587	0.49999941263018227	0.5000001108572188	0.5000001351510963	
0.9999936114816054	0.9999994237525426	0.6667197215931424	0.7499702707649246	0.5000051549545418	0.49999938090380186	0.4999994497826427	0.49999995590102775	0.5000001570037542	
0.9999945168615326	0.9999992602200456	0.6666917056663778	0.4999907036205865	0.5000051592860513	0.49999925295821507	0.4999996036553989	0.4999989306605806	0.5000001356244858	
0.9999948450367201	0.9999921107252399	0.6666918816286204	0.2500071603997245	0.5000052260274042	0.5000000192042356	0.5000009319051035	0.5000000017750145	0.5000000504011989	
0.9999963055765871	0.999993582528548	0.6666391204981348	3.5579592148256684E-6	0.5000052239075967	0.5000000151634844	0.49999949289330214	0.5000000289320612	0.5000005947480447	
0.9999935951122725	0.9999994602623327	0.5000510661745639	0.9999408774994787	0.5000055354406353	0.5000004032369263	0.5000005037293636	0.4999999364191059	0.5000001429476929	
0.9999867269927152	0.9999701810298173	0.5001007718984049	0.6663664812155058	0.5000055395752336	0.49999938852669096	0.49999950619446926	0.49999862841031534	0.4999998906438245	
0.9999921827269379	0.9999803065189838	0.5001038036667417	0.3332738096089422	0.5000054761721758	0.5000000058678162	0.5000005333108265	0.49999863621339863	0.500000210494358	
0.9999900494118172	0.9999748644323974	0.5001005316150843	1.9746009018584154E-4	0.5000054947901557	0.5000014097901931	0.5000003956917318	0.4999994283008732	0.5000001129218593	
0.9999833841354131	0.9999667565249925	0.3332544056917129	0.9999987936954493	0.5000055016308835	0.49999931624245664	0.5000006495786041	0.5000024990939524	0.49999989980826226	
0.9999939134171881	0.9999948323177019	0.33336667151641264	0.5000110687148851	0.5000053233706627	0.49999997782316896	0.500000519926644	0.4999999557846057	0.5000002223364348	
0.9999918035026688	0.9999699566129548	0.3333581283899503	2.71089802775497E-5	0.5000055086165773	0.5000000126827723	0.5000015288305789	0.5000003760147735	0.4999998699373803	
0.9999803091116757	0.999950691807356	0.16713944813906703	0.9987617476734337	0.5000052295807047	0.5000003342033043	0.5000006805235059	0.49999895024694496	0.5000000387639274	
0.9998747650795662	0.9999666174804651	0.16724670442987172	0.0022837797925990277	0.5000054424427154	0.49999991683822853	0.49999812905616947	0.49999978705908527	0.5000002243938307	
0.9999948840433543	0.9999946394778971	7.29247144520076E-6	0.5361130951403069	0.5000052524715535	0.5000005659223136	0.5000000503206928	0.4999989392486453	0.5000008296560075	
0.9999920229391979	0.8333846761913449	0.9999703827863761	0.9999691959767276	0.5000053585890503	0.5000006170593382	0.49999957593493394	0.49999997679803615	0.5000006041892977	
0.9999941517780091	0.8333324462343445	0.9999929025401622	0.7999532906381505	0.500005291682883	0.49999951598210357	0.4999995822264116	0.5000002286343023	0.5000006037886328	
0.9999970651336255	0.8333420915121466	0.9999923000444564	0.6000309724077562	0.500005348174765	0.4999993035372867	0.49999947933998357	0.4999999392555377	0.500000194306981	
0.9999981492881107	0.8333322731740359	0.9999783976373984	0.4000168943671009	0.5000054348091401	0.49999933446314787	0.49999948060582694	0.49999861133420925	0.5000002059019124	
0.9999981237021712	0.8333431538652787	0.9999926908871057	0.200004056200073	0.5000049328934331	0.5000000868803415	0.50000034581306	0.4999988145998303	0.5000001954713407	
0.9999980659547254	0.8333468330532017	0.9999987905192826	8.754958585264371E-6	0.5000054893483258	0.49999932420103393	0.500000194512512	0.4999999876613927	0.5000001910925931	
0.9999984666791246	0.833327872013824	0.8000122376538659	0.999999622927157	0.5000052912804273	0.5000004422021205	0.49999921756594967	0.5000002361904305	0.500000277947292	
0.9999963234523317	0.8333278719636942	0.800013124743638	0.7499596470247418	0.5000049226269241	0.500000410879435	0.4999992200052608	0.4999988482957045	0.5000002163361097	
0.9999915966860481	0.8333284967589029	0.8000190376725825	0.49999055621199906	0.500005617671896	0.5000004373235434	0.49999962441432116	0.4999998926628535	0.5000001295424402	
0.9999971006831855	0.8333458356948622	0.8000107838901843	0.24995849124223665	0.5000053099320276	0.5000000579126647	0.4999994813459912	0.5000010365796765	0.5000001959950956	
0.999997100491664	0.8333458357146647	0.8000109432729396	1.917945371704655E-5	0.5000053363500595	0.5000000576966133	0.4999995208003025	0.500001023145129	0.500000215101671	
0.9999886922994395	0.8332898035322176	0.5998880275276726	0.9999995598419036	0.500005326356548	0.5000003435910219	0.4999995112805473	0.49999995056165786	0.5000001255807618	
0.999990462756095	0.8333419105913914	0.6000689142446111	0.666588920441456	0.5000053391558743	0.5000000863002191	0.5000001981259924	0.4999989051317862	0.5000002809107773	
0.9999978356373486	0.8333429782743306	0.599992378771998	0.3333737432621822	0.500005095497906	0.5000000273741902	0.5000010483873711	0.49999995693038163	0.499999867269865	
0.9999923890355893	0.8333429734219321	0.600068287363948	8.408319004555689E-5	0.5000054337713432	0.5000000155123953	0.5000002886914113	0.5000012151507001	0.49999986058528473	
0.9999867525432101	0.8333320683950604	0.3999395132279525	0.9999751241475672	0.5000053581805539	0.5000007371847157	0.5000009931294233	0.49999992573454716	0.5000006825500483	
0.999997889142769	0.8333320105619633	0.40002121086084996	0.5000084729523325	0.5000052262189165	0.5000003676139604	0.5000002798849436	0.4999999103222792	0.5000000092757104	
0.9999994972234059	0.8333320739225767	0.3999937574175246	7.438935442841805E-7	0.5000052267403025	0.5000003715779029	0.5000010321089128	0.49999894988793114	0.5000006889041315	
0.9999919420648719	0.8333320037106638	0.20002549056540359	0.9997582827030035	0.5000054788134342	0.5000003543657769	0.500000301097446	0.499998371111365	0.49999996792113643	
0.9999907809402722	0.8333308333537712	0.20007803206166586	1.9253440079212769E-4	0.5000053572928183	0.5000003493047457	0.5000002951077221	0.49999893841500603	0.5000000145934999	
0.9999999337765179	0.8333320119386081	1.0607020098427758E-6	0.4413084807002927	0.5000053116018914	0.5000003115891805	0.5000002799390467	0.49999914973597964	0.5000000384746474	
0.9999982261634823	0.6666574885293536	0.9999954929358688	0.9999998091203853	0.5000049146894215	0.4999994044926221	0.4999992066755047	0.5000002380086578	0.5000002969215284	
0.9999927889523382	0.666680259529052	0.9999844089350326	0.7499214136600099	0.5000049144456316	0.5000002321045407	0.5000007872207449	0.5000002504935576	0.5000001789236278	
0.9999967750025837	0.666677650646665	0.9999895637165086	0.4999895588144159	0.5000056111350157	0.500000084044692	0.4999991945374784	0.4999998786220114	0.5000001690319451	
0.9999923953920925	0.6666439286955451	0.9999803344448673	0.2498684512559022	0.5000052912382192	0.5000000544757232	0.49999920499211686	0.5000002551030064	0.5000000501512395	
0.9999981198078751	0.6666835652412526	0.9999867914715255	1.5636369972960174E-5	0.5000054409513528	0.5000000379759363	0.5000007744287166	0.5000023141274208	0.4999998695571304	
0.9999931495952626	0.6666766095941337	0.749947942169627	0.9999968357682381	0.500004941587824	0.49999925164615033	0.5000007805987614	0.5000001697008598	0.5000002130177995	
0.9999934106165986	0.6666767006411823	0.7500175206200231	0.6665892062798541	0.5000048751366561	0.5000000031464866	0.5000000380272995	0.49999886045287584	0.5000001200922808	
0.9999805371717526	0.6666855132988369	0.75006083576754	0.33325350063713133	0.5000052837675305	0.5000004193962375	0.49999908951947963	0.4999999689828704	0.5000000618437116	
0.9999965571997598	0.6666776234381775	0.7499616141286007	1.865854538426872E-5	0.5000048259498772	0.499999193837817	0.5000007424900909	0.500001029947042	0.49999985361164406	
0.9999897231476507	0.6667289541555745	0.4999708914690734	0.9998549418607813	0.5000048500867276	0.4999992326167376	0.5000003041659691	0.5000001428785359	0.5000000073933015	
0.9999927888565759	0.6666798190380105	0.5000733286673511	0.5000086432302174	0.5000049127492635	0.5000002234620493	0.5000008646141236	0.4999985824227194	0.49999987590584066	
0.9999916825944358	0.6666798268247903	0.500073245570902	8.651228467279795E-5	0.5000055786071377	0.5000000160891146	0.4999995118241011	0.4999987479086084	0.5000001509785134	
0.9999896323774607	0.6667341904477747	0.24995053126245137	0.9998549188687506	0.5000055382518158	0.500000050438575	0.4999994744722663	0.5000001098490434	0.5000000276120997	
0.9999907874178884	0.6666800937207955	0.2500756862017137	1.9258612539361098E-4	0.5000053428604195	0.5000003463455891	0.5000003106013466	0.49999908509425345	0.49999991030098695	
0.9999926591810654	0.666734121399404	9.21257950343807E-5	0.49963435460911426	0.5000055426905174	0.5000000256137478	0.49999812873423594	0.49999862655012334	0.4999998757104414	
0.9999872033516728	0.5000075448210348	0.9999365309095037	0.999891116631655	0.5000051015906452	0.4999995165172865	0.49999933180515094	0.500000253333979	0.4999987460688903	
0.9999862765884376	0.5000160946945557	0.9999799523765572	0.6663115916242309	0.5000049085999612	0.4999994065321876	0.500001831521006	0.49999878522972996	0.49999948207354356	
0.9999907553343128	0.5000830372814932	0.9999229703624476	0.33333200837896654	0.5000053120401439	0.5000000800739052	0.5000010614678554	0.500000497066036	0.5000001224422302	
0.9999805507622761	0.5000878807073693	0.999865768358151	1.0375310136803313E-4	0.5000058533686539	0.4999999955297445	0.5000007553374406	0.5000004222322423	0.4999998821698059	
0.9999873162783015	0.500006964172738	0.666655296794927	0.9998950522518297	0.5000057768988777	0.5000001184242722	0.5000011481797553	0.5000001188367078	0.4999994228926314	
0.9999863517910494	0.5000033638315049	0.6666417690663174	0.5000088314757934	0.5000053654192971	0.500000189420997	0.500000837732917	0.5000001369183525	0.5000000478150554	
0.9999890616218574	0.5000625486149849	0.6667422358939481	2.221686732290107E-4	0.5000053155498193	0.5000001759681237	0.5000008817112389	0.4999997749244891	0.500000058533239	
0.999990781220112	0.5000356267753813	0.3334501478490034	0.9995687380725151	0.500005343020454	0.5000004843176754	0.5000009402765517	0.4999989955850943	0.5000000144878468	
0.9999914919309357	0.5000354811150957	0.3333217494798607	2.7364995443417153E-5	0.5000053569183615	0.5000003421490676	0.500000291052973	0.5000003710627837	0.49999999061296097	
0.9999846669545192	0.5000631564014357	1.7911292983741623E-4	0.4452245202830105	0.5000052921160517	0.499999918471978	0.4999994345880259	0.4999998383387695	0.500000222049974	
0.999987373118724	0.33343160895812873	0.9998722394736996	0.9998286855551648	0.5000053466650525	0.5000001189642417	0.5000008189065537	0.4999992064821867	0.4999994701388749	
0.9999744576549177	0.3334316735776462	0.9998505589998048	0.49976196386093075	0.5000053736529427	0.5000000529520953	0.4999984526501052	0.5000001026680504	0.5000001410664046	
0.9999907848697126	0.33343165045593537	0.9998213340561539	7.400220824332193E-5	0.5000053870682228	0.5000000815978474	0.5000008456481588	0.500000367962328	0.5000000332062841	
0.9999872703202858	0.33343160771319347	0.5000929754348069	0.9996179512662298	0.5000053209674351	0.5000000170348777	0.5000011813077869	0.5000003718473852	0.5000001622997975	
0.9999861172339031	0.33343160772618	0.5000941076932193	2.2027961291094973E-4	0.5000053069555545	0.5000000860047626	0.5000010818988166	0.5000003757379686	0.5000000468343552	
0.9999863151369813	0.33335963644596345	2.1150165950141464E-4	0.47181973725204873	0.5000054845274855	0.5000000817442788	0.500001164509535	0.5000003078603994	0.5000001390652992	
0.9999744483104689	0.1668886749705584	0.9998466419791904	0.9995565616682512	0.5000060667436073	0.5000000511100121	0.5000008437020861	0.5000001030104203	0.5000000331980837	
0.9999914982946625	0.16662060315046373	0.9999275557562324	7.400220824332193E-5	0.5000053575324298	0.500000030097717	0.5000008457384274	0.5000001092784897	0.5000000332856166	
0.9999844141464449	0.16689077125726548	9.598205221145878E-4	0.5029556657743814	0.5000053684964131	0.500000188801596	0.500000836047792	0.49999887955883765	0.49999986491565435	
0.9999863151369813	3.1793604150787136E-5	0.6077515075056406	0.4990761322609721	0.5000054868068745	0.5000000817442788	0.5000011879736036	0.5000003172892767	0.5000001441661711	
0.8333306591194992	0.9999956617856764	0.9999940720335068	0.9999994701691132	0.500004964477369	0.4999994264636282	0.49999957813232265	0.5000000739488292	0.5000000981390584	
0.8333398313414103	0.9999948175771927	0.9999925801790888	0.7999628735679694	0.5000049235832641	0.49999950803213206	0.4999995283973317	0.4999986308548964	0.5000006071952058	
0.8333270407823786	0.9999992337950381	0.9999959300121144	0.6000182615804598	0.5000052928420969	0.4999992120665607	0.49999948880300094	0.5000000234810238	0.5000001631958574	
0.8333399639461212	0.9999993593066082	0.9999871057438373	0.40007294402967897	0.5000052928729822	0.5000000196369344	0.49999946537328505	0.4999998324175988	0.5000001638365794	
0.8333317778993236	0.999998318640028	0.9999928114400155	0.2000119397964844	0.500005424881501	0.499999996470113	0.49999939239505986	0.49999997919279576	0.500000638111972	
0.8333319981640506	0.999998308008296	0.9999975176716069	3.4066495135702968E-6	0.5000055017497335	0.500000030997793	0.4999993676163669	0.49999987125604584	0.5000013885750383	
0.8333311797505265	0.999996713454669	0.8000196840811945	0.9999939182041764	0.5000049210270693	0.49999951765877787	0.49999957804706857	0.5000000090169732	0.5000004226447058	
0.8333298632941845	0.9999947873284127	0.8000131277315405	0.7500231358331104	0.5000053243992576	0.5000004043471362	0.5000008748460896	0.5000001022171479	0.5000001308960637	
0.8333266234372071	0.9999995931835892	0.8000190543175563	0.4999904967176385	0.5000052928607487	0.4999992125976749	0.4999994507918716	0.5000000287494917	0.500000163352334	
0.8333308119741561	0.9999931042945369	0.8000109783948126	0.2499648662271806	0.5000053008839277	0.4999999856878149	0.5000001831484994	0.5000000168105214	0.5000001320653962	
0.8333404213990435	0.9999961167001065	0.7999954391068809	4.375411966039835E-6	0.5000053317221396	0.500000056582466	0.5000002869599498	0.499999982174443	0.5000006105993378	
0.8333300450562782	0.9999967134565443	0.6000242676412609	0.9999861780411127	0.5000049538127551	0.49999941106443757	0.5000010619114719	0.5000001632522492	0.5000002864996123	
0.8333401216633041	0.9999930127977176	0.6000014806750043	0.6665880811358439	0.5000054843755273	0.49999946137069695	0.4999995443177154	0.5000001175612359	0.5000002787397556	
0.8333304756730355	0.9999958605218261	0.5999975359951331	0.33348332461192004	0.5000052369566428	0.49999998016539915	0.5000002822544434	0.49999995379006645	0.4999987253812239	
0.8333422184979814	0.9999961166278684	0.6000013730207785	8.759970193672564E-6	0.5000053333852277	0.49999997549031416	0.5000002842023215	0.5000003094200377	0.5000006555063544	
0.8333306125751899	0.9999967204632824	0.40002562523074175	0.9999458775092989	0.5000053278268587	0.4999994310982748	0.5000009478886079	0.4999999358685054	0.5000001337138538	
0.8333309467797482	0.9999995848466684	0.3999938712358034	0.5000085131130484	0.5000053231333816	0.499999791583178	0.5000001963177291	0.4999999831250539	0.5000002094292625	
0.833330944930856	0.9999987478000825	0.39999387520296553	1.1434978395289675E-6	0.5000054665981115	0.5000005093695467	0.5000002060143829	0.49999875198536575	0.500000211170897	
0.8333310157607655	0.9999934377817834	0.20002138879437914	0.9999967937247286	0.5000054794118045	0.49999939176378544	0.5000000195939837	0.49999992642618374	0.500000745673571	
0.8333410501439534	0.999993423365975	0.20002464716282117	2.8785028424663542E-5	0.5000054794118045	0.4999993787368686	0.5000002673468402	0.5000014214231232	0.5000000908101669	
0.8333324630552519	0.9999998581840229	9.152104672770028E-7	0.47714768961756604	0.500005309221485	0.4999999970984908	0.500000305579007	0.5000002856058448	0.4999999378327837	
0.8333400578631414	0.8000004864856193	0.9999934282030937	0.9999997543981406	0.5000047090927701	0.4999993329387831	0.5000007938113009	0.5000001519142375	0.5000001603202323	
0.8333299531370731	0.8000031741137895	0.9999920954959839	0.7500234239288183	0.500005318937524	0.5000005572022409	0.4999995949197771	0.5000001087556752	0.5000006050634217	
0.8333323513183223	0.7999972517448146	0.9999958481471125	0.5000100283223594	0.5000049072350409	0.500000002904624	0.5000003149809582	0.500000021822351	0.4999999936721999	
0.8333311793433216	0.7999906312463809	0.9999992402940541	0.24996359215242878	0.5000051754090991	0.5000000916365671	0.49999949210288963	0.5000000164620014	0.5000002915684344	
0.8333319982167634	0.8000038295018115	0.9999929903393954	8.617238680249002E-6	0.5000053318066552	0.5000000116598481	0.5000002731480394	0.49999997913174415	0.500000123080573	
0.8333311989820568	0.800000462890602	0.7499669988027695	0.9999996496311413	0.5000049189634139	0.4999995075803184	0.4999996523593433	0.500000009167193	0.500000607133714	
0.8333315129533294	0.7999987412477653	0.7500148572810604	0.6665892172299376	0.5000049019927034	0.500000594959166	0.500000019750126	0.4999988485640021	0.5000002149643856	
0.8333304113082375	0.7999964437253286	0.7499651068235341	0.3332572457397797	0.5000053396093451	0.4999994490782771	0.5000001555632544	0.5000003699768338	0.5000000027281081	
0.833331938399251	0.800003829848199	0.7499843281265774	8.534976551786318E-6	0.5000053202620758	0.5000000377195918	0.5000003277787607	0.500000002017968	0.5000000580465516	
0.8333312432045092	0.8000310200539815	0.4999735664544424	0.9999999474426385	0.5000053236746069	0.49999930436588136	0.5000000222639094	0.4999999588990291	0.4999999949045733	
0.8333319080021598	0.799996433497001	0.49989583910798135	0.5000085040968227	0.5000055591673566	0.49999980748480155	0.5000002054175281	0.49999983035585027	0.5000002118362896	
0.8333320874785857	0.7999968084073199	0.5000740227154743	8.61249117965912E-5	0.5000053421648047	0.499999424510627	0.500000305041682	0.5000002871712316	0.49999988274766527	
0.8333509310912236	0.8000445795345765	0.2502886425101999	0.9993168840912443	0.500005508813857	0.5000000125011013	0.5000002313355868	0.49999992326109066	0.4999998384708276	
0.8333311795715335	0.7999491643836938	0.25000459857731716	5.804176483171131E-7	0.5000053362309587	0.49999986224366194	0.5000002742953751	0.4999999219069532	0.5000007147788577	
0.8333295979231049	0.8000311873240648	3.4468872119518024E-5	0.5096806207192455	0.5000051235391159	0.49999934622546743	0.5000000702830574	0.5000002667358256	0.49999993629077233	
0.8333395684290412	0.6000524701621259	0.9999506993384466	0.9999600726019213	0.5000049153088558	0.499999998488529	0.5000004899812782	0.5000000793648454	0.5000001991258327	
0.833339976735454	0.600057581400362	0.9999522540494589	0.6665845830879856	0.500005577125745	0.4999994744167547	0.49999969450652054	0.4999987897200297	0.5000002089314846	
0.8333321251549467	0.5999732206279478	0.9999992120688684	0.33338481153929755	0.500005484990279	0.49999955414290503	0.5000008776738337	0.5000000917069297	0.5000001270516435	
0.8333281533813878	0.5999757353533042	0.9999975641893404	1.0888371832901676E-6	0.5000051700502134	0.500000119397653	0.5000004969935078	0.5000000922803101	0.5000001193664183	
0.8333302572806355	0.5999816728330299	0.6666653743011407	0.9999996398502443	0.5000053240323777	0.5000001284418943	0.4999996311919669	0.5000000484375111	0.5000002277637907	
0.8333278130136713	0.5999642959000805	0.6666558195545205	0.500008779872471	0.500005292548142	0.4999999898761359	0.5000008816593015	0.5000002074276377	0.49999999811595935	
0.8333312554281023	0.5999823667813701	0.6666359632440915	3.105021387981166E-5	0.5000053423076515	0.4999998820478071	0.5000010821568119	0.5000000018725275	0.5000000486259479	
0.8333312402045862	0.5999836152902329	0.3333280286542611	0.9999991033953123	0.5000056493823684	0.500000044392304	0.49999951755994937	0.5000003781338618	0.5000002003286758	
0.8333312000408402	0.5999822030966354	0.33330197738592016	8.37810464873848E-7	0.5000054815978349	0.4999998044608929	0.5000001567928092	0.49999936597214634	0.49999945420349823	
0.8333480039049801	0.5999820913585383	1.667723445613889E-4	0.5035535073055875	0.5000053359491783	0.4999998653651162	0.4999996148766426	0.4999998747905956	0.5000007053804473	
0.8333401370679465	0.40003615026400996	0.9999521407259713	0.9999526531917062	0.5000055776470738	0.5000000946552805	0.5000008644764046	0.49999884848923626	0.5000002097039287	
0.8333477876450258	0.40002404951141624	0.9999498995032312	0.500010245239239	0.5000053058340328	0.500000039068896	0.5000004876050346	0.5000000365455768	0.4999999109172413	
0.8333482448769044	0.3999989855161239	0.9999959992311215	8.58184091274435E-7	0.5000054971930735	0.5000001920305499	0.500001663843319	0.5000002452959695	0.4999998829992355	
0.8333279809758674	0.400036151063754	0.5000428682384972	0.9998897635740688	0.5000051766602196	0.49999945994135786	0.4999995693572702	0.5000003610995726	0.49999999878916973	
0.8333477938066041	0.40002404874412884	0.5000435761883854	8.987401681625005E-5	0.5000051703129588	0.500000112467261	0.5000004863672404	0.5000000363512555	0.5000001192796173	
0.8333480308465746	0.39999689853823456	2.122825426656243E-5	0.9326825031932806	0.5000050932978979	0.500000022337517	0.4999995919607055	0.5000001007958227	0.4999999399315481	
0.833348593497327	0.20029559755071205	0.9999028671811576	0.9995681377609861	0.5000062305922046	0.499999477331427	0.5000008597900201	0.499998754372497	0.5000001120203701	
0.8333485875216617	0.20029559755071205	0.9999041026976897	6.332332385941909E-4	0.5000060649467685	0.49999947702090614	0.4999993066956929	0.5000002736814072	0.4999988331771193	
0.8333487889463965	0.20019634774554634	6.115997143285256E-4	0.5019595060402562	0.5000049818977069	0.5000000739493587	0.5000008456303945	0.5000001032963252	0.5000000415266423	
0.8333307374275732	5.994624411450615E-7	0.9997157578305184	0.044373716761737576	0.5000053501544828	0.5000000860444355	0.4999985047084255	0.5000011569693665	0.5000000436185309	
0.6666907829270365	0.9999833092889346	0.9999758402803512	0.9999937604892071	0.5000049792079775	0.49999951377226237	0.4999996706185386	0.5000001471321603	0.5000001616736156	
0.6666907820244902	0.9999827466055012	0.9999766238864799	0.7500037712350673	0.5000048969327443	0.49999944967701954	0.5000007943328902	0.4999998831845594	0.4999995975877949	
0.6666929904606008	0.9999879172080721	0.9999782805848805	0.5000105315773339	0.5000049220376784	0.5000000751115995	0.49999954929398926	0.5000001104601787	0.4999999981847747	
0.6666946081417147	0.9999930946307636	0.9999817543091829	0.2499702525958531	0.5000054936113308	0.5000006914391023	0.5000010995250703	0.5000002194848446	0.500000197978057	
0.6666695395720984	0.9999971861906891	0.9999948822857343	3.760710714517467E-7	0.5000052457535883	0.5000000694057767	0.5000001805366288	0.4999990964830257	0.5000002070925459	
0.6666627099697664	0.9999947995365408	0.749966386682013	0.9999996649135298	0.5000048953189868	0.4999993891629527	0.4999996088252148	0.49999864524218274	0.5000004261929033	
0.6666626580645175	0.9999995077604135	0.7499536007607225	0.6666035408673782	0.5000053588544308	0.5000006282510807	0.5000004879609996	0.5000001495548937	0.5000002095302137	
0.6666909216573701	0.9999941358347345	0.7499608362753383	0.33339181814499325	0.5000055456711341	0.5000013711963922	0.4999994422552707	0.4999995679452931	0.5000001680469401	
0.6666693634709241	0.999997185594221	0.74998415730639	1.0592720407473147E-5	0.5000051765140608	0.5000000720123604	0.5000003174022145	0.49999861685461594	0.500000052669487	
0.6666907520851193	0.9999392283434507	0.4997994552016885	0.9999994445749891	0.5000055102090887	0.5000000342944461	0.5000006925338008	0.5000022597406869	0.5000000136136866	
0.6666924383396291	0.9999543208076762	0.5000190339459466	0.5000116175117683	0.5000054727335829	0.49999931047074414	0.5000005143858773	0.499998823109078	0.5000016712381575	
0.6666642083771218	0.999998099961786	0.50009842124381	1.1415084814610347E-6	0.5000055558543155	0.500001685241993	0.4999994116078217	0.49999982612042687	0.5000001176421104	
0.6666904539963325	0.9999899711848155	0.25031184640234894	0.9999434035768932	0.5000053896530128	0.49999939574515206	0.5000005984240145	0.49999986977958494	0.4999999014898478	
0.6667079372863567	0.9999930367762271	0.25031184640234894	8.372718784708799E-4	0.5000053865415104	0.5000000073379038	0.5000005193489186	0.4999987290627123	0.4999998695903101	
0.6666632397574301	0.99999929601774	1.0800985980254485E-6	0.5000084151555881	0.5000053239587561	0.5000004112045863	0.5000005158705845	0.49999916280131484	0.5000002094902563	
0.6666903765166448	0.7499888724451887	0.9999764386271942	0.9999908403687205	0.5000043511206259	0.5000004090448381	0.4999986180827245	0.4999992349943658	0.5000001553558457	
0.6666903803463509	0.7499851239603573	0.9999884299202869	0.6666034125584628	0.5000055225499178	0.5000000558640075	0.5000003192359749	0.5000001142052246	0.5000002404073065	
0.6666617444558576	0.7499879265932758	0.9999992112999042	0.3333906572885681	0.5000054871975733	0.5000013586030916	0.5000011992535303	0.5000000930999889	0.500000177711392	
0.6666903166214885	0.7499879772284075	0.9999784312132989	1.801595455775803E-5	0.5000054873197071	0.5000013238015263	0.5000012160119094	0.5000000927851685	0.5000006468480614	
0.6666908116118777	0.7499888859786981	0.6665506066201548	0.9999999417658504	0.500005357329825	0.5000000194997984	0.5000004999074803	0.4999995403528024	0.499999998444302	
0.6666609936954948	0.7499925479045032	0.6666658022009955	0.5000085131595584	0.5000049380149195	0.5000000027665984	0.500000205681528	0.5000003675017937	0.49999999503745746	
0.6666615192342396	0.7500062949035696	0.6667203636532266	1.3659267417499358E-5	0.500005451290101	0.4999990832134643	0.5000003153173841	0.5000001533229266	0.5000001979001585	
0.6667157296796854	0.7499924449216018	0.3333633177854469	0.9999943158701942	0.5000053247478676	0.49999942403160624	0.4999996088767764	0.4999992659319985	0.4999999829517959	
0.6666609860357147	0.7499925377322991	0.3332505298481411	8.596645788111873E-6	0.5000049683272669	0.5000000177259004	0.4999999650633679	0.5000001268991999	0.5000001898213222	
0.6666642116772288	0.7499923717419705	1.6071396033757887E-6	0.01732287160962212	0.5000056776647256	0.5000000177399095	0.49999996838247246	0.4999999568386316	0.5000002273803626	
0.6667215302561394	0.5000830438119708	0.9999154769176207	0.9998245652528411	0.5000051726652426	0.5000001159218526	0.5000008270267399	0.4999992334280984	0.5000001141481974	
0.6666930498008241	0.5000174002087714	0.9998909817434881	0.49999047000207203	0.5000049264623166	0.5000006331334631	0.5000010224427981	0.49999952759140304	0.5000003358252622	
0.6666929875387825	0.5000738213760311	0.9999902370855251	6.732202740913378E-5	0.5000054429430455	0.5000000965493633	0.5000010004417822	0.49999847764096883	0.500000293705732	
0.6666925857591637	0.5000776244813205	0.5000981600826785	0.9997593938739623	0.5000054925376493	0.5000000366537586	0.5000010370706754	0.5000001548466333	0.49999991167310975	
0.6666931439507867	0.5000777696084787	0.500094255961439	2.4314976282035025E-4	0.5000053389724307	0.49999944720212525	0.499999664050811	0.5000000850771859	0.49999988585403626	
0.6666931439507867	0.5000777696084787	1.2699763728499236E-4	0.9852038755554617	0.5000053684174769	0.49999998278663516	0.49999964134582064	0.49999874076186984	0.499999991607416	
0.6666930684748245	0.2501013853645077	0.99983376119093	0.9998029046073426	0.5000053255881742	0.5000000898844364	0.5000010249284051	0.49999879347660187	0.49999992255921205	
0.6666930222864994	0.2501016448013297	0.9998516186425837	2.4098637679992188E-4	0.500005148045133	0.49999999848788035	0.4999985903490652	0.4999987488915912	0.49999988328045514	
0.6669739275260493	0.2514458038486633	0.007093663881198087	0.4980888850149222	0.5000051204083462	0.500000013271839	0.5000002860832629	0.5000003607353266	0.5000004614821247	
0.6666933819651967	4.015725303816006E-5	0.6145952185034753	0.49926635619955395	0.5000051595345151	0.49999997566225673	0.500000499598372	0.49999872193473727	0.4999998821492995	
0.500023851872901	0.9999957410125989	0.9999764429213831	0.9999283951857542	0.5000053596886495	0.4999993369124771	0.50000082775994	0.4999996338890741	0.5000003498088136	
0.5000098919786661	0.9999961324304787	0.9999956174149449	0.666603412363879	0.5000048944105596	0.4999994059702051	0.5000003018395184	0.5000019206980276	0.49999973477285725	
0.5000283333602104	0.9999885052696933	0.9999925241729127	0.3333875066112294	0.500005175824648	0.4999996224235197	0.5000007686587109	0.5000000073938784	0.5000001085837227	
0.5001468651159957	0.9998992498334763	0.9998036160368781	1.1560707763238229E-4	0.5000055274258562	0.500000005792165	0.5000016051631269	0.5000001371986034	0.5000006713090437	
0.5000238622585544	0.9999793651286357	0.6665460578640715	0.9999996801400087	0.5000053485326368	0.5000004562839867	0.5000017266324259	0.49999949441712804	0.4999999945089849	
0.500023689509477	0.9999706386878345	0.6666532721761849	0.499991679914245	0.5000051723700201	0.5000000470802971	0.5000007479737505	0.5000000472375515	0.5000002084508794	
0.5000326668085854	0.9999838903208753	0.6666550339969942	1.200936961503023E-4	0.5000051569613924	0.4999994258853269	0.5000003041080252	0.49999897875006616	0.5000001303594462	
0.5000285202213243	0.9999926794226891	0.33344653720103046	0.999877169076169	0.5000053869058674	0.49999935542338986	0.5000005891735037	0.49999891666926183	0.5000000028658081	
0.5000107595168909	0.9999016781890054	0.33344683708497397	1.455045015368861E-4	0.5000054786005446	0.4999994240319598	0.49999951410309623	0.5000000217235308	0.4999999832266815	
0.5001468804622711	0.9998949748586443	2.501642786744768E-4	0.5235809805327136	0.5000051548427712	0.49999898016984484	0.4999994439492766	0.4999989626324827	0.4999999426549417	
0.5000226688637043	0.6667265454454792	0.9999764424936852	0.9999264333871898	0.5000055296558987	0.499999337703107	0.5000008700051424	0.5000024319375019	0.5000003484114182	
0.5000194061168701	0.6667264829230585	0.9999368915380018	0.4999914877236794	0.5000054515151963	0.5000001244412985	0.5000007389221925	0.5000002212169706	0.49999956423717024	
0.5000317217451568	0.6667313317958747	0.9998702784728302	3.132598850586344E-5	0.5000051585224194	0.5000004723110956	0.5000007874785471	0.49999972227922307	0.5000001540616242	
0.5000234773596879	0.6667265491167508	0.5000225935651293	0.9999516194712221	0.5000051769408093	0.5000000649536896	0.5000006843671416	0.5000020203182738	0.5000002086409722	
0.5000240553964221	0.6667479853102468	0.5000699810650612	2.4118910085938874E-4	0.5000051748630213	0.5000004728690127	0.49999856876912596	0.49999978037870185	0.4999996087211894	
0.500146752410318	0.6666350001322401	2.502414526442946E-4	0.5128481588820079	0.500005150003442	0.5000004638495864	0.5000007266803298	0.49999895185753085	0.5000001235821473	
0.5001313724961076	0.3336707672313052	0.9993267991863379	0.9998018949727148	0.5000054859816465	0.5000000711849022	0.5000010387970786	0.49999874805502564	0.5000001545755202	
0.5001329984883313	0.3336707672313052	0.9993259288535293	4.242988491839905E-4	0.5000054916473534	0.4999993520943519	0.5000017229217177	0.5000021762417846	0.4999996104540895	
0.5001367478222299	0.3336707892557093	0.001661951249518706	0.500814673713147	0.5000051201805755	0.5000000189400445	0.5000002728913691	0.49999877935159953	0.5000002125519444	
0.500146555382569	2.5682151267255357E-4	0.6374436262110106	0.4980982321026459	0.5000056592941715	0.4999994316855396	0.5000008478054628	0.49999872503137544	0.5000004886181975	
0.33342445448165936	0.9998840741644018	0.9998944659133675	0.9999134756748925	0.5000044043239024	0.5000001199574512	0.5000007543899453	0.49999925532923095	0.4999997658362437	
0.3334244855573262	0.9998986668513024	0.9999162164758705	0.5000180677946897	0.5000051466332835	0.5000001392440326	0.5000003354743836	0.49999914132375667	0.500000062000386	
0.333427329209051	0.9998986755602162	0.9998661157190549	1.1520916912372863E-4	0.5000051573030652	0.4999994916786485	0.5000003350631237	0.4999999948089906	0.5000006886590039	
0.33342428115730716	0.9998840708619349	0.5000232353644658	0.9999967953209536	0.5000051742611639	0.5000001201264134	0.500000916534908	0.49999899294815053	0.49999976574662525	
0.33343257425951117	0.9998840934026763	0.500069816835426	1.6197362691357494E-4	0.5000043910569248	0.49999949026200974	0.5000007246282148	0.4999992607746665	0.5000001160966222	
0.33343248701569184	0.9998128061539567	2.5024058321325047E-4	0.5008102540700139	0.5000051579003943	0.49999959550080236	0.5000006664946531	0.4999998539098877	0.5000007334654524	
0.33342444657916975	0.5002265799318563	0.9997836998699966	0.9997856358581504	0.5000043617502444	0.5000001205077897	0.5000007812889957	0.49999920849113866	0.5000001448241579	
0.3335564363002234	0.5002265854375447	0.9993652408229364	2.4355318489106137E-4	0.500005137240736	0.5000009084971215	0.5000007496903622	0.500001204607252	0.49999982057879744	
0.3335385189736431	0.5002266385037213	9.810426176126217E-4	0.5099372209591406	0.500005431447537	0.49999947150985025	0.500000793838088	0.4999992080970924	0.49999982484489847	
0.3334244603799114	3.169109248730706E-4	0.6381431145257596	0.5133702342568031	0.5000043861234728	0.5000001374419988	0.5000006904566879	0.5000011976867191	0.5000001200613408	
0.1667334679239198	0.9998840743208027	0.999976336060516	0.9999096490458812	0.5000051575631074	0.4999994892174601	0.5000007686882902	0.5000000250463015	0.500000108781779	
0.16684571056081884	0.9994111630061993	0.9999525670411793	1.6067208222501098E-4	0.500005352500646	0.499999452448067	0.5000003219760343	0.5000018746331487	0.5000000757863569	
0.16674934959525659	0.9998071080251553	2.5024058321325047E-4	0.3512453568479857	0.5000051331533419	0.4999994895454123	0.5000002951960599	0.49999982543214777	0.500000109026638	
0.16684684687642298	9.1707283441042E-4	0.6433437567727371	0.4998364972393827	0.5000051411246411	0.5000001474981166	0.5000003216831258	0.5000011954642589	0.499999993091544	
1.5178773556945302E-6	0.7070510423829527	0.46056484835720174	0.12951627115782285	0.5000051479889228	0.49999941273563964	0.500000770238752	0.499998525603146	0.5000000987176476	
