0.9999964168864266	0.9999837043869708	0.9999913274077249	0.9999360826665279	0.4999871749481233	0.49999708643191365	0.5000032562296759	0.4999860894726212	0.4999998171830452	
0.999995218400207	0.9999909132560153	0.9999973957320094	0.8333388877330423	0.4999982939956896	0.4999981369153292	0.4999993791895984	0.5000000809306795	0.4999997727996197	
0.9999964683940668	0.9999995982755452	0.9999976284135934	0.6667341589917098	0.49999621863052957	0.49999779126633986	0.5000022132656741	0.4999906124082577	0.5000000847344156	
0.9999998149792706	0.9999991777581421	0.9999975647230233	0.5000112865773527	0.499995393178478	0.4999977835213765	0.4999992490074444	0.5000024432426438	0.499998085501998	
0.9999998092352971	0.9999855145688384	0.9999945970665174	0.33339124306290824	0.49999535488511604	0.49999833023386014	0.49999927994513027	0.5000016146270392	0.4999983986604035	
0.9999998359330723	0.999999443050241	0.9999979083698525	0.16665571494972103	0.49999553696377325	0.499997567149432	0.49999894099078235	0.500002643055195	0.5000000719509071	
0.9999995573572406	0.9999979083872189	0.9999946039122563	1.097711859372623E-5	0.49999524630446335	0.4999985310849775	0.4999979012350773	0.4999906300491493	0.5000001464573117	
0.9999717157334219	0.9999978556317174	0.8334191488716243	0.9999826012435181	0.4999982291663986	0.49999811658557447	0.5000020161301287	0.4999935262152615	0.49999900522583307	
0.9999843786849937	0.9999905094835194	0.8333004118373609	0.8000768369567761	0.4999961413114548	0.4999980242454621	0.4999988066672737	0.4999936504275743	0.4999995573418696	
0.9999108150839185	0.999997774014368	0.833300502889456	0.600039511533726	0.49999587859323374	0.49999802279288263	0.5000027865507949	0.4999924627601914	0.4999980816974854	
0.9999927704681089	0.9999932356587342	0.8333478106773039	0.40003691923878304	0.49999493510360404	0.49999810677113266	0.49999902940265967	0.500002437343362	0.49999810659173544	
0.9999978152507832	0.9999996235418832	0.8333271471258707	0.20000078401179788	0.4999951981378423	0.499998293731093	0.49999890415912407	0.5000024598202564	0.4999991475459421	
0.9999998554468635	0.9999989016099832	0.8333258677208151	2.3754916529799245E-6	0.49999553784600587	0.4999985715800908	0.5000017917889488	0.5000028359045409	0.5000012801371125	
0.9999794129929148	0.9999836456783764	0.666507171770033	0.9999995735075113	0.49999612802595583	0.49999816621221427	0.5000032473946745	0.5000018587115931	0.4999998205609762	
0.9999954406795232	0.999995243901749	0.6667207189272352	0.750009309438684	0.4999982417335987	0.4999977997211356	0.5000018552376474	0.5000003412315127	0.5000000996697885	
0.9999927789970672	0.9999983891581549	0.6666078737894322	0.5000067325655841	0.49999606404132263	0.49999837778582384	0.4999984089471234	0.4999875949361535	0.5000009399773221	
0.9999927704170074	0.9999988036725262	0.6666079734022945	0.25006127267889244	0.49999632347442247	0.49999776992338846	0.4999990855943382	0.5000025469599771	0.5000007936062277	
0.9999996648373076	0.9999743015831435	0.6668587101153233	3.3446655202862063E-6	0.499995569239014	0.4999980414330432	0.5000015536177527	0.4999907458658101	0.5000012745075803	
0.9999997419723167	0.9999876715450641	0.5000189285624458	0.9999891668451427	0.4999961842093098	0.4999989813331319	0.5000026672664647	0.49999957176943505	0.5000000219069466	
0.9999952062199201	0.9999880833926235	0.500019025927062	0.6667249008978412	0.49999591947761174	0.4999976615498965	0.4999988452638659	0.49999285894068884	0.500000019476467	
0.9999957898854389	0.9999966222731872	0.5000134662024676	0.3333755269094143	0.49999647983889745	0.49999833865474347	0.4999986420150645	0.49999520032668476	0.5000000803570941	
0.9999975705021298	0.9999959241255196	0.5000248469075311	1.66252720291416E-4	0.4999960909270329	0.4999977834398153	0.4999977945002931	0.4999906070202548	0.5000000557171642	
0.9999731854189746	0.9999747663052082	0.3335315742696265	0.9994259883840674	0.4999961116926985	0.49999801694556034	0.49999899502825734	0.5000154272360745	0.49999842006467293	
0.9999891456695855	0.999998391542439	0.3333840421400811	0.5000169577549284	0.49999611940018235	0.49999836489515886	0.5000047091287741	0.5000001189913137	0.50000002340571	
0.9999959374915365	0.9999969829332829	0.33339122289775874	1.4397634264184375E-4	0.49999637352058374	0.499998372975416	0.4999982552032968	0.5000026657739575	0.5000000737642966	
0.9999731854189746	0.9999842383998828	0.1671184768441035	0.9994028953214227	0.4999961438403814	0.4999975581730008	0.4999989158069035	0.5000085466449258	0.49999835741679727	
0.9999730989799261	0.9999737437663562	0.16679616225037602	7.93135804427969E-4	0.4999968858718338	0.4999980198086319	0.4999982694207783	0.49999039076283147	0.5000009656850452	
0.9999976127426499	0.9999702895547169	6.937210130563215E-7	0.9490133441663535	0.49999707297385204	0.49999854900347074	0.5000013979971271	0.5000093411358174	0.4999998711662207	
0.9999987122037232	0.8332961474060284	0.9999971094370995	0.9999991210164793	0.49999617129059665	0.4999981539122517	0.5000020325860003	0.4999922717101936	0.49999901438923966	
0.9999952425491864	0.8332967261827509	0.9999971858340366	0.8000486833190354	0.4999983730309204	0.4999981349861474	0.5000020282578995	0.5000020107393405	0.4999997732010574	
0.999999797199653	0.8332973591877074	0.9999997588639663	0.5998267897510065	0.49999845151669065	0.4999981855048306	0.4999980880653027	0.5000020075854374	0.49999976641402266	
0.9999989165149222	0.8333147229529112	0.9999980815020411	0.40004043970759007	0.499998461823917	0.4999981075794032	0.4999989944826881	0.5000015689511872	0.49999805631639643	
0.999999868775711	0.8333160461442557	0.9999980625465281	0.199937330780734	0.499995530419418	0.4999975658263944	0.49999898820000904	0.5000016391130474	0.49999948432255087	
0.9999898147318931	0.83331574092319	0.9999936243600202	2.9017418294483537E-6	0.499995227502148	0.4999965549272035	0.5000019280303198	0.49998922286810266	0.49999944253193035	
0.999995316132996	0.8332964850885457	0.8000089400372151	0.9999853030912347	0.4999961428880419	0.49999776101951654	0.5000022936406484	0.5000000072465092	0.49999977280278407	
0.9999989420982816	0.8332975333836328	0.8000182890577203	0.7500124158487725	0.4999984766355715	0.49999811639335556	0.5000018462359503	0.4999934590087093	0.49999976493158244	
0.9999902980738863	0.8333609580406858	0.800013574022642	0.5000109978085238	0.4999962274625913	0.4999981426454521	0.4999982515901406	0.4999877659879652	0.5000008999458367	
0.9999894390107702	0.833295478921696	0.8000135773877393	0.24992275667790217	0.49999823069644017	0.499998142923899	0.5000028458285136	0.499992408643115	0.5000001322488385	
0.9999960008480479	0.833316654759298	0.8000163303570315	6.715593871421407E-6	0.499996265352812	0.4999983976483523	0.49999878590768354	0.4999929832273113	0.500000065920556	
0.9999952925981088	0.8333001625270066	0.5999910338839364	0.9999678294705694	0.4999961509360261	0.4999977997097622	0.49999901975598093	0.49999986581692346	0.499999137636969	
0.9999953195640313	0.833334781909742	0.5999908737842342	0.6666402638005482	0.49999128453888037	0.4999978177671116	0.499999005598549	0.4999933655659424	0.500000012633493	
0.9999892443423194	0.8333597333090416	0.5999712188532054	0.3333781768705847	0.49999606403219565	0.4999982230421501	0.4999990588291547	0.4999923718667555	0.4999999117197651	
0.9999714593248795	0.8333163237642283	0.600139385759087	1.8037899913279383E-4	0.4999951865533872	0.49999824386210745	0.49999890942295605	0.5000023974165966	0.5000008403959425	
0.9999953261543449	0.8332887444588123	0.4000158894375308	0.9998629279150784	0.49999445047551794	0.4999980334584197	0.5000016449489667	0.5000078811059748	0.4999998065765802	
0.9999953895930653	0.8333349838842802	0.4000158894375308	0.49994675641339104	0.499997278087055	0.499998458618454	0.4999995073831218	0.5000078311138564	0.49999979659321786	
0.9999927715205094	0.833289491401822	0.4000158894375308	2.714293877656216E-4	0.49999068667303054	0.4999984477946481	0.499999706286638	0.5000032695607117	0.4999980375433832	
0.9999928710650371	0.833335351610699	0.20012063901134763	0.9994481440763672	0.4999972521770615	0.49999843469505817	0.4999994520319342	0.5000078307994844	0.4999995897407389	
0.9999928411003642	0.8333360456421768	0.20012064000120983	1.4396021599012265E-4	0.4999961203067907	0.4999977185909286	0.49999909743053284	0.4999843669258522	0.5000012291957624	
0.9999937719099851	0.8333331887039221	7.066697029520057E-8	0.023241271530830387	0.4999972416511296	0.49999842695751995	0.5000045029289728	0.5000005120177066	0.5000000439179207	
0.9999958066451181	0.6667079341713975	0.9999759106572796	0.9999349404400233	0.49999860074473473	0.49999814728647135	0.4999994655811285	0.5000016893127699	0.4999998619575995	
0.9999962176142527	0.6666993044556314	0.9999913862570914	0.7500123781679647	0.4999964563530818	0.4999975153011154	0.4999993357132443	0.5000017419252235	0.49999898784401176	
0.9999892961705324	0.6668089400141682	0.999872199061684	0.5000084886453955	0.4999982656204019	0.49999784050386675	0.5000019064070389	0.4999941131053263	0.49999953111859147	
0.9999995718569438	0.6666995243764868	0.9999769154770968	0.24995708456079754	0.49999561097443845	0.49999791793178056	0.49999789692179336	0.49999291000730317	0.49999909521292396	
0.9999833016861047	0.6668083686832903	0.9999772095853313	1.7947400804139068E-4	0.4999951691067518	0.4999980050223896	0.4999989024996517	0.5000029213479458	0.5000013716838204	
0.9999844076407886	0.6666996790668486	0.7501488189408019	0.9998592175026387	0.49999614581556945	0.4999980869601729	0.49999841307476306	0.4999999155760104	0.49999965186039647	
0.9999953684972387	0.6666994631641141	0.750002689148409	0.6665369592775063	0.499996093121509	0.4999980199845695	0.49999835113070507	0.49999987457852024	0.49999992366734436	
0.9999971154535446	0.6666869484223881	0.7500092640122813	0.33337611305258497	0.4999952238100016	0.4999975083357267	0.5000056090157348	0.5000027188727568	0.4999985792733451	
0.9999710533777759	0.6664330198049772	0.7500092635205003	1.4567410424272614E-5	0.49999513216619157	0.4999981090803054	0.4999988486340927	0.500003114617512	0.49999941260605096	
0.9999850550703729	0.6666994049438537	0.5001436306922372	0.9999520862597604	0.49999082888029794	0.49999802556236833	0.4999983530520409	0.4999999710487679	0.49999965782913663	
0.9999953547028093	0.6666994494290904	0.5000075443515117	0.5000085091619845	0.49999600546869427	0.49999811464313854	0.4999983963433599	0.500002801711635	0.4999997997799203	
0.9999904266895775	0.6666783425593819	0.5000171314517795	2.4968970653160444E-5	0.4999950467185242	0.499998104790718	0.5000025737558846	0.5000076883559363	0.5000006039372026	
0.9999801058314022	0.6666774311158972	0.250092658131561	0.9996711594332091	0.4999943840383505	0.4999975561862096	0.5000027165251509	0.5000073926675171	0.499999896987266	
0.9999929331023126	0.6666774337018444	0.24995576721542667	2.096009167151696E-6	0.4999904014686662	0.499997756000637	0.5000025653398333	0.5000066585085579	0.49999940992399583	
0.9999975568426737	0.6666775839204524	2.096326857909295E-5	0.47767337544130184	0.49999607596245826	0.49999687124789643	0.5000016714335042	0.49999523691551506	0.49999936423401864	
0.9999970677479425	0.5000161106419431	0.9999294897902563	0.9999872035050091	0.4999982564868402	0.49999784424895816	0.49999839120236983	0.4999942610294016	0.4999995098312297	
0.999981067753593	0.500015859213368	0.9999627518021172	0.6667994098109549	0.4999957942542162	0.49999815940764175	0.5000029635958583	0.4999921772872171	0.4999996360506026	
0.9999891548104036	0.5001644811347306	0.9997166234392171	0.33344129310795567	0.4999981740788706	0.4999974914075744	0.5000018668081211	0.4999938267796031	0.5000000012556427	
0.9999903658866345	0.5000578395411132	0.9999334574913084	2.4080546070489587E-5	0.4999945486167269	0.4999981056347258	0.5000026662252027	0.5000069185177288	0.500002158840245	
0.9999968115719575	0.5000161106419431	0.6666767609121852	0.9999993796999019	0.4999962538488274	0.49999864524272913	0.49999801729678633	0.49999386842755317	0.500000013926843	
0.9999953384769703	0.500057744607282	0.6665658833206878	0.5000153401112953	0.4999961905931831	0.49999889941718945	0.5000027464997094	0.4999937021378468	0.500000073294305	
0.9999952679985133	0.5000200543586704	0.6666733669049998	2.4367127192555837E-5	0.49999435226559463	0.49999748657537163	0.500002733789084	0.4999871837626163	0.5000022175856023	
0.9999928840893001	0.5000587827176665	0.33343292203303493	0.9997186018868321	0.49999526049730536	0.49999708688577865	0.50000264726438	0.5000012132500837	0.49999992576316277	
0.9999958991016629	0.5000588515579741	0.33343008530729273	1.8224881164356858E-4	0.49999525517902715	0.49999708630887574	0.5000027217600097	0.49998159218295274	0.4999999210117012	
0.9999895859382425	0.500155923204988	4.734413502796419E-4	0.49341349893534464	0.49999643838247165	0.4999975303246066	0.49999891552460274	0.49999383157579325	0.49999986232854643	
0.999980871996476	0.33332718587406823	0.9999994583236722	0.999998573168068	0.49999058420400727	0.49999748031380137	0.4999986844325894	0.4999996191706888	0.4999996690479553	
0.9999804240098008	0.3333285337595377	0.9999991530173743	0.5000052568319061	0.4999983288774709	0.49999810622316637	0.49999849399422946	0.50000807249648	0.49999942197195435	
0.9999808604990261	0.3333260130695767	0.9999992925573427	7.92023363234526E-7	0.49999597679743385	0.49999807969630644	0.4999975698156018	0.4999918468375553	0.4999990764577796	
0.9999962712014872	0.333378212910391	0.5000326478358146	0.9997824417116734	0.49999843279454487	0.49999802338916327	0.4999985975788153	0.4999814254281631	0.4999995289442707	
0.999977485561769	0.33338100646138297	0.5000303671587728	1.794327296664966E-4	0.4999983753593846	0.49999803667503084	0.5000025189779084	0.49998136700592777	0.49999953955750326	
0.9999953923441062	0.33338072677544744	1.507326374353958E-4	0.49955036292977156	0.49999524481548646	0.499998046944019	0.50000294762225	0.49998088113310485	0.5000012476933444	
0.9999808704784744	0.1672915549932389	0.9986064898357122	0.9983614198861029	0.4999961479198352	0.4999974840368865	0.4999982291042575	0.49999176455262734	0.5000000498065614	
0.9999856637939539	0.16688314453961156	0.9997100102615659	2.762714579742163E-4	0.4999954718687553	0.49999804694672834	0.5000028936198917	0.4999883624905891	0.5000000082632883	
0.9999808710022171	0.16688544758019186	0.0010354398061762082	0.5017069720107706	0.49999524005545604	0.49999766258546635	0.49999860281249003	0.4999956582807292	0.5000000502324831	
0.9999958345868718	9.37744648885075E-6	0.6340936018207388	0.4784511730973082	0.4999959465358469	0.49999870206594366	0.4999979781956542	0.4999918594310928	0.5000000146233291	
0.8333158060142921	0.999999302715633	0.9999995871606103	0.9999999760963499	0.49999611544953687	0.4999970229294675	0.5000034321713652	0.4999937567660258	0.5000010712340002	
0.8333279525229161	0.9999816964104545	0.9999935545825402	0.8000769226716153	0.49999627275433056	0.4999981381839094	0.4999990445836969	0.4999935900742048	0.4999995699831922	
0.8333288144342617	0.9999996424381115	0.999999650775425	0.600002073333458	0.49999819680602053	0.4999974307696365	0.4999984257956933	0.4999933302031138	0.5000000155548223	
0.8333278875801249	0.999998130131943	0.9999978928743155	0.39992494897255826	0.4999953519719476	0.4999981958786023	0.49999899175532714	0.5000023557043756	0.49999810758064656	
0.8333260682437788	0.9999878549740834	0.9999944335355154	0.20004641877542134	0.4999953543466265	0.49999854733767446	0.49999895042093334	0.49999826879326337	0.4999986395307996	
0.8333268892784391	0.9999989985313628	0.99999461541275	1.1182482978176498E-5	0.499996141539669	0.4999976989361446	0.5000023330444135	0.4999924417537355	0.5000014405752301	
0.8333285808715222	0.999999282292152	0.8000090467038222	0.999999272606539	0.4999961024764981	0.4999974643448668	0.5000024162830607	0.4999999990855128	0.49999977278669594	
0.833323119573291	0.9999921647398422	0.800015993878703	0.7500107419556945	0.4999961554071409	0.49999771247592073	0.4999988295678872	0.5000011514849149	0.5000010263365897	
0.8333309701709328	0.9999970374724004	0.8000162857276802	0.4999797492256124	0.49999486780488706	0.49999808303948257	0.500002214698538	0.49999289251819146	0.5000000850841059	
0.8333260405113134	0.9999970054973006	0.8000163884334855	0.25002960625266124	0.49999589168495595	0.4999985151380516	0.5000020569060466	0.49999203034222384	0.5000001489744433	
0.8333264732688658	0.99999757092428	0.8000224178259644	2.0932352057986456E-6	0.4999958907025386	0.499998540881012	0.5000017797964365	0.49999804349167826	0.4999998117281602	
0.833330815042539	0.9999915395253927	0.6000673416845278	0.9999240062115505	0.4999962588782209	0.49999802244364494	0.5000020437335432	0.4999937587000497	0.49999981361017604	
0.833323189526945	0.9999966153237095	0.6000698370713548	0.666639543750711	0.4999913815643411	0.4999985754289231	0.4999987850236222	0.49999307973481477	0.5000000669395241	
0.8333311367999806	0.999996110200755	0.59997716928033	0.33327910645162157	0.49999595582816836	0.49999778916818943	0.5000015778368616	0.49999298177515655	0.5000000670334052	
0.8333312098915908	0.9999980594434489	0.5999739027090427	4.953302823762563E-6	0.4999963274423173	0.4999985662445495	0.4999991376517688	0.49999370859088077	0.5000007843296167	
0.8333308432475257	0.9999980668290669	0.4000154972078904	0.9999692164760867	0.4999970062846409	0.49999811219634943	0.5000015284637129	0.4999952201572642	0.4999998009978902	
0.8333307452919261	0.9999980690304333	0.4000154832086759	0.4999527150346319	0.49999709905854284	0.4999980303049246	0.5000015494874419	0.499999955353678	0.4999998022690009	
0.8333308413141327	0.9999979625647505	0.4000151376078427	1.674102113770211E-5	0.4999964721305163	0.4999981463380516	0.5000015658964837	0.49999521605958286	0.5000000816206785	
0.8333265362020192	0.9999745476976848	0.20012136529926824	0.999469614289253	0.49999605092237936	0.4999984872407426	0.4999990711382636	0.49999989909681597	0.499998391264617	
0.8333278514070499	0.999984239105138	0.20012638367123736	2.570864822834194E-4	0.49999614823492156	0.49999772134079307	0.5000016836534424	0.5000148579900663	0.4999984136028401	
0.8333279255059748	0.9999993156894215	8.194173772241643E-7	0.9651915481285389	0.49999708683915506	0.4999985040403797	0.5000016693184285	0.4999974034309537	0.4999996293997647	
0.8333266030660085	0.7999957271467327	0.9999996546830358	0.9999993070588972	0.49999844226004203	0.4999981472768793	0.4999983636847938	0.5000023731832172	0.5000000074274289	
0.8333266030804921	0.7999957349755994	0.999999652236518	0.750010764466642	0.4999981736280692	0.49999813551765143	0.49999817659956114	0.5000021147409883	0.5000000063899852	
0.8333258662573028	0.7999923092232194	0.999995042558023	0.4999802827794914	0.4999965141873165	0.49999840074549745	0.4999994345167336	0.5000025269329715	0.5000001028222352	
0.8333312346838192	0.7999923515111365	0.9999981766245997	0.24997553414504584	0.49999757210338247	0.4999984988316532	0.49999801327464927	0.4999971417421836	0.5000008710590123	
0.8333260200965523	0.7999926117270204	0.9999999883656014	2.531142954872029E-6	0.4999954042649409	0.4999979865406783	0.49999898320831593	0.5000020044160638	0.5000009903358171	
0.833326541163868	0.7999936709651688	0.7500076596666083	0.9999993017688914	0.49999802395505016	0.49999811419503803	0.4999981212848633	0.49999384565530824	0.5000000157469277	
0.8333265279336243	0.8000161386835201	0.7500077883716213	0.666551257406081	0.4999961543097795	0.4999976610992409	0.4999979366859327	0.49999989664337746	0.5000009996060414	
0.8333312323096018	0.7999923612556229	0.7500032149809095	0.3332790215572435	0.49999830018144775	0.49999874424234403	0.499999137698279	0.5000025618026674	0.5000009072044044	
0.8333260116572525	0.7999926179228449	0.7500047846097684	2.87968184578134E-6	0.49999522812603486	0.4999981019898392	0.5000020582577784	0.5000027316562237	0.4999996467408189	
0.8333265508227882	0.7999936706427935	0.5000129261430051	0.9999956600333202	0.4999980210650756	0.49999812070082217	0.5000023648834546	0.4999996197671983	0.5000000146079634	
0.8333266025896096	0.7999926842951186	0.5000113278607053	0.5000093109933741	0.49999706234474073	0.49999846091216965	0.5000015112910549	0.4999957469973891	0.5000000367818107	
0.8333271989163269	0.7999926841312953	0.5000115935240309	1.4340300634044408E-5	0.49999825349588706	0.4999987535125916	0.5000025412473768	0.5000026422082127	0.5000009198457875	
0.8333198452833267	0.7999952819318858	0.2500801058287922	0.9997481814203483	0.4999970999119347	0.49999802250838904	0.49999921486737015	0.49999294200134625	0.4999999763332327	
0.8333265459646217	0.8000156191890134	0.2500801058287922	1.4342890657118474E-4	0.49999459839868093	0.4999983609031911	0.49999913618474895	0.49999524945178997	0.500000343647236	
0.8333280945814479	0.799998505974415	5.301700150292266E-6	0.4955699544997542	0.4999980995559562	0.4999983458005859	0.5000043231408541	0.5000082049231235	0.4999997876009265	
0.8333232716336196	0.6000232336090375	0.9999852825193858	0.999982383144003	0.49999807089092363	0.4999984238475403	0.49999846536325565	0.49999986489405024	0.5000009889607392	
0.8333288171758945	0.6000233088318279	0.9999750878560654	0.6665501059639061	0.49999616305611466	0.4999981237104947	0.5000031113401578	0.4999983977580986	0.49999963157486266	
0.833323051021814	0.6000432393856198	0.9999777909169039	0.3334463456635531	0.49999576381488664	0.4999972971609411	0.4999976950614308	0.5000075080489385	0.49999973105181933	
0.8333269061561495	0.60002700592341	0.9999934660163053	4.1535360665750135E-5	0.4999955991954965	0.49999798445677585	0.5000029728837035	0.49999816123300495	0.4999982883144672	
0.8333265409047304	0.6000150326853058	0.6666735229233131	0.9999526920374534	0.49999808269616836	0.49999844154767553	0.499997747994802	0.49999998295817594	0.5000010009943161	
0.8333260051404668	0.6000150287271825	0.6666656233649001	0.5000090830136652	0.4999982116245909	0.49999844596023274	0.4999993530630924	0.5000009937089482	0.5000000152228679	
0.8333260116596889	0.6000290766947501	0.6666657018737463	2.808753049307162E-5	0.4999957804877841	0.4999983938045859	0.4999984929484364	0.5000029114077505	0.49999964696774096	
0.8333232941780175	0.6000998294238623	0.3334359791222089	0.9995335714861305	0.4999910629095313	0.49999728318393216	0.5000027638471913	0.49999271851830174	0.5000000003205578	
0.8333260975361432	0.6000532563901789	0.3336595000332095	5.944248307169775E-4	0.4999958974821858	0.4999978649193627	0.49999718141735916	0.49998327803313797	0.49999975275209835	
0.8333265406721824	0.6001901065905416	2.4216150257257542E-4	0.4995007037277792	0.4999971949815495	0.4999978564174793	0.5000016700649353	0.49999248348151065	0.5000001244639507	
0.8333231838127071	0.4001050833504301	0.9998682200050671	0.9997824538082433	0.4999984537178851	0.4999981509210845	0.49999847123564023	0.49999224646459534	0.49999965271646496	
0.8333232354808372	0.40010197881945286	0.9998663032979206	0.500013577577011	0.4999913722327071	0.49999807504421817	0.5000039224798549	0.4999920537531943	0.50000001312784	
0.8333200876655811	0.400097339373683	0.9999937624420212	4.169959707213447E-5	0.4999955984034956	0.4999974777229283	0.5000029678124243	0.49999158492172047	0.5000001307386522	
0.8333232419869772	0.399979461966769	0.5001193202474798	0.9999444200831697	0.49999585358489584	0.49999808292682685	0.5000027929631379	0.4999834396899131	0.49999950327228504	
0.8333287542577605	0.4001033985155345	0.5001042469683569	4.0395191398254204E-4	0.4999981371630121	0.4999980226872478	0.500004200518198	0.49999173515342876	0.4999996275035986	
0.8333265284447302	0.40010508551840684	2.655595863551019E-4	0.4597991551012761	0.4999946175064818	0.4999980027340755	0.5000017774499119	0.49999612634338714	0.4999996670870717	
0.8333856964900499	0.2004673518329394	0.9990965123070442	0.9993660648654467	0.49999424379791285	0.49999869912783346	0.4999985933495817	0.49998156875429994	0.49999948640243236	
0.8333871658360315	0.20062314837079895	0.999843188249154	0.001817755152222625	0.49999558492839324	0.49999801399098154	0.5000019979664669	0.49999835293839545	0.49999828537972923	
0.8333263398116276	0.20004266452322247	3.765409164133149E-4	0.2962401876287657	0.49999503520636296	0.4999974770297532	0.499998512939883	0.499991872496408	0.4999994739708392	
0.8333261837412299	2.538217101196919E-7	0.9997352596909903	0.2998410132555294	0.49999550673771825	0.49999807865841517	0.49999851135359186	0.4999956660994987	0.500000062756482	
0.6666866437827053	0.9999923749401708	0.9999922923216683	0.999971714496854	0.49999615673951997	0.49999766032072995	0.4999984855311744	0.49999429928847317	0.5000009992736476	
0.666699760817053	0.9999685807620962	0.999962224545291	0.7500126508596299	0.49999828387562617	0.4999974181549997	0.5000018607702176	0.49999376748107993	0.5000001042673236	
0.6666707208566712	0.9999693890553207	0.9999994886554351	0.49998073534647014	0.49999617852921313	0.4999983555134929	0.4999983556785562	0.4999941093429886	0.5000018679046903	
0.6666998922364548	0.9999672975310177	0.9999741788011327	0.2499745949731321	0.4999961671982723	0.49999853931578164	0.5000016092718965	0.4999967260177956	0.49999965225991616	
0.6667002892803888	0.9999691947511166	0.9999652700033818	2.3893551251709895E-5	0.49999592673644727	0.4999976969401253	0.4999962591756954	0.49999720131993736	0.5000000573104576	
0.6666993133183979	0.9999739741689996	0.7500081623336127	0.9999717153906216	0.4999985270825236	0.49999809321926375	0.49999813289012507	0.5000022976561858	0.4999997796465055	
0.6667009023028984	0.9999820895981372	0.7500077553254869	0.6665499795078282	0.49999612172517505	0.4999983918636518	0.4999981703612569	0.4999907556486288	0.4999995176102806	
0.6666989327875535	0.9999798350745036	0.7500058647652887	0.3332716699365361	0.49999519643499146	0.49999844346952	0.49999879439663886	0.4999936376231904	0.4999996020359613	
0.6667128279410796	0.9999738154662483	0.7500052508602728	3.1251741276453105E-5	0.4999926222207803	0.4999985482087353	0.5000017306288229	0.5000023257022699	0.4999996809476417	
0.6666989661571663	0.9999718357784543	0.500022242050774	0.9999405352966902	0.49999687227261164	0.49999809537336554	0.499998912947053	0.4999928305586562	0.4999997876351781	
0.6666989478863631	0.9999798109375272	0.5000221729287769	0.5000159393594028	0.49999693078782637	0.49999847812088444	0.5000015425296668	0.49999595468978925	0.5000001175487043	
0.6666991675005873	0.9999715413316081	0.5000247513988364	8.406976962926292E-5	0.4999960361634901	0.4999981401634759	0.5000016050609264	0.4999953968020398	0.49999831325849825	
0.6666989992571866	0.9999802923239152	0.25000896948975226	0.9999907314492948	0.49999614538932113	0.499998343703855	0.5000025428180753	0.5000087278352824	0.5000012041175894	
0.666670422227004	0.9999695362759152	0.250007385729875	1.6822853999414604E-5	0.4999956462831791	0.49999847285586657	0.5000016350305375	0.49999281989018146	0.5000000653900633	
0.66669959408623	0.9999698255508891	2.476824365454146E-5	0.9489449951966589	0.49999648948979186	0.49999855402293186	0.5000013981472714	0.499996106119926	0.49999981275226757	
0.666670652659249	0.7499904662729209	0.9999996927939003	0.9999956898777985	0.4999962219276636	0.49999815392483726	0.4999984230665662	0.49999984539814396	0.4999990124288484	
0.6667009580596714	0.7500192595436804	0.9999649997870321	0.6665904316424943	0.4999961704368225	0.4999983884951404	0.49999937403666034	0.5000023680950159	0.49999952433525346	
0.6666998736102192	0.7500189989887519	0.9999659345635182	0.33311252125671864	0.4999981930086456	0.4999983068247021	0.49999906887445567	0.4999931692343655	0.4999981636121111	
0.6666994512922254	0.7500219635945385	0.9999638806301985	2.125273828018592E-5	0.4999953025159934	0.4999981556378297	0.49999636345809245	0.5000023170151113	0.5000000865539495	
0.6667007788383144	0.7500355723593489	0.6666786956967167	0.9999265160822052	0.4999969284589818	0.49999843425522056	0.49999974488803234	0.49999271170149606	0.4999995132812975	
0.6666996377335048	0.75002195901318	0.6666785256932833	0.500135290289281	0.4999969619026607	0.49999847849484164	0.5000029364039874	0.49999595630618593	0.5000000344082329	
0.6666996194483927	0.7500202934926282	0.6665023853618178	3.440599777535772E-5	0.4999975753000531	0.4999983928181721	0.4999980884134134	0.4999971804739042	0.5000001028194605	
0.6666995170006464	0.7500352285283582	0.33328244724252903	0.999999490241134	0.4999976371603409	0.4999972604009633	0.5000025970461619	0.5000020534396403	0.500000009336459	
0.6667222670595647	0.7500257995093703	0.3336119202468705	6.856435185915042E-4	0.49999710696596883	0.49999856946438215	0.5000015199096277	0.4999936657030738	0.5000000124506937	
0.6666956522769872	0.7500279945703451	7.686001574303317E-5	0.40834751650539847	0.4999969507146077	0.4999973675111001	0.5000016426409564	0.5000069417972522	0.4999994967078391	
0.6667009149874058	0.5000636029595691	0.9999250612873997	0.9998707002371334	0.49999130207238646	0.49999838302873856	0.4999981867416303	0.49999296433012747	0.4999994610123528	
0.6666997629622314	0.5000624214438282	0.9999226740173245	0.5000257788924231	0.4999912034120064	0.49999857153435445	0.4999984511600668	0.5000018192230617	0.5000005779556456	
0.666701864266849	0.5000624089513558	0.9999328333732623	1.472851968114092E-4	0.49999528728513304	0.49999860695972737	0.5000018746468303	0.500001867660463	0.5000001156619862	
0.6666703615053842	0.5000613452517219	0.5000206586149274	0.9999888127097926	0.4999913246894775	0.49999845129916826	0.4999971337471091	0.49999293535002465	0.4999991161393171	
0.6667019058664015	0.5000625727786098	0.5001048104017792	1.1339726666440258E-4	0.4999970476918374	0.49999845118075076	0.5000026131101423	0.49998297379317785	0.5000001394230683	
0.6666958804624851	0.49986029866463566	1.4359512763761906E-4	0.03612879773332582	0.49999532900462357	0.4999984471192788	0.5000024907105781	0.5000063733620261	0.5000012032697341	
0.6667777221536252	0.25037346215045836	0.9994436207600584	0.9991112095544039	0.4999962044433913	0.49999846738302367	0.5000020094913208	0.4999833932678463	0.4999990683998711	
0.6667121041045843	0.25014039462472293	0.9998533062027547	6.154909466880264E-4	0.49999086471632126	0.4999974944877889	0.4999973960175768	0.5000016353254199	0.5000005754692912	
0.6667020110067624	0.2500793810941538	1.8196186289424392E-4	0.039612679209776014	0.49999505711046593	0.49999805560138866	0.4999970856860227	0.4999956383758268	0.49999979700046027	
0.6667125774892204	1.4753895051553E-4	0.6667570947363173	0.470178045497626	0.49999469248905265	0.49999765678932623	0.4999993627684464	0.49999634533024967	0.4999997056481333	
0.5000452109021444	0.9999648275971378	0.9999562530906121	0.9999869578908833	0.49999619043691695	0.49999769937600186	0.4999981667820388	0.4999942492385835	0.5000006058644844	
0.5000276863275451	0.9999603899590629	0.9999949923754824	0.6665904421212555	0.499996535683378	0.4999974708718893	0.49999761254442804	0.4999939421208961	0.4999998921275966	
0.5000451545159096	0.9999868259479466	0.9999803365436556	0.33362687416262404	0.4999972348729475	0.4999976889743052	0.5000025758131064	0.49999683121930744	0.5000008950253539	
0.5000214923111345	0.99996376069099	0.999976550659015	1.0695935398178936E-7	0.4999962705489639	0.49999581811285426	0.5000019966640253	0.499992421470561	0.49999960286482337	
0.5000279016448331	0.9999750347002831	0.6667507410870972	0.9998863134517761	0.49999822961206736	0.49999743584755996	0.49999863080714085	0.49999428861777917	0.4999987003146107	
0.500021492224139	0.99997312211323	0.6667115480300704	0.5000815325594146	0.49999491217946274	0.49999860696384074	0.5000026474574794	0.4999965551947337	0.4999984049135574	
0.500021492224139	0.9999726006894961	0.6667115480300704	3.1374853283499774E-5	0.49999491217946274	0.49999860696384074	0.5000026751898651	0.49999587902235165	0.4999984049135574	
0.5000273050286658	0.9999551025472107	0.3332103091710033	0.9999843354609784	0.4999964852007294	0.49999740690342837	0.5000024386818154	0.4999987140306287	0.5000008224823203	
0.5000273511558115	0.999971640650208	0.3332124416571479	5.220635447899772E-7	0.4999964775056178	0.4999985593536798	0.5000016371190077	0.49999696123737825	0.49999838772240385	
0.5000273562665788	0.9999758252126679	3.0900501343522624E-6	0.04455510478838473	0.499996492368686	0.4999973660064738	0.5000013992165506	0.4999941081733755	0.4999983941208861	
0.5000224912899773	0.6666687108269734	0.9999764275852995	0.9999302571285795	0.4999965749661819	0.4999981185492174	0.5000018520986317	0.49999077633310796	0.5000007952570587	
0.500021227608267	0.6666669161405959	0.9999757663258763	0.5000017512216657	0.499996555990405	0.4999981971710103	0.49999808929361533	0.4999958085651453	0.5000008241920004	
0.5000214923111345	0.666666915786508	0.9999921685805443	3.132821898698351E-5	0.4999965615007202	0.4999986005426878	0.5000017483938033	0.5000024036603214	0.5000010606033503	
0.5000271576805625	0.6666682428619587	0.5000228781208833	0.9999251999751417	0.49999675284648465	0.49999836796002917	0.5000017711629225	0.4999930636170403	0.5000008156838485	
0.5000218344688607	0.6666681630790992	0.500022854849074	8.421416006824906E-5	0.4999965949567769	0.49999854705684765	0.5000017553657694	0.49999025179794954	0.49999978067360906	
0.5000539503409754	0.6666780238528787	4.303556005222364E-4	0.4941665606769219	0.49999656573746004	0.4999981930567268	0.5000029225544028	0.4999959019453547	0.5000008326603078	
0.5000539627863878	0.3336299379384175	0.999773859214022	0.9993596554158078	0.4999960603310709	0.4999985133317863	0.5000024410442029	0.49998245514234674	0.5000005591353495	
0.5000533134905725	0.33362460071192634	0.9999756722660202	5.938197952637613E-4	0.4999975349215759	0.4999972593893589	0.5000025270337176	0.4999956837647058	0.5000018492809812	
0.5000539499071115	0.33362110851182547	0.0012721901479850976	0.4907434258447523	0.4999965309283577	0.4999984254161845	0.5000028915570213	0.49999574595657575	0.4999915849910724	
0.4999943453894852	5.714541829032749E-5	0.4814945907593239	0.026079125730284924	0.4999964833998762	0.4999972697362038	0.4999980414226463	0.4999928805733816	0.49999989339260403	
0.333382310601965	0.9997749579438837	0.9999948974879855	0.9999933669582489	0.4999968892094629	0.49999744111140265	0.5000026269840131	0.4999943001623022	0.5000012920516147	
0.3334398910456418	0.9998948015823986	0.9999840673781799	0.5000282911834105	0.49999833162030055	0.4999957395545167	0.499997692869383	0.49999654923364284	0.5000012878276427	
0.3334439591814279	0.9998961413479331	0.9997081922334506	3.3627287987169365E-5	0.4999983221502723	0.4999985488029197	0.5000016161609927	0.49999695439461717	0.49999972745425814	
0.333310836885946	0.9999903456822048	0.500024163871073	0.9999935846412082	0.4999964869774791	0.4999981232517386	0.5000026688235599	0.4999151305606392	0.5000008051786502	
0.3334398966298615	0.999893919817183	0.5000902386181401	1.7810114934663002E-6	0.4999983318065319	0.499995814660656	0.4999976923859231	0.49999658253312945	0.49999996706231165	
0.33344013559788593	0.9999063878098374	5.7146301089383567E-5	0.07273434638426576	0.49999833935002513	0.4999984267818466	0.49999760629251705	0.4999901514079502	0.4999987724141565	
0.3334362418395744	0.5000562260248334	0.999696320331068	0.9998742395592297	0.4999975441969728	0.49999727083182616	0.4999990240282636	0.499985291087031	0.5000014343272482	
0.33343873142565744	0.5001128249851032	0.9997059658362416	1.469686872022411E-4	0.49999824919985575	0.49999838629994814	0.4999989872113469	0.4999856591180294	0.5000011356570474	
0.33344646049700305	0.5000562381361314	8.687915096305889E-4	0.5002319209290615	0.4999982439085679	0.49999833479469186	0.5000024453800045	0.4999903223844792	0.4999987668419308	
0.3335276882898159	7.043363003232939E-4	0.6641698239577397	0.4942219189187182	0.4999965520826311	0.4999972737153615	0.5000025867499007	0.49998507221636973	0.5000002709638666	
0.16696467263480902	0.9997553301718183	0.9997092919592518	0.999498344934821	0.4999983207823372	0.4999974311694412	0.5000025467235333	0.49999003891519744	0.5000009691458301	
0.16713644382753032	0.9990481244149152	0.999914256152844	6.87675251337376E-4	0.49999657071794	0.49999860728673823	0.5000017555441707	0.49999022233367146	0.5000011083502699	
0.1669138242523954	0.999939391387791	0.0012902967878903908	0.4751940559037511	0.49999490517435297	0.4999974398628812	0.5000013320932951	0.49999579831978946	0.5000012015221034	
0.1668384040248796	7.068978875536473E-4	0.7018157393725318	0.5189229294877755	0.4999965519523351	0.4999976120395611	0.5000023425443044	0.499985240991508	0.49999688012299764	
6.276255099246786E-7	0.9519092438661555	0.48557321390378305	0.5119583418385674	0.49999658350902315	0.4999972702493076	0.5000014197497892	0.499991494314072	0.5000007662087257	
