0.9999953612538771	0.9999963170174904	0.9999961537998894	0.9999766951915524	0.49999523305022975	0.4999821174590387	0.500015821382824	0.4999676602875286	0.4999982308485778	
0.9999995536725964	0.9999900163644122	0.999987434704192	0.833261635962477	0.49999500678260816	0.5000238118713362	0.5000146305251038	0.4999756293381253	0.4999982405852342	
0.9999953342780641	0.9999976660107832	0.9999986286820374	0.6666418217052218	0.4999977465425839	0.4999843752988728	0.500015794682222	0.49997445851657657	0.4999982309766852	
0.9999964606523805	0.999939257320769	0.9999653724013132	0.5002049588473686	0.49999583280028587	0.5000237833454844	0.500014253430569	0.4999499970074676	0.49999828185640544	
0.9999833161768495	0.9999930537462252	0.9999884196077206	0.33325551189632324	0.49999582057949005	0.5000262164282177	0.5000143133850868	0.4999752188675984	0.49999886460223164	
0.9999728352830785	0.9999820428727951	0.9999957929080059	0.16656443147238786	0.49999878533201736	0.4999805207222659	0.5000141303197632	0.4999747720187561	0.49999879528670366	
0.9999945677603505	0.9999995416881741	0.9999888050743797	2.044310599145687E-6	0.4999968048947146	0.49998011219577587	0.5000158945175394	0.4999747721261326	0.4999981500827552	
0.999997827494558	0.999981498994309	0.8332734384766591	0.999971616890596	0.4999970556130501	0.4999836477496355	0.5000158547943616	0.49997633761269816	0.4999986622513424	
0.9999924234679333	0.9999955734468261	0.8332882910203838	0.800022493825819	0.4999988067679382	0.49998318128778435	0.5000140868672313	0.49997395175348036	0.49999972435255485	
0.999984272009683	0.9999961712787386	0.8332886502859269	0.6000630491880888	0.49999898352114	0.4999818004963004	0.5000143020591696	0.49997459997498367	0.49999872846524884	
0.9999974168189429	0.9999995835359391	0.8333115414620789	0.3999906890907092	0.4999988718554438	0.49998280029705117	0.5000140981793468	0.499973980803747	0.4999987869285826	
0.9999918382797736	0.9999829496423213	0.8333109707363953	0.2001621679220911	0.4999958667289442	0.5000246706751945	0.5000141074755984	0.49997545286402034	0.5000000581020274	
0.9999981010754162	0.9999851197739148	0.8333092480629772	1.1265492030079023E-5	0.4999959088884694	0.49998243947212045	0.5000141289137995	0.4999747091709463	0.49999824617259375	
0.9999934644434593	0.9999898583833302	0.666642324403638	0.9999969713827088	0.4999970764690986	0.49998360532887653	0.5000156404710461	0.4999749459976769	0.49999948014686596	
0.9999936884922059	0.9999964486051544	0.6666424418931342	0.7499913095951387	0.4999970701391056	0.4999784834960431	0.5000158744503354	0.4999709799870285	0.49999960408403404	
0.9999946207468751	0.9999795698181384	0.6666428696375759	0.5000064886602404	0.4999967654567062	0.49998282231906405	0.5000143143188118	0.49997738628860583	0.4999988025124587	
0.9999933687031664	0.9999788366385884	0.6666479137682958	0.2500103945721442	0.4999969274000795	0.4999843534586709	0.5000146102583057	0.4999748557042129	0.49999862821294	
0.999983504872991	0.9999987252605461	0.6666489398703839	1.3114866925962175E-5	0.4999969278983688	0.4999843275190727	0.5000139943707296	0.49997485983007983	0.49999878969153344	
0.9999931928129132	0.9999880157074771	0.5000159183951397	0.999967903183273	0.49999678219697336	0.500025548136679	0.5000154679112597	0.4999699678029632	0.49999962171106654	
0.9999885196552515	0.9999867013200215	0.5000141727993251	0.6665710461581817	0.4999970808072102	0.4999796670176597	0.5000142305948226	0.4999737593098582	0.4999986987069078	
0.9999993528295557	0.9999909974210758	0.5000137238784486	0.3333664900078516	0.4999964533621273	0.49998422086440303	0.500014186707969	0.49997741726523603	0.5000001056369096	
0.9999945450954983	0.9999985126842265	0.5000158984542541	1.4620604983505108E-5	0.49999678354147575	0.49998437748144686	0.5000150954617545	0.49997457112658816	0.49999878731681485	
0.9999981790259123	0.9999883669303576	0.3334044937792435	0.9998086961236956	0.49999727234559904	0.5000213763798143	0.5000145501651798	0.4999752887412268	0.4999987583474417	
0.9999977222312331	0.9999883669303576	0.3334044937792435	0.4998404065370712	0.49999727234559904	0.5000213763798143	0.5000145501651798	0.4999752887412268	0.4999987564782828	
0.9999937642154673	0.9999840947848719	0.3334047523173601	2.0563357392740936E-4	0.4999971626734048	0.4999778853657203	0.5000142527052635	0.4999754275035934	0.49999872632201586	
0.9999813380668228	0.9999423428069074	0.1669395026095245	0.9992150457497369	0.4999963917578313	0.5000255457968853	0.5000141813788771	0.49997560897736626	0.49999908161818285	
0.9999982829570327	0.9998136800236509	0.16678978770017405	2.026758539022431E-4	0.49999712345571795	0.5000258574605017	0.5000143335281019	0.49997540259991097	0.4999980429485203	
0.9999996709250435	0.9999953888357827	3.1793387566154014E-6	0.517287743563789	0.4999961458321698	0.500024785364427	0.5000143654293674	0.49997496029316474	0.49999882984593974	
0.9999960091306102	0.833331906663989	0.9999969564650336	0.9999998995918291	0.49999707183184106	0.4999843302586299	0.5000142719082592	0.4999745846366397	0.4999974117854891	
0.9999959771190043	0.8333336964981961	0.9999972660894203	0.8000034464027149	0.49999677586137437	0.4999836854667061	0.5000138575335495	0.4999738563738602	0.49999820353373914	
0.9999929927951211	0.8333336344252207	0.9999691338192463	0.6000633575911187	0.4999969300724936	0.49998387277925344	0.5000142843760214	0.4999748115831266	0.49999913398347057	
0.999996712551838	0.8333319225099732	0.9999978210052636	0.39999068833579327	0.4999988119450864	0.4999842941723595	0.5000141293666058	0.4999747342290296	0.4999988129961517	
0.9999967022958051	0.8333309983031979	0.9999884128147118	0.1999716040004674	0.49999886729552995	0.5000241434905925	0.5000141062241003	0.49997470597793425	0.4999988130152101	
0.999999650029415	0.833331946193346	0.9999995628793249	2.0662739934782577E-6	0.4999958683439283	0.4999824160034273	0.5000141459008871	0.49997545076025396	0.49999877685621835	
0.9999978958799748	0.833331906663989	0.7999851952426338	0.999999666028269	0.4999970752805098	0.4999827734453877	0.500015296690814	0.4999773637002865	0.49999738911037306	
0.9999960296591884	0.8333336739427024	0.8000169102505104	0.7500279709439353	0.4999970791051107	0.49998345504896985	0.5000143691365871	0.49997406411373246	0.49999820668235784	
0.9999960519947069	0.8333309181885242	0.8000155465954336	0.5000182443081014	0.4999989472850472	0.49998143599005507	0.500014151471755	0.4999748259544734	0.5000001240326635	
0.9999959148614789	0.8333319240520023	0.8000081383691992	0.25001981897531383	0.4999968805919518	0.49998615233608623	0.5000140953118608	0.49997544795880877	0.4999988774770793	
0.9999975302353398	0.8333319232629575	0.800015727942284	1.1319173052664783E-5	0.4999958941733982	0.4999824439926824	0.5000141289520166	0.4999747616271728	0.4999982457106279	
0.9999941899464707	0.8333321649385559	0.599940577741734	0.9999990158678368	0.4999971516534274	0.49998214152754694	0.5000147210112018	0.499976183841809	0.4999986529626524	
0.9999946977350712	0.8333322155895841	0.5999386899184657	0.6667831837047923	0.4999969275503596	0.49998548635777995	0.5000141051858359	0.4999747784640474	0.4999987072983082	
0.9999958634040319	0.8333321253256613	0.5999876644578619	0.3333731699178975	0.499995907439231	0.4999828833075797	0.5000141192559735	0.4999753942212477	0.4999981638681883	
0.9999976191470489	0.8333322735979057	0.599989555773989	5.6105217947076215E-6	0.4999967409167426	0.4999842308389777	0.5000139169035085	0.4999748920776362	0.49999881293043674	
0.9999941540688465	0.8333274895613819	0.3999372217304753	0.9998915405800018	0.49999677647097124	0.5000200006853697	0.5000145492401351	0.4999774294456184	0.499999095146355	
0.9999955476735122	0.833327203045853	0.40002281203888373	0.5000185448909129	0.4999968110346333	0.4999817726621711	0.500014125150334	0.49997479701390596	0.4999987246885843	
0.9999882437882845	0.8333323830631557	0.40002279179408656	2.4115564307951376E-5	0.49999627424663873	0.5000245814718877	0.5000139463467674	0.49997518563758536	0.4999994706534494	
0.9999877350515939	0.8333722963867872	0.20032652318765615	0.9988526552109487	0.49999625913845125	0.49998527961151995	0.500014249852931	0.49997395357815266	0.4999993301479938	
0.9999955540115631	0.8333278982280192	0.20003629871662762	2.0493941643277868E-4	0.4999968103624588	0.4999833415556954	0.5000143184627683	0.4999751856015022	0.49999872545767254	
0.9999997002132627	0.833333672089063	2.9116871202664654E-6	0.8920153657495731	0.4999962596937438	0.5000248948777083	0.5000142521385464	0.499975255536926	0.49999965353812353	
0.9999928653949384	0.6666619699976939	0.9999687652092777	0.9999733895717475	0.4999975214954887	0.4999836702326547	0.5000139582944217	0.49997098863381767	0.49999820342154844	
0.9999937351707777	0.6666939674492965	0.9999972720288939	0.7499956559503266	0.4999957118311856	0.499979780394992	0.5000138834353477	0.49997438232227354	0.4999982403894835	
0.9999930280419721	0.6667061707455053	0.9999691213062769	0.5000183981169396	0.49999678257847296	0.49998126789270864	0.5000141555621298	0.4999748260274269	0.49999842571524017	
0.9999987027986736	0.6666824266502609	0.9999881924475782	0.24999072917244172	0.4999989553703153	0.49998416371948656	0.5000140959454039	0.4999738798585265	0.49999873433356834	
0.9999995860336734	0.6666826949882523	0.9999784103473881	2.0662739934782577E-6	0.4999990529033915	0.4999825215617115	0.5000140955913596	0.49997543476978745	0.49999944855156075	
0.9999997453613846	0.6666939866166645	0.7499095971739639	0.9999826392351682	0.49999573170209044	0.4999792341817157	0.5000146552137391	0.49997481569246666	0.4999983389798709	
0.9999960371211954	0.6667046683149596	0.7499089145474135	0.6666291748429268	0.49999896202517624	0.4999824327547746	0.5000141475275679	0.49997409148359395	0.49999841316773097	
0.9999930925970945	0.6666813542293581	0.7499790702921866	0.33341721605156066	0.5000003793572075	0.49998414898059934	0.500014096136776	0.4999747347576761	0.4999988073378278	
0.9999986896019982	0.6666462366191679	0.7499790506883927	1.934615715941125E-6	0.4999989436815806	0.49998304229150914	0.500014220101248	0.49997545400037346	0.49999877735991033	
0.9999939698391899	0.6666616312338471	0.5000166223558545	0.9999886099945307	0.49999720930023195	0.49997909941293317	0.50001415589681	0.4999750628310825	0.499999689464375	
0.9999879500299609	0.6666377806898551	0.4998735021706037	0.49988071699675385	0.499996353435853	0.4999836126485085	0.5000152163873057	0.49997377482158567	0.4999979298204154	
0.9999845552036641	0.666642482142935	0.4998871144152433	3.881110694712013E-6	0.49999627183501605	0.4999828911171574	0.5000150079772643	0.49997474702623396	0.5000000537398833	
0.9999929496043457	0.6666603008638111	0.25000992252780174	0.9999685438369529	0.49999679215745124	0.5000239701064456	0.5000144121443761	0.4999747317959211	0.4999987424834895	
0.999999539261393	0.6666589705905994	0.2500087735675983	2.2331091578013212E-5	0.4999950126969053	0.5000250845624896	0.5000144171573011	0.49997473477638654	0.4999980738756685	
0.9999934479899125	0.6666590387248241	3.743313036739373E-5	0.5191672663617529	0.49999794596452374	0.5000252510425492	0.5000141259483054	0.4999753670436024	0.4999981636783631	
0.9999959433467802	0.5000325765942399	0.999863153670832	0.9999999029980943	0.49999533776838434	0.4999851386157308	0.5000146885638366	0.49997606159468116	0.4999983002697735	
0.9999973561640771	0.5000396282002911	0.9999888071195678	0.6666206820631729	0.4999972191376801	0.4999831726332207	0.5000159841347178	0.49997577280639044	0.4999983019042481	
0.9999956779291922	0.5000397342628946	0.999948852766623	0.3334085011812117	0.49999725633133096	0.4999828869893565	0.50001410657914	0.4999746054109061	0.49999678963331856	
0.9999707072097412	0.5003797355044981	0.9995803145665859	2.9923813580778294E-4	0.4999956392571227	0.4999851968754388	0.5000139866474091	0.4999745181376797	0.49999672493845154	
0.9999962699132514	0.5000520269449111	0.6664977442989655	0.9999824884001526	0.49999532488770526	0.4999849895771801	0.5000143212279143	0.49997395503686015	0.49999669417202963	
0.9999983204796145	0.4999544060705018	0.6666834387730184	0.5000108241701611	0.4999974422291198	0.49998300057779904	0.5000142721675155	0.49997421003337844	0.4999987555578888	
0.9999957040913636	0.500052016946421	0.6666243262255098	2.0738120157986041E-4	0.4999954611732935	0.4999850442974612	0.500014304654738	0.4999739756897451	0.4999966919664161	
0.999971999959185	0.5002176081198555	0.3339927565717812	0.9981819342169087	0.4999967517617829	0.49998282144013817	0.500014330937532	0.4999746720516939	0.4999960705336366	
0.9999980708792631	0.5000309806171334	0.33392267728423336	0.0013813030789125436	0.49999855675480176	0.499983833552705	0.5000143283298445	0.4999746293610663	0.4999996062332375	
0.9999880312789784	0.5001071625483094	3.180590331708958E-4	0.5077222172344992	0.4999963536418413	0.49998442129958487	0.500016049885773	0.4999734561245302	0.4999978357808966	
0.9999835616804521	0.33346031717033486	0.9998053014027296	0.9998861887862664	0.4999892218846092	0.4999829936529444	0.5000142748663639	0.49997417368185243	0.4999987350104008	
0.9999998418396419	0.33346058096497944	0.9998977640439349	0.5000467092683293	0.4999972681905721	0.49997857130530665	0.5000146405831192	0.4999745375910472	0.49999817923779805	
0.9999683832257483	0.33329183286636704	0.999944061137295	4.934945800482944E-5	0.49999547904077685	0.5000247607965809	0.5000146936668183	0.49997465864046836	0.499998207129048	
0.9999678738812994	0.3334649711330032	0.5001030524208923	0.9998494287289356	0.4999969555720437	0.49998445222133314	0.5000146861712614	0.4999714867847221	0.499997741242898	
0.9999710002467196	0.33346252960614037	0.5001020222709416	5.134862759493173E-4	0.49999637782676765	0.49998153532350786	0.5000144077265378	0.49997349720459505	0.4999979229579644	
0.9999721475597005	0.33346247003677326	4.003626349992176E-4	0.49500074115482867	0.4999970651185154	0.4999836868982093	0.5000192428931712	0.4999742160525166	0.49999782036822227	
0.9999988023297078	0.16704283060475925	0.9989232346903092	0.9995580178223484	0.49999547467509553	0.49998424681196707	0.5000146437497178	0.4999746312181485	0.4999977471648822	
0.9999885303471212	0.16711100418270472	0.9987900460698018	8.011812834479957E-4	0.499995421689953	0.4999851362214402	0.5000146480264271	0.49997167342968346	0.49999830704648546	
0.9999886190780527	0.16686600657309103	4.7034430329438297E-4	0.45563118734198194	0.49999911484810206	0.4999842685476934	0.5000147117648247	0.4999746307091779	0.4999982129063401	
0.9999998144866551	1.083080190326935E-5	0.5024561835305333	0.5013397864187921	0.499997456678692	0.4999847579807574	0.5000147300667039	0.499974211164179	0.4999983831526671	
0.8333474958250096	0.9999887027073997	0.9999964482029641	0.9999921619707545	0.49999709541319404	0.49997963913880794	0.5000142833436674	0.49997610875432585	0.499997487882359	
0.8333455208118281	0.9999976637946612	0.9999972598193756	0.8000034439073049	0.4999958852456602	0.4999835599168675	0.500013828590868	0.49997467430007336	0.49999823058186454	
0.8333181193056368	0.9999890269137058	0.9999974384008883	0.6000634175443352	0.4999971112404937	0.4999835231088833	0.5000142247300184	0.49997618375775255	0.49999821011653395	
0.8333512086153905	0.9999832211965127	0.9999518230059745	0.39991743888541315	0.49999666987534797	0.4999843132126388	0.5000140749264624	0.49997473406616677	0.49999876326483467	
0.8333302889478543	0.9999917027505181	0.9999899653865212	0.19999677910373914	0.49999688158153005	0.4999847176606797	0.5000140938580366	0.4999736978737752	0.4999988153498444	
0.8333193401764204	0.9999990690609444	0.9999883718699677	4.825872044495977E-6	0.49999626189345314	0.49998030875969174	0.500015723364568	0.49997474804558556	0.5000002118463756	
0.833332250384527	0.999992912425018	0.8000168312129649	0.9999920042052428	0.4999931716946754	0.49997919935509355	0.5000143578823282	0.49997559970077815	0.4999990613073075	
0.8333324884971074	0.9999965878467322	0.8000072249309504	0.7499961155589583	0.49999783559489325	0.5000228542822449	0.5000146505472188	0.4999773655832513	0.49999823097796836	
0.8333191459972483	0.999999957777012	0.8000156776409293	0.500018231722075	0.49999431455369453	0.500025254485135	0.5000157390657771	0.499974261677592	0.49999886252733783	
0.8333318058217425	0.9999929945551499	0.800007621440658	0.250051540474501	0.4999989098288806	0.4999839367136619	0.5000143165180546	0.4999752215650088	0.4999994841488881	
0.8333450624587239	0.9999848164585355	0.8000157523342769	1.3734967268701422E-5	0.4999970094887922	0.4999803839885794	0.5000139917720623	0.499974753187833	0.5000001235605309	
0.8333322911161176	0.9999889818999944	0.5999485728293348	0.9999921527820859	0.4999970749295809	0.499982809607054	0.5000142803454878	0.49997735700175183	0.49999873826131314	
0.8333323245308778	0.9999978713363608	0.5999479525427529	0.666680849346997	0.49999590566956026	0.500023466540946	0.5000142594466821	0.49997736325077435	0.49999828166350985	
0.8333307678022349	0.9999988086445815	0.5999412153712897	0.33328075113727296	0.49999910236480155	0.4999822680959728	0.5000145809083187	0.4999747943323488	0.4999977691154039	
0.8333318986525748	0.9999929860940219	0.5999207030309576	1.9471686635628208E-5	0.49999682036490484	0.4999839041502932	0.5000143189465492	0.4999752115444086	0.5000000728965793	
0.8333321806537324	0.9999965875797971	0.40000785413072437	0.9999860528785918	0.4999978259094739	0.5000224142824223	0.5000142464862154	0.49997723687569917	0.49999913306429905	
0.833332165081251	0.9999930445921136	0.40000839091155016	0.49993918932898224	0.49999730383893287	0.4999796878859641	0.5000142728406519	0.4999751223801942	0.4999994541636854	
0.8333319079278959	0.9999930792247463	0.40000781264023944	1.9301293059851076E-5	0.4999968208785063	0.49998402797553576	0.5000150829543222	0.49997516242283585	0.49999950302152196	
0.8333475491707318	0.9999967868472242	0.20005788456812776	0.9998779230810195	0.4999977608686705	0.500024831210812	0.5000141162548859	0.4999754439756855	0.49999827074861336	
0.8333463212794147	0.9999964872533621	0.20005648079237145	2.038391617550039E-4	0.4999962591494869	0.5000254214251072	0.5000144472407606	0.499973934163679	0.4999993298452986	
0.8333322070355795	0.9999975700850372	4.242630938186503E-6	0.5234391609471761	0.49999683507523607	0.5000254629201023	0.5000150770044356	0.49997543678053524	0.499998272254982	
0.8333328468562031	0.7999961068630042	0.9999882599381845	0.9999905623922504	0.49999711328085655	0.4999823318093926	0.5000159613178905	0.4999758110284278	0.4999977764874052	
0.833343259600882	0.799995910017073	0.9999883639987748	0.7500288917880975	0.49999707621975753	0.4999835600962336	0.5000155798010396	0.4999740525726987	0.49999776338533275	
0.8333459677429618	0.7999973415878338	0.9999949217581938	0.5000155828382807	0.4999970754790517	0.5000244529143228	0.5000142164921042	0.49997409173373275	0.499998720587415	
0.8333309104634644	0.7999965823003243	0.9999973641501578	0.24999043228463422	0.49999646921189106	0.4999818560876566	0.500014333766131	0.4999754435007152	0.5000001273634461	
0.8333310116391226	0.7999870022408653	0.9999982113216627	8.306229926605361E-6	0.49999882630400827	0.500024159278354	0.5000140570842408	0.49997475319516005	0.5000001491459851	
0.8333321256077313	0.7999964130457624	0.7500269415460291	0.9999854124042002	0.49999743976043015	0.5000254083093532	0.5000152983303372	0.49997780000366293	0.4999990996267518	
0.8333323100830757	0.7999959244771044	0.7500301163347826	0.6666804158344076	0.4999973834269767	0.4999816183365399	0.5000146442496184	0.49997414473830926	0.4999987212352409	
0.8333192408355605	0.8000289862965538	0.7499777357766739	0.3333717880340808	0.4999963979226374	0.5000241385486537	0.500014295808453	0.4999755118653048	0.4999971052350518	
0.8333304007915371	0.7999984520895908	0.7499978683423276	4.087904840546091E-6	0.49999684982777165	0.49998473494056894	0.500015733695304	0.499973713516549	0.4999988688936036	
0.8333322185998008	0.7999965322389118	0.5001423795390454	0.9997517057159686	0.49999668089928084	0.4999828922225645	0.500015298440864	0.4999773616930989	0.4999960323318354	
0.8333307491122178	0.7999983236655093	0.5000500295011993	0.5000155310080948	0.4999990256126408	0.49998225070546815	0.5000142329330987	0.49997411119447865	0.4999987492452382	
0.8333307678212019	0.7999968650496323	0.5000153432844515	2.810566311889671E-5	0.49999626767271954	0.5000251765018724	0.5000150055773772	0.49997474658082536	0.5000000519506204	
0.8333454717111339	0.7999939857744013	0.2500009909001646	0.999988631782869	0.49999792262319664	0.5000254093722786	0.5000157266582959	0.4999750703944645	0.49999973770595735	
0.8333464319808955	0.7999981484673212	0.25000562102754703	3.324146691793096E-5	0.4999968496036494	0.5000254177130761	0.5000157198219235	0.49997370100895344	0.49999827276666226	
0.833331993264917	0.7999249036463588	3.072223891247976E-7	0.3875235304424172	0.49999791163682566	0.49998494903249724	0.5000142670898187	0.4999753684611452	0.4999994753092296	
0.8333461345610986	0.6000733990896213	0.9998205881636137	0.9999964991461257	0.49999745743680024	0.5000251594044011	0.5000142587308057	0.4999772809845977	0.4999987889787921	
0.8333462151718426	0.6000763861942501	0.9999165880916722	0.6667625057663851	0.49999745580222527	0.5000234507134592	0.500015566071518	0.49997574879354545	0.499998254668372	
0.8333462080475609	0.6000597208147523	0.9999714006935316	0.33339664881444475	0.4999969747921908	0.5000213517399947	0.500015889492038	0.4999748992082181	0.49999792645287194	
0.8333466925679218	0.6000577258345683	0.9999853915051855	6.83521430153249E-5	0.4999957085933607	0.5000221082625902	0.500014059572282	0.49997475333669794	0.5000001302698756	
0.8333324137911029	0.600072889503809	0.6666432666696184	0.9999105439829384	0.4999973628474299	0.5000215627232293	0.5000142449671825	0.49997725445152497	0.4999987659095358	
0.8333449671681092	0.600058458071729	0.6666762488406783	0.5000112444615682	0.4999989458577486	0.4999831689839638	0.5000142055649298	0.49997574855383947	0.4999979290560175	
0.8333466872772282	0.6000586055483574	0.6666765690914902	7.153084685690756E-5	0.49999723437302235	0.4999836299588487	0.5000143528072343	0.4999739772234512	0.4999977679621913	
0.8333455101509746	0.6001651097353401	0.33326615046910635	0.9998943277961881	0.49999787595565903	0.4999836054076016	0.5000165037561962	0.49997484908955225	0.49999793330368464	
0.8333194263454995	0.6000559169317576	0.3332661946200877	5.6233075568285125E-6	0.4999967805192908	0.49998329593365837	0.5000165074334654	0.49997368660512975	0.49999807014164216	
0.8333316892306994	0.6000557289085567	8.09227311251315E-5	0.500429470843962	0.4999978624001712	0.49998284421697087	0.500016299463516	0.4999756376132515	0.49999873825784474	
0.8333509033767913	0.40011324578549223	0.9998196987470748	0.9998968790558524	0.49999697568995904	0.4999848085941491	0.5000141318406526	0.49997577393010545	0.49999831079355583	
0.8333510513178168	0.4001118931380839	0.9998164731579239	0.5000497232579104	0.4999991342841262	0.4999861295452768	0.5000140949897368	0.4999747406439021	0.4999974673844597	
0.8333493520416108	0.4001119694342143	0.99981310161284	1.584313563375948E-4	0.4999989894564898	0.49997877538519186	0.5000141306415369	0.4999745910928482	0.4999978808702334	
0.8333465715001298	0.4001132466864916	0.5000524045625406	0.9997567383745045	0.4999972337670035	0.5000247596832829	0.5000146680871588	0.4999745027124496	0.49999776320381206	
0.8333530634618561	0.40011322429242685	0.500192931935239	5.55032907969628E-4	0.49999896941179095	0.49998359903851125	0.5000152113398582	0.4999747448030828	0.4999977541730481	
0.8333465852773431	0.400112406506507	2.9666008121636113E-4	0.35922819810963125	0.49999725990724364	0.5000247598551754	0.5000146003852814	0.4999747520589258	0.49999601734682536	
0.8333524475538204	0.20023341902852174	0.9994116559582683	0.9995568669400486	0.49999740153666233	0.5000251698726846	0.5000144078187614	0.4999742865738666	0.4999981184749582	
0.8333493446405738	0.20010319240377622	0.9998172019500654	1.6551906895998587E-4	0.49999556669026485	0.49997780367058814	0.5000141482658659	0.49997451650305763	0.49999836662468145	
0.8333119616549861	0.19985846959072637	7.969457553957428E-6	0.49996342572300995	0.49999895118138876	0.5000246761390627	0.5000144180920087	0.49997420500201206	0.4999973688045608	
0.8333333624117736	1.7434032832551764E-5	0.522177460879018	0.9089692708095967	0.4999990804622179	0.4999847286819591	0.5000144164639604	0.4999745988049881	0.4999979170281102	
0.6666980162906769	0.9999956245739275	0.9999875082459979	0.9999728770605028	0.4999974573494092	0.49997855683358533	0.5000146296669608	0.4999749444211909	0.49999909886997046	
0.6667230178014008	0.9999467677666168	0.9999717472828558	0.7499540900914647	0.4999967753530473	0.5000254613902804	0.5000143112345223	0.49997604857770817	0.4999983471062067	
0.666722819198394	0.9999376767832299	0.9999629501906155	0.5000277639703952	0.4999974269024097	0.49997865008957504	0.5000157579114259	0.49997497066524665	0.4999981301861934	
0.6667231756159159	0.9999841066903242	0.9999412263535258	0.24999071032623038	0.49999705701096797	0.5000226853796673	0.500014377202641	0.4999753016213417	0.4999994312802068	
0.6667212206165384	0.9999842431756472	0.9999505511035695	1.3829285852603462E-5	0.4999954974498567	0.4999831593712051	0.5000143361004095	0.49997531265789097	0.4999987902778533	
0.6667228419924721	0.9999464419924088	0.7498331750351976	0.9999683064066309	0.49999683340882534	0.4999795872044517	0.5000153016101758	0.49997605904700426	0.49999755776886823	
0.6666975585517952	0.9999794390377335	0.7498356794348495	0.6667684019211865	0.499996489089299	0.5000248086358606	0.5000152987333182	0.4999755643109883	0.49999945272474877	
0.6667230190236224	0.9999408519098838	0.7501027059056502	0.33338864468214974	0.49999682312369015	0.5000246443334694	0.5000146134725425	0.4999752199630606	0.4999971502142696	
0.6667232195643938	0.9999340878639408	0.7499170645792416	2.0515791025028346E-5	0.4999967084813849	0.5000234365184459	0.5000140716580822	0.49997504325983083	0.4999987250160021	
0.666722734740636	0.9999606901163923	0.5000158724924629	0.9998922644771513	0.49999684339206285	0.5000252494877765	0.5000140777859485	0.49997618517888287	0.49999871757404374	
0.6666868472338093	0.9999967907458499	0.5001459523329667	0.5000267571894044	0.4999968214757577	0.500025122140534	0.5000140748989972	0.49997583533508355	0.4999994521175031	
0.666689646616948	0.999935620333531	0.4997635644796272	1.3982437887449238E-5	0.4999973656240791	0.5000252620603239	0.5000150176063243	0.49997488322897915	0.49999874146895057	
0.6666572471776967	0.9999967892402347	0.24992742743461524	0.9999896111203344	0.49999776993032025	0.5000241109746847	0.5000142731997799	0.4999754388889724	0.4999987393075645	
0.6666895153071237	0.9999962556542727	0.2500075370483452	2.564478081490856E-5	0.4999968145636867	0.500026029468687	0.5000142182868722	0.4999750969376352	0.4999987540523219	
0.666635082187645	0.9999976586102586	2.8920572806191725E-6	0.5183903406670709	0.49999645529577047	0.5000250212811905	0.5000142007757514	0.4999738554709922	0.4999982727408346	
0.6666975851452488	0.7500469802897207	0.99991254420855	0.9999732379624655	0.49999745820873304	0.50002477782691	0.500014577517484	0.4999749473380768	0.4999994792032153	
0.6667224779446528	0.7500469802875015	0.9999187154939785	0.6665085329781016	0.49999672711919907	0.5000234123942583	0.5000142199987534	0.4999743278857565	0.49999785966928145	
0.6667232519142395	0.7500226358850394	0.9999545725900827	0.3333867635857811	0.4999969370883037	0.5000253348927067	0.5000143098397825	0.4999755492453504	0.49999833496316076	
0.6667231166065098	0.7500460653180148	0.9999507520254504	7.885527237145058E-5	0.4999958001648288	0.49998700694340636	0.5000140716857846	0.49997371862045675	0.49999872507061366	
0.6667227570078711	0.7500463037872094	0.6666756521659837	0.9998988241467323	0.4999968371662534	0.5000247395356618	0.500015642888374	0.4999749967475188	0.4999981220395067	
0.6667230368155826	0.7500465678154388	0.6666756532266976	0.500019448587405	0.4999965690850527	0.49998579275334887	0.5000152107012359	0.4999749303044767	0.49999953300612476	
0.6667231139763333	0.7500465649375025	0.6666757788399426	9.89446298101051E-5	0.49999661189836325	0.49998587138079215	0.5000139330499405	0.4999722771472992	0.49999701435996263	
0.6666960922143697	0.7500465580367325	0.3335038381880212	0.9995038141255997	0.49999688748519394	0.49998501526383166	0.5000139738780084	0.49997503033516394	0.4999976782261305	
0.666723239995889	0.7500462458380213	0.3335037567620183	5.744154876152365E-4	0.49999789998374594	0.500023003547135	0.5000148014668	0.4999756078575655	0.4999976346367934	
0.6666894164845996	0.7500465574946255	1.1488389196576403E-4	0.4998094352231231	0.49999786468281365	0.5000252517159921	0.5000163205616629	0.49997560884510406	0.4999987509850909	
0.6667105550242095	0.5001187660185669	0.9998635514300044	0.9998690069881345	0.49999576985541105	0.5000255070323572	0.5000164665947742	0.499971952288111	0.4999983532312423	
0.6667232220483976	0.5001816630753045	0.9998957762219718	0.5000488459857702	0.4999963772857012	0.500024872298902	0.5000147206082867	0.4999752054078091	0.4999977648392499	
0.6667444078910245	0.5001198750925722	0.9997893255025819	8.65857135874225E-5	0.49999532657346124	0.5000247783168583	0.5000146076620762	0.49997452028170725	0.4999978777188836	
0.6667258391849259	0.5000600691233841	0.5000546735292494	0.9997924205256035	0.4999957942929837	0.5000235721365496	0.5000142874775556	0.4999694526453735	0.4999991922279024	
0.6667104095364126	0.5001220920837988	0.50004538795002	2.3782574537149206E-4	0.4999967571930236	0.4999785518221301	0.5000143011500858	0.49997467285213265	0.49999602585676256	
0.6667252444667326	0.5001184096415704	3.424066057458597E-4	0.4482706915971119	0.4999967473920886	0.5000260423719655	0.5000155441206071	0.4999735076134933	0.4999981969110269	
0.6667098897331217	0.2502089939200864	0.9994143085399857	0.9996437012280509	0.499997398696757	0.5000247839361722	0.5000146049156766	0.49997445536450585	0.49999870999392415	
0.6667102972094628	0.250209077099198	0.9998185611941527	3.989458659871246E-4	0.49999747122248517	0.5000247513674819	0.5000146564896599	0.4999752112831083	0.49999871073509344	
0.6667104110765736	0.250210645975621	7.552794676770466E-4	0.4466924548654582	0.4999989387449725	0.5000226753965111	0.5000146717812143	0.49997450131962595	0.4999981189805102	
0.6667083087826507	3.1532913294994884E-5	0.45486907459575887	0.5071736511939622	0.49999701675574565	0.500024715239974	0.5000147198951959	0.4999737647909655	0.499997822522985	
0.5000645854749972	0.9999464467632452	0.9999180345364239	0.9999417227228573	0.4999968646346656	0.4999785006692894	0.5000142557118045	0.49997612422721377	0.4999978600399555	
0.5000650214303163	0.9999553379441004	0.9999253674810159	0.6666514330056836	0.49999663792060783	0.5000250022854594	0.5000141965526007	0.49997476582265743	0.49999711265207886	
0.5000644217290313	0.9999348664889676	0.9999908346287096	0.333387044593216	0.4999967404992131	0.5000247906805262	0.5000143687791676	0.4999750873087752	0.4999994550350718	
0.5000641713353041	0.9999568413746135	0.9999629242098291	8.874458456998499E-5	0.4999952994118923	0.4999822443128099	0.5000150151146464	0.4999746720091564	0.4999987658940168	
0.499995619171483	0.9999601632149329	0.6666757429704121	0.9999706809641437	0.4999966673862657	0.5000243915013654	0.5000140371237056	0.49997607463893395	0.49999786323202716	
0.5000643967755436	0.9999357149651893	0.6666763156061226	0.5000093181505328	0.499996730079322	0.4999800040374639	0.5000141519476845	0.4999743247962105	0.49999783662128866	
0.4999931934641905	0.9999856608065312	0.6667975389920133	8.204539498933892E-5	0.49999705720099347	0.5000255585588692	0.5000143896562376	0.49997377564305523	0.49999939977396396	
0.49999321270999864	0.9999125657557655	0.3332504773649976	0.9999595790046704	0.4999967348980107	0.5000230684817965	0.500015538992562	0.4999737853374827	0.49999942303023664	
0.5000650530367712	0.9999382715837637	0.3334195380768029	1.152840988860624E-5	0.4999966279524218	0.5000237481976785	0.5000139086956483	0.49997466572734806	0.49999517968064106	
0.5000108963930313	0.9999945745844301	1.1719231374561559E-4	0.5193417390554088	0.4999964518802942	0.5000250650960925	0.5000163631107265	0.4999748370270339	0.49999810851946963	
0.500064904178226	0.6666249518695764	0.9999326668595171	0.999973758870387	0.4999974339097355	0.5000247845332685	0.5000145768809869	0.4999749519416842	0.49999948337582184	
0.4999958949007322	0.6666268512399741	0.9999950333525914	0.5000195227770159	0.4999970777713672	0.5000251853133958	0.5000140692483113	0.4999750479443083	0.4999968792512245	
0.49999500701908817	0.6666273120176957	0.9999932266594979	8.20456818442307E-5	0.4999967525961508	0.5000239692166268	0.5000150071225196	0.49997531295714087	0.4999977623441286	
0.5000683914559761	0.6666843449089266	0.5001546005794518	0.9999633583023071	0.4999973637327841	0.5000228635780886	0.500015753217102	0.49997589086858085	0.4999971464007159	
0.4999960469578902	0.6666239056974818	0.5001483097338304	8.204804637068752E-5	0.49999674489728435	0.5000228931427352	0.5000144256453478	0.4999747253184976	0.4999969135798781	
0.4999943105827153	0.6666519726682517	3.88877064414317E-5	0.5652091178347518	0.4999978705090156	0.5000212689605771	0.5000141594421338	0.4999740868378725	0.4999979347380819	
0.500064525187844	0.33341660268042905	0.9997614150651053	0.9997404407983941	0.49999745625350117	0.5000257069603846	0.5000155427604169	0.4999749472100178	0.49999955596493706	
0.5000645250510573	0.3334173238687126	0.9998185398914391	2.3942642481731972E-4	0.4999963931968963	0.5000247409453257	0.5000146194601363	0.49997521218332225	0.4999977190155213	
0.5002117492176595	0.333947363361054	0.0012744110435811836	0.4479872403379242	0.49999619363201403	0.4999832682271174	0.5000155461954585	0.49997208765016155	0.49999937649855947	
0.5000640112452958	2.821356724235219E-4	0.662994233525397	0.3690541324977973	0.49999715883078094	0.4999850975868506	0.5000142667050689	0.4999744459153113	0.4999979263258856	
0.3334867239115231	0.9996735047658031	0.9999704439260034	0.9998743314971011	0.4999969209025848	0.5000263772698399	0.500015527429557	0.4999734816634332	0.49999934908137283	
0.333487201363793	0.999657517596968	0.9999356678236644	0.5000514957985795	0.49999672706179915	0.5000234072499863	0.5000142203608325	0.4999752692579983	0.4999978449388675	
0.33351995083788133	0.9999422427199729	0.9995742052283795	8.118622442161887E-5	0.49999672436156334	0.5000248425141327	0.5000156688546968	0.4999752647638003	0.49999771430148976	
0.3335027744507023	0.9999081798858307	0.5003329275367988	0.9991970413287743	0.4999967165590965	0.5000257857553071	0.5000146141057301	0.4999719481791135	0.5000002527179421	
0.33334443367208416	0.999999780835719	0.5001484019952553	8.27690863182849E-5	0.4999967603769356	0.5000233964046995	0.5000156945137715	0.4999750970759005	0.4999977627223036	
0.3336911364174165	0.9999234091993936	8.78321892719588E-4	0.5000574911779365	0.4999958740472264	0.5000251269977094	0.5000155034091857	0.4999743050234312	0.49999946837251713	
0.3335230976955012	0.5001915300641917	0.99994945393679	0.998758127905612	0.499996944501833	0.5000264173481426	0.5000156196856583	0.4999719991092758	0.4999993474811748	
0.33352294593821724	0.5001915300641917	0.9995682734327991	4.0542465192569196E-4	0.4999967219047117	0.5000247257385866	0.5000156796608477	0.4999752653427132	0.49999771442550006	
0.33352330089011795	0.5001915392389704	6.82795972612573E-4	0.49888735391035505	0.49999675327581133	0.5000250118614255	0.5000141836811648	0.4999748362601396	0.49999930130194203	
0.33334403021197256	3.670292266855224E-5	0.6641495758191958	0.47847937931562223	0.4999967666694804	0.5000247420473546	0.500014107573299	0.4999753078242154	0.49999748230507307	
0.16676341593141542	0.9999422316625033	0.9995747251507507	0.9998743314971011	0.49999607557327097	0.5000257479725841	0.5000155227240993	0.4999722353388713	0.49999932428991983	
0.16717340265191571	0.9989339688457655	0.9979857801012637	7.618523449028358E-4	0.49999664045676034	0.5000257602647337	0.5000141408032616	0.4999737851747468	0.49999752150455196	
0.16676819367764703	0.9999496075746469	0.0012747252843686718	0.5548657424509477	0.49999607557327097	0.5000248746380642	0.5000155227240993	0.4999722353388713	0.4999967551023738	
0.1671733942970439	0.003989832017654623	0.6674324589236434	0.4942769991205576	0.49999671871509516	0.5000249211654066	0.5000155778446012	0.49997472983392566	0.4999976317914301	
6.214917298502654E-5	0.5700627941230518	0.3357232899729075	0.528227589727597	0.4999967350212377	0.5000233871365066	0.5000142192563859	0.4999749949031776	0.4999977483691576	
