0.9999946374829191	0.9999960791670135	0.9999865281089093	0.9999957067319946	0.4999947238573616	0.4999467691755943	0.5000000278493276	0.5000053359772327	0.49999982518140407	
0.9999683202954248	0.9999747224128259	0.9999503717662366	0.8336455945961662	0.4999955430790364	0.4999467389918928	0.4999993496398347	0.5000031099304452	0.49999982844249113	
0.9999908606943312	0.9999854238463742	0.9999846925679295	0.6667280237294873	0.4999954487088484	0.49994692012459857	0.4999998961719881	0.5000039472619696	0.49999918429038676	
0.9999833299540937	0.9999976564341241	0.9999952998329704	0.4999895222154501	0.49999588835249964	0.4999469216139152	0.5000013456388085	0.5000041348806312	0.49999919745845506	
0.999982945565208	0.9999803625063491	0.9999896914227209	0.33351269627377533	0.4999905853375079	0.4999469184723982	0.5000005747281016	0.5000030437205633	0.4999990873205963	
0.9999537486505929	0.9999732414117104	0.9999952840897611	0.1662693318202649	0.4999956943344117	0.4999469284088527	0.5000004019080185	0.5000036543683926	0.5000008720097061	
0.9999978938648563	0.9999939741482684	0.9999922206868624	1.8840660965935163E-7	0.49999649169875443	0.499946999424835	0.5000014010542482	0.5000037155447379	0.500000730444888	
0.9999680503712863	0.9999901832119699	0.8332742760113219	0.9999334280445945	0.49999540009789467	0.49994698660539927	0.49999877991227754	0.5000043120373059	0.4999992208431157	
0.9999673826930967	0.9999747967622514	0.8332703063568484	0.7998210592290321	0.4999954221515192	0.4999469330282651	0.49999932833601757	0.500002969585748	0.49999897657280984	
0.9999984496154939	0.9999956339988217	0.8332809027464344	0.5999842974404208	0.4999955568546124	0.4999469346740853	0.4999993387056354	0.5000030660116884	0.4999994794437378	
0.999991260660398	0.999982273429557	0.8334326040031691	0.4000690797117815	0.4999961427579101	0.499946925256354	0.500001192241103	0.5000037810020307	0.5000040218148726	
0.9999952296070871	0.999996429977335	0.8333481415922314	0.20001389957965895	0.49999080967216736	0.4999471741612555	0.5000005519333203	0.5000030784228567	0.4999991222956581	
0.9999807758506585	0.999981682355477	0.8333482121471797	2.6677817072954992E-6	0.4999959743118682	0.4999471819739407	0.5000005520725133	0.5000030986215946	0.5000007145526888	
0.9999933371221253	0.9999902528785872	0.6666316709269265	0.9999969545947494	0.4999982221558641	0.49994576211812447	0.49999932891070153	0.5000030838384406	0.49999962663332503	
0.9999957155462325	0.9999913010559967	0.6666115390477616	0.7498489832593569	0.4999955071054015	0.4999471361054747	0.5000010776507275	0.5000033040898683	0.4999997056750736	
0.9999876626332939	0.999988814801223	0.6665824551189838	0.5000058613524083	0.4999955848778483	0.49994688345851584	0.5000010220278527	0.5000038086162483	0.4999992528215069	
0.9999881652045891	0.9999888360819333	0.6665763213781047	0.2500075466169702	0.49999003807547243	0.49994690700602956	0.5000000291983899	0.5000035744548272	0.4999996198020464	
0.9999546869246302	0.9999732864171959	0.6669049437665863	2.0336384867422567E-4	0.49999003938349834	0.49994688237670803	0.49999944029841054	0.5000062878076332	0.5000007132817474	
0.9999052114276205	0.9999589300709999	0.5000695643759177	0.9998023899852655	0.49999426174968187	0.49994668332965037	0.4999992472260149	0.500002986021947	0.5000003356534595	
0.9999929363567746	0.9999962982648916	0.5000011519947328	0.6665637987989468	0.49999504839334596	0.49994693952471014	0.49999923287282383	0.5000037463236792	0.4999995167963802	
0.9999716464224568	0.9999991070517207	0.5000009933750041	0.3333837201045941	0.49999498769336376	0.4999472910045478	0.5000003550582418	0.5000042925145403	0.5000006221146716	
0.9999989630861897	0.9999937306756088	0.49996913076280186	1.9236791259824166E-5	0.49999403318649144	0.49994731597073305	0.4999995699743868	0.5000030764522452	0.49999837126313385	
0.9999983467015485	0.9999962860012714	0.33331890838521133	0.9999976884503635	0.49999568385753473	0.4999470257855657	0.4999995752707596	0.5000037541751626	0.49999946814237306	
0.9999988749219849	0.9999965337318938	0.3333214894232701	0.5000006441013009	0.4999954465053587	0.499947020825876	0.5000020972828332	0.5000038311830772	0.4999993555964307	
0.9999831469762963	0.9999857360244528	0.33332145414010383	1.3376456831591926E-7	0.49999413774804485	0.4999467360701367	0.4999995481704337	0.5000038231827933	0.4999998731891559	
0.9999840168370123	0.9999873595002156	0.16677422343337286	0.999685639290983	0.4999943451930228	0.49994692302169236	0.5000017387525362	0.5000037454311891	0.4999997269753813	
0.9999304751765477	0.9999572439332922	0.1664857017615538	6.657175000893112E-5	0.49999567980191634	0.4999470122084237	0.5000017367146933	0.50000382783689	0.4999995140919281	
0.9998508271249001	0.9999954085467142	3.0659801567832853E-4	0.4836953781972103	0.49998099090681025	0.4999465016529404	0.5000022418008626	0.5000032653579789	0.4999998493259258	
0.9999889521073106	0.8333202065974802	0.9999291232918847	0.9999909639184272	0.49999523585149797	0.49994677376512375	0.49999935079764407	0.5000031053901309	0.4999992690791019	
0.9999934617949312	0.8333144200042393	0.9999961104148327	0.800041860694878	0.49999588696372194	0.4999467719504396	0.499998851797664	0.5000037488850815	0.49999893914179927	
0.9999999450840824	0.8333144792802847	0.9999999406331239	0.5999843033049925	0.4999959308202706	0.4999469367724688	0.4999989273873974	0.5000043004320526	0.4999990192571936	
0.9999979709477125	0.8333144583093626	0.9999963942111236	0.40002409856925336	0.4999955300599352	0.49994660036978217	0.4999989270721664	0.5000045513209275	0.49999942344138476	
0.9999978776951677	0.8333228230295728	0.9999945164225325	0.20001290835020835	0.49999072928980154	0.4999469052872704	0.5000006124699383	0.5000031568924802	0.4999996345447983	
0.9999810160278342	0.8333226056058343	0.9999950552417193	1.025419535674521E-6	0.49999616321440593	0.49994692417565745	0.5000005934136981	0.5000036614729594	0.5000001193576943	
0.9999983906299164	0.8333872337443297	0.7999933526356592	0.9999480223788382	0.4999982466296191	0.49994691713219436	0.4999999662852831	0.5000028406407038	0.49999947828730623	
0.9999822506466303	0.8333144341088327	0.8000706378153682	0.7498944525571274	0.49999565740516816	0.4999467677913252	0.5000000316657186	0.5000030900778124	0.5000002956156728	
0.9999862093558516	0.8333153852796651	0.7999675921083436	0.5000059566357404	0.4999958837117325	0.49994697242735486	0.49999991223584056	0.5000035106048888	0.5000009306170902	
0.9999953972619928	0.8333100066511642	0.8000194157451304	0.2500047485127264	0.4999955344581812	0.4999472798415216	0.4999992416864859	0.500003094274902	0.49999836777495094	
0.99999825803201	0.8333154677427745	0.8000188244012072	1.2587296146555148E-5	0.49999548878868816	0.4999468873137429	0.5000045926936522	0.500003608997345	0.499999332167939	
0.9999858835454783	0.8333153892934769	0.5998983325704912	0.9999995956812222	0.4999958905690978	0.4999468509561255	0.49999931438712786	0.5000029525712798	0.49999651299428804	
0.9999953809437271	0.8333147623858853	0.5999237232501621	0.6666638779698432	0.49999490906618255	0.49994697679215894	0.49999925197965167	0.5000035359901488	0.49999923753052833	
0.9999914812720773	0.8333155132418637	0.5999245796259578	0.33330217678402196	0.4999957298647491	0.49994695421867974	0.50000110745757	0.5000041655797245	0.4999992437298078	
0.9999876094418143	0.8333191827001244	0.599930717379545	1.1792105508415569E-5	0.49999556318115357	0.4999468857114973	0.5000044645086612	0.5000041957474055	0.49999933288606285	
0.9999919281918952	0.8333180003336327	0.40000755801436894	0.9999954340250871	0.4999938882233468	0.49994692568454524	0.4999999372828431	0.5000038198279292	0.49999967435340714	
0.9999978962670492	0.8333180003231319	0.4000075583709611	0.5000006567287638	0.4999962848539247	0.4999469188902612	0.49999980495954954	0.5000037554265738	0.5000001636644001	
0.9999980654655718	0.8333178657135941	0.39999672947386306	1.1914395409409518E-5	0.49999301297963145	0.49994695220357427	0.5000005279259538	0.5000041703362933	0.49999914588715877	
0.9999918861725375	0.8333179961776531	0.20004398030254372	0.9998525838939019	0.4999950204264789	0.49994698690012235	0.5000011947011804	0.5000037537287351	0.4999964900119663	
0.9999917404032971	0.8333180003655508	0.20004145901516573	1.0984964924402844E-4	0.4999948894751503	0.49994696389318627	0.5000022534706039	0.500003762347358	0.49999954471099883	
0.9999989025838589	0.8333092852094868	8.580659924118392E-6	0.5106337284025682	0.49999562364952177	0.49994713334858715	0.49999974519439233	0.5000032507411939	0.4999982551766373	
0.9999983491197683	0.6667282480256261	0.9999764118769953	0.9999480244889657	0.49998962540148345	0.4999469115936893	0.5000000247449143	0.5000028014243576	0.4999998819890331	
0.9999769326495964	0.6667570866645883	0.9999466454714854	0.7498603655718771	0.4999954151040031	0.49994695142915185	0.49999855858594877	0.5000042630128974	0.4999998367581055	
0.9999815591277572	0.6667559826908365	0.9998872611496405	0.49997787523552834	0.4999958860215566	0.4999469419810129	0.49999889141986914	0.5000055830681823	0.500001022297434	
0.9999875606808976	0.6667555852064975	0.9998973973368359	0.24995026779404841	0.49999580117721765	0.4999471970492733	0.4999992130098124	0.5000041397167749	0.4999984804955361	
0.999987358215328	0.6667136104387961	0.999990907235763	4.175671232949082E-5	0.4999929540496678	0.499946600136971	0.49999892176255056	0.5000042329078432	0.49999941170468126	
0.9999779292445017	0.666817083592417	0.7504125863693593	0.9995508984421603	0.4999947746775323	0.499946756258527	0.5000023340692937	0.5000042046301552	0.49999843942969996	
0.9999920474485556	0.6666707563844612	0.7498592737132612	0.6666662070783193	0.49999603078837146	0.4999467619671672	0.5000017578540596	0.5000035591423331	0.4999984193994958	
0.9999875307635072	0.6667551591184119	0.7498683258473695	0.33330573598461805	0.4999888624602086	0.4999473175307897	0.5000011943426862	0.5000036080670044	0.4999995434498882	
0.9999931625649625	0.6667473239137711	0.7498703931492544	1.8377758512538394E-5	0.49999653428316126	0.4999469398004939	0.499998878229023	0.5000060448400171	0.5000001479070698	
0.9999902497364141	0.6667558021789808	0.5001023593575837	0.9998034496741314	0.49999303482768326	0.49994690907722383	0.4999991598221979	0.5000029830233607	0.4999992906658276	
0.999987449351899	0.6668080764819249	0.5000842990371299	0.500011877059444	0.4999939013424858	0.4999467504143752	0.4999997789000745	0.5000032057173337	0.49999929068110227	
0.9999875206297497	0.6667477980063884	0.5000294084100787	1.827315958589633E-5	0.49999087658707425	0.4999473170069341	0.4999988900594507	0.5000036122294106	0.5000009353403003	
0.9999787716594839	0.666760470950799	0.2503175396891892	0.9991521658482723	0.4999940115166421	0.4999469903515815	0.5000016780523249	0.5000058270635457	0.4999984117952054	
0.9999764403348311	0.6667627365339606	0.2503173965569796	0.0011516239224126819	0.49999351299236383	0.4999469873502605	0.5000001125682205	0.5000037031731577	0.49999936771623243	
0.9999764844121083	0.6668265788787159	2.614823844440395E-4	0.4993701063271417	0.49999612603717036	0.49994723635981764	0.50000223688037	0.5000032731153778	0.4999982810898893	
0.9999999791969207	0.4999987774995209	0.9999970839570907	0.9999933612943801	0.4999929160347629	0.4999472716410886	0.5000022054436497	0.5000041257229075	0.4999990205408987	
0.9999810059442444	0.5000125979760821	0.9999990620116974	0.6664946802529887	0.4999957904761181	0.499947310319151	0.4999985843822647	0.5000044972239118	0.49999988534721396	
0.9999817870660057	0.5000126051311116	0.9999990599253419	0.3333144479400012	0.49999580905638896	0.4999473124305706	0.49999919939236415	0.5000045087184006	0.49999935361657655	
0.99999930313672	0.5000318135986679	0.9999840965344041	2.5013747120292176E-5	0.4999895172786602	0.4999473066928561	0.5000005817108412	0.5000045532184271	0.4999983858256501	
0.9999948959386932	0.5000017938413494	0.666776741760591	0.9998791955542448	0.4999971940889796	0.49994729139486443	0.5000023215685895	0.5000041063706842	0.4999990206361666	
0.9999953543408047	0.5000013653144932	0.6666468130886555	0.4999928535310749	0.499996261047022	0.499947304268722	0.5000022272404713	0.500004562832261	0.4999993551853469	
0.9999952773550836	0.5000126865559866	0.6666437461420689	4.139309927327643E-6	0.4999887156654744	0.4999467259250034	0.5000001071949297	0.5000041774821243	0.4999989905448381	
0.9999979838644768	0.5000170912810453	0.3334598417625236	0.9998310747373732	0.49999405358309057	0.4999472636658158	0.5000033769887313	0.5000059531153512	0.49999951925165764	
0.9999775271723746	0.5001403806508348	0.3334599203845332	4.8205304000274816E-4	0.499994153453595	0.4999472628182736	0.5000001386488393	0.5000037806951584	0.5000010272442166	
0.999999079008598	0.5000136209331095	2.916176140642165E-5	0.4985488509400461	0.4999941861733607	0.49994699104142326	0.4999990384405803	0.5000032790795004	0.49999843163806035	
0.9999822044389393	0.33336720233224776	0.9999768968082626	0.9999303192014487	0.4999939368865044	0.49994737999359345	0.49999883207401635	0.5000056757203523	0.49999904040415133	
0.9999822064899528	0.3333678731457947	0.9999364517046244	0.4999809017656677	0.49999540714790114	0.49994728033337194	0.4999990313098758	0.5000030442939206	0.4999997388676729	
0.9999811252553406	0.33358423303231594	0.9996207213463622	1.196915314273449E-4	0.49999318536057	0.4999455289210069	0.5000030944702336	0.5000090027408876	0.4999984645703711	
0.9999959463444447	0.33336720614237414	0.5000156942335002	0.9999304832021361	0.4999960649225479	0.4999473780846254	0.499999820896537	0.5000036353120022	0.49999929271719823	
0.9999987410899099	0.3333672164649215	0.5000156942585465	6.41805644865899E-5	0.499994715730739	0.4999472764676334	0.4999997864003818	0.5000036384171161	0.4999993165496403	
0.9999811548506323	0.3335617373968166	7.867815301289009E-4	0.4896339518539236	0.49999377779593907	0.4999467315638875	0.4999996943569965	0.5000031896933932	0.49999869031804345	
0.999990158948695	0.16676988810925417	0.9998287427057713	0.9997516379836646	0.49999555401381907	0.4999472631658538	0.5000017950625767	0.5000044592287954	0.49999899675135867	
0.9999902394338795	0.1667698557003458	0.9998246421305593	2.7480287460345323E-4	0.49999604526280333	0.49994737501997016	0.5000017871327762	0.5000045297323463	0.49999988840684617	
0.9999777971931378	0.16676912840718003	5.851735753690801E-4	0.5194853069367494	0.49999369144165856	0.49994728064111144	0.4999990291817164	0.5000055139556278	0.499999297186366	
0.9999994074025382	2.18482369179041E-6	0.9608458373452572	0.327751949972431	0.49999549870833354	0.4999472805628606	0.4999988326557064	0.5000032464237373	0.4999993587743503	
0.833334302015152	0.9999962588087373	0.9999948518670533	0.999998549333355	0.49999498812858895	0.49994663665771044	0.49999935003040274	0.5000043125437131	0.4999990881155258	
0.8333364735020757	0.9999956143991233	0.9999960457675263	0.7999742478366938	0.49999523085672054	0.4999467392384047	0.5000000422695043	0.5000045273929683	0.5000002667255063	
0.833336817507403	0.9999946867768051	0.9999948102581718	0.5999842362771517	0.49999550369278367	0.49994677919566666	0.49999933855914286	0.5000032208896729	0.49999940805829335	
0.8333409359556225	0.9999968926323795	0.9999953107785158	0.40001273524480624	0.49999566914652144	0.49994692523058853	0.5000004560051337	0.5000041387672933	0.5000009317785413	
0.833334591538397	0.9999963201509169	0.9999970956365084	0.2000129035499904	0.49999077689256916	0.49994688586480873	0.4999999835134796	0.5000038708675165	0.49999908828471784	
0.8333347441627175	0.9999936794772933	0.9999923127838778	3.1070890789458285E-7	0.499993067575985	0.4999469909323199	0.5000010263447494	0.5000041822057681	0.5000009345614955	
0.8333435727020911	0.9999972943609583	0.7999585218720585	0.9999954452701049	0.49999486807919996	0.4999469242086701	0.5000000486365328	0.500003720352726	0.49999908647667485	
0.8333368077313182	0.9999898794259585	0.8000699135792483	0.7499330569966395	0.49999565803547885	0.4999469169550407	0.500001061892938	0.5000033959803756	0.5000002850166758	
0.8333368326593631	0.9999946714734012	0.8000198089044002	0.4999901103463288	0.4999954873919614	0.49994671954896064	0.4999993060541575	0.5000032444202117	0.49999912019480197	
0.8333371778136739	0.9999964002534435	0.8000183303872822	0.25012212984979765	0.4999956187162648	0.49994688436960827	0.5000011039939934	0.5000040715845434	0.499999086871699	
0.8333347878025459	0.9999938508285724	0.8000188092316489	2.1927007062919906E-5	0.4999960302812137	0.4999468861440936	0.500001283919023	0.5000041001815987	0.4999991367639548	
0.8333417471523312	0.9999984612050696	0.6000266743384953	0.9999332302760704	0.49999509295498595	0.49994685616869544	0.4999989897077193	0.5000033294940662	0.49999959074337463	
0.833341796178265	0.9999896653394379	0.6000947629407889	0.6666657762736318	0.4999950647153223	0.49994685920182197	0.500000051268486	0.5000030069221646	0.4999995797623575	
0.8333363212944186	0.9999891493937557	0.5999305455947695	0.33321044934875926	0.49999570112054964	0.49994691296016674	0.49999985285213394	0.500003813306226	0.49999983518118846	
0.8333409831321611	0.9999884118036928	0.5999836258963033	6.958113486263249E-5	0.4999956838014734	0.4999469807125384	0.5000011245867194	0.5000041900491367	0.5000009185482913	
0.8333363462421728	0.9999928949161586	0.4000054199990397	0.9999970077878512	0.4999940125373389	0.49994691949204606	0.5000019282146333	0.5000038124569022	0.49999919859267755	
0.8333411617398799	0.9999926617444539	0.40000550168822635	0.5000053384185912	0.4999957314665844	0.49994696305893915	0.5000010430080092	0.5000037533109905	0.499999499676967	
0.8333364110451602	0.9999964007368869	0.4000053176003871	2.931632289080039E-5	0.49999421258774884	0.49994688070987253	0.5000010377377347	0.5000038081428703	0.4999992029569807	
0.8333412146631158	0.9999890211764397	0.19993168235322903	0.9999803260207162	0.4999943490442869	0.49994696588243936	0.5000021996500764	0.5000037532851759	0.499999738198888	
0.8333413850763591	0.9999858396654011	0.19993176457272455	1.3515784964015299E-6	0.49999432855918696	0.49994694171036747	0.5000010358495149	0.5000038269462477	0.49999932882661036	
0.833341366489549	0.9999854956324497	6.83707563533479E-5	0.4547599154452895	0.4999943290935715	0.4999469253406978	0.5000019820848325	0.5000037476213063	0.49999973723425195	
0.8333346652823437	0.7999970961001351	0.9999953493840497	0.9999981078781683	0.4999954856422042	0.4999467931245436	0.500000020360888	0.500002850667923	0.49999913683762853	
0.8333418685771914	0.8000188766933515	0.9999763890331586	0.7498935851239052	0.49999578523594984	0.49994692330971735	0.5000000246903519	0.500002956405039	0.4999998309265245	
0.8333368854199111	0.7999962727738111	0.9999994413137057	0.5000096256202603	0.49999593023982575	0.4999469238626233	0.4999988989587493	0.5000032416072954	0.49999902303693505	
0.8333404596928105	0.800018764499469	0.9999843945565298	0.2500931656515096	0.4999955680976395	0.4999473834944511	0.49999940902172624	0.5000031543957544	0.49999913395194817	
0.8333411731423717	0.7999185186394364	0.9999980385459333	1.779329442883161E-5	0.4999937842550047	0.4999471800898052	0.5000011997708431	0.5000041425727607	0.4999998525500184	
0.8333426082741564	0.7999962663085252	0.7499869749336265	0.9999649888381369	0.49999817924590817	0.499946987045734	0.5000023348171857	0.5000028547033621	0.4999984525182631	
0.8333348855222963	0.7999970922771393	0.7499864862019483	0.6666659443451618	0.49999527380494563	0.49994678404492654	0.49999999380101456	0.5000037449176088	0.49999959212621076	
0.8333348927077505	0.7999928585217444	0.7500782844633894	0.33333191452768507	0.49999570108972274	0.499946922307647	0.49999909737425924	0.500003742841836	0.5000002256545679	
0.8333346471035722	0.7999955800080378	0.7500782773095205	1.092539396069059E-6	0.499996385030253	0.499946922078114	0.4999991229941495	0.5000042763659551	0.4999993490069017	
0.8333370839210046	0.8000017274735891	0.5000803321219138	0.9999316393318841	0.49999594612845766	0.4999469231445506	0.49999915257799077	0.5000032173840956	0.49999966951823566	
0.8333411946071329	0.7999928134071018	0.5000804194218791	0.5000004944326195	0.4999951957001886	0.49994680543001974	0.49999951721304936	0.5000030451502052	0.5000001974121416	
0.8333404409366063	0.8000189578899833	0.4999713889915433	1.3267373968411495E-6	0.4999930072536766	0.49994670528597684	0.5000000608573787	0.500004170961645	0.4999991559500845	
0.8333425243926877	0.8000184406237622	0.2501297839394713	0.9997787427952242	0.49999452951998047	0.499946745751222	0.49999991381954456	0.5000037686773543	0.4999996961972632	
0.8333425065194261	0.8000185515419723	0.25013154729585385	2.6656355320410247E-4	0.49999548189179477	0.4999469333294162	0.5000016355294066	0.5000037947497744	0.49999960004609806	
0.8333407112467864	0.8000184463483024	8.300866813739722E-6	0.48693655764388777	0.49999369911276764	0.4999468971397813	0.5000009970168635	0.5000032189376354	0.4999986763253918	
0.8333409943381487	0.6000684797173857	0.9999765012905757	0.9998823751649384	0.49999474847999387	0.49994675502178	0.4999999873472685	0.5000029659850829	0.49999959043113207	
0.8333409823201174	0.5999836663933765	0.9999947678478421	0.6667047267898507	0.4999900799114657	0.4999467057763609	0.4999999695633497	0.5000028292213022	0.499999357211684	
0.8333383481696828	0.599983666252167	0.9999836830370918	0.333319807793487	0.499989901169471	0.4999469056555646	0.49999929801657145	0.5000037590761557	0.49999932585088425	
0.8333386161281764	0.5999849031004592	0.999992047417912	8.630159257701485E-6	0.499995576115046	0.49994691880649555	0.5000005933325476	0.5000041436301443	0.49999837289924737	
0.8333343094773877	0.6000090821192628	0.6666406941501302	0.9999928578780508	0.49999527767855684	0.4999467833795389	0.49999982262892995	0.5000030364361849	0.4999995485574819	
0.8333385309675748	0.6000075585475906	0.6666465833066577	0.5000096881336807	0.4999941665757564	0.4999472931835832	0.5000001043563266	0.5000034849771666	0.49999920384513	
0.8333385610277005	0.6000084374948026	0.6666467833568627	2.3243265727185137E-6	0.49999303289536257	0.49994688779175317	0.49999976663562856	0.5000031939928643	0.4999998454182568	
0.8333426679210302	0.6000339918428553	0.33340948667051656	0.9998310739104672	0.4999940462185654	0.4999472443483439	0.5000034702951494	0.5000033694629661	0.4999993108261628	
0.8333427247102848	0.6000351464734736	0.3335740807920516	2.7884607362028345E-4	0.49999626611904496	0.4999469234889042	0.4999998025004292	0.5000037558189935	0.5000001733611397	
0.8333373099204815	0.6000075031534139	1.0049280668531397E-4	0.499949868639281	0.499982197772711	0.49994729700733587	0.5000001719358682	0.5000032689360612	0.49999951926186953	
0.8333486689658243	0.4001560690843317	0.9997285434488056	0.9998782760197212	0.49999559957811407	0.4999472895652141	0.4999989671356941	0.5000027665412502	0.4999997367330224	
0.8333410199538319	0.3999808365187157	0.9998841824910066	0.49997834542685865	0.4999952470167798	0.49994697302372676	0.5000021407134075	0.5000031935556127	0.4999993218592378	
0.833341017943304	0.40015661208891995	0.9997350164030686	1.282010982561847E-4	0.499996174738855	0.4999472631608369	0.5000005667545381	0.500004117901366	0.5000014529810856	
0.8333411953515794	0.40015295423327407	0.5001024535291183	0.9996662508948831	0.49999493216572344	0.49994726320626165	0.49999981587787884	0.5000055245548891	0.49999951055118164	
0.8333412761189509	0.39999061470024005	0.5000533498635222	8.02629584054761E-6	0.49999306999069537	0.49994669459185714	0.4999998148120399	0.5000042588776237	0.49999931989882906	
0.8333373098333509	0.39998050330876506	9.746858576959542E-5	0.5117980229360333	0.499994061029055	0.4999472592525465	0.49999979966787306	0.5000032214274156	0.4999987063986215	
0.8333434102305376	0.2001031092081455	0.9997376094609393	0.9997461172482197	0.49999602933464893	0.4999472634049039	0.5000017680545377	0.500003553587406	0.4999970880047076	
0.8333399371195768	0.2001031092081455	0.9997266730573862	2.129743622786086E-4	0.4999960334602778	0.4999472632367758	0.4999998660045395	0.5000055324841818	0.49999695046195286	
0.8333381437346854	0.20010312993512594	3.5946572130333065E-4	0.4987759969743593	0.49999559312355973	0.49994731048137525	0.499998909643492	0.5000031576406718	0.4999993208275098	
0.833337556314623	1.5839356273111838E-5	0.9998018615881173	0.500410276907052	0.4999959716160551	0.4999469814028877	0.4999990312844822	0.500004308777068	0.4999997412276387	
0.6666980065943546	0.9999963746002132	0.9999837218450252	0.9999881501414366	0.4999948299037232	0.49994665303738883	0.5000000206409548	0.5000027081148372	0.499999136835655	
0.6667042012549622	0.9999896314107363	0.9999514735431112	0.7496283351639184	0.49999614717338825	0.4999469135262858	0.500000868257117	0.5000037888972965	0.49999982765915174	
0.6666854013099263	0.9999868045865837	0.9999666617592835	0.4999777512549637	0.49999269735128493	0.4999461320383778	0.5000052992367371	0.5000037160669093	0.49999926337640127	
0.6667008510198109	0.9999804044056044	0.9999656550483886	0.25009168140982246	0.49999599224758856	0.4999469340767109	0.4999994013064501	0.500003482105302	0.5000002815859769	
0.6667007835521912	0.9999798971055166	0.9999903084508679	2.5274189562670196E-5	0.4999960279502176	0.4999469181862952	0.5000012788129832	0.5000029818454654	0.4999990351115218	
0.6666740151227017	0.9999896030213844	0.7498629416723337	0.9999973355076516	0.49999515606933614	0.4999466812154661	0.49999876213128347	0.5000029247800256	0.49999915406137935	
0.6666760401460403	0.9999898544213446	0.7500162164912848	0.6666662859483333	0.499995695837681	0.49994668096593997	0.49999999302414155	0.5000027029035654	0.5000003333735972	
0.6667003273247546	0.999976506394184	0.7500160018638833	0.3334575067028886	0.4999956950348499	0.49994726921710414	0.5000063160180341	0.5000034679944989	0.5000003015734326	
0.6667007508966627	0.9999764390512466	0.7501359954706084	2.0404769072507323E-4	0.4999949264820921	0.49994726921710414	0.5000063252638386	0.5000036759125926	0.5000006450483933	
0.6666760909276882	0.9999895830601495	0.4999661518130572	0.999989007157796	0.4999954668108636	0.49994712743592407	0.4999987953961922	0.5000041411601635	0.5000003440139792	
0.6666765421776002	0.9999923134896396	0.4999762552937794	0.5000005014399806	0.4999954465519561	0.4999468933432285	0.500000993491819	0.500003809099045	0.49999983341267756	
0.666663257537867	0.9999938835774471	0.4999708238432693	1.4600197146296959E-6	0.4999957674149909	0.4999472857056231	0.5000010220475601	0.5000037869146887	0.4999996080473948	
0.6667117219051075	0.9999741241808787	0.25013005067812927	0.9997926888510912	0.4999940960738603	0.49994688186244074	0.49999940818055777	0.5000037651696501	0.4999997132481209	
0.6666998683498911	0.9999894470350787	0.2502528069656309	4.4229568279235444E-4	0.4999862668311448	0.4999440074954894	0.4999993528700033	0.500003380559258	0.49999969488800117	
0.6666653282076234	0.9999961050915175	7.730372037987096E-6	0.47418276532680376	0.4999949425808021	0.49994694602798717	0.49999964739561653	0.500003746774035	0.49999979309845405	
0.6666746964974247	0.750054351397657	0.9999514830698264	0.9999700953621941	0.4999952748045257	0.49994678315757857	0.49999985132818714	0.5000030301387138	0.49999900604387537	
0.6666764578102512	0.7500543525487611	0.9999510898899939	0.6666326985950747	0.4999957581572284	0.4999473269024804	0.49999937332273947	0.500002755473518	0.4999992970032898	
0.6666936341715085	0.750030759922041	0.9999363199571569	0.3331700027705814	0.4999942083705743	0.49994688029105533	0.4999993953939536	0.5000054494831913	0.4999993816703585	
0.666693438261425	0.7500301129458117	0.9999668135611519	6.448314432784317E-6	0.4999964642723917	0.49994685148207185	0.49999924032677745	0.5000038745004511	0.49999900156282834	
0.666674661895778	0.7500566716139929	0.6667818737454106	0.9999700358234845	0.49999379230034524	0.4999466813657789	0.49999936916164195	0.5000027494309908	0.5000012444182784	
0.6666753236428495	0.7500572427958516	0.6668145318758143	0.50000945699087	0.4999938153329184	0.49994729929378096	0.4999998248102306	0.500004176541269	0.5000003024187889	
0.6666849731702957	0.750032548020064	0.6667965593757708	1.6876740214632086E-4	0.49999424764665756	0.49994535430291986	0.5000060832625297	0.500003873432097	0.49999920625981314	
0.6666653240122383	0.7500566893892937	0.33341085915730145	0.9999964945859835	0.4999952839502659	0.4999469126890355	0.49999984336578973	0.5000057069523733	0.4999998331575967	
0.6667139136353216	0.750057240405081	0.3334130053390975	1.2506334788169862E-6	0.49999670182715605	0.49994695341189477	0.5000052057784057	0.5000042630478031	0.4999997188485821	
0.6666653535523968	0.7500572597095964	6.669377681045321E-5	0.485628339099262	0.49999631011653484	0.4999471338792898	0.49999841438967074	0.5000037322449415	0.4999995087746807	
0.6666759385444232	0.5000083000598834	0.9999953273709112	0.9999900254031356	0.4999954653143635	0.49994727344100587	0.4999991276585123	0.5000041286246838	0.49999900922786183	
0.6666663795376356	0.5000394769497317	0.9999999502266242	0.5000087831774559	0.49999415531416447	0.499946899490595	0.4999997561756931	0.5000030242806169	0.4999997553282482	
0.6667000158769195	0.5002564429190401	0.9997182629089545	2.6912146296419957E-4	0.4999920314863982	0.4999469074372923	0.5000030601029709	0.5000053453873611	0.4999997970289938	
0.6666644400840983	0.5000123438187741	0.5000242796019361	0.9999864259474187	0.49999401253137243	0.4999472915497423	0.49999879546981457	0.5000040209020145	0.5000003604169647	
0.6666652143166846	0.4999899894919205	0.4999761557209672	8.498908792784339E-7	0.49999556849794335	0.49994729990520975	0.5000030340108589	0.5000052919707405	0.49999966968460136	
0.666700654498898	0.5002562396196502	5.918654043991636E-4	0.5002009751620821	0.4999885281699631	0.49994670508382266	0.4999998248009957	0.5000033724546161	0.5000001004263063	
0.6666651637251859	0.24991349819532718	0.9999996200219101	0.99998604138269	0.49999401176681924	0.49994688979988167	0.4999988467107146	0.5000028684134016	0.4999997463198502	
0.6667006551317304	0.2505391123453739	0.9996338447607119	4.5525689899450646E-4	0.49999647729423413	0.4999472710683679	0.49999979729898286	0.5000071859200066	0.499998935596347	
0.6667018587250273	0.2499221594855297	2.6840271301643566E-6	0.015139095581379158	0.4999968526506085	0.4999472910166269	0.4999994030060194	0.5000055510931	0.49999696188408527	
0.6666676726360476	2.2007952291352302E-5	0.6413804322718935	0.49791707549362296	0.49999278511358675	0.4999472746258004	0.4999988409999887	0.5000038871044941	0.49999935965686126	
0.5000027638023976	0.9999973689712086	0.9999923548371116	0.9999983355498129	0.49999533655190703	0.4999457853001274	0.5000008955891464	0.5000034935451769	0.4999991072335655	
0.5000024363508523	0.9999899546426063	0.9999924286276487	0.6667016300496456	0.4999957453244975	0.49994661630858933	0.5000010036092589	0.50000351369538	0.4999993132101138	
0.49996201017291775	0.9999808303368759	0.999997689270136	0.33316883286634597	0.4999949839348225	0.499947266076445	0.5000065959621243	0.5000036725631778	0.500000677301023	
0.500003688151049	0.9996688194892197	0.9999750006878348	1.6407833588037644E-6	0.49999492948275004	0.4999472605814016	0.5000060945765012	0.500004053704748	0.5000005632729653	
0.500002561755964	0.9999877696076819	0.6668156183314525	0.9999709412927542	0.49999434037910123	0.4999468207817167	0.500005328272593	0.50000358196249	0.49999926408235085	
0.5000075901032249	0.9999956167416567	0.6667817826216437	0.5000182667745252	0.4999927100787381	0.4999468185332174	0.5000054246465832	0.50000365218523	0.49999927873768474	
0.5001015266125705	0.9998313285447121	0.6666180158066531	5.771455744322559E-6	0.4999947337526682	0.49994724111068345	0.49999962533588715	0.5000034598501283	0.49999900286687954	
0.500111620489161	0.9999821997116338	0.33340583569875654	0.9996552182941463	0.4999943828362708	0.4999469746260599	0.500002717441379	0.5000037324747928	0.5000011516399766	
0.5000078361277069	0.9999823008663843	0.3334985995476437	8.717259768586949E-5	0.49999681756032227	0.4999462183597752	0.49999962860657016	0.5000039811386713	0.49999963676195824	
0.5001026969458677	0.9999857829437597	1.0644745136723571E-4	0.46653108021630957	0.4999958735750398	0.4999469672988884	0.5000028732454587	0.5000036931938387	0.49999972445313634	
0.5000038643332437	0.666618595337018	0.9999946554595244	0.9999957726092089	0.499995779650551	0.49994663869288164	0.49999948404546257	0.5000027284694509	0.4999986232582255	
0.5000037592597841	0.6666300879143656	0.9999991654660816	0.5000005212337146	0.49999691236589167	0.4999472653460903	0.49999936559799374	0.500003735287522	0.49999938805813327	
0.5000036884297139	0.6666317845089273	0.9999586675188632	5.4686999243749E-6	0.4999970015425388	0.49994722561832866	0.5000059236109683	0.5000038803647715	0.4999988860537713	
0.5000037742738107	0.6666286784582238	0.49997660023293283	0.9999890427551934	0.49999531615362947	0.499945850303823	0.49999973444143286	0.500004147491731	0.5000000768426587	
0.5000037746793802	0.666628675502769	0.5000266502941684	1.9877128557884604E-7	0.49999391044484354	0.49994727676912354	0.49999911377059425	0.500004050147375	0.5000000063398822	
0.4999817787290359	0.6666300774227087	5.871315716694611E-7	0.49691471977253426	0.4999962384116247	0.4999458140135563	0.5000030018030325	0.5000036933372825	0.4999985783668623	
0.5000037458217554	0.3335382669372277	0.9999153181528737	0.9997469107568462	0.49999691183606615	0.49994725652963584	0.4999994075617572	0.5000043092330426	0.49999697703105517	
0.5000037487009779	0.3333719981637915	0.9999405940786443	5.450947092335164E-6	0.4999969642385783	0.4999457796885346	0.49999868506749867	0.5000038803909074	0.4999985899061232	
0.500003521609007	0.33353795014001897	1.773286208534536E-4	0.5375163970697652	0.49999623718169883	0.4999458607892361	0.500003242311347	0.5000040099281654	0.5000007105937987	
0.5000078541505174	2.2065467768725324E-5	0.6433854829793203	0.500008962568522	0.4999943950099874	0.49994729459274856	0.49999972993818437	0.5000041576089033	0.4999991483294126	
0.3335414553705962	0.9998327591629026	0.9996648358156375	0.9999048403747534	0.4999945091800898	0.4999461426897836	0.5000008324507397	0.5000041648239214	0.5000006173876232	
0.33353985025962585	0.9998374285906207	0.9997965221253138	0.5001724535140288	0.4999945111807115	0.4999469296054497	0.5000047472957856	0.5000034711709354	0.500000623094673	
0.33353986655760187	0.9998348956453301	0.9996649706282892	2.05673156425502E-4	0.4999944753994653	0.499946127605056	0.5000009903882267	0.5000036760143217	0.5000006097414825	
0.3335396381151133	0.9996405622297665	0.49989190866199473	0.9999974932235323	0.49999701760887105	0.4999473006340632	0.5000045372169276	0.500005332022756	0.5000002581756184	
0.33353441553615637	0.9997510483751686	0.49989110082496313	1.6552132280811538E-4	0.49999661234821063	0.49994690229233846	0.5000009481828153	0.5000036042723748	0.49999973035830136	
0.33334015710116144	0.9999968294964303	4.6314508158906654E-5	0.4987985495912294	0.4999944735898535	0.49994731162409023	0.5000045655856777	0.5000053340423718	0.49999817175144545	
0.33340951387270873	0.5002437136804321	0.999792886838669	0.9995891378933115	0.4999961115145671	0.4999461304155492	0.4999994671600687	0.500003737815285	0.49999942855805807	
0.3335404034541644	0.5003018049274055	0.9995753853518671	5.729207116696965E-4	0.49999512257080947	0.4999474045753743	0.5000008189747982	0.5000055597756725	0.49999937651228815	
0.3335343343558434	0.5002425588231618	9.184431857231089E-4	0.5770283598977163	0.4999959647568295	0.499947295078383	0.4999995288697641	0.5000036299519799	0.49999820387298616	
0.3335398887128827	8.690910107372165E-4	0.6570072772731352	0.5011228273247168	0.4999968680636259	0.49994612654231047	0.50000293553151	0.5000036299703084	0.49999737987798215	
0.16696591508180073	0.9994014170644627	0.9998035237547614	0.9994815694206466	0.4999949291990725	0.4999461564573939	0.5000045452458886	0.5000052681673686	0.5000006421841231	
0.16694818762552235	0.9995029282855707	0.9996459651943771	4.728843296761626E-4	0.4999968987063188	0.4999469063938335	0.5000009065267563	0.5000064053672647	0.49999699898314437	
0.16693681746127856	0.9997384509714708	9.168445824112302E-4	0.5770119299237246	0.4999959626775349	0.499947270248442	0.5000066990101711	0.5000036180272307	0.4999981777784769	
0.1674785939397155	0.004610276879272179	0.6980238276054798	0.5346081827500966	0.49999478915127565	0.4999467797428172	0.5000007449388857	0.5000037010626298	0.4999997309413171	
1.7466649033209825E-5	0.6803679551189011	0.4927852616269962	0.044301172304435976	0.49999446126601144	0.4999461236900182	0.5000029245638741	0.5000036054906583	0.5000000069359355	
