0.999991758035821	0.9999842010325178	0.9999475508110557	0.9999908241641887	0.5000001956511789	0.4999919409078647	0.5000103182418231	0.49999459865009765	0.499999047154659	
0.9999958308189109	0.999990818004448	0.9999885775335806	0.833267469110733	0.4999999154216978	0.5000000580927292	0.5000107147955156	0.500043670767052	0.5000002112467897	
0.9999905855227981	0.9999886676458706	0.9999966967553815	0.6667065245749171	0.500000180319215	0.5000000817676002	0.5000108850536523	0.49999488777765927	0.49999829103473964	
0.9999978143028861	0.9999924942007757	0.9999966668555023	0.49998264107928275	0.4999993040654284	0.49999971397381604	0.5000111515694581	0.500000999424723	0.49999938013364753	
0.9999981039139151	0.9999999296912142	0.9999947099786619	0.33334190725892665	0.4999991427912411	0.4999986853065722	0.5000105112956578	0.5000149519428855	0.49999937702231656	
0.9999984774921187	0.9999749215027136	0.9999867181420763	0.16658338869818579	0.4999997437190309	0.4999996153241268	0.5000107573646815	0.5000180524842871	0.4999999437370606	
0.9999686301017945	0.9999738052088126	0.9999974268304693	3.057605134702404E-6	0.4999994796837103	0.4999968657813658	0.5000105739705883	0.49999930172084084	0.5000213354933292	
0.9999602613211926	0.9999950733261146	0.833209230183421	0.9999952526313388	0.49999979361785857	0.5000004174750537	0.5000105989715183	0.4999999176810931	0.5000003166960012	
0.9999623218767754	0.9999885782776726	0.8332082854393358	0.8000573243558112	0.5000000799931066	0.5000000431924269	0.5000110452559795	0.5000004710621209	0.49999975964512794	
0.9999907787451529	0.9999885514521342	0.8333364156951094	0.6000808241895658	0.4999992945347927	0.4999997979917742	0.5000106243910607	0.500000609808159	0.49999777377137744	
0.99999828275808	0.9999968541489717	0.8333372651313046	0.3999987578685739	0.49999880503833233	0.4999997395769409	0.5000108971513205	0.5000000783811683	0.4999993372737092	
0.9999911048909512	0.9999885611135964	0.833337125224167	0.1999099627880939	0.49999933748879477	0.49999875470603006	0.5000104874405934	0.5000002454801215	0.4999990015104036	
0.9999972712420236	0.9999987776322872	0.8333372651313046	2.17646857372828E-6	0.4999997346283129	0.499999962310506	0.500010487594889	0.4999977367102793	0.4999998399885451	
0.9999849172863322	0.9999974720962744	0.666616738050399	0.9999633699376217	0.49999987463927414	0.5000001362733774	0.5000110451748745	0.49999499209174103	0.500000934945161	
0.9999849140381057	0.9999975961981621	0.6666287957461352	0.7500248785908645	0.49999987036950727	0.5000001300922372	0.5000106130420242	0.49999923919266387	0.5000009400123184	
0.999991425323264	0.9999999521834357	0.6666302314970298	0.5000218806688236	0.5000003249486186	0.5000020788259292	0.5000111223937338	0.4999992388263765	0.5000008833945783	
0.9999965709858477	0.9999975469588487	0.6666830060719567	0.24997863338613738	0.4999997405286955	0.5000001465966893	0.5000104400934364	0.49999814249758606	0.500000007685361	
0.9999951954123439	0.9999986112335962	0.6666832715724441	1.079667283240648E-6	0.4999996639033055	0.5000002036384991	0.5000105211081761	0.49999901979920197	0.49999985156814586	
0.9999855485126207	0.9999563283095008	0.5002364528113077	0.9996135745262288	0.49999988106163057	0.5000003118228401	0.5000111013841464	0.4999993063090744	0.4999981112218012	
0.999984918687887	0.9999981007683376	0.5000414091916773	0.6665235307696642	0.4999997323196158	0.5000001157675404	0.5000105920635793	0.5000000669984402	0.5000003798827597	
0.9999993698011843	0.9999972186622765	0.5000410497401574	0.3333204225134564	0.5000002927337692	0.5000000284973126	0.5000105676851248	0.5000010352142759	0.5000001433917097	
0.9999956958404783	0.9999992501533982	0.499827840572912	9.41147483979429E-7	0.4999989439100694	0.49999967145904134	0.500010724540344	0.500026265486575	0.5000001458476697	
0.9999967033769981	0.9999931067349894	0.3333268580630182	0.9999860244324872	0.5000000207262537	0.4999999763795693	0.5000111675955901	0.5000007299793743	0.5000000549009185	
0.9999995382892153	0.999996692459924	0.33332688650039344	0.4999464650985638	0.499999743825111	0.5000001453445451	0.5000109786488043	0.4999993202531492	0.5000000550659542	
0.9999996425943374	0.9999973040700741	0.3333303608330349	9.44082317611103E-7	0.5000000295782484	0.5000000279120005	0.5000105859100384	0.5000000541907326	0.4999999966264078	
0.9999800763810247	0.9999842017905417	0.1668177991743568	0.9980123320095297	0.5000000158594862	0.4999999770274598	0.5000110880228474	0.5000001593710086	0.49999992173218166	
0.9999800763810247	0.9999765784624625	0.16659615958257196	6.184344282292966E-4	0.4999998078074532	0.499998924395057	0.5000107637231436	0.4999969105964066	0.5000008634497608	
0.9999907467035912	0.9999973040700741	6.144516566990522E-5	0.49364976222418666	0.4999997592226373	0.5000004713259292	0.5000106172901656	0.5000002982579795	0.4999999966264078	
0.9999973426978284	0.83330642995655	0.999992034345519	0.9999952385360361	0.5000000853292066	0.500000351485938	0.5000109374678261	0.5000136637480157	0.4999986239374299	
0.9999971894780139	0.8332997879491064	0.9999920676369178	0.8000425819615511	0.4999987738976485	0.49999941592985625	0.5000109328482553	0.5000000064616377	0.5000008458259482	
0.9999992751078398	0.8333344472329073	0.9999946659804296	0.5999843857451375	0.4999996878155072	0.4999997749932711	0.5000108281744529	0.5000007573491624	0.4999993798308346	
0.9999982717801736	0.8333284439005365	0.999994680894424	0.39999849185488534	0.49999880210163516	0.499999739564549	0.500010897283521	0.500000054313993	0.4999993888270802	
0.9999851977709082	0.8333278653212458	0.999994680589703	0.199904787208942	0.4999997125236693	0.4999997552036662	0.5000107230471433	0.49999904927288635	0.5000000229341152	
0.9999997965014485	0.8333305674983494	0.9999998202383545	3.3075828754974943E-7	0.4999997117321406	0.5000009528108582	0.5000105609298066	0.49999924656369893	0.5000005365119249	
0.999996918780839	0.8333295352125847	0.8000824260850783	0.9999633699376217	0.5000000789413028	0.5000003256125208	0.5000107661539638	0.5000007005111934	0.4999985908258731	
0.9999968525039524	0.8333318273824962	0.7999859523886637	0.7499003411247996	0.5000000960283474	0.4999998094255774	0.5000106060726125	0.5000006873154286	0.49999859877603425	
0.9999890317120259	0.8333284784332226	0.7999858158193295	0.49999388847631454	0.49999876376048247	0.49999973338759685	0.5000103580988928	0.4999990756003198	0.49999936299971515	
0.9999978760155975	0.8333297087805027	0.7999925052726704	0.25001129884103507	0.4999990406780236	0.49999671779616905	0.500010430803139	0.4999992512593711	0.4999979326234259	
0.9999994280406864	0.8333313041078892	0.7999923927129504	3.2537412177628825E-7	0.49999970084853257	0.49999950848216207	0.5000104948597465	0.49999924654037453	0.5000005365284026	
0.9999973533994314	0.8333065877109465	0.5999862070013543	0.9999951131489333	0.5000001034957458	0.49999980971380953	0.500010938572472	0.5000136587407306	0.4999985792742868	
0.9999968611502819	0.8333297667345516	0.6000131460919398	0.6666599559641821	0.5000006041029992	0.49999978859339356	0.5000105612800458	0.5000007529974134	0.4999983464470456	
0.9999995923897942	0.8333312481018756	0.5999863407262489	0.33330859585894623	0.4999994119319046	0.5000000196027158	0.5000106201296715	0.4999992032575951	0.5000008848781051	
0.9999995836012747	0.8333302760063571	0.5999864113954153	7.303615423718213E-7	0.4999997802626478	0.4999997545493417	0.5000105572544743	0.5000006917957361	0.49999790412013617	
0.9999913476388388	0.8333299053892329	0.4000269507515942	0.9999635924241198	0.5000001006107944	0.4999994283042412	0.5000106425235077	0.49999825708515416	0.4999970791920612	
0.9999907397128551	0.8333313292437285	0.4000761332302502	0.4999940855180263	0.49999916372909414	0.4999994057913784	0.5000106165937369	0.4999991825666682	0.5000008290446464	
0.9999912461862742	0.8333303106977535	0.4000791662473794	2.1772884515996628E-5	0.5000001377170072	0.4999995011832951	0.5000106215735428	0.49999916931311394	0.5000004075963002	
0.9999973082505974	0.8333302766215703	0.20004375256999338	0.9998593477202183	0.49999992635064805	0.49999942660975016	0.5000106360871664	0.500000342717102	0.5000005751218058	
0.9999979052999256	0.8333302652432224	0.20000822005644925	3.573966039090943E-5	0.5000000747542456	0.4999975404780106	0.5000106278639528	0.500000328250773	0.5000005245647262	
0.9999944399869827	0.833310657272696	5.193237886033003E-6	0.4888995908214246	0.49999974475679787	0.5000004678099809	0.5000108988147679	0.5000003008211991	0.5000001291609841	
0.999999595367175	0.6666695065558673	0.999992103025595	0.9999972370089031	0.5000002855030914	0.4999999786972433	0.5000100773614018	0.5000009923508831	0.4999986795675756	
0.9999913230012881	0.6666694319191953	0.9999965385026449	0.7499864851741675	0.49999992120517167	0.49999948301710184	0.5000108197263878	0.4999960714762487	0.4999989551488585	
0.9999890691632497	0.6666012321718693	0.9999945453762638	0.49998294219781225	0.49999935189801603	0.49999977076195345	0.5000105273805923	0.4999988702950215	0.49999824054740183	
0.9999995607582718	0.6666702495537874	0.9999991047734051	0.25000924118460494	0.49999885663131527	0.49999877857534164	0.5000102038970545	0.5000006294189032	0.5000005610059087	
0.9999854612199235	0.6666022028227724	0.9999972070557387	2.2238936245029446E-6	0.500000175947274	0.49999706583859777	0.5000105836312948	0.5000005542070121	0.5000000952017631	
0.9999985324426567	0.6666694499882179	0.750012933101767	0.9999851970731225	0.5000009845167813	0.4999993405956139	0.500011083018678	0.5000098268518529	0.49999855912535923	
0.9999987622972697	0.6666702494105297	0.7500140677092539	0.6666430364912794	0.4999989425479412	0.4999994873785884	0.5000108850045408	0.5000178868212338	0.49999894332983263	
0.9999958060373417	0.6666700492342046	0.7499756097205771	0.33332944090990413	0.49999954636826505	0.4999973180987963	0.50001131628383	0.4999985047022167	0.49999796127844137	
0.9999852950204912	0.6666700546859835	0.75005361364859	4.7048357653011456E-5	0.49999919091631795	0.5000000216010783	0.5000111312193317	0.49999764192524127	0.49999725261160555	
0.999985505721518	0.6667283540862093	0.500130397492889	0.9996145879312595	0.49999951265830195	0.5000008613140574	0.500010928380952	0.49999929285725647	0.4999981066406599	
0.9999944783960933	0.6666710375028856	0.5000545298412533	0.49999394860771135	0.5000005463435828	0.49999940518015334	0.5000112923612308	0.4999976898049582	0.49999687916644653	
0.9999914816978919	0.666670050173238	0.4998279473412861	5.577348517321286E-6	0.4999995734825865	0.4999972676742933	0.5000112323539571	0.49999916990441373	0.5000003990387591	
0.9999858705188219	0.6666508060364226	0.2500155416540021	0.9999780254005556	0.500000001295806	0.4999993716973226	0.500010935271768	0.49999930183215646	0.4999981744277947	
0.9999995511719653	0.666670136809331	0.2500155416540021	1.681328718161813E-5	0.4999990360668554	0.5000004593127613	0.5000104031360163	0.49999930183215646	0.5000001353659183	
0.9999978692583429	0.6666701268665047	5.189731975788203E-6	0.9056097605753552	0.4999999650318727	0.49999760771893204	0.5000104025578394	0.5000003072347152	0.4999981699197473	
0.9999890343192426	0.5001588434891822	0.9998659190107696	0.9997678608670117	0.49999984990954754	0.49999988528286315	0.500010283618166	0.4999991095881018	0.4999975851648255	
0.999988987073695	0.5001583945160706	0.9998980544716695	0.6664099614659769	0.49999986465312124	0.5000000291193286	0.5000102835504505	0.4999991194332086	0.49999757180495535	
0.999978922722605	0.5001569570001614	0.9998943390510068	0.3334107795274797	0.49999999290137703	0.5000000348947204	0.5000111327193466	0.49999985396711677	0.49999751457703273	
0.9999855062180518	0.500033437366797	0.9999943950364076	4.577988335398197E-5	0.49999929743594757	0.4999994626330591	0.5000102427339876	0.49999892266137014	0.4999982710446735	
0.9999890343192426	0.5001588434891822	0.6666195549529962	0.9997678608670117	0.49999945020220987	0.49999988528286315	0.500010283618166	0.4999991095881018	0.4999975851648255	
0.9999944159303737	0.5001580140958608	0.6667131840986805	0.5000624893950486	0.5000005858406297	0.500000476071228	0.5000103338351096	0.499998533805604	0.49999804638863105	
0.9999889064249119	0.5000360604139884	0.6666577226009908	3.107176516919092E-6	0.5000006092925987	0.499999520225621	0.5000101510709906	0.4999984598329378	0.4999972522109733	
0.9999840385464949	0.5001571927730171	0.3335343673680468	0.9996083859637237	0.49999994682498483	0.49999774102916356	0.5000110826207402	0.49999989188189753	0.4999981914872694	
0.9999735074101449	0.4999026647491996	0.33353436980948725	3.0166432543646515E-4	0.5000006045664911	0.5000000054380037	0.5000111397329525	0.49999950609737515	0.49999784479708503	
0.9999475021790529	0.5001588938939404	5.793318619184279E-4	0.49989382586594083	0.5000007223766256	0.4999968383536477	0.5000108053580141	0.499999892071454	0.4999956433206247	
0.999997249217345	0.33344825251981647	0.999992013565427	0.9995087302982538	0.4999986944535203	0.4999993952209034	0.5000105592722559	0.5000128573668111	0.49999749849000363	
0.9999853068722938	0.33337080953571896	0.9998760153812891	0.5002006890109362	0.49999963749619775	0.5000000350790708	0.5000111345549757	0.4999992052955676	0.49999739683161254	
0.9999853438988477	0.3335255100903992	0.9996678246943819	2.07128837408287E-4	0.50000044105922	0.5000008891279948	0.5000111315522775	0.4999990904146434	0.49999725463995115	
0.9999890320813704	0.3333704199276277	0.5001308877669323	0.9997687428335367	0.4999945056303211	0.500000996683792	0.500010293143027	0.4999990827479868	0.49999756071750584	
0.9999813471580519	0.33353367394931327	0.5001964830023921	0.0010966092494310495	0.5000001599251511	0.499997664120139	0.5000104171535202	0.49999993968570094	0.4999976928390414	
0.9999778091554304	0.3332460283427459	7.547010267629738E-6	0.005373053470474343	0.5000044326337068	0.4999967332496707	0.5000102929345152	0.49999904897134595	0.4999976425598537	
0.9998969771217506	0.16756896942864793	0.9966677668124434	0.9995668922093685	0.5000001519953096	0.4999993836564603	0.5000105597720518	0.5000134478936117	0.5000005131523404	
0.9998968941871934	0.16756927051279694	0.9965959685580741	2.0910652895881357E-4	0.5000001957705679	0.5000000466376534	0.500010286133969	0.49999819306614246	0.4999957429432863	
0.9999842657502742	0.16684671595545023	7.937068948381532E-4	0.47664160638101494	0.4999993295722621	0.5000000203041585	0.5000111889304859	0.4999994965471836	0.49999783621229	
0.9999988866869453	1.4280469771781566E-7	7.127393275634941E-4	0.45769433245581337	0.5000001948835471	0.4999975179695922	0.5000104318349294	0.4999981900370754	0.4999975667377783	
0.8333308217697121	0.9999996675861018	0.9999952857032868	0.9999998544095103	0.5000006508453582	0.5000002846990674	0.5000107781215024	0.5000124612880245	0.4999986358779431	
0.8333310742425942	0.999994968978579	0.9999897477463466	0.7999283659201375	0.49999994247538576	0.5000004179524933	0.5000103491520927	0.5000004735618658	0.4999998710730331	
0.8333310667976278	0.9999941851378726	0.999996611446956	0.5999563302420607	0.5000011795181708	0.5000000453851123	0.5000107182617778	0.4999978226831644	0.49999936348212115	
0.8333267890912823	0.9999890525035434	0.999977294502352	0.39990813505559086	0.49999963871692577	0.4999985947167904	0.5000104948223423	0.5000080158668814	0.49999892873610674	
0.8333186731153757	0.9999885703052575	0.999977713574928	0.19989408513942403	0.49999959962451657	0.49999963668921554	0.5000103590511927	0.5000009948668356	0.4999990197427288	
0.8333265903647669	0.9999982597003467	0.9999981172258958	7.382660235572206E-6	0.49999963993102164	0.49999875300118	0.500010519912821	0.4999995818779371	0.49999443821576706	
0.8333308444741837	0.9999949608593138	0.799983009628515	0.9999928672110238	0.5000002795594644	0.4999999749691501	0.5000107652591337	0.500000635134095	0.49999978678003104	
0.8333310700897226	0.9999949760869052	0.7999830195267853	0.7500191253219826	0.5000002900124637	0.5000004167467416	0.5000107872283955	0.500000540561586	0.5000007232136087	
0.8333271175880347	0.999999815952082	0.799983019568644	0.4999950005029085	0.4999997253026608	0.5000001856123772	0.5000107617962675	0.49999814290909916	0.5000000052606579	
0.8333267834828056	0.9999993156766357	0.7999923920358357	0.25000988427608306	0.49999947359440605	0.5000001624851601	0.5000106593589709	0.4999961734723	0.4999978928406128	
0.8333271164248213	0.9999992667246158	0.799992504742978	7.471156106986155E-7	0.5000001568662047	0.5000001622053001	0.5000105849047011	0.49999923365349036	0.49999790410564904	
0.8333265554257608	0.9999997541282382	0.5999960081161229	0.9999967884662496	0.4999998431737804	0.5000000205761952	0.5000110175904475	0.49999978760303787	0.4999999915600034	
0.833330266178014	0.9999997734302899	0.5999950473239737	0.6667298672747788	0.5000005729102425	0.500000462713394	0.5000111660979196	0.49999982225325296	0.500000249187648	
0.8333310693999967	0.9999866127941762	0.5999944515680606	0.33333335869956504	0.4999994223921038	0.5000000803004876	0.5000111594781117	0.5000014230315442	0.5000001000534994	
0.8333275688845473	0.9999999559841247	0.5999948454500804	1.0073779405115466E-6	0.4999997720192101	0.5000001470997217	0.5000104483188692	0.49999805469947023	0.4999981413935888	
0.833327195797931	0.9999972952303869	0.40007635629954486	0.999826981243621	0.5000000313240136	0.5000000286912243	0.5000109656331192	0.5000006531179668	0.49999999742378043	
0.8333306116466075	0.9999968617574153	0.400076316500682	0.5000222400760472	0.4999990376135842	0.5000001009293266	0.500010517080756	0.500001164878818	0.5000007265380987	
0.8333270754702468	0.999987175777919	0.40007730487134535	7.621001033980486E-6	0.5000000866062541	0.5000003936374346	0.5000107696267013	0.5000009806904272	0.5000005224410502	
0.8333381844999327	0.9999756586540365	0.2002660529074637	0.9994140688065838	0.4999987828159812	0.5000000276236125	0.5000107813556627	0.499999449036143	0.4999979216220922	
0.833339468513912	0.9999213062466352	0.20004937245381565	7.779373535016753E-6	0.49999900471461756	0.5000000154008315	0.5000107754724807	0.5000013845278742	0.500000293762116	
0.8333376780538521	0.9999765042886093	3.720610313434515E-5	0.5838673429085119	0.49999992414910055	0.5000000579148327	0.5000106311551803	0.49999682459749073	0.5000008894736444	
0.8333269193573508	0.7999925063011573	0.9999937865829719	0.9999972623330986	0.4999997296323107	0.4999999799326276	0.5000100189318499	0.5000003690979918	0.49999938046213427	
0.8333306946331447	0.7999925112237518	0.9999964897708027	0.7500253907957184	0.49999876484540384	0.5000000844779979	0.5000108312994456	0.500000011565386	0.49999938457650944	
0.8333268277368924	0.8000013003070824	0.9999961353645418	0.4999959050811444	0.4999995518188832	0.49999990626507673	0.5000103751042955	0.4999991139779243	0.5000004605989743	
0.8333271218491318	0.800000620567802	0.9999994366557625	0.2500087818648894	0.499999457681787	0.4999986635377989	0.5000105097480004	0.4999980799814714	0.5000002236003945	
0.8333271462081534	0.8000006188511113	0.999999382517642	1.0093491369056605E-6	0.4999985834068017	0.499999633999801	0.5000103549185893	0.5000010871781064	0.4999987883729177	
0.8333382162012334	0.7999869477820365	0.7500140680335537	0.9999935551391771	0.5000000881501762	0.5000004167503478	0.5000103513585344	0.5000122868846913	0.5000007533890639	
0.8333312920668293	0.7999872438819671	0.7500140604248079	0.6666430412009704	0.4999997179389819	0.4999999837591498	0.5000105675018961	0.49999902598753654	0.49999937762673397	
0.8333308681335504	0.7999995369622336	0.7499755471039976	0.33331261577091553	0.4999996659431612	0.4999996482854577	0.5000103616601527	0.5000001653055742	0.5000004764514182	
0.8333271162706164	0.799999558000774	0.7499755471039976	4.447731230056085E-7	0.5000001389317775	0.5000009663750223	0.5000110825590502	0.49999927580701825	0.5000005023314185	
0.8333309144409743	0.7999999780331206	0.5000134968701836	0.9999914807996568	0.499999825972008	0.49999949030222823	0.5000109066394843	0.49999907434865243	0.5000004823225508	
0.8333385126045268	0.7999886340031663	0.5000410651333643	0.5000224374557363	0.49999879351240206	0.500000035121742	0.5000107859951044	0.4999989479305015	0.49999792030504386	
0.8333270155678165	0.8000006182562654	0.5000463974849596	4.608963789687306E-5	0.4999995223186616	0.5000045266339009	0.5000106642964995	0.49999925420356617	0.5000005141912452	
0.8333382232772075	0.8000010162577166	0.24999797555093825	0.9999982516601124	0.4999998858153801	0.5000000286990016	0.5000107581576317	0.5000006483690385	0.4999999489876429	
0.8333311924631923	0.8000009869235061	0.24999434782579605	2.3080609601036055E-8	0.499998895990691	0.5000000860212575	0.5000111619515877	0.49999901843468847	0.499998545095041	
0.8333381735703679	0.80000157494955	2.8760977216664348E-5	0.47522134113089426	0.4999999340406	0.5000022405037754	0.5000103491811719	0.49999823652826575	0.49999778652299903	
0.8333273413932256	0.6000256399691738	0.9999752600873273	0.9998021285718892	0.49999989308815307	0.4999995119736519	0.500010569651479	0.49999600282203466	0.49999636097201605	
0.8333267967631763	0.6000256222861359	0.9999753238548512	0.6667520827702775	0.4999995624884358	0.49999957275841345	0.5000103634447285	0.4999999055049076	0.50000054600462	
0.8333267875196134	0.6001693876463456	0.9998736328916081	0.33332956021664645	0.49999955934916335	0.5000000393110748	0.500010360856284	0.49999917908866687	0.49999795292095633	
0.8333272105488682	0.6000000822386341	0.999917914541079	1.928168039727231E-4	0.5000000029998358	0.4999994129641218	0.5000105726235318	0.49999624172257473	0.49999700969839067	
0.8333271565816265	0.5999665112942215	0.666622357050121	0.9998631166680163	0.5000025736067962	0.4999999835582014	0.5000105279889763	0.49999779355725693	0.49999753917536754	
0.8333380237017789	0.6000066422250432	0.6667085590543287	0.5000237984353418	0.5000014345637824	0.4999995092486887	0.5000101965387201	0.4999998188078154	0.49999995284538584	
0.8333271985094414	0.6000295208212235	0.6667847915696511	7.1304792677798895E-6	0.49999921907816974	0.4999995615794082	0.5000105430894631	0.49999587751123764	0.4999973609133391	
0.8333305229854826	0.5999765094256949	0.33333053118241274	0.9999603598584311	0.5000000225082994	0.4999977014921204	0.5000111648657565	0.5000002835588875	0.4999980856223158	
0.8333268780598869	0.5999305486750911	0.3333291383524632	1.0889540423374532E-4	0.49999996207957464	0.5000000198502919	0.5000107853801569	0.49999809419324814	0.4999959868066506	
0.8333305187582327	0.6000111011099116	1.3294839206958045E-5	0.597089920792834	0.500000012086931	0.4999988302762026	0.500011159511394	0.5000003098104974	0.49999809070702267	
0.8333270265312279	0.4000674702800313	0.9999144288745624	0.99990709030824	0.49999999382207383	0.49999937755940366	0.5000100146296401	0.49999822958910894	0.49999681184135736	
0.8333414480605468	0.40013563535010366	0.9997832321572032	0.49990671571296363	0.4999998668425489	0.4999987146403597	0.5000103020118889	0.4999978160108445	0.49999792655218733	
0.8333272105236479	0.4001366810536163	0.9997081526796809	1.930051034018505E-4	0.49999910566295797	0.49999941329780556	0.5000103020682591	0.49999613631227696	0.49999702122858997	
0.8333416750983701	0.40013823414439725	0.5002464404781455	0.9994332235457465	0.4999993324990885	0.4999995380857544	0.5000103279090792	0.4999991743156579	0.49999744220652187	
0.8333417648750387	0.40013823712340546	0.500197111329672	3.8504697936934175E-4	0.4999998680684722	0.49999957658204186	0.5000106837135548	0.49999993798618797	0.4999974745360706	
0.833341062374306	0.3999310984188313	9.474807573461863E-6	0.96916319519888	0.49999958637313674	0.49999955861191453	0.5000103065476712	0.5000002921185999	0.4999974281097016	
0.833330777166191	0.20044504834504345	0.9989452469850822	0.9990447384440346	0.49999921589580115	0.49999941387385727	0.500010578387375	0.49999722226686455	0.4999975771015811	
0.8333416724294883	0.20009444555143904	0.9995992968861546	1.0029619491066079E-4	0.5000030109543925	0.49999957558058994	0.5000107414973066	0.49999994901485784	0.4999974756229309	
0.8333416869285062	0.200133661762105	7.937068948381532E-4	0.48466936588451226	0.49999933131434326	0.5000000400453247	0.5000105763926808	0.49999802802796256	0.49999751964006545	
0.8333306465806634	1.8188780711988072E-5	0.6394893198726379	0.48490260012563974	0.4999992805479296	0.49999959463249544	0.500010303470341	0.5000002813425016	0.49999756649021115	
0.6666665836258996	0.9999978033481417	0.9999961503415116	0.9999990333595723	0.49999993150557237	0.5000001339105937	0.500011132887881	0.5000173723724323	0.49999930970048384	
0.6667383284770427	0.999969816394917	0.9999233252384825	0.7500254065972494	0.500001151734222	0.5000000287137206	0.5000103528439778	0.5000004735474118	0.5000007427023965	
0.6666668056163495	0.9999977536015517	0.9999961630116347	0.499981105154974	0.4999997650270113	0.4999995062362599	0.5000111186991879	0.4999996333139228	0.49999665786800446	
0.666666075543542	0.9999888281376199	0.999999494755551	0.24997357834295883	0.4999986462278644	0.49999951078678795	0.5000104413841169	0.4999993747282232	0.499996657124155	
0.6666701031883013	0.9999992655936574	0.9999975060653038	2.8025075901398922E-6	0.49999966673119983	0.4999986995400641	0.5000103368908586	0.5000013492249431	0.4999974711867093	
0.6667412839586057	0.9999220340334457	0.7500130034480815	0.9999105438644057	0.49999972526498654	0.49999997472309365	0.5000106997800148	0.5000004731657361	0.4999985560272522	
0.6666667642501893	0.9999957335621508	0.7500147486763058	0.666642048390099	0.4999997142737901	0.49999998357982023	0.5000106977790401	0.4999978963140847	0.4999966397054003	
0.6666661326311579	0.9999998855099054	0.7499954041667415	0.33329875513751944	0.500000014024048	0.4999998644477844	0.5000108028564484	0.4999975736648788	0.4999974419473029	
0.6666677819753226	0.999998803273779	0.7499948575611741	1.6307777302510902E-6	0.4999997346142031	0.4999999325041589	0.5000104566523461	0.49999736448815	0.4999999581686741	
0.6666697492721024	0.9999984063106843	0.49999404045164664	0.9999997239357226	0.5000031148801374	0.5000006969928082	0.5000109172186041	0.4999986206916098	0.49999941355946537	
0.6667386415319473	0.9999742178202977	0.5000507392757375	0.5000223643107569	0.49999987591926875	0.5000000368450161	0.5000107973279404	0.4999993170471221	0.499998086861398	
0.6666656977929813	0.9999994681363976	0.5000482346422317	2.3670846635326002E-4	0.4999957910070912	0.49999970507891267	0.5000108023395086	0.49999728969704876	0.500000513409103	
0.6667407176658382	0.9999749195467842	0.25013853828683613	0.9995912350324409	0.5000031476869399	0.4999998649982049	0.5000104444669407	0.500000650805424	0.500000484359835	
0.666741009255197	0.9999128721622181	0.2500588275559943	1.3521789680695788E-5	0.49999980781961983	0.49999982027417894	0.5000107595072191	0.4999974550822264	0.5000003105650696	
0.6667407852381262	0.9999537984380181	7.246412640045548E-5	0.0023260118528636853	0.4999998368925984	0.500000029121462	0.500010758128583	0.5000000584016203	0.4999966425666951	
0.6666616553229915	0.7501126068231575	0.9999232664298142	0.9999894266235031	0.4999987166441576	0.5000000914217815	0.5000108460214602	0.500000172330943	0.5000008582791491	
0.6666710094468739	0.7499745571740613	0.9999975126586332	0.6666431908539162	0.4999995655883796	0.5000004388493552	0.5000108484441138	0.49999877281207555	0.5000000722406712	
0.6666645084292214	0.7500311094369027	0.9999963832193628	0.3332950860321135	0.5000014401673396	0.499999516631835	0.5000102899449214	0.5000005244506501	0.4999979161514472	
0.6666658720464248	0.749982604582536	0.9999968551785298	3.0066829716842376E-6	0.4999990929966365	0.4999995035738857	0.5000108019699737	0.5000007759542038	0.4999978836701757	
0.6666669408501165	0.7499705343045168	0.6666750516881922	0.9999894282650278	0.5000028315929242	0.5000004139392169	0.5000112117973703	0.499998807548524	0.5000005992842929	
0.666667447206069	0.7500980533974742	0.6667073620297337	0.4999597435602593	0.4999994656492743	0.4999996520425356	0.5000110509614843	0.5000007494958375	0.4999977166720961	
0.666670951254678	0.7500716760155496	0.6667891201355161	1.0006090661168269E-4	0.49999975440036204	0.5000006415857808	0.5000108000272069	0.49999628263333645	0.499997809936127	
0.6666741775182212	0.7500951542769904	0.3333306139611416	0.9999612353713404	0.49999991897445395	0.5000000734120307	0.5000106802692726	0.5000000036605664	0.5000004514109285	
0.6666741773788186	0.7499819024216177	0.33333003266662253	1.0435855187051327E-4	0.4999990916824093	0.4999994323648732	0.5000107990331989	0.4999961384219868	0.5000004744479891	
0.6666177578671801	0.7501968506055665	1.6007756894477913E-4	0.48856195854487505	0.5000000273536449	0.5000023873748967	0.5000108194399333	0.4999980363230928	0.5000003638723393	
0.6667411105371116	0.5001579638042386	0.9997295148821029	0.9999144431919558	0.499999695990825	0.4999985140678673	0.5000111670161643	0.5000193320684563	0.49999984974453665	
0.6666655458466874	0.5001580188222062	0.9997748504617128	0.5000559196569391	0.4999996842998486	0.49999965503648913	0.5000102771972095	0.4999965867434066	0.49999771710683616	
0.6666686673758153	0.5000353547686305	0.9997832544652373	2.480020643978889E-6	0.4999988715113801	0.4999986976711289	0.5000103413975729	0.49999780881558037	0.4999979190233612	
0.666741427975979	0.5001579130859618	0.500103989275303	0.9996139369951735	0.49999992792793446	0.4999976131155917	0.500010423322413	0.4999990127765908	0.5000007130190186	
0.6666552379336182	0.5001617186903028	0.5001977185316085	1.8287345046743555E-4	0.49999864932173327	0.4999995002096587	0.5000107581351508	0.4999993708745357	0.4999966079511977	
0.6667411355733299	0.5001604717398924	3.7132170340329024E-4	0.6303398376505428	0.49999907507913033	0.49999940326137504	0.5000107213896082	0.5000008149679819	0.4999982253472711	
0.6666225012953536	0.24996861887451244	0.9998560624876587	0.9997816373249396	0.500002955983639	0.4999987762482274	0.5000107389974306	0.4999999269846692	0.49999796482843817	
0.6667810022794083	0.24996625262476374	0.9999124693694859	4.732248139467794E-5	0.4999987153456479	0.49999950804564086	0.5000105240136656	0.5000000188874627	0.49999746016681285	
0.6666578826772872	0.2499218557287816	1.9921804676983033E-5	0.9925920836348245	0.500001045619061	0.49999994448651147	0.5000105316195521	0.4999981929625855	0.49999836438909656	
0.6666548667146456	1.446449421764614E-6	0.7630053472679285	0.50408171309728	0.5000014410895021	0.499999513060629	0.5000103034622004	0.49999858256253493	0.4999980563111433	
0.5000592325545558	0.9999051490299532	0.9999115480508995	0.9999512697524224	0.5000033041897896	0.5000004989437256	0.500010341509846	0.5000072361500016	0.5000001570135318	
0.5001289598724015	0.99988180384253	0.9998962470477927	0.6664994775626477	0.499999722262832	0.5000011909042237	0.5000108300779521	0.49999331023427324	0.49999769828622553	
0.5001324079654286	0.9999364283527856	0.9999049346755282	0.33329880506115617	0.4999997321146349	0.5000019429808089	0.5000108010011044	0.4999961659901163	0.4999976708246688	
0.5001039424703588	0.9999015989811172	0.9999147280823859	9.710059619933402E-6	0.49999886228758483	0.5000012436201912	0.5000103412513474	0.5000014018770428	0.49999742897467414	
0.5000601223920583	0.9999053061039423	0.6666757858308304	0.999952735647157	0.5000033996436908	0.49999733037078076	0.5000106916174183	0.49999699918836693	0.49999837203809777	
0.5000600784915988	0.9999054082696422	0.6666745729077267	0.4999767473902588	0.49999964048261375	0.49999878324756053	0.5000102830932213	0.5000012819720924	0.49999779181830545	
0.5001039393523226	0.9999028140167872	0.6666780254767619	1.1663412594383024E-4	0.49999973890234767	0.49999942362248695	0.5000103361150499	0.5000015623899987	0.4999974208641049	
0.500125342245501	0.9998775070764203	0.3333539464533994	0.9997775653434102	0.4999999540284769	0.5000004032276617	0.5000107022996678	0.500007182727927	0.49999765588715067	
0.5001285326196848	0.9998773041324212	0.3333313646415272	1.3302657739657148E-5	0.49999971225630385	0.5000010243258036	0.5000107993796763	0.4999973146021287	0.4999977819710389	
0.5001200008438147	0.9998768124961954	1.3897530820241883E-4	0.6504987356442565	0.4999991961055263	0.4999973500731183	0.5000108048098875	0.49999634360473166	0.49999751801037845	
0.5001127104108352	0.6667260374012101	0.9998270713550472	0.9997921958921854	0.49999971195617904	0.500000031772136	0.5000102845978789	0.5000006991593993	0.49999835987041236	
0.5001036444697229	0.6667790603870098	0.9998268779815338	0.4999763680243855	0.49999966691970305	0.4999987838816923	0.5000103367411542	0.500001239602932	0.4999983838488548	
0.5001047745533687	0.6667799300993027	0.9997978389547139	2.822446755223697E-4	0.4999998157821184	0.5000006452223167	0.5000103009991615	0.5000016287954971	0.5000007383126032	
0.5000249756525734	0.6667260353909888	0.499965507147146	0.9996131060843328	0.49999972525606495	0.5000005985845863	0.5000102660554405	0.5000028509873825	0.4999983757307144	
0.500104762618161	0.6667276437140428	0.4999647244765573	2.1207678755761033E-4	0.4999996711535091	0.5000006143792781	0.5000103140215543	0.49999724739295265	0.49999836215502946	
0.5001253565436197	0.6667295628234182	1.6075016151055247E-4	0.4885476330527274	0.49999919268626436	0.500002412840703	0.5000104559731419	0.4999962918567738	0.5000005257636867	
0.5001297479456345	0.33388102425700616	0.9993784891422027	0.999439597351597	0.49999969994955423	0.4999988039939273	0.5000103281837408	0.500019144906391	0.499998341429213	
0.5001303704332187	0.3337174128737151	0.9993953045051114	6.780955826939226E-4	0.4999987301346538	0.49999974591438273	0.5000112273097954	0.5000194612942046	0.4999974809793894	
0.5001119715892444	0.3337142012893774	8.243044394211102E-4	0.4224904454675057	0.49999971788319175	0.49999901489404436	0.5000106884314083	0.4999962806426743	0.5000006967410996	
0.5001046514540493	1.0086240692586071E-4	0.77079390961206	0.6609244352378135	0.49999971762463924	0.4999993127420667	0.5000106893617344	0.5000149114763892	0.500000689665294	
0.33349012305785525	0.9999017875961562	0.9998880018354243	0.9996681473171707	0.4999998179198753	0.5000011592584552	0.5000103366556843	0.4999932403591398	0.4999977173607373	
0.3334433041064358	0.9999029934157593	0.9997979866528333	0.49997674601632724	0.4999999530455605	0.5000023603820115	0.5000102632430378	0.4999969443068679	0.49999781097911006	
0.3335198105897457	0.9999037714629672	0.9997086056168354	1.8779963648113407E-4	0.49999952853501234	0.4999991753058246	0.5000106885120836	0.5000199166195751	0.49999837367294503	
0.33343846158460405	0.9999037745019372	0.50025028496198	0.9995492131475981	0.49999972641242507	0.5000001183303763	0.5000104652821229	0.5000007062367533	0.4999983879389824	
0.33349256242268227	0.9999060354283165	0.5000308217854916	2.3643537123683916E-4	0.49999972410786914	0.4999996878987706	0.5000102627046301	0.5000030114066535	0.4999983726734748	
0.33352512508651433	0.9998746593748512	6.951783967327313E-4	0.4999371294231088	0.4999996867419639	0.49999936972892683	0.5000103153937816	0.5000009039316418	0.49999769391709015	
0.3334925134394282	0.5002699253855024	0.9998388294151255	0.9993977484001477	0.4999996802305019	0.5000001346122691	0.5000102428816324	0.49999767151377944	0.4999955113790364	
0.3334920439378502	0.5001577452657531	0.9997078483624464	4.7126641971226383E-4	0.4999997639349274	0.5000022614034055	0.5000104221285547	0.4999962886219631	0.4999982796314822	
0.3334430561088323	0.5001622613901852	6.900941598049593E-4	0.4634335959008561	0.4999991952819104	0.5000001424974624	0.5000104544614401	0.49999737386661913	0.49999837524308516	
0.3334415290137516	4.24126200748276E-4	0.5025343120085184	0.5173246861862401	0.4999991194896623	0.4999992004048013	0.5000104449047978	0.49999517081917977	0.4999983733905816	
0.16676143437443425	0.9999354152679086	0.9997307475618659	0.9996697297964153	0.4999997622017843	0.5000001841988717	0.5000104691532524	0.5000008007441483	0.49999612905960994	
0.16676143437443425	0.999902054557141	0.9999392661394441	1.8431602717157395E-4	0.4999956176365482	0.5000001679565791	0.5000104690739421	0.4999953120774882	0.4999985050925837	
0.1667489970058434	0.9999038775145851	1.6066905554093562E-4	0.5138217500447784	0.49999985349320203	0.4999984710339991	0.5000108201092239	0.5000064630033458	0.4999983237948134	
0.16676143437443425	3.4874843397175725E-4	0.45044653362221504	0.010004058286055661	0.49999992134049176	0.5000024551593625	0.5000105756794886	0.4999977188430104	0.4999955349200333	
6.168492883734666E-6	0.3119639038799269	0.6588504932667718	0.764311977283922	0.4999996381591851	0.49999878578823104	0.5000105870743832	0.49999437565562704	0.4999979546113109	
