0.9999905130798215	0.9999857094552076	0.9999995908794205	0.9999808923412018	0.4999972309368956	0.49999876436146595	0.4999992518325792	0.4999930076758713	0.49999905523956345	
0.9999931522867233	0.999987137736845	0.9999879308464595	0.8332157322125847	0.49999768641062076	0.4999987878702937	0.4999998750505844	0.4999959092213653	0.4999989580799787	
0.9999943442268617	0.9999939899677264	0.99998766525628	0.6666618968453856	0.499997696243234	0.49999942346128856	0.49999991749134065	0.4999931826421796	0.4999989201136641	
0.9999940327738227	0.9999944488181265	0.9999999901125365	0.49996874146647674	0.4999990551585799	0.499998433201549	0.5000000094511977	0.49999688082895777	0.4999995729598603	
0.9999712769645955	0.9999869465424652	0.9999926258196973	0.3333578356262849	0.49999268945339287	0.5000009186181968	0.5000000231627064	0.49999342657675494	0.5000002191214835	
0.9999708900532238	0.9999643829592475	0.9999893565342279	0.16637988005968896	0.4999971819828108	0.5000007430056699	0.49999954666853114	0.4999962860471933	0.5000001063601033	
0.9999822125699698	0.9999800634072599	0.999903307055786	2.4509107620108546E-5	0.49999661270113743	0.5000001444739195	0.5000008421700833	0.49999166836274234	0.5000021014853298	
0.9999933206057824	0.9999878623684416	0.8332136186140396	0.9999982295945068	0.4999972331014271	0.49999879002997166	0.49999947600936534	0.4999929617151304	0.5000003609222972	
0.999985953092105	0.9999768988693694	0.8332173552703023	0.8000016081350505	0.49999705544256634	0.49999849095597587	0.49999995295414007	0.49999317009947075	0.49999923618627246	
0.9999936867865811	0.9999939850765249	0.8332242415550164	0.600034383016756	0.49999399469864	0.49999858456112034	0.5000003250426783	0.4999932039006816	0.5000002355031558	
0.9999717908249658	0.9999918615363722	0.8332111903089051	0.40005860529534176	0.49999660087071685	0.5000001164321519	0.500001319125617	0.499995113353292	0.5000021012517414	
0.9999833204742428	0.9999919089045347	0.8332056604769039	0.19999962649892153	0.4999959213234792	0.5000001175065584	0.5000005500731416	0.4999968806189911	0.49999958963584296	
0.9999883983223532	0.9999798629009777	0.8332302355486975	4.615395898861338E-8	0.49999708889473315	0.50000078204185	0.5000007215588781	0.499993363991943	0.5000021010158978	
0.99999368968993	0.9999944173160775	0.6666876217545128	0.9999947219684333	0.4999972608562882	0.4999987485871023	0.5000006268380995	0.4999929876468744	0.4999997143119504	
0.9999937336238259	0.9999944656260925	0.6666550626116607	0.7500267601230719	0.4999977263766489	0.5000005233464327	0.5000003796679832	0.49999393483815685	0.49999957924209126	
0.9999954869861786	0.9999919364205193	0.6666567626566047	0.4999687675459605	0.49999656721880364	0.4999979935841396	0.49999989813548934	0.49999573253640667	0.5000021418726807	
0.9999959460310288	0.9999791768272689	0.6666522899701711	0.25015647537784275	0.49999660782209315	0.49999801623716683	0.4999999251765654	0.4999957727540152	0.5000022235423671	
0.9999922348399828	0.9999988792926643	0.6666519988509207	1.758636842640145E-5	0.4999967079604845	0.5000007642188399	0.5000005171997944	0.4999961503255195	0.49999987935780726	
0.9999939874446616	0.9999979676093346	0.5000107893515794	0.9999471926819479	0.4999958955146585	0.4999981667333078	0.4999996538779359	0.49999245617043614	0.5000046305232148	
0.9999944656869441	0.9999943336830135	0.5000117562659353	0.666819803909463	0.49999770023464524	0.4999991983351748	0.5000005004753355	0.4999951785232503	0.5000021339131511	
0.999959442848015	0.9999985757148423	0.5000416857358501	0.33371946301263933	0.4999967420935965	0.5000000665040384	0.49999809387083183	0.4999951051330681	0.5000025009912695	
0.9999923486814716	0.9999941379073755	0.5000214997943861	6.43457321108414E-5	0.4999968026039757	0.5000005744082537	0.49999634576024826	0.49999314686359553	0.4999998802921448	
0.9999975792198594	0.9999975159704549	0.33336697838423457	0.9999074096159313	0.49999667797781105	0.49999528799456583	0.5000001340453532	0.4999956611782412	0.49999915154660785	
0.9999975792198594	0.9999975159704549	0.33336697836136514	0.49997598050106873	0.4999966932308193	0.49999528799456583	0.5000001340453532	0.49999566311977856	0.4999991559222693	
0.9999604357076887	0.999998616749231	0.3335746563282084	4.783740640825736E-4	0.49999684337476746	0.5000015887692438	0.5000000129099248	0.4999942882353628	0.5000029885777977	
0.9999944676854139	0.9999973619450704	0.16668365873524785	0.9999299456168955	0.49999588512272003	0.5000005581758716	0.4999981230425317	0.4999951618310971	0.5000026085481526	
0.9999949382585264	0.9999102225743203	0.16716108776483926	0.001695343507513726	0.49999620052409194	0.49999809787944505	0.499999973220453	0.49998933337510204	0.4999987529373262	
0.9999986527741982	0.9999962296741924	3.6989824187492286E-6	0.5167075646167218	0.4999962110352266	0.5000003870994074	0.49999887590820885	0.4999943616771958	0.5000023483724502	
0.9999935711001852	0.8333487084398122	0.9999874749234973	0.9999972138511594	0.4999970707671071	0.5000000889360704	0.500001280200336	0.4999959012369556	0.5000000075551277	
0.9999935591458272	0.8333487279744783	0.999987992364324	0.7999226842545054	0.4999974062823019	0.4999983475097633	0.5000001506977246	0.4999958264684024	0.49999967685013236	
0.9999931747241326	0.8333486241210186	0.9999873088771939	0.6000377457435568	0.4999974070567095	0.4999979177182424	0.49999923277914304	0.4999931384057869	0.499999565013152	
0.9999723489277076	0.8333735482209456	0.9999515875363822	0.400154552804446	0.4999974018280201	0.49999942251708546	0.5000018227289152	0.4999931226018575	0.4999995674096697	
0.9999928369924326	0.8333645077692203	0.999992466817946	0.20000242234047003	0.4999971734548081	0.5000007457361563	0.5000004223927604	0.49999353453564144	0.5000001930674804	
0.9999891782850241	0.833325078868485	0.9999916055847267	2.3050088412420825E-5	0.49999918257616466	0.5000009089467203	0.5000008554078049	0.499995704089369	0.5000023893088891	
0.999993169830907	0.8333367462336043	0.7999828603584845	0.9999962697759074	0.49999728256914766	0.49999858985101375	0.4999998407178652	0.49999539564318063	0.49999960047349357	
0.9999925865897843	0.8333247210226922	0.7999831330736361	0.7500258827213644	0.49999728623108053	0.5000004452740316	0.5000013906935227	0.4999928980935825	0.4999992868548418	
0.9999950510251725	0.8333448341219437	0.7999164690370519	0.49997221044686585	0.4999991645369056	0.5000004287403493	0.4999997869272575	0.499995628101939	0.5000023688244148	
0.9999983133873328	0.8333450485054709	0.7999817770823732	0.2500140396218527	0.4999971732293899	0.49999638158594006	0.5000000374622845	0.4999928097598064	0.5000001755908259	
0.9999869565415352	0.8333425663034629	0.799983868813044	1.6293249504019514E-5	0.49999593959769245	0.5000004085173966	0.49999985406587727	0.4999968567603628	0.4999995488007581	
0.9999954535995679	0.8333441823124909	0.6000849338916646	0.9998573576111779	0.49999725688529045	0.5000004928027082	0.4999988239477482	0.49999300891855303	0.49999871923259204	
0.9999769326242699	0.8333438486315338	0.600061280155356	0.6664883347231442	0.4999972467711431	0.49999950560920553	0.4999979504216159	0.49999374458791873	0.49999869293506805	
0.9999876998705546	0.8333246157977633	0.5998798885576967	0.3332716253665403	0.49999871071059293	0.4999994106806035	0.49999987722346056	0.4999958685400191	0.500002631780383	
0.9999876830112384	0.8333450978443981	0.5998798864412188	7.839250955085174E-7	0.49999720883496723	0.5000008636342927	0.4999999244632406	0.49999284412899775	0.5000020440208035	
0.9999892624176588	0.8333423025189791	0.4003924648719594	0.9992339283326732	0.4999954325135173	0.5000005395497205	0.5000034837186075	0.5000166745971392	0.5000032405430851	
0.9999955555220306	0.8333558718449589	0.4000342943365589	0.49997742700633435	0.49999589731565874	0.4999993306424399	0.5000003035978657	0.49999535288866437	0.4999996544684543	
0.9999762458743678	0.8333544915826259	0.40030420408265793	5.999685228831452E-4	0.4999966800256057	0.49999950870820553	0.5000001408842188	0.49999584406310316	0.5000020534367972	
0.9999889468684906	0.833269050728688	0.20010585886010074	0.9998276580989643	0.4999977023971341	0.5000010843084219	0.500000472144884	0.49999418906219284	0.5000027380360134	
0.9999940650395277	0.8332691998972689	0.20010646496216583	3.0717694784660593E-4	0.49999690904430977	0.4999995189668044	0.4999989680759718	0.4999940063458623	0.50000283506363	
0.9999888238009597	0.8333552606831495	1.0551540021956478E-5	0.8539877236591931	0.4999936868271849	0.499998899659245	0.5000001405657366	0.4999957077968355	0.5000023680874083	
0.9999741940133147	0.6666784211933369	0.9999781216127962	0.9999687651959333	0.499994525081425	0.49999871071945756	0.49999982621414113	0.4999932341279794	0.499999277777086	
0.9999931833967314	0.6666548292189576	0.9999880796830715	0.7500930408941219	0.49999739919806263	0.49999842700284614	0.4999994019470961	0.49999318484044514	0.4999996404368712	
0.9999810850472075	0.6666887366936888	0.9999701416362473	0.5002064742601114	0.4999987339098599	0.5000007431373471	0.5000000329304638	0.49999565841947213	0.49999957981654475	
0.9999810250144286	0.666584726113187	0.9999999572359953	0.24981599741199367	0.49999532593623214	0.4999997600247696	0.5000009099373381	0.49999282629544206	0.500002698016838	
0.9999830045357163	0.6666815318007263	0.9998249363727618	2.4354630537510907E-6	0.4999926391632897	0.49999915163351333	0.5000003918099521	0.4999933335101826	0.4999999274866777	
0.9999931605511682	0.6666884441633598	0.7500808952079709	0.9999573057418922	0.4999973199789967	0.49999804167122697	0.499999839522226	0.49999541273315434	0.49999954565310384	
0.9999917322584823	0.6666889607154124	0.7499355954614321	0.6666750566994438	0.4999961074256344	0.4999994995161054	0.5000011746698714	0.4999965557247496	0.4999992137345873	
0.9999914208669891	0.6666809639309869	0.7499307284609732	0.3332759827312125	0.4999972183421414	0.4999994101245998	0.5000004131596387	0.49999338014637285	0.499999582577269	
0.9999836186308104	0.6666889990545491	0.7499332905283678	1.6275961790300833E-5	0.49999659102625504	0.4999952386211504	0.49999983600800896	0.4999933132641447	0.5000020864014417	
0.999991674393959	0.6666314549211466	0.5000222358116106	0.9999981694041586	0.4999961090649986	0.4999995073020341	0.49999913840073784	0.4999931241157015	0.5000023620659927	
0.9999958371690952	0.6666877950863977	0.5000168975082998	0.5000619056808184	0.49999631365574815	0.49999950263755966	0.5000011749242085	0.49999391431977785	0.4999997551598682	
0.9999979401349336	0.6666873231448573	0.5000237147623627	5.46409104731225E-5	0.4999965941847061	0.499998786290354	0.5000003614093216	0.49999564847478495	0.5000021066176952	
0.9999749684044469	0.6668007111978296	0.2503066815151888	0.9991088234730734	0.4999953971848561	0.49999954224426657	0.4999993337187932	0.49999329028907574	0.49999875834227125	
0.999992074844827	0.666690934216667	0.2500832148988383	5.795939481799653E-4	0.4999953212882108	0.4999992127675142	0.499999688514348	0.49999462278328155	0.4999988607786325	
0.9999990241276155	0.6666887449329719	4.156998014644596E-5	0.49763907796489926	0.4999961979067083	0.4999995880704637	0.49999883269335565	0.4999940346184565	0.5000024633074248	
0.9999745670126231	0.5000433927392252	0.9999881935688806	0.9999338372540102	0.49999708494309386	0.49999842684545176	0.5000007781886376	0.4999928908070385	0.5000023421778612	
0.9999745818581303	0.5000434622779443	0.9998043226796153	0.6671397124868066	0.4999970243613182	0.49999955897811094	0.499999237899891	0.4999941404646902	0.5000023432238965	
0.9999853814992361	0.5000462881038996	0.9999566252544345	0.3335805098043903	0.4999948000456934	0.49999957026455505	0.499999415477451	0.4999941743383115	0.5000038487591775	
0.9999981346368029	0.5000494456752294	0.9994251119092957	2.6755421520861366E-4	0.4999927524390429	0.4999991987020319	0.4999994525119059	0.49999335169773573	0.5000036164618786	
0.9999758872616468	0.5000169802015014	0.6666121598035285	0.9999580785906181	0.49999615540452025	0.4999967917879219	0.500000592828255	0.4999934030934225	0.5000026496315546	
0.9999917948727961	0.4999955928832015	0.6666088505285106	0.5001219080528221	0.49999612282054856	0.49999956994798617	0.49999940761533895	0.4999967184977372	0.49999921533267133	
0.9999863331884192	0.5000162887245022	0.6666121739709434	2.69344002086109E-4	0.4999986821075554	0.49999919673449494	0.5000005667052949	0.49999408135768453	0.5000052563617187	
0.9999722942819735	0.5001617805265741	0.33390479781502	0.9990263772309232	0.49999874264403893	0.4999991755810175	0.5000004195170338	0.49999310752418513	0.5000014821895314	
0.9999753483631472	0.5000231817306051	0.3336012989466973	2.693202493037737E-4	0.4999989937520921	0.4999993586898283	0.49999930514167246	0.49999419719462185	0.49999871242293664	
0.9999969460560754	0.5000345220812005	7.702046307696625E-5	0.49056643936808253	0.4999963150237163	0.4999995308689472	0.49999937221998203	0.49999402920485636	0.4999997864388182	
0.9999922849051195	0.3332879458283942	0.9999985066477599	0.999999844196344	0.4999972398885859	0.49999681573649796	0.49999918324521425	0.4999885995536342	0.5000022095109323	
0.9999923240491002	0.3335299053467847	0.9997179873401896	0.4999674685667177	0.4999987038496016	0.4999991960345938	0.5000005428745184	0.49999430964747954	0.5000021947194285	
0.9999922485423167	0.3335533879788867	0.9997130979121528	2.8234763293280216E-4	0.49999726306896075	0.4999994195420317	0.4999991139721333	0.4999886494990537	0.5000022722244497	
0.9999949544172029	0.333288247301635	0.4999539718558711	0.999994824659414	0.49999481092432074	0.49999950654418385	0.4999993593185955	0.49999412179926916	0.5000014578501147	
0.9999722744789399	0.3335307635534561	0.5004977663482788	0.0013305119354983796	0.49999731963369554	0.49999942115883395	0.4999991448479074	0.4999941067259374	0.5000024548299504	
0.9999928473304248	0.33343429727071666	1.41305644050946E-4	0.5179018050918143	0.49999867243295176	0.4999982804678216	0.49999936350688945	0.4999941000105044	0.5000014567265118	
0.9999721399465513	0.1676325382026693	0.9977344406536558	0.99771570956491	0.4999946214691954	0.49999942214825954	0.5000006328020917	0.49999275365800216	0.5000022183886705	
0.9999864185776551	0.16720306616011615	0.9977376227308166	9.363808110042504E-4	0.4999960845267944	0.49999943736463776	0.49999931275931087	0.49999419678046586	0.4999986684673368	
0.9998634069573511	0.1674854383374614	0.004383366168413616	0.4984743911359933	0.49999621245953463	0.4999992303929708	0.49999931288674315	0.49999438476135105	0.4999996469914884	
0.9999931932874133	2.0346268407673635E-5	0.5174068256085644	0.49868930334352873	0.4999950854125297	0.49999952035321443	0.4999977557723146	0.49999429464898937	0.5000023113434896	
0.8333339118183968	0.9999987239019626	0.999999317467158	0.9999998623983497	0.49999739425001527	0.5000008491847094	0.49999984941242565	0.49999299469123804	0.5000005326093346	
0.8333339098940632	0.9999998719006827	0.9999993482914945	0.8000016071411159	0.4999973894851608	0.49999848799900987	0.4999999204898878	0.4999959269852333	0.49999896292757623	
0.8333329436885747	0.9999987743531354	0.9999755430708072	0.6000002871666382	0.49999731743633025	0.4999984119021723	0.49999835157899614	0.4999957950275634	0.5000001305696464	
0.8333332863096952	0.9999989276560572	0.9999994950675879	0.3999918063856735	0.4999990531241579	0.5000004506837246	0.5000000461242333	0.4999957223647497	0.5000022715501025	
0.8333138514417404	0.999999673346315	0.9999924971565941	0.2000024158213934	0.49999734926160866	0.5000007735927668	0.49999978270672996	0.4999971077375225	0.5000023858251749	
0.8333345445312972	0.9999988822216798	0.9999964197235878	2.2075366054573617E-5	0.4999966027026571	0.5000005393609835	0.5000004003756565	0.4999957660213972	0.5000024025868067	
0.8333060363875456	0.9999967384849502	0.7999839000806221	0.9999993213927634	0.4999991658214461	0.4999978846383338	0.4999999199319111	0.4999929235278637	0.5000018507048857	
0.833334540742764	0.9999946106301146	0.799984836544144	0.7500264831582474	0.49999922393480617	0.500000444028637	0.5000000425176938	0.49999572037264706	0.4999997149445253	
0.8333345456130503	0.999993100588215	0.7999164677725401	0.4999718237552228	0.4999991595449835	0.5000004303105532	0.49999991094291335	0.4999957181993543	0.5000023645409023	
0.8333345456130503	0.999998787585296	0.7999201944854315	0.2500133730897417	0.4999990488731798	0.5000005525523774	0.5000000369453906	0.49999583404089487	0.500002335086171	
0.833345020616299	0.9999989088774734	0.8000108745263156	1.4812177068035662E-5	0.4999991596786686	0.5000008966385463	0.49999953871451264	0.4999957338880399	0.5000023889943643	
0.8333335027641801	0.999997489548994	0.5999604985961665	0.9999785109525015	0.49999707032844576	0.4999988442352728	0.5000012712949787	0.4999957208677377	0.5000003686900196	
0.8333001691598498	0.9999972774421455	0.6000612831987353	0.666494035932764	0.49999716527510146	0.4999996164076501	0.5000000176943776	0.4999876491715984	0.4999999431874175	
0.8333058676129909	0.9999994437293863	0.5999571431356446	0.33327176575067485	0.4999937185706594	0.5000005435703043	0.49999991691590046	0.49999225528076785	0.4999999997668599	
0.8333430099741072	0.9999970764737256	0.5999528133527006	7.922016952444781E-7	0.49999567377896553	0.5000011049393976	0.5000004188263896	0.4999974940835715	0.5000002716957417	
0.8333495530344063	0.9999867525674334	0.40014616455976126	0.9997333966095714	0.49999693269344897	0.49999946752550944	0.5000000513281871	0.4999943872374971	0.4999992527995911	
0.8333661578318882	0.9999843655068675	0.4000345915999694	0.5000171668748343	0.4999965905664604	0.500001332019458	0.4999999717587125	0.49999516521506715	0.5000021413877158	
0.8333475857076098	0.9999908308955979	0.40014642720364785	2.9563012254555255E-4	0.4999965862650982	0.4999981995990931	0.5000000032894444	0.49999389273208766	0.5000023623769443	
0.8333475683082945	0.9999978467023771	0.20004489218666713	0.9999102714519141	0.49999669960549303	0.4999989441255408	0.49999983979982426	0.49999544378566513	0.4999995919923595	
0.833349763925865	0.9999872324151995	0.2001064649621113	1.255062699831309E-4	0.4999964886730302	0.5000011402862108	0.49999998320088046	0.49999434996634046	0.4999992275261829	
0.833346672423755	0.9999946183556709	4.382944079794524E-6	0.643964794739151	0.49999692263297246	0.4999990100169823	0.5000000325650523	0.4999940309564259	0.5000025548273763	
0.8333349397302494	0.8000159993114461	0.9999880749947603	0.9999971023927217	0.49999731992303287	0.499998418878832	0.4999998424772941	0.4999957259363738	0.49999957630638353	
0.8333349582007457	0.8000160024357571	0.9999996511243214	0.7500236031319668	0.49999732010298203	0.4999984187582386	0.4999994297423642	0.4999957375384561	0.49999957657167826	
0.8333349242798642	0.8000161257183016	0.9999876658064033	0.4999718234196961	0.4999968790970492	0.4999993240636972	0.500000416328219	0.4999957238506986	0.500002700011562	
0.8333450124556783	0.8000159672188932	0.9999734690917185	0.2501247225959866	0.4999973493438692	0.5000008890029989	0.5000004208780453	0.49999713009641406	0.5000005493263153	
0.8333429236939928	0.8000142507417346	0.9999924496758668	1.828171579060399E-5	0.4999973589301877	0.500000419718428	0.500000420377061	0.49999741679194587	0.5000022290233544	
0.8333343591875914	0.8000161242012304	0.7500819286313749	0.9999664836579658	0.49999605759212734	0.4999995580098141	0.5000000531492803	0.4999934694543069	0.49999963132852326	
0.8333447714333067	0.8000160127557184	0.7500540518689396	0.6665711207032389	0.4999968427843086	0.4999986274211579	0.5000014312181783	0.49999520643894546	0.5000024867882819	
0.8333344588137898	0.8000161210989719	0.7499370232946799	0.3332960481459559	0.4999966034734602	0.50000033577373	0.5000014300643418	0.4999936853508148	0.49999884931639466	
0.8333341757517849	0.8000143181365202	0.7499318256935942	1.3390330958502742E-5	0.4999971332997481	0.5000007413316422	0.5000014195210043	0.4999918345912113	0.5000022273280066	
0.8333445291441731	0.8000154114438575	0.500016892567933	0.9999865597244416	0.49999715757835556	0.49999877886240696	0.5000000421456646	0.49999427938744395	0.5000023648867208	
0.8333446334126747	0.8000154111333381	0.5000168975888609	0.5000938396142769	0.4999982964724195	0.4999993228558786	0.500000103069967	0.49999589936953986	0.49999959857434184	
0.8333446212673116	0.8000160100053371	0.5000213022954888	7.563628964822066E-5	0.49999568745686473	0.49999911742584835	0.499999564799021	0.4999958395888341	0.4999998811670869	
0.8333088372559111	0.8000153987065696	0.249920979871531	0.9999946631381058	0.49999718624591144	0.49999871433580795	0.49999998912292204	0.49999506352444706	0.5000000076265321	
0.8333441295023223	0.8000163704528757	0.2499927315725557	3.883343650840074E-6	0.4999968467277201	0.5000008104412274	0.49999887514734254	0.49999553545079184	0.499998731933873	
0.8333478352989053	0.8000142062330814	4.386490196731328E-6	0.5034923033521082	0.49999614308127416	0.5000012834758071	0.4999999829300246	0.49999473442499887	0.49999959069749167	
0.8333050109497988	0.600002093767479	0.9999944295976759	0.9999993316659869	0.499996029369281	0.5000004289546492	0.4999988387829364	0.4999933910175193	0.49999874129267663	
0.833304644547456	0.5998521429140612	0.9999730309231539	0.666732838197337	0.4999971079861489	0.5000009100061743	0.5000004529878808	0.4999934247994326	0.5000004041119942	
0.833378912183792	0.6000726027754447	0.9999563445545925	0.3334012648502387	0.4999973794728095	0.4999991550873668	0.5000007358756209	0.4999929050399239	0.5000004030441784	
0.8333429528984817	0.6001329991752671	0.9999484693756958	1.8234294726343772E-4	0.49999734150112535	0.49999915261873606	0.5000003870819685	0.49999709859044167	0.5000004147558852	
0.8333689003799036	0.6000737276223963	0.6666158559676503	0.9999329110953904	0.4999961661092329	0.49999885265405003	0.5000007803767613	0.49999274634912466	0.49999969933333854	
0.8333442743163614	0.6000456916743178	0.666617280485139	0.5001061456161365	0.4999966482250329	0.4999986499423659	0.5000006531046733	0.49999260710051047	0.49999975516157485	
0.8333441030684474	0.6000467661757637	0.6666469371044359	3.1091563967995396E-4	0.49999571298809653	0.49999865300381835	0.4999997832193154	0.49999264226817847	0.4999997555256652	
0.8333770471209678	0.6002026553513311	0.33388812344887003	0.9987806860515124	0.4999959193370466	0.4999947970681712	0.49999945243059774	0.499993276704637	0.4999996024575646	
0.8333466350174255	0.6002025083632767	0.33358469869137536	2.6574623373029323E-4	0.4999967187145874	0.49999903336450197	0.4999999880511675	0.4999946179304794	0.5000020519693922	
0.8333657853677711	0.6001535360197384	1.6146936579641667E-4	0.49162660174184275	0.49999889909021633	0.5000011430269601	0.49999997225949044	0.4999944411999388	0.4999991008471572	
0.8333698648489426	0.40014464944807393	0.9997848434884918	0.9998776055993934	0.49999446589031143	0.499997795742115	0.49999918859344533	0.4999942384730103	0.5000022191142659	
0.833369649608012	0.40014668929277625	0.9997325546956058	0.5001236091191616	0.49999715349409657	0.4999992300696514	0.4999993460748027	0.4999941574956078	0.49999999698761133	
0.8333698716232111	0.40014631746630736	0.9999494947160871	2.760295566807346E-4	0.4999950616951614	0.4999991548376572	0.5000004847122573	0.49999710668412145	0.5000003805109831	
0.8333696745555372	0.40014628905334876	0.5002087548183178	0.9993683748315776	0.4999962620823614	0.49999904817330165	0.499999371089905	0.49999415202960323	0.5000022171252142	
0.8333699033195644	0.40006487420854	0.5002072569197279	9.224874154951566E-5	0.49999651303100123	0.5000004157794637	0.500000420741081	0.49999707306721275	0.5000004142641783	
0.8333701364937747	0.40014631893047053	3.7326906302530835E-4	0.5390447832849216	0.4999950765182529	0.49999460273291496	0.500000491222684	0.4999971071094536	0.5000020736613688	
0.8333698444202313	0.2002040696412994	0.99936050226515	0.9998774340652807	0.4999961989876657	0.49999692434292453	0.5000008702034103	0.49999318512429863	0.49999969241734626	
0.8333698739531648	0.20021293167360263	0.9993696660988393	3.55894078469208E-4	0.4999987295885835	0.49999949666299176	0.4999991376725482	0.4999942886814956	0.500002463377679	
0.8333696688168567	0.20018842173522844	7.909082127891542E-4	0.5007331700836676	0.49999890917396045	0.4999982931956692	0.499999481198539	0.4999941239132654	0.5000023461658881	
0.8333693135020921	5.668016068106907E-5	0.49316566386061467	0.5203404354234191	0.4999962617995961	0.4999984219026671	0.4999994686878966	0.4999940718581238	0.4999996410779797	
0.6666631477879995	0.9999985477609376	0.9999988999385173	0.9999991018138574	0.4999973942354734	0.5000008727172309	0.49999945289795594	0.49999299465688474	0.5000003931371207	
0.6666631105023325	0.9999871325422615	0.9999997958931228	0.750028124399083	0.4999976779301884	0.5000005672665909	0.4999998755568818	0.49999338959355577	0.4999996609417525	
0.6666712049580676	0.9999927260706973	0.9999904011487253	0.5000620269295304	0.4999986743815695	0.5000007466546074	0.5000000306723088	0.49999579645416264	0.5000022239556118	
0.6666814780068703	0.999999663709273	0.9999845704442583	0.25012398856377405	0.499995233339514	0.5000003456921585	0.4999999071750713	0.49999701006717534	0.5000023744549458	
0.666399026120749	0.9999994845320898	0.9999999725842973	2.8668031126384067E-6	0.49999508088724626	0.49999581697045753	0.5000010008346871	0.49999706252136034	0.5000023020911746	
0.6666623380784773	0.9999998831345442	0.7500750000322609	0.9999699605266019	0.49999738560033785	0.5000009623792832	0.4999999883990237	0.49999305190050997	0.4999995912393218	
0.6666838662829995	0.999993135686927	0.7500651718068051	0.6664851113300249	0.4999983047213801	0.5000012335232102	0.5000004960775296	0.49999580354563267	0.49999964716395856	
0.6666837508924864	0.999980832849117	0.7499081819461018	0.3327778844574837	0.4999955291171453	0.5000016336725401	0.500000040834957	0.49999533217458497	0.5000021628172903	
0.6666879770966702	0.9999801348505104	0.7499332914559905	1.919583342427971E-5	0.49999711550928644	0.5000017968632684	0.4999998072273881	0.4999935655692719	0.49999985189334345	
0.6666992667661357	0.9999758086240138	0.500016982287709	0.9999145582315215	0.49999708423679917	0.4999987025957897	0.4999993318692263	0.4999957900922926	0.49999999768393544	
0.6666623689478822	0.9999989537012464	0.5000153445635078	0.5000626140506019	0.4999966322188025	0.5000003360894322	0.49999992620408873	0.4999944914130356	0.5000021986541211	
0.6666820922751238	0.9999990144750853	0.5000153450315702	4.744938995046263E-6	0.4999967732662963	0.4999985852302742	0.499999857269415	0.4999952818891614	0.5000021094651403	
0.6666817489620649	0.999995741363641	0.25022181890098405	0.9992380768513592	0.4999966691705905	0.5000002472244633	0.4999999948162193	0.49999459346755926	0.5000019509906186	
0.6666817825750488	0.9999990119325863	0.25018771729003286	6.879644120528314E-4	0.4999904098915922	0.49999954845084127	0.4999998694180367	0.49999257891022136	0.5000021010569659	
0.6666814077141716	0.9999833843327754	1.934969173829522E-5	0.4918781908376967	0.49999718886003514	0.4999999778179297	0.49999997238175353	0.49999566163946835	0.4999992530234715	
0.6666627944681949	0.7499712542138762	0.9999984174177623	0.999969847819568	0.4999976761547514	0.5000012904015037	0.4999982026200253	0.4999931719491446	0.5000016200175966	
0.6666550391741558	0.7499712542138762	0.9999984438662178	0.6667927328091942	0.4999976761547514	0.5000012904015037	0.5000005318717838	0.4999931719491446	0.5000016200175966	
0.6666587337423889	0.7499722023568571	0.9999895868171228	0.3333571005682916	0.4999986589834016	0.5000009590308587	0.4999998055012237	0.49999335197245004	0.4999996659535502	
0.6666853040242361	0.7499678103044691	0.9999844632664949	1.6976802235250562E-5	0.49999576995852285	0.5000007631712085	0.4999999971166381	0.4999915888344035	0.4999998014863057	
0.6666627062450566	0.7499607013118844	0.6666871962094871	0.9999999554351521	0.4999973962088274	0.5000009259049438	0.4999994350243573	0.4999934745068526	0.5000018713053588	
0.6666624731679068	0.7499643768293335	0.6666483094236654	0.5000311144034174	0.4999966895920652	0.4999965726081014	0.5000000160574953	0.49999464021188633	0.5000022733672486	
0.6666837395863894	0.7501201362989712	0.666654090296669	1.8555485030625498E-4	0.49999827683148723	0.49999868962722954	0.5000000480521599	0.4999953323573978	0.5000022755754527	
0.6666834397835637	0.749960713964868	0.33341978441099135	0.9998931158422278	0.49999666966885203	0.4999986621261245	0.4999994341213363	0.4999945308536125	0.5000021588533781	
0.6666844139009896	0.7499593001885351	0.3333666924424086	1.9957978945514036E-4	0.49999886759637086	0.49999948217486434	0.5000000494569977	0.49999558307704667	0.4999991222942947	
0.6666850286658615	0.7501602122984915	1.302603584147079E-4	0.49560595328718376	0.4999970598780294	0.5000007948244509	0.49999931006645076	0.4999957173017243	0.4999999150271831	
0.6666573657918556	0.49999841506825976	0.9999930068292552	0.9999400382583464	0.49999884751917256	0.5000015979813176	0.49999934327624257	0.4999914583091342	0.5000021959206874	
0.666658566663711	0.5000008844167481	0.9999898188178848	0.5000620122936215	0.4999986980352415	0.49999911561642274	0.49999944206964003	0.4999924787476193	0.5000004620295849	
0.666658566663711	0.5000009258037239	0.9999995091016884	1.8000406191154283E-6	0.49999870900502286	0.4999993344103206	0.4999998271318139	0.4999934902824128	0.5000003148881832	
0.6667350902185358	0.5002718018905168	0.5002187163470869	0.9998777136136066	0.4999966890927987	0.49999922639901556	0.5000000055570561	0.4999942250229523	0.49999929576772767	
0.6666890228677242	0.5000183564577574	0.499914265757735	5.080346407133096E-4	0.49999590052202103	0.5000004467419111	0.5000002542070713	0.49999314581968013	0.49999982551947725	
0.6666553094807559	0.4999896733858218	9.698261480754842E-7	0.49055507126385717	0.49999705364804325	0.49999962739264064	0.500001218320765	0.4999931708625601	0.5000001345750806	
0.6667370175844463	0.2506985671432373	0.9978321185024279	0.9996768714986994	0.49999713095069565	0.4999951430021986	0.4999991828135393	0.4999926938236542	0.5000001921615965	
0.6667246424898521	0.25046013397585926	0.9999627525250148	1.8095586330733876E-4	0.49999883069334583	0.4999991548953067	0.4999992076406438	0.4999924780926609	0.5000005060609743	
0.6666617410797722	0.2499860706686433	3.161529411251017E-5	7.399107054945758E-4	0.4999966504521241	0.499996635252096	0.500000186509709	0.4999946353243027	0.5000021047005342	
0.6666586359586388	2.8488360663524303E-5	0.4972377691339907	0.4348773849547444	0.49999622706559166	0.5000017133362207	0.4999994435030702	0.4999941222956873	0.49999998746667146	
0.49998065550728643	0.9999951227010754	0.999988088559412	0.999956390523668	0.4999976665797272	0.5000013106613872	0.4999981724319193	0.49999315097227714	0.49999999695664943	
0.5000244469983464	0.9999843381725564	0.9999906178002267	0.666656866364478	0.4999991549853236	0.499999556737952	0.4999995482612984	0.49999242747403627	0.5000020780512318	
0.49999366961658076	0.9999886699305571	0.999978021585977	0.3332381371162343	0.49999845912138385	0.5000007941257536	0.499999802085659	0.4999935756948106	0.500002282807335	
0.5000248763715915	0.9999964110477682	0.9995950709329428	1.9585476088081655E-4	0.4999984536574032	0.5000193536188975	0.49999948262819466	0.49999211019906525	0.5000023071905575	
0.49999558677965494	0.9999948135926164	0.66675428134808	0.9999149597215178	0.49999737355686147	0.4999984952979651	0.499998279627478	0.49999112838004306	0.5000018723969715	
0.5000249752042351	0.9999769443916984	0.6667543491668222	0.5000312904884546	0.4999982602337934	0.49999954965272825	0.49999971123371095	0.49999530082066285	0.5000019351444979	
0.5000255955377823	0.9999995254029106	0.6667544032651295	2.925531576522686E-4	0.4999968327963206	0.4999993716735477	0.4999966155293961	0.4999896057683038	0.49999976543545205	
0.5000192859917919	0.9999955521954745	0.3333773471142455	0.9994286215316257	0.4999984264311901	0.5000002407789805	0.4999999262264229	0.49999294094885605	0.5000021903777606	
0.5000255901143464	0.9999957760276644	0.3334021419151303	7.119516134327922E-4	0.4999965537438949	0.4999994987686506	0.4999967964347323	0.49999146199601524	0.49999968769908715	
0.5000155846007796	0.9999773584410485	1.2058360469380032E-5	0.21200864589519197	0.4999965462135113	0.4999994568135803	0.49999842827225555	0.49999414886384047	0.5000004204998695	
0.5000048106445162	0.6670545496098627	0.9996852427468813	0.9996960950722972	0.49999616641307476	0.499996773746727	0.4999997734923967	0.4999934089849214	0.5000016187995756	
0.5000049178205104	0.6669087588359183	0.9998567902486493	0.5000773916471092	0.4999961455054923	0.5000008370831786	0.4999998076718955	0.49999364018137715	0.5000021882298742	
0.5000269394446983	0.6664619678922531	0.9999897000700609	9.763121897141992E-6	0.4999986963799545	0.49999975213410464	0.499996695502791	0.4999971845668502	0.5000003256965146	
0.49999423088364936	0.6669095659037633	0.5000380566501594	0.9996797655395864	0.49999601721294457	0.49999854991315884	0.4999998079723184	0.4999935350144833	0.5000023042675955	
0.4999978464544539	0.6667685711669606	0.5000693217088578	1.467663149701883E-4	0.4999983900271704	0.4999993946205624	0.49999816379586964	0.4999952888126338	0.5000019347058821	
0.5000157662338551	0.666906042682417	3.5972910602683556E-5	0.5000682930439889	0.4999965386375533	0.49999944718454237	0.5000018891881296	0.4999955080271039	0.49999967772409787	
0.5004000611672159	0.33407336068751087	0.9990367082827298	0.9998454872434527	0.49999884932564237	0.500000934127558	0.4999993600598681	0.49999272998749406	0.4999992491093072	
0.5003535991185598	0.3342737792933455	0.9978442335695076	5.059644012543668E-4	0.49999712242779837	0.5000004810284739	0.49999994801236153	0.4999931500231799	0.5000001461398635	
0.5003977379174432	0.33427377879913117	0.003196828815987096	0.5008348306475835	0.49999706900203567	0.49999964050940393	0.5000012257625289	0.499993154218281	0.5000001796408006	
0.500006762064759	3.0664473783821694E-5	0.9999861595495037	0.967139551921921	0.4999960574139629	0.5000012389900922	0.4999994425969126	0.4999923049324347	0.5000018788564456	
0.3340174208185068	0.9995932794195869	0.998784968283814	0.9988866844055869	0.49999603186399577	0.5000025868489892	0.5000016927467031	0.4999883544426985	0.5000019460456417	
0.33339082538851	0.9999765908453266	0.9999888401644558	0.5000627378276029	0.4999982883412103	0.49999915155796537	0.5000028562962292	0.49999459025543147	0.5000025150721724	
0.33401880020709224	0.9995843855215184	0.9989919251815613	4.43347997150262E-4	0.49999883323576155	0.5000013180756262	0.49999813481853556	0.4999927175822398	0.4999992557875641	
0.33337381000768346	0.9999772519314104	0.5000370270865114	0.9998669725144568	0.4999984390167686	0.4999993522772774	0.4999982410955258	0.49999544822289677	0.5000019358285883	
0.3333659531006997	0.9999771494420776	0.5000370342056422	9.760933689309661E-5	0.4999984579905247	0.5000008565894187	0.4999997987688676	0.4999954239716737	0.5000019361224735	
0.33371883341962283	0.9999942969819028	0.0014688706555536525	0.5015389554340679	0.49999535524591593	0.49999699381081697	0.49999936325310407	0.49999567507732195	0.5000017245852323	
0.3333638235446273	0.5000056511358368	0.999996912506671	0.9999139781848027	0.49999860837962445	0.4999989750151743	0.49999944844658856	0.49999546723434224	0.49999914107471455	
0.3338845729420029	0.5012557186034552	0.9983123569044475	0.0024092477246657096	0.4999961370204525	0.5000016930246848	0.49999824797790593	0.4999883613129204	0.5000021472335618	
0.3336592389888825	0.5005961047275115	0.0020781078540647036	0.4954927704173153	0.49999858262732993	0.4999993147221869	0.5000006277424951	0.4999958503447125	0.5000039977158662	
0.3333638235446273	1.2260416358844672E-4	0.9920474347132464	0.9999139781848027	0.49999860837962445	0.4999993098011657	0.49999944844658856	0.4999958485678941	0.4999991394303161	
0.1677870969025599	0.9979613978568039	0.9982262868234263	0.997492710168823	0.49999558976617814	0.4999982611078918	0.5000028943734238	0.49999460819928654	0.5000021934746176	
0.16677828040411954	0.9999956528609482	0.9997956425248872	2.75876623941157E-4	0.4999961410942237	0.500001100220158	0.4999507971150486	0.49999530390675473	0.5000016753587222	
0.16712296443755556	0.999588663531011	0.0020383001992885785	0.5036315121912156	0.4999954250256434	0.4999981877166078	0.5000017320858908	0.4999931443456302	0.500002169846547	
0.166756764339347	4.8706407179138766E-4	0.6463687335911243	0.9409676008400164	0.49999730518168384	0.4999982048975768	0.4999996916751724	0.49999455185710656	0.5000019364914152	
4.89227518182811E-6	0.9680692234160552	0.9798827765104808	0.4742566926629058	0.49999855676504146	0.49999931458484337	0.500000598351196	0.4999953560366831	0.500001951515291	
