0.9999987827543074	0.999999318328962	0.9999993055061647	0.9999991668783814	0.4999990370584128	0.5000004974554557	0.5000037739930377	0.5000009100146597	0.5000044244127739	
0.999961637664697	0.9999926669225081	0.9999869349776206	0.8334865628463424	0.4999980536578319	0.500000201514214	0.5000053657227708	0.5000004961232882	0.5000035568597877	
0.9999700151347043	0.9999770951900331	0.9999963755009867	0.6667869781115576	0.500000194892803	0.49999942953792337	0.5000043860497347	0.4999983816187343	0.5000036921380566	
0.9999624743858491	0.9999853562496154	0.9999929027276802	0.49989152768131684	0.49999804748330384	0.5000001845910125	0.5000054019279941	0.5000008811655995	0.5000038774439816	
0.9999924547949056	0.9999940328470025	0.9999976018514568	0.3333493181595747	0.49999948178253895	0.5000004779173606	0.5000016793047064	0.5000009752794448	0.5000054619104438	
0.999970960766823	0.9999786074478504	0.9999734394923718	0.16672394826575493	0.4999995444326414	0.4999994513634953	0.5000035284761686	0.5000009849568527	0.500005461846029	
0.9999997921974164	0.999978385347077	0.999999304458782	5.435379158850809E-6	0.4999977488695548	0.49999818995178047	0.5000033664912897	0.5000007754564567	0.500005917091411	
0.9999994231236958	0.9999916436199294	0.8333524023736117	0.9999965315494245	0.49999915143793033	0.5000007810628002	0.5000037998524005	0.5000004952703977	0.500004471150439	
0.9999954735769485	0.9999881002456615	0.8333715358760442	0.799973605310035	0.49999897688370365	0.4999998246866156	0.5000035499246656	0.5000004934644544	0.5000044657235632	
0.9999954073987845	0.9999981016994857	0.8333600198057007	0.600021951200401	0.5000002524575544	0.4999998062003836	0.5000035707509248	0.5000004772949664	0.5000015038880568	
0.9999880732924495	0.9999944888655468	0.833320857651521	0.40000844745737857	0.5000006248441818	0.4999984859082282	0.5000016233313437	0.49999793059447606	0.5000042517249613	
0.9999886015380647	0.9999951499339119	0.8332768121658578	0.20004915294940526	0.49999963262495484	0.4999984763262026	0.5000016766185312	0.5000007306693404	0.5000006524836719	
0.9999698428463647	0.9999825487527448	0.8332131697666393	1.2600175030778447E-6	0.5000006126340638	0.4999996280707724	0.5000016438620379	0.5000006650264227	0.5000050489329444	
0.9999953006348608	0.9999989074220698	0.6666942801334192	0.9999664891812694	0.49999845910408436	0.499999514128278	0.500003891346544	0.5000004864882803	0.5000043923910051	
0.9999991571410896	0.9999932615288929	0.6666759766558089	0.7499906800119797	0.5000002268915414	0.4999998657096153	0.5000032426487532	0.4999987972023785	0.5000045904408165	
0.9999944061337129	0.9999916543900437	0.6666662856106198	0.49996683036715267	0.4999996945172973	0.49999986171870087	0.5000016719877014	0.5000005416218969	0.5000174648640716	
0.999988182151727	0.9999950560172077	0.6665828029415423	0.25006830871090363	0.5000006129578919	0.499998903812675	0.5000016759892629	0.5000002403276724	0.500000643954526	
0.9999752824432349	0.9999794816258731	0.6665828984992335	4.266553294348547E-6	0.49999842862164234	0.4999994456036721	0.500005237839321	0.5000002061324702	0.50001203836381	
0.9999943637121069	0.9999989282624806	0.500028229337811	0.999994152733803	0.5000001575412233	0.5000001311934751	0.5000033199432633	0.5000007655229525	0.5000036345590053	
0.9999934271170903	0.9999954182171297	0.5000282789022038	0.6665865693901274	0.5000000792232032	0.49999950489831724	0.5000034431881486	0.5000022169544428	0.5000031132057923	
0.9999870983927759	0.9999952382377646	0.5000309787143989	0.33335091412271856	0.4999998560723075	0.49999992556745937	0.500003512845046	0.5000007339352078	0.5000017530935017	
0.9999885489888846	0.9999888136178736	0.499928345646166	4.878475657163502E-6	0.500000747988985	0.49999944544572794	0.5000032631804173	0.5000004315740765	0.5000111844356118	
0.9999973308619303	0.9999949397642423	0.3334034684655913	0.9998702546366869	0.4999980698304847	0.4999995386627007	0.5000033112008876	0.5000006545621309	0.5000009868620814	
0.9999949863906055	0.9999972846704912	0.3334034654362123	0.4999863726317271	0.4999992316572214	0.4999994599623286	0.5000031819369589	0.499999973505809	0.5000044904001469	
0.9999823793766836	0.9999791936529768	0.33346692485516743	2.3941056980434548E-4	0.49999924721072203	0.49999946294874886	0.50000470419472	0.5000002012028203	0.5000044935780954	
0.9999943657478766	0.9999242285004479	0.16800994255889168	0.9926411794413399	0.499999309129469	0.49999945668652984	0.5000052120949492	0.5000006275515767	0.500005206530543	
0.9999813138187813	0.9999552425423623	0.16648869541296468	2.378356651557113E-4	0.49999913169189153	0.49999983948868465	0.5000035130709306	0.5000011288871349	0.5000047751665977	
0.9999989234521031	0.9999975436205661	3.60284652622442E-6	0.032993359058345995	0.4999997384608736	0.49999902669137525	0.5000032211233101	0.5000006635458195	0.5000045911023238	
0.9999987311342359	0.8333293452125254	0.9999997581458069	0.9999985196097513	0.4999992415739312	0.5000006173792233	0.5000033118706262	0.5000004386702138	0.5000033171006701	
0.9999951399795771	0.8333294050656074	0.999996389974244	0.7999736798337833	0.5000002661808971	0.4999998569984665	0.5000038112929593	0.5000005099866014	0.5000037488415767	
0.9999967746423664	0.8333283689265009	0.9999951775786627	0.6000219883220735	0.500000231389333	0.4999999545389992	0.5000038491885597	0.5000004913783417	0.5000028686188467	
0.9999920640056289	0.8333897874330242	0.99996912927724	0.40000329048192057	0.49999837998707114	0.500000464025607	0.5000017003801431	0.5000009265946066	0.5000018180506604	
0.9999929745830393	0.833331111501174	0.9999782521472277	0.20001014332072248	0.5000005635313906	0.5000001307162393	0.500006200898012	0.5000001745600217	0.5000052982525649	
0.9999885122178199	0.8333908034881997	0.9999779212625481	2.9264633378132483E-5	0.49999963398264924	0.49999849774103483	0.5000016430033161	0.5000007139939671	0.5000056217983029	
0.9999975486036989	0.8333323235603853	0.7999444281895256	0.9999988306159967	0.5000002384825633	0.4999998622396898	0.5000038166359514	0.5000004950334503	0.5000044744163961	
0.9999975615764389	0.8333352897014912	0.7999444281892104	0.749958185026215	0.49999821565887714	0.4999998570809613	0.5000038169863397	0.5000008958369436	0.5000039000968763	
0.99998886341853	0.833325986348783	0.8000491652672811	0.5000207403810656	0.49999969643976905	0.5000004615817346	0.5000033714996874	0.5000009421260948	0.5000043957257453	
0.999993483378547	0.8333278075702529	0.7999928374760911	0.25003931053042217	0.5000005015904067	0.4999998407959015	0.5000016244131466	0.5000002322939139	0.5000055988351196	
0.9999999814368429	0.8333307751011985	0.7999840858249656	2.6664518146602122E-5	0.5000004593058411	0.4999984068953836	0.500005295468612	0.5000007769730896	0.5000055278558602	
0.9999967767204058	0.8333318378203919	0.6000720633746665	0.9998939046102995	0.5000003535333777	0.49999983753727567	0.5000041026726916	0.5000010544723646	0.5000049834330356	
0.9999967828874009	0.8333317549707824	0.6000156997250925	0.6666630207673245	0.5000002695293863	0.49999982643750446	0.5000032687980966	0.5000007736981651	0.5000046302690834	
0.9999938299566218	0.8333310662705863	0.6000696917665189	0.33334781356661736	0.49999989348777046	0.49999981804676363	0.5000034443925353	0.5000001727197128	0.500005430676956	
0.999991034718602	0.8333280252267539	0.59987843170127	7.08039347707588E-7	0.49999791674218624	0.5000005843330861	0.500003491029077	0.500000712024194	0.5000014497687492	
0.9999686310884613	0.8333316555220139	0.40010331490185264	0.9998998189468477	0.4999997178492041	0.5000001599412547	0.500003314455926	0.5000006085337598	0.5000053260412421	
0.999994441708775	0.8333351035228737	0.4001064993741464	0.49998484780149055	0.4999997032104255	0.4999994701945023	0.5000029137392078	0.5000000123184838	0.5000046044888542	
0.999991311851661	0.8333280280192176	0.40010860694926953	1.7571188762375965E-4	0.5000001092059653	0.4999998597629427	0.500003445303854	0.5000007204231299	0.5000010911408288	
0.9999945912072199	0.83333482447612	0.20007809782344196	0.9997204252236618	0.4999993023970361	0.4999994690207883	0.5000052168737142	0.5000010532196252	0.5000017502869359	
0.9999957998813513	0.8333350882900211	0.20000254218553118	4.962643100744265E-6	0.49999914643989013	0.5000002675339426	0.5000036919816607	0.5000002965298453	0.5000009797741295	
0.9999958020061733	0.8333343921382181	9.756284500939272E-7	7.060812482269565E-4	0.4999992107843651	0.4999994362966829	0.5000049513123311	0.5000006752984874	0.5000010603418532	
0.9999969677154351	0.6666849208491675	0.9999873777600229	0.9999986454470817	0.4999991755837967	0.4999998337195138	0.5000042664504739	0.5000004768715203	0.5000049076492669	
0.9999987176518075	0.6666842375868332	0.9999875123921842	0.7499584045044806	0.5000001193484841	0.4999998858804355	0.5000049211726129	0.5000004781717531	0.5000054154490731	
0.9999985191598632	0.6666661726553297	0.99999797559226	0.5000216151807727	0.4999983470261304	0.4999982680675305	0.5000042475332819	0.5000005992905435	0.5000045565523697	
0.9999970131155864	0.6666654147298577	0.999985866654575	0.24993675972307408	0.499998227814058	0.4999981923123529	0.5000035427273621	0.5000006330211247	0.5000046399666186	
0.9999997509794509	0.6666660297535094	0.9999989721497203	9.063723788552607E-7	0.4999998527176516	0.4999997696450262	0.5000032025992657	0.5000002135151791	0.5000013192994494	
0.9999954432942417	0.6666842930245508	0.7499329132660016	0.9999989356754275	0.49999897434101453	0.49999986243830774	0.5000038178080782	0.5000006141297525	0.5000044625052624	
0.9999923086763359	0.6666910382599657	0.7499329048223798	0.6666612357143834	0.5000003775718712	0.49999953487454774	0.5000031718720386	0.5000004449441555	0.5000046419129033	
0.99999199465679	0.6666777415901103	0.7499150957743235	0.33334779104123696	0.4999979487302393	0.5000005943856828	0.500003770151325	0.5000001710325198	0.5000014057829556	
0.9999999605560236	0.6666777436849507	0.7499162298297725	1.837189628270417E-7	0.5000005046811331	0.49999983466191905	0.5000024894122888	0.5000002316829985	0.5000013414696005	
0.9999983116183797	0.6666895881345759	0.4999911274006615	0.9999999102863475	0.5000002830368666	0.499999460340751	0.5000046484766135	0.5000005394996266	0.5000053613534272	
0.9999963963049284	0.6666896177296339	0.499992787348371	0.5000246278451649	0.49999989562272334	0.4999995538788313	0.5000037149782679	0.5000004803131555	0.5000046144013092	
0.9999999551529357	0.6666694484879315	0.49999225950493975	4.437621373620601E-8	0.5000003132600297	0.5000001511356584	0.5000035025509046	0.5000003197169165	0.5000013980347804	
0.9999815559510794	0.666689754680906	0.2501643099462827	0.9994323729018793	0.4999992254263319	0.4999994871145895	0.5000033291529148	0.5000010589554649	0.5000013328159194	
0.9999814520379986	0.6666895397106252	0.2501513429624313	2.8690342815372875E-4	0.49999779001965877	0.5000004117904006	0.5000030206721926	0.5000003164873988	0.5000035523560343	
0.9999815887918443	0.6666895408690724	3.6811609972934084E-5	0.4869116570266193	0.49999952613300064	0.5000000758412638	0.5000046181787924	0.500000966295882	0.5000016108678982	
0.9999969544936333	0.5000119804017993	0.9998807923810038	0.9999980873337331	0.499998609040688	0.49999988038055376	0.5000034906763537	0.5000010378108187	0.5000041515741467	
0.9999974266620933	0.500043090661035	0.9998440873622895	0.6666674721822886	0.5000004228372674	0.4999998757936362	0.5000055785531954	0.5000006585175244	0.5000019416028059	
0.9999976866227204	0.50004348498864	0.9999599432239393	0.333377309845696	0.5000002277339332	0.49999822809012395	0.5000031916423717	0.5000005958764231	0.5000011927653755	
0.9999995293414868	0.5000051066625849	0.9999989725404798	1.3182059789142865E-6	0.499999919302819	0.4999987042391306	0.5000034097206558	0.5000002051720105	0.5000015916554176	
0.9999990647357615	0.5000119827797325	0.6666949742300173	0.999965616265947	0.5000002738747529	0.49999952147943005	0.500005457380333	0.5000007662686781	0.5000040917078888	
0.9999991025697953	0.500010436979953	0.6666787029367177	0.5000247095004611	0.4999999147975783	0.49999990322269405	0.5000016616792929	0.4999991888447078	0.5000014296348902	
0.9999993087024754	0.4999965191529514	0.6666793317087427	1.2315736847416553E-6	0.49999768794607025	0.5000006106694558	0.5000034357897324	0.5000003623891707	0.5000014129089472	
0.9999926817877466	0.5000099923573975	0.3333897922663076	0.9998546228568419	0.5000002597456557	0.49999953245468143	0.5000037469190017	0.5000004151521323	0.500004522388193	
0.9999968533229968	0.5000049881791879	0.33338994619523155	9.123354700876352E-5	0.5000002501102331	0.4999995675456319	0.5000030270458855	0.5000004769845483	0.5000054814321028	
0.9999888085020947	0.5001212171875785	2.5784557572046635E-4	0.46108091643662086	0.5000001390284355	0.4999996141627357	0.5000062725845514	0.4999991653278541	0.5000050072238366	
0.9999973686719544	0.3334046474258993	0.9999506025220878	0.9998710250415775	0.5000002878823059	0.4999998781517089	0.5000021873721598	0.5000006619014589	0.5000017324921746	
0.9999943921638524	0.3334046521022865	0.9999693924881057	0.500022281752516	0.499999754566224	0.5000002845122931	0.5000024119620421	0.5000005627824798	0.5000053799055788	
0.9999972807311366	0.33340464734458003	0.9999510521229951	1.0974453710560532E-4	0.5000006131625425	0.5000003027639472	0.5000022702432446	0.4999989666685415	0.5000018023231794	
0.9999943531138319	0.3334046475699153	0.4999740462609362	0.9998906629061992	0.5000002609950402	0.5000002729962498	0.5000048190726805	0.5000004139472848	0.5000053584742761	
0.9999935982504325	0.33340464719367574	0.49997405334126455	1.0941788782111299E-4	0.4999997535153653	0.49999987276741176	0.5000024110894279	0.5000002559730334	0.5000016068449399	
0.9999662894213356	0.33364805831105493	5.996797792178631E-4	0.48516699884069975	0.5000002838402073	0.5000002811939482	0.5000035134628498	0.5000004126392598	0.5000062247967071	
0.9999959609580201	0.1670621414577743	0.9993461016316788	0.999404815890425	0.5000002238194532	0.49999971105954816	0.5000033464866461	0.5000008287840028	0.5000052249811036	
0.9999944441766339	0.16706171014008234	0.9994030105983974	0.0016702398516510175	0.5000002171082771	0.500000289844477	0.5000024100072789	0.5000002553628986	0.5000018232199919	
0.9999876624617562	0.16699160301026117	0.0016235870588675323	0.5070247558481489	0.500000287882514	0.5000005064899513	0.50000219168837	0.4999984531987816	0.5000054826297731	
0.9999978997321809	1.180880986108418E-6	0.6028806670107296	0.06724990536420866	0.5000002584367274	0.5000003532079513	0.5000033235559876	0.4999990007774924	0.5000009522282508	
0.8333327158139562	0.9999976623339168	0.9999932741214669	0.9999983269246927	0.49999859717024664	0.499999817994939	0.5000035679168062	0.5000004778005137	0.5000015437377218	
0.8333345242035721	0.9999980740501032	0.9999952607446172	0.7999868299446101	0.4999986072232881	0.49999981559178375	0.5000033025982568	0.5000002349289754	0.5000014728403529	
0.8333327375518392	0.999958890863051	0.9999656135823805	0.6001917658501917	0.49999841129511935	0.49999945419129277	0.5000033594098355	0.5000012115700201	0.5000038906302142	
0.8333328613494646	0.999998805150315	0.9999959220673514	0.40000329149227687	0.49999722266107377	0.5000001030009489	0.5000035304700426	0.5000009171732199	0.5000018216887613	
0.8333328076037403	0.9999884922973387	0.9999993056775117	0.20005295572054552	0.49999805481273696	0.4999985489402834	0.50000342451246	0.5000007424661573	0.500005255823663	
0.8333328023746468	0.999999979214607	0.9999998315822779	6.493926725562487E-8	0.49999974773136907	0.49999965322254664	0.5000016209328808	0.5000002298964844	0.5000058960998841	
0.8333322468638398	0.9999934798951893	0.7999369583897034	0.9999988324285329	0.5000002178458204	0.49999757990425053	0.5000038174480312	0.5000004938834387	0.5000028625977786	
0.8333373146263736	0.9999989239492267	0.799944351607742	0.749958233463748	0.500000365814239	0.49999951090984057	0.5000039235106022	0.5000004865111299	0.5000043852002061	
0.8333209551850985	0.9999956800730017	0.799993580555722	0.4999813957778481	0.49999863758672136	0.5000001425163604	0.5000032791971489	0.5000010212262674	0.5000016129333151	
0.8333339680329664	0.9999942257571609	0.7999932352393362	0.24997742899147063	0.49999969992688503	0.4999993992509596	0.5000033333235139	0.500001134999023	0.500004292037519	
0.8333339844678112	0.9999993121446488	0.7999930457489188	1.3931404555292003E-7	0.49999805193053326	0.49999947865954936	0.5000034572685333	0.5000001731986757	0.5000042921488644	
0.8333348579922545	0.9999980741056951	0.6000356970382316	0.9999572946601512	0.4999997148651401	0.49999986899363086	0.5000029383099243	0.5000000538742843	0.5000015937690471	
0.8333345583142301	0.9999980596200312	0.6000169217248068	0.6666422290407875	0.499999318418099	0.49999948026667124	0.5000051961535065	0.500000313623796	0.5000016078049767	
0.8333330069327692	0.9999942326023105	0.6000355154528976	0.3333477611313125	0.4999998652465727	0.49999992376964725	0.5000053457243785	0.5000012054107634	0.5000017455715844	
0.8333329801446808	0.9999940875325336	0.5999834222691162	1.4204336747307982E-7	0.4999995500997373	0.4999998477321483	0.5000051157109598	0.5000011600937806	0.5000007768848999	
0.8333345782174131	0.9999910487622012	0.4002217697586941	0.9994947169639092	0.4999996488533027	0.4999999569662323	0.5000022374853691	0.5000005237280634	0.5000018783838533	
0.8333348366814773	0.9999942039200085	0.3999801479353498	0.5000324519522777	0.4999996843832088	0.49999986903155574	0.500003293935833	0.500000052184428	0.5000017500120064	
0.8333329962059363	0.999994136266794	0.39998040771895327	4.2788367611131097E-7	0.49999800179619813	0.4999998555857086	0.5000033177395651	0.5000011889357115	0.5000006422095669	
0.8333328329982007	0.9999936522600875	0.2000196923784291	0.9999550758162299	0.4999996803798872	0.4999995644465859	0.5000031458244081	0.5000010539778929	0.5000017457489795	
0.8333399142726232	0.999988550554466	0.20007000700105135	1.8945535089610606E-4	0.49999969718755066	0.49999941676569903	0.5000032184219252	0.5000000049775767	0.5000012056443237	
0.8333326183881905	0.9999938476597793	1.8820013708773665E-7	0.5041856726267959	0.5000006935159625	0.49999986852403155	0.5000032102597047	0.500001081573191	0.5000018332074689	
0.8333327462161855	0.8000075974638057	0.9999928168475316	0.9999983275989186	0.4999986081042331	0.5000004396550709	0.5000032853333223	0.5000004381301666	0.5000014739413473	
0.8333374283584671	0.7999864084033435	0.9999979708105897	0.7499523975779918	0.4999997571040769	0.49999988396038875	0.5000042392045366	0.5000004206523967	0.5000044210923877	
0.8333345057842033	0.7999881649057016	0.9999986062162551	0.5000202783135755	0.4999998123152886	0.4999982959331804	0.5000032288982035	0.500000598990788	0.5000045219111061	
0.8333328603030024	0.7999856472712609	0.9999992915928975	0.24997739288853701	0.49999954447227424	0.4999997674306542	0.5000032896100597	0.500000742557241	0.5000015851281374	
0.8333328666161816	0.7999838996501879	0.9999995165848249	5.5440068807625475E-8	0.49999973515605006	0.4999996775063446	0.5000033389664494	0.4999982182636101	0.5000014474431625	
0.8333374332010594	0.8000078705107733	0.7499330502877217	0.9999992031397144	0.5000001514301239	0.49999986091297827	0.5000033232233704	0.5000004423359333	0.5000031171326651	
0.8333330758152993	0.8000101034068257	0.7499348497756178	0.6666621678211438	0.5000004467113525	0.49999954447210393	0.5000039300977179	0.500000444986088	0.5000031237428976	
0.833336782924626	0.7999890219563607	0.7499328742292166	0.33334779146615234	0.4999986217188657	0.5000002891194938	0.5000033231998104	0.5000002730890272	0.5000042497331159	
0.8333331247841191	0.8000090601835164	0.749915123374781	5.708902947858419E-8	0.500000430458897	0.4999996827024011	0.5000033326156671	0.5000002855917708	0.5000046777617758	
0.8333236708054296	0.799990090057087	0.500026580522564	0.9999984057867835	0.5000001741399352	0.4999999696918633	0.5000033211140883	0.5000007623855476	0.5000045906492734	
0.8333212698824511	0.7999897317708445	0.5000281497743472	0.4999833115154084	0.5000001943556137	0.500000588166546	0.5000034966575798	0.5000010837789708	0.5000012871220926	
0.8333327091742645	0.8000092106584032	0.5000321505304691	3.005412954092711E-5	0.5000007472565446	0.4999996866451223	0.5000033316719016	0.5000007025585056	0.5000017131036952	
0.8333403665562606	0.7999893290045239	0.25012245267143113	0.999739320663444	0.4999974010111974	0.5000001680454703	0.5000045294694702	0.5000008984514459	0.5000044950150256	
0.8333230921169371	0.800053717560209	0.25007448700628454	2.1999809123180656E-4	0.49999973005621523	0.4999994171005906	0.5000032294230652	0.49999999320463306	0.5000009486734377	
0.8333402712640745	0.7999830027770395	1.129526071157572E-6	0.47725978913422923	0.5000007193940302	0.4999998270926426	0.5000032184302494	0.5000010679360932	0.5000011707652415	
0.8333343135669866	0.5999996895476652	0.9999979276906572	0.9999995259648025	0.49999826859143587	0.5000001381523437	0.500004106246449	0.5000004599526042	0.5000047026390265	
0.8333352194878622	0.6000226514831428	0.9999608550273636	0.6666676147103419	0.5000002090684436	0.4999998757469677	0.5000037848196948	0.5000010595693145	0.5000019126094741	
0.833332732079219	0.6000315264484861	0.999972102353421	0.33334824215631625	0.49999982510818824	0.4999999892863432	0.5000031999398099	0.500000197733011	0.5000047569770167	
0.8333331687947105	0.6000315260155856	0.9999779197819297	2.3711173462081982E-5	0.4999996337654744	0.4999984680321308	0.5000015488818799	0.5000007127352576	0.5000046841228719	
0.8333325476387307	0.5999996438212494	0.6666955742209436	0.999981670717461	0.5000003860248345	0.4999995504151973	0.5000033499510023	0.5000004342690783	0.5000046386207238	
0.8333313185230172	0.5999983089350598	0.6666795711671258	0.5000247173155619	0.5000001403106019	0.4999999630804101	0.5000031766595893	0.5000007466125849	0.5000042953802776	
0.833332641514851	0.6000314740308523	0.6666793317443105	1.3506607179581979E-5	0.4999998293397099	0.5000003107910327	0.5000051152950895	0.5000003212500064	0.5000053265126168	
0.833332544761658	0.6000438892310644	0.33331761237205393	0.9999985659019186	0.4999980015208849	0.49999978790429045	0.5000164140550327	0.500000889501646	0.5000052139990991	
0.8333351210192483	0.6000426558930821	0.3333898850079871	1.1308470060309258E-4	0.4999997108992052	0.49999980762430374	0.500003186149782	0.5000001052607003	0.5000053272890643	
0.8333312996812947	0.6000350789140985	2.6068230211607015E-5	0.5004295357908377	0.49999799322329624	0.49999996214474135	0.5000046167882176	0.500000914995691	0.5000035463970602	
0.8333328736067088	0.39996634185569585	0.999973568403842	0.9999983202930858	0.49999860974907073	0.5000004339528789	0.50000234219534	0.5000008221764334	0.500004696756754	
0.8333327468027901	0.3999668048164934	0.9999994516610018	0.5000244755814516	0.5000001535298262	0.5000000975028462	0.5000034508292229	0.5000003747975704	0.5000047566715086	
0.8333329272332143	0.3999668067725272	0.9999999162328643	1.1192528759976484E-6	0.5000001527964002	0.49999979085748975	0.5000033448668502	0.5000003796294432	0.5000047746863397	
0.8333330601464458	0.40007224906463745	0.5000289016850751	0.9998627829395093	0.5000002105257141	0.49999988621179153	0.5000037690442203	0.49999913280632985	0.5000053594771382	
0.8333326324553846	0.3999665082418447	0.500028923332606	7.585712245794518E-6	0.500000208246757	0.49999979248319826	0.5000034972852851	0.4999988466097285	0.5000017124661312	
0.8333346589329649	0.4002497595478421	8.14544739247026E-4	0.479827076377573	0.5000002637032898	0.5000002774824595	0.5000033405281363	0.5000003665711019	0.5000009567477347	
0.8333342668340897	0.20015871491938972	0.9998745988230013	0.9995532328924496	0.4999986130722872	0.49999978997479644	0.5000014184036453	0.5000003810692559	0.500005757915244	
0.8333330624521418	0.1999549995465455	0.9999772657186891	4.361797730093118E-6	0.4999984699897093	0.4999996245097961	0.5000033510269359	0.4999991501404528	0.5000053641415988	
0.8333342611747498	0.2001067109366119	6.041878519022813E-4	0.5128976555678658	0.4999998922730873	0.5000002292519007	0.5000035113724538	0.500000316213844	0.5000057437099319	
0.8333328744598699	2.107093909674496E-7	0.3635600282866587	0.07973094822169868	0.5000002952675375	0.5000004287900293	0.5000023060085866	0.4999991865929615	0.5000050406494347	
0.6666915560556683	0.9999952688658442	0.9999686962439192	0.9999828109689322	0.49999903219623215	0.5000004967057976	0.5000037484456099	0.5000009102565809	0.5000037523214205	
0.6667143401444154	0.9999606474360822	0.9999683693692334	0.7499537008582604	0.4999982401270344	0.4999998766825933	0.5000084467222523	0.5000005356671489	0.5000033501892653	
0.666686574729288	0.9999931272654905	0.9999470994628249	0.5000361064812098	0.49999718738699284	0.4999994531311526	0.5000022291091152	0.5000005222583574	0.5000018548165025	
0.6666858941295152	0.9999783197563862	0.9999759118438194	0.2499752082906902	0.4999997079829722	0.4999999481272223	0.5000034796546622	0.49999866475156574	0.5000044890769816	
0.6666988396977859	0.9999782670363546	0.9999779603074372	3.315100265418997E-5	0.4999980152835369	0.4999985734617703	0.5000034888534737	0.5000007192700604	0.5000136996996146	
0.6667100032510856	0.9999880675217956	0.7499325419903762	0.9999832059093717	0.5000003275554035	0.5000001289794055	0.5000040708347416	0.5000003684683061	0.5000043969766929	
0.666638803328346	0.9999930972607778	0.7499347126355494	0.6666613791325229	0.5000004364796922	0.5000003075218202	0.500003923860398	0.5000007718874786	0.5000042457446803	
0.6666996645373892	0.9999777360374306	0.7499346540871703	0.33334899689426956	0.49999975574874506	0.49999984562994876	0.5000049323916157	0.5000000869251447	0.5000014907422863	
0.6666858909443377	0.9999743431163604	0.7501088733802362	9.69208766819677E-5	0.49999802447328084	0.49999959055178056	0.5000036098779407	0.49999867902504125	0.5000022461821346	
0.6667169771010344	0.9999882472666674	0.5001486766303525	0.9997661232152073	0.4999998317358912	0.4999995746996988	0.5000038167583241	0.5000023950565867	0.5000042904757525	
0.6666860340647393	0.9999931317208747	0.5000267281732317	0.5000336806182654	0.4999987750736183	0.5000001976408466	0.5000022354093879	0.5000005170074293	0.5000045022121266	
0.6666857583938577	0.9999936357459668	0.5000292523989285	8.033077823802243E-5	0.4999977300488708	0.4999995905538218	0.50000496547222	0.49999869062227453	0.5000024219790086	
0.6666852429587649	0.9999925781902325	0.2500311182639267	0.9999091811267863	0.5000004002698926	0.4999995458508729	0.500003533320873	0.5000001116220112	0.5000012901619526	
0.6666860297631131	0.9999914417762144	0.2500311182638813	6.674776826716546E-5	0.5000001819545952	0.49999951229553974	0.5000035487762118	0.5000011177305628	0.5000013406831113	
0.6666860297631131	0.9999909607564892	2.9879048269204622E-5	0.027352403367130906	0.5000001819545952	0.49999951226534817	0.500003538296027	0.5000000255655812	0.5000035005995329	
0.6666890173816795	0.7500334181042422	0.9999525581102481	0.9999907976426532	0.5000002212472388	0.49999986946707564	0.5000054255005889	0.5000006965627015	0.5000061394879618	
0.6666911022679254	0.7500543858190746	0.9999475576707909	0.6666926242234836	0.4999997221006385	0.5000001283708514	0.5000052862310626	0.5000003662876635	0.5000043968482114	
0.6666872885912735	0.7500492076817085	0.9999473224152492	0.33334793232962917	0.5000005752363977	0.4999998235630044	0.5000036367639157	0.5000019751947515	0.5000044936337524	
0.666687990224152	0.7501187666427557	0.9998819147728109	9.607877456917006E-5	0.4999993136050299	0.5000001053897126	0.500003571086837	0.5000009236984538	0.5000020745335608	
0.6666861406854584	0.7500337672759996	0.6666801299865421	0.9999836034054073	0.5000002217913688	0.5000001615178229	0.5000038595690754	0.5000006983677179	0.50000478935417	
0.6666880172224345	0.750048650699676	0.6666806544731451	0.5000212422238202	0.4999997609071119	0.5000001785404558	0.500003730493141	0.5000006971162261	0.5000047893292308	
0.6667253292464046	0.750049160643345	0.6666809568017406	1.376530547290954E-4	0.5000002083768029	0.4999995973133228	0.5000068263738058	0.4999984205783581	0.5000047913543966	
0.6667078337271175	0.7500543752856088	0.3333782647362844	0.9992869412538943	0.500000395633131	0.4999995806891073	0.5000037733930653	0.5000006603515798	0.5000042785224714	
0.6667064295754873	0.7500300000439988	0.33337856680441436	2.3855974502087554E-4	0.499995936328865	0.49999957466843625	0.5000036331277928	0.500000555713731	0.5000043325244922	
0.6666853617411883	0.7500543893972635	6.889006893528322E-5	0.9998091203272687	0.49999873212674956	0.5000000423525127	0.5000039897590184	0.4999999824673386	0.5000011393673707	
0.6666878730141971	0.50004206908287	0.999994350597858	0.9999512444964741	0.5000006437071718	0.49999977822575437	0.5000034491751951	0.49999793159887396	0.500005359866842	
0.6666878705246305	0.5000421203488581	0.9999622033302177	0.5000213499114691	0.5000006345269276	0.4999981911817045	0.5000022612577053	0.5000016997523	0.5000048205070268	
0.66669040940339	0.50000940055419	0.9999999279482344	9.598891405746919E-5	0.5000006974922939	0.5000000934387798	0.5000023181342866	0.49999997603572277	0.5000045579145449	
0.6666877237276992	0.5000577558066331	0.5001361826029548	0.9995594792691553	0.49999974077214493	0.4999998634165643	0.500003622325859	0.5000007157207266	0.5000009596706295	
0.6667020455349609	0.5000087180898041	0.50013581289308	3.2464145879829154E-4	0.5000001858047446	0.49999977242212756	0.5000035804608455	0.5000003765280964	0.5000050525330944	
0.6666859920024576	0.5000492600154754	6.893474940103209E-5	0.4873549849214172	0.4999996939634235	0.500000163817626	0.5000031676857992	0.5000000142581464	0.5000044245692934	
0.6666878827435051	0.25009667364707444	0.9999683802977583	0.9998710250415775	0.49999975302073646	0.500000446291729	0.5000022174384242	0.5000003182335905	0.5000051771966951	
0.6666904647048862	0.25009667364707444	0.9999498605514096	3.3078111500746296E-4	0.4999997285588074	0.500000130080155	0.50000318658857	0.5000002575423362	0.5000057595644843	
0.6669232450905048	0.2506570598377957	0.0018322257999291644	0.5138458369899177	0.4999976158400165	0.49999846301134176	0.5000009564406223	0.49999883891449565	0.5000047915689342	
0.6667016575887138	8.392674831443625E-5	0.31448348156581035	0.6214351672452034	0.5000001877589562	0.49999976730966483	0.500003430718717	0.5000009017276601	0.5000053401279174	
0.5000597232713088	0.9999967577393849	0.9999689926656871	0.9999084157712445	0.4999974624608703	0.5000004940262948	0.5000038617965281	0.5000004365946724	0.5000079930896026	
0.500057345716081	0.9999596703403695	0.999947213997138	0.6666579525340438	0.4999983931230559	0.5000001249687559	0.5000038392573933	0.5000013763369181	0.500001818166006	
0.5000490045981549	0.9999776355176195	0.9999908461533715	0.33334579675585935	0.499999164923998	0.49999992072177674	0.5000034996958679	0.499999972834259	0.5000045157666478	
0.5000442677229331	0.9999780045080576	0.9999908461533715	1.780879785677203E-4	0.4999992078658814	0.49999807107119676	0.500003489233985	0.5000014766893428	0.5000018170080562	
0.5000440685429707	0.9999934516941041	0.6665950437557843	0.9998003214090512	0.4999998119892433	0.499999894410054	0.5000041092176858	0.5000004412989605	0.5000029462063043	
0.5000535632810226	0.9999518279614926	0.6666118148694281	0.5000168002645081	0.4999997601966938	0.49999976934345297	0.500003309378653	0.5000011493231993	0.5000044805486836	
0.4999333921620334	0.9999934689697381	0.6666934003043352	8.605055481648115E-6	0.49999976361560483	0.4999998056838356	0.5000035976302387	0.5000013925932233	0.5000046221001088	
0.500117463457936	0.999988511968142	0.3336482419484174	0.9994848710473404	0.4999987763076155	0.5000001638488093	0.500002323999649	0.5000004309919475	0.5000044811110103	
0.5001134525905019	0.9999924587369522	0.33364853071936307	7.074243418037209E-4	0.4999992562533681	0.499999909816422	0.5000037539476551	0.5000007299316989	0.5000012469542561	
0.5000577258584394	0.9999258172793382	6.784439345532317E-5	0.49488260496090253	0.5000003057778329	0.49999974325278645	0.5000042373785802	0.4999984939319701	0.5000125189072226	
0.5001458190270098	0.6667881781809274	0.9998334983563383	0.9997967573173758	0.49999975800271057	0.4999998663747082	0.5000052977608792	0.5000007752931047	0.500004799551332	
0.5000577704525176	0.6665947312909947	0.9999694785530571	0.5000168020564006	0.499997391355711	0.49999073894406093	0.5000033106483901	0.5000000641551002	0.5000043244951877	
0.5000592041883712	0.6668529842891001	0.9997996584740326	1.4773509094686866E-4	0.4999998139305611	0.4999999313295157	0.5000054300348099	0.4999999416902196	0.5000059343917123	
0.5001193034748439	0.6669691076988283	0.5000551914665334	0.9996020481645389	0.49999913019101727	0.5000001635513189	0.5000051538281634	0.5000003895790988	0.5000047556901716	
0.5000588560057879	0.6668536781806416	0.5003211707198032	7.535458355136291E-4	0.49999915753224666	0.5000001013012975	0.5000035951856023	0.500000780167119	0.500004630637695	
0.5001078307055308	0.6669666474208927	4.733052161152503E-4	0.5136720460085351	0.5000003537923977	0.49999960942456856	0.5000035307402864	0.5000001470509954	0.5000045702590264	
0.5002648835735051	0.33421147333754875	0.9990270991033232	0.9985949840613225	0.49999785340596925	0.4999994880505119	0.5000037663905162	0.4999991815608122	0.500004323897727	
0.500262371921906	0.33421147333754875	0.9990270991033232	0.0018700328576059324	0.4999975067626153	0.4999979518670484	0.5000054495567733	0.5000007605775854	0.5000052020368587	
0.5002662682581944	0.3342698386274261	0.0028641895943982143	0.46053725990065425	0.49999870751741765	0.5000000276373144	0.5000061378910359	0.5000000039409309	0.5000047905859646	
0.5000500616325696	3.02596406774186E-4	0.48375326357039183	0.4856529282711008	0.5000006292456257	0.4999983012325723	0.500008481111554	0.49999886274054733	0.5000053814743491	
0.33350333870075355	0.9998207585957031	0.9998283094182264	0.9998022854076031	0.4999974221927347	0.4999995679578729	0.5000039772307803	0.49999790689118223	0.500004014582668	
0.33351281548237505	0.9998238973875714	0.9998269848505965	0.5000155650832045	0.4999975323318499	0.5000000399994581	0.500005360684693	0.5000011347200148	0.5000039684604234	
0.3334109871628657	0.9998546180459774	0.9999659742739313	1.1958368066440509E-5	0.4999974803192307	0.5000002525240582	0.5000053576794934	0.49999984540201603	0.5000052062152818	
0.3335128878418037	0.9999928819563889	0.5000507924367016	0.9996242485995918	0.4999987477846314	0.4999998308337771	0.5000053596499887	0.5000010888602341	0.5000035607695208	
0.3334173246565899	0.9998230305209328	0.5000411332842635	1.974967985452427E-4	0.49999980579581826	0.5000002624249612	0.5000061868583885	0.4999998077796599	0.5000046443356081	
0.3334109309995862	0.9998550134723919	1.0650526075734178E-4	0.4996674321612777	0.5000001858196653	0.5000000440959435	0.5000013937913372	0.49999985245541656	0.5000046917887822	
0.33349873286471454	0.5002446063006357	0.999616508684025	0.9995083162690456	0.4999977052534869	0.4999995714212735	0.5000089586504545	0.5000010950626869	0.5000010599528772	
0.33349871927309893	0.5002436938733454	0.9995490003092073	2.9820092635168426E-4	0.4999975619406645	0.49999968153177665	0.5000053201730706	0.5000010537314483	0.5000046392957627	
0.3335033123994218	0.5000532541261713	5.245509112104421E-4	0.5005554900933584	0.4999986343151048	0.5000001189082507	0.5000013191616389	0.5000007806586958	0.5000046392061009	
0.33349872197323205	3.61495312534351E-4	0.49853689446156135	0.02525491887859657	0.4999977268795877	0.5000000427393104	0.5000035368716629	0.5000011569381522	0.5000044660458599	
0.16735726724528593	0.9993026903367638	0.9978995526169215	0.999761153355838	0.499998724479944	0.5000001217006188	0.5000062389080051	0.50000071490692	0.5000046915680959	
0.16719677496617877	0.9988747918173857	0.9989756900159945	2.0850530865712332E-4	0.49999582242571766	0.49999988178908117	0.5000053818400674	0.49999855452377345	0.5000051641873996	
0.1673570173492254	0.9987415277080308	0.00251344747841864	0.5271818328718059	0.4999987323742803	0.4999987614327645	0.5000040946729846	0.500000733948451	0.5000016203903621	
0.16689461957252372	0.001400039358459726	0.6591601379890539	0.4998007722950904	0.5000005368341938	0.4999987610627017	0.5000055466139955	0.50000074108707	0.5000046938002312	
1.928535700826406E-5	0.9991169281411255	0.5060186060113416	0.00420467023797888	0.4999995905922333	0.5000003336525156	0.5000061335965942	0.5000014343708665	0.5000028433201846	
