0.999982876186266	0.9999984032207042	0.9999968609654868	0.9999974138999083	0.5000041344109283	0.500040169328115	0.4999946505450102	0.4999640087304181	0.5000013803562194	
0.9999907025582176	0.9999938035565081	0.9999983900410914	0.8332944802495129	0.5000039994358269	0.500037185906359	0.4999935127998564	0.5000153390162329	0.5000013783359315	
0.9999905480313191	0.9999938059329561	0.9999954293012145	0.6666067355362644	0.5000040618801473	0.5000367295891213	0.5000010347907776	0.5000157940203125	0.5000008419788549	
0.9999974660735486	0.9999999805975276	0.9999998927022533	0.4999966593184616	0.5000037976382895	0.5000369192337248	0.5000004510241873	0.4999804931954716	0.5000029929776953	
0.9999917949124466	0.9999931034608032	0.9999783753803425	0.33342707524585097	0.5000041669473281	0.5000369222365311	0.5000000150510147	0.499980431498965	0.5000013780309605	
0.9999890984701565	0.9999983378847406	0.9999965645888775	0.1666544007576829	0.5000038105442043	0.5000369863243463	0.49999856628516276	0.5000186688478925	0.5000014525366815	
0.9999955826142943	0.9999955448373057	0.9999983971320814	7.458276394792588E-6	0.5000041952552708	0.5000368382894432	0.49999869738551395	0.5000206653732462	0.5000017968963796	
0.9999954907524345	0.999999248660269	0.8333005316002973	0.9999999708374662	0.5000039888188529	0.5000373594297547	0.4999945165417195	0.4999757889620256	0.5000013177116301	
0.9999995007382244	0.9999993210735475	0.8332988094695514	0.8000218522061481	0.5000041302564463	0.5000368251857691	0.49999754376552635	0.500020133557169	0.5000009154782196	
0.9999904278428439	0.9999874035830262	0.8332621821122176	0.5999753972289408	0.5000036866680132	0.5000372345485264	0.5000004950261486	0.4999794191049506	0.5000009736824247	
0.9999892152322839	0.9999961272263849	0.8332401251346204	0.39989296477168224	0.5000040666947974	0.5000367256883346	0.49999488220314153	0.5000200349935697	0.500001164929243	
0.9999895853447782	0.9999835249207405	0.8332459410389079	0.19988026294606084	0.500004303600105	0.5000372519456653	0.4999997958504678	0.5000170906756477	0.5000011493080847	
0.9999944567362213	0.9999966295310759	0.8333554541576531	1.2944803705552885E-5	0.5000036975121126	0.5000369173090204	0.5000021017821216	0.5000202580474682	0.5000017138241438	
0.9999984914478732	0.9999996114236062	0.6666494862261405	0.9999987409170267	0.5000041637384387	0.5000382650422568	0.5000003798533796	0.49996404457591065	0.5000014312535633	
0.9999877667264411	0.9999997379145038	0.6666477187231218	0.7500296534974378	0.5000036156156743	0.500036740785338	0.49999764444325917	0.49997765070792843	0.5000018239377058	
0.999984907163776	0.9999930740237192	0.6666478690032794	0.5001195030090415	0.5000023265427722	0.500036686163604	0.5000005413489796	0.49997524202776256	0.50000216576616	
0.9999871135770623	0.9999983420053165	0.6667128087431367	0.25005665085887196	0.5000032697445637	0.5000369352667035	0.5000004281026451	0.5000193881388761	0.5000011947780215	
0.9999952578143098	0.9999966460437097	0.6667130282825826	1.4966435577478761E-5	0.5000038104236162	0.5000369388951735	0.4999982637266575	0.4999806517710633	0.5000011863590027	
0.9999965362277659	0.9999965068956166	0.5000149338458714	0.99999714841787	0.5000100499320734	0.5000374404383188	0.4999981451427296	0.5000257473232834	0.5000039094052187	
0.9999875205331337	0.9999956187212697	0.4999166486398783	0.6667155622890312	0.500004055514463	0.5000369179845103	0.49999777606286233	0.4999763098775431	0.5000003524772204	
0.999997883256641	0.9999955760075149	0.4999800880048672	0.33328756596559816	0.5000043712599676	0.5000369219952083	0.4999988375280677	0.4999775888621807	0.4999961013427438	
0.9999987677723038	0.9999934038139233	0.4999589332751906	5.307019209743573E-7	0.500004352129743	0.5000370812698189	0.5000013923046875	0.500026363705096	0.499996529766284	
0.9999835028825309	0.9999903734855137	0.33344869051704706	0.9996308324354699	0.5000046443942073	0.5000369007305023	0.500001790682813	0.5000231239884396	0.5000015277035917	
0.999987588871506	0.9999917256186157	0.33344469624029055	0.5000854389476157	0.5000043706846031	0.5000369006754454	0.500001274725944	0.500023127656237	0.500000294687927	
0.9999898162619016	0.9999773085827327	0.3334514970312953	1.1325810950279381E-4	0.5000038603330998	0.5000369394588724	0.5000015455207684	0.4999815106305302	0.4999957726597901	
0.9999978192554405	0.9999956114896805	0.16681673037027717	0.9995617595643322	0.5000046821916037	0.5000369206847344	0.49999877033020873	0.49998181263190017	0.5000030414350131	
0.9999909334831919	0.9999882919567963	0.16683488176891806	6.371321690796239E-4	0.500003699096859	0.5000369468807595	0.5000011468224104	0.5000233976775856	0.5000031903422438	
0.9999918818448601	0.999997402422841	5.420519560785402E-6	0.33434019732386044	0.5000042249840769	0.5000369165734273	0.5000011714783652	0.5000207408193587	0.5000020416667396	
0.9999987332015985	0.8333059704095782	0.9999999319389983	0.9999987318287734	0.5000042923642857	0.500038217809579	0.500000515482858	0.500015503880289	0.5000026332102605	
0.9999998884080479	0.833325322373109	0.9999998391746684	0.8000006909279676	0.500004496634849	0.5000373499828188	0.5000007651405276	0.5000151399018066	0.5000010693532466	
0.9999999612547829	0.8333257726796128	0.9999940846776009	0.6000108248346301	0.5000036947786235	0.5000369192473888	0.499999873090324	0.49998187467780536	0.5000026635811645	
0.9999999612547829	0.8333257659643964	0.999994090736232	0.3999073429049498	0.5000036947786235	0.5000369192480197	0.5000003882998943	0.4999818459045124	0.5000026790773684	
0.9999894208962733	0.8333316440566495	0.9999917366634878	0.19992333363412942	0.5000040191529177	0.5000367404250482	0.5000022067403544	0.49998360985193924	0.5000012301315626	
0.9999957032967947	0.8333102072804585	0.9999999121277464	1.2854244485803307E-5	0.5000041298764261	0.5000369152939557	0.49999868838882194	0.4999823183472185	0.5000014077357757	
0.9999948682561659	0.8333262329143056	0.7999614707852037	0.9999998431909791	0.5000042164506056	0.5000370740876068	0.5000010505457113	0.5000148174361367	0.5000018212063713	
0.9999999698674519	0.8333259718728961	0.7999613426585023	0.7500096934655848	0.5000042517341584	0.5000370749642852	0.5000003691132499	0.5000162660308294	0.5000010952292554	
0.9999998133816321	0.8333315818834155	0.7999614612823616	0.49999616080610554	0.5000035939302843	0.5000370786942125	0.5000004197817574	0.49998133903454695	0.49999596542341257	
0.9999907962896653	0.8333093476314385	0.7999613287173835	0.24996211065042037	0.5000037099919906	0.5000369192233741	0.4999998767677954	0.49998299652375094	0.5000030040229339	
0.9999944153966368	0.8333117833335032	0.7999612702560703	1.6845504245137709E-6	0.5000032667845807	0.5000369055292658	0.5000004371573434	0.500025410022256	0.5000011962887182	
0.999991835602234	0.8333262347410367	0.5999993267707765	0.999999836686867	0.500002760977325	0.5000370781224628	0.4999968807742898	0.5000146017236798	0.5000012135609921	
0.9999845582419941	0.833327004700663	0.5999997631205182	0.6665311352748108	0.5000033945802549	0.5000367116956874	0.4999970495935176	0.4999821309383021	0.5000017077823042	
0.9999908977272612	0.8333315849612718	0.5999883961888596	0.33344569549824893	0.5000035918746859	0.5000369120662539	0.49999862915627447	0.4999844446419856	0.49999513064111084	
0.9999951865953031	0.8333201659245371	0.5999864317689676	1.915941300351318E-6	0.5000038153163949	0.5000369411460683	0.5000002775238375	0.4999810341886416	0.5000009780208109	
0.9999989137798532	0.8333276592443639	0.400000027351258	0.9999996949401654	0.5000042546866815	0.5000369140503477	0.5000013417280872	0.4999813269044931	0.5000019278507891	
0.9999998302798747	0.8333276288784235	0.39999990546702185	0.4999943083260625	0.5000035939393269	0.5000366933805872	0.4999975642343364	0.49997615305749593	0.4999957726975504	
0.9999969165360761	0.8333117831333351	0.3999991708730084	6.41254890272158E-7	0.5000039646621512	0.500037111752719	0.49999864264452826	0.5000253643326538	0.5000010016677046	
0.9999846426363141	0.8333268206646843	0.20034681419710318	0.9988947329549852	0.5000043658218448	0.5000366771165926	0.4999967841215893	0.5000232247278651	0.5000016970909338	
0.9999920156140361	0.8333270763194204	0.20011960755287694	4.361997379626614E-4	0.5000034639348986	0.5000369263586194	0.4999966155426488	0.4999790827764335	0.5000017264576376	
0.9999974447015719	0.833327659243949	1.803792782274618E-6	0.5000127828639092	0.5000039511185123	0.500036888612947	0.5000012961008066	0.4999810174487896	0.49999632362615476	
0.9999828756403495	0.66670914644171	0.9999823469912318	0.9999955517537431	0.5000028144760128	0.5000369705236386	0.5000009176926332	0.5000198120842573	0.500002798043429	
0.9999999549653055	0.6667106220658338	0.9999362065806339	0.7499758968642267	0.5000030036000821	0.5000382708429457	0.49999678679866655	0.5000236089955549	0.5000012317319215	
0.9999998354804127	0.6666611767123628	0.9999996795554609	0.4999967341462444	0.500003725745139	0.5000370461879721	0.5000021117561554	0.4999813014035642	0.5000017114229074	
0.9999955202020367	0.6666611203281829	0.999999926899949	0.2500045188420652	0.5000041866262466	0.5000367105133544	0.4999980216601174	0.4999812014897282	0.5000011245357123	
0.9999980377376178	0.6666611217720967	0.9999972479622895	7.342853463383933E-6	0.5000038155905022	0.5000367194651957	0.5000002140042482	0.5000202814527164	0.5000014033024271	
0.9999975260787153	0.6667065070637225	0.7499069576330921	0.9999961025473341	0.5000040248617668	0.5000371137750115	0.5000010084728467	0.5000213977177406	0.5000011149625954	
0.9999908781337463	0.6667060078898952	0.7499072187020677	0.6667068012979313	0.5000027349721005	0.5000369126155442	0.49999692582059985	0.4999846246962932	0.499996348804735	
0.9999974490562211	0.6666596889935482	0.7499072204574264	0.3333676452708755	0.5000036454753983	0.5000368981186402	0.5000006126336731	0.49997988686061073	0.5000017715230556	
0.9999984902751057	0.6666595900372616	0.7500012004279829	1.047115138766875E-6	0.5000032541919001	0.5000369496523358	0.49999845678986865	0.5000198691608475	0.5000014056962248	
0.9999847443605296	0.6666595353383149	0.5000149338458714	0.9999970678944439	0.5000028059972118	0.5000369475167931	0.4999980791087922	0.5000202381373208	0.5000017370489291	
0.9999990827369885	0.6666565131433086	0.5000176849951588	0.4999293963505283	0.5000036471693025	0.5000369360936608	0.4999992873847178	0.49998173130917434	0.5000019526161574	
0.9999985114830384	0.6666566603568208	0.5000149584291518	1.6030290719235478E-6	0.5000032535022565	0.5000369483637438	0.5000005661283321	0.49998146469295274	0.5000019771521905	
0.9999906520566169	0.6667776054451662	0.25043721029880556	0.9996003812805149	0.5000043468967496	0.5000369168223062	0.500001273723734	0.4999844628755558	0.49999612251025505	
0.9999692677764521	0.6667759704888663	0.25052788249985875	0.001881264758488821	0.5000095700062787	0.5000369500111015	0.49999882510734545	0.4999669542376506	0.5000022439850572	
0.9999950473877168	0.6666390829936045	6.8480070273419325E-6	0.9767412484099944	0.5000040242795231	0.5000367027545151	0.49999746377662185	0.5000232248728943	0.4999960714954908	
0.9999826510804066	0.49998666805109904	0.999992878717216	0.9999953786580623	0.5000029913242746	0.50003694474599	0.4999946253842077	0.5000254593883753	0.5000015663800819	
0.9999999678762147	0.49998698982131556	0.9999942957767154	0.6666889990663387	0.5000081963296105	0.5000367456865542	0.5000011328928505	0.5000193994757954	0.5000023225360581	
0.9999915107424785	0.4999868554364506	0.9999954388910653	0.33324880280384017	0.5000036836028999	0.5000371353112583	0.49999786720070777	0.49997832183048735	0.500001128973046	
0.9999978094444049	0.4999868558062353	0.9999916344566218	1.282984498481478E-5	0.5000090729222778	0.5000367341198356	0.5000001216706271	0.5000182855354579	0.5000018933262923	
0.9999902124115541	0.49998684250135383	0.666679561024811	0.9999996382661435	0.5000038218160715	0.5000367005102397	0.49999768804504036	0.5000187228271731	0.5000012641978346	
0.9999994163696218	0.4999868558062403	0.6666795612915748	0.4999966522833464	0.5000032535338391	0.5000368997539347	0.5000005588389274	0.499980620281935	0.5000016734347644	
0.9999955688822455	0.4999868558062353	0.6666798611102847	3.840410843231469E-7	0.5000038965011737	0.5000372519943335	0.49999845122382536	0.5000195971256255	0.5000016957065792	
0.9999991690772316	0.5000938006178938	0.3335528753136265	0.9997892408781532	0.5000032410590048	0.5000368997517588	0.5000005687206763	0.5000221415018251	0.5000017143592463	
0.999990289548593	0.5001345331934705	0.33350057398582006	8.931203481333345E-5	0.5000027994727091	0.5000367512526744	0.5000006497800716	0.5000216565752398	0.5000016879579252	
0.9999965017686911	0.5000339240613445	1.1720958719979779E-4	0.5913189780482014	0.5000074658866083	0.5000366848503591	0.49999925265041456	0.4999806632904031	0.500001039519943	
0.9999899684954564	0.3333495496360748	0.9999757474619357	0.9999137663878119	0.5000036944499067	0.5000369628588929	0.4999982742032407	0.5000223184307445	0.5000014246803253	
0.9999995559951621	0.3333495496360748	0.9999757474619357	0.5000595563229832	0.5000029273116533	0.5000369634678522	0.49999833968972784	0.5000213940527667	0.5000016700322901	
0.999989481395005	0.3335694706882246	0.9996700953371962	2.621320482213854E-4	0.5000037343428709	0.5000371159388082	0.49999926751853924	0.5000187719370903	0.4999954758898719	
0.9999902722859256	0.33338528826647834	0.5000158505645038	0.9999578032653832	0.5000038574416454	0.5000368584572924	0.500000514499086	0.4999711531925448	0.5000020522605856	
0.9999900381641993	0.33338457712961683	0.5000176747940297	4.14830706371711E-5	0.5000077644937913	0.5000381488668787	0.49999921802654773	0.499981881493053	0.500001377378158	
0.9999965157933401	0.33334949072511205	1.1716896199481797E-4	0.5162260831006931	0.500002577141808	0.5000369146084899	0.5000010382405522	0.5000188185256997	0.5000020920280621	
0.9999759239694507	0.16718980134968525	0.9987471202011035	0.9987922935491785	0.5000027427153195	0.500037363354916	0.5000004853530399	0.49997112928658755	0.5000016930325732	
0.9999904606649175	0.16665177732502476	0.9999953580647111	6.941601105511558E-6	0.5000077993721489	0.5000368960288004	0.5000012722833266	0.4999816590732441	0.5000012768242926	
0.9999822467628551	0.16755344827081103	0.004065237915575488	0.5201866296931542	0.5000096709346266	0.5000369216585816	0.4999983347127829	0.5000189365396476	0.500001073494745	
0.9999978948657241	1.1143325959750428E-5	0.6524652603664647	0.9787832635147661	0.5000078099582211	0.5000368584370332	0.499997768671562	0.49998118678460823	0.5000015601904619	
0.8333380919976093	0.9999988068125829	0.9999998069838824	0.9999959246404423	0.5000045063886384	0.5000371751530217	0.4999972912872523	0.5000211970895387	0.5000010220893298	
0.8333306727405031	0.9999999805545542	0.9999998351583025	0.7999996210593506	0.5000045265017307	0.5000372031394641	0.4999972574192952	0.500015434379366	0.5000012378081105	
0.833330906049266	0.9999986783471626	0.9999921156881783	0.6001337041194895	0.5000092786158029	0.5000367222694083	0.49999947607408446	0.5000179066895514	0.5000021769207944	
0.8333307609105793	0.9999986745566725	0.999983952167788	0.4000175942609505	0.5000037231664579	0.5000367393808075	0.5000009589583031	0.500017192238061	0.5000013821370664	
0.8333307249242937	0.9999834598910404	0.9999496645018847	0.19986113652664997	0.5000037225280658	0.5000367430768564	0.500000979106715	0.4999829858724884	0.5000017970891244	
0.8333309971379824	0.9999989679085547	0.9999999610825306	9.768532851445408E-8	0.5000038205731423	0.500036991918151	0.5000022271957059	0.4999833296125915	0.5000030176671905	
0.8333306290384634	0.9999985956450886	0.7999607807946869	0.9999958306732579	0.5000027223226198	0.5000367182889289	0.49999729880406785	0.5000157978474276	0.5000017750329122	
0.8333325040702452	0.9999992811908726	0.79996079575393	0.7499771468973112	0.5000027949803065	0.5000372123022342	0.49999801173009667	0.5000207852242157	0.5000012063712882	
0.8333341657381544	0.9999975215715866	0.7999608936061334	0.499993403835453	0.5000041010928109	0.5000367332483766	0.5000016078626416	0.49997908496613463	0.5000018931817392	
0.8333325723573091	0.9999961246684899	0.799975286743952	0.25000488270402554	0.500003838729345	0.500036724880223	0.5000007014133535	0.5000200618582569	0.5000013363678576	
0.8333325128911938	0.999996674419881	0.7999569114080717	5.262586579963594E-7	0.5000083995538044	0.5000367512350039	0.4999984369337953	0.4999744042631964	0.5000009942139506	
0.8333193617186436	0.9999999538757014	0.5999905668533693	0.9999971503049567	0.5000040334997238	0.5000369632721031	0.4999943802221598	0.4999778210622389	0.5000017741656338	
0.8333334322179498	0.9999997202902517	0.5999876837084605	0.6667041216249606	0.5000038082597491	0.5000369374098599	0.4999976507004037	0.5000161712410808	0.5000030695438711	
0.8333311291867103	0.99997727870237	0.599988405544519	0.33327633912112514	0.5000040894542298	0.5000367197373912	0.5000012876672553	0.4999815087327592	0.5000020762825556	
0.8333325625521425	0.999996674115774	0.5999884091993863	1.8207151908082944E-8	0.5000038144615722	0.5000369477392655	0.4999986247521412	0.4999790718264746	0.5000011343726964	
0.8333332485714159	0.9999977603453734	0.400000026529376	0.9999996951714133	0.5000040392845939	0.5000366925310921	0.500001314779943	0.4999841018668904	0.5000017789527137	
0.8333334946237383	0.9999976497678223	0.4000000372591691	0.4999749841969431	0.5000040253242126	0.5000369575733025	0.49999674948897005	0.500014460368343	0.5000019745067205	
0.8333334176971803	0.9998059798281296	0.3999950488149384	5.60299744721776E-7	0.5000038055934021	0.5000369494462346	0.4999985258952751	0.49997883802632515	0.5000010016677893	
0.8333434180006057	0.9999923878306795	0.20002546011593217	0.9998816523991984	0.5000042929590481	0.5000369453739156	0.5000011607655307	0.500017799031419	0.5000020274046515	
0.833343716351357	0.9999828700084329	0.2003499082993579	9.174139641817323E-4	0.5000040892034058	0.5000367168405708	0.5000012848938822	0.4999819089421607	0.5000011969300693	
0.8333432216698249	0.999997745904721	6.690943156941015E-6	0.5070088998620159	0.5000043558797653	0.5000369260815115	0.5000012826820137	0.5000219589109691	0.5000017306102676	
0.8333330289916373	0.8000001929485607	0.9999999100217792	0.9999971166713528	0.5000045265686508	0.500036707016885	0.5000004347675667	0.5000155900351984	0.5000017256814563	
0.8333315962258028	0.8000006003895342	0.9999922545507255	0.7499791144196626	0.5000038371899805	0.5000369447656297	0.5000010158886695	0.5000162048908176	0.5000019783561112	
0.8333307418460085	0.8000035467121616	0.9999958749526796	0.4999966841068882	0.5000038902389722	0.5000372501183592	0.5000009799052663	0.5000186533539056	0.5000020142075	
0.8333315916370135	0.8000037715080113	0.9999921770419121	0.2500046101977798	0.5000038205094867	0.5000367008607336	0.5000022772632183	0.50001781587132	0.500001974363675	
0.8333316090221413	0.7999984423805804	0.9999981056064831	2.938894142837304E-8	0.5000039762595241	0.5000369128613557	0.5000022674753802	0.5000202243590882	0.5000014502936379	
0.8333306266258097	0.8000001890332021	0.7500021949414881	0.9999971528227227	0.5000027152454168	0.5000368960271594	0.500000956285989	0.4999821132192536	0.5000010528702612	
0.8333310937508132	0.7999982040340254	0.7500023414025698	0.6666937194854894	0.5000038154778754	0.5000367040043826	0.49999789205351963	0.49998264467379394	0.5000016820917982	
0.8333316212360852	0.8000006486152986	0.7500092930429638	0.3332592433046404	0.5000037385995105	0.5000367233218735	0.49999832192798954	0.4999784594887811	0.5000014043918916	
0.8333334352768705	0.800000619512228	0.7500023632830317	1.0558651841643983E-6	0.5000038162353574	0.5000367007156695	0.49999852644901804	0.4999805430070937	0.5000010046380404	
0.8333390868410191	0.7999982055998974	0.49999358869153593	0.999997151996596	0.5000027258118988	0.5000369388317051	0.5000009619975013	0.499982109275359	0.5000010560443657	
0.8333331390615967	0.7999982055271814	0.4999514814922268	0.499975083123933	0.5000027228187508	0.5000367007763296	0.5000001504823195	0.49998239485965096	0.5000016878163076	
0.8333334176971803	0.7999982509232323	0.5000163138069077	1.3862638635294616E-5	0.5000046357178617	0.5000369495037991	0.4999985251443844	0.4999795928738804	0.50000100900395	
0.8333498172259529	0.8000778357987696	0.25044193068137094	0.9988572163379458	0.5000040354506242	0.5000369581733844	0.49999882663755946	0.4999833769015705	0.5000016476795062	
0.8333426586390897	0.8000778235531535	0.25053679988412664	0.0013327842143271706	0.5000040285236579	0.500036915106198	0.4999988714757301	0.4999831534180607	0.5000009729464716	
0.8333330761149855	0.7999983223873477	6.654342342857471E-6	0.4909479895001812	0.5000043446724818	0.5000367156251787	0.5000011710909175	0.4999812656042679	0.500001215421205	
0.8333326029807383	0.6000232543418709	0.9999631242012685	0.999980625517149	0.5000083513699108	0.500037242639938	0.5000009187848653	0.5000194049932657	0.5000013262574602	
0.8333315866987556	0.6000085374909663	0.9999934712790782	0.6666895683938512	0.5000037418573815	0.5000370779994658	0.5000003313071077	0.4999782470292502	0.5000017051481197	
0.8333373712233314	0.6000081955590554	0.999996393441529	0.33327768762580867	0.5000037404007941	0.5000380182823576	0.5000022444850063	0.49998149583310847	0.5000029998034454	
0.8333321383783494	0.6000085273302511	0.999996393441529	6.642823226554127E-8	0.5000037773707506	0.5000369227577247	0.5000022468436056	0.4999814131101722	0.5000029831754734	
0.8333289331081759	0.6000079792293348	0.6666880497642819	0.9999811834542391	0.5000029531253793	0.5000374239618676	0.5000000336113474	0.5000232579044038	0.500001083887349	
0.8333315953508383	0.6000086262714284	0.6666878450680186	0.5000001987035004	0.5000032380104501	0.5000372351856539	0.4999977739815929	0.5000158676342366	0.5000012496514765	
0.8333315253827551	0.600008193008189	0.6666769633703322	1.0130768198930533E-5	0.5000036404707358	0.5000373116410454	0.5000002109030777	0.5000191106341627	0.5000013836162007	
0.8333435385577679	0.6004118598086257	0.33370925662151374	0.9988636921402871	0.5000040042216254	0.5000369143272229	0.5000001188974807	0.5000243008818737	0.4999960274942572	
0.8333314310069302	0.6000115482402514	0.33402373442888356	7.538406420346388E-4	0.5000026633675848	0.5000369533481428	0.4999962966795519	0.50001914250203	0.5000019724755954	
0.8333332451388386	0.600007782615512	4.528560559681638E-6	0.006670769013255307	0.5000040400596094	0.5000367040521656	0.5000013141015178	0.500021914685046	0.5000017796208236	
0.8333375204584	0.400107060765223	0.9998605405974458	0.9998991940317477	0.5000076945024073	0.5000369307543323	0.5000009179456033	0.5000199629035624	0.5000010600207931	
0.8333419362174571	0.40010942750706463	0.9998684245540366	0.5000604671310322	0.5000036540751709	0.5000369579299229	0.500001195074677	0.4999816485122103	0.5000014165625867	
0.8333315926267515	0.40011376249520497	0.9998684350823145	1.9696747230269528E-5	0.5000084523259687	0.5000369689032581	0.4999975510671988	0.4999816609562149	0.5000016730908374	
0.8333376837035811	0.40010942753857204	0.5001641520537868	0.9998993739354695	0.5000081979863261	0.500036947724057	0.4999963266022603	0.5000188574403867	0.5000010704888208	
0.8333416123302456	0.40010924449493906	0.5001635666975073	5.539443416277981E-4	0.5000027046339247	0.5000369341316425	0.4999993323468851	0.49998157701985646	0.5000013954207798	
0.8333373761226778	0.400109424919794	1.9994797880903235E-4	0.5001171308025079	0.5000026770045075	0.5000369632779625	0.5000010875855264	0.4999829806069611	0.5000023117675843	
0.833337031430382	0.20005981526155406	0.9994621035474295	0.9984839530303344	0.500002814405647	0.5000367704125245	0.500001103726232	0.5000183966339433	0.500001251147858	
0.8333379251931102	0.20064652985188186	0.9994621035474295	0.0013691220089365186	0.5000036404701753	0.5000380948826216	0.5000002009641753	0.5000184042412968	0.500001247453771	
0.8333369811581031	0.20005736060303506	2.419995399327579E-4	0.5255018734360296	0.5000027884644803	0.5000368868304271	0.5000005862786316	0.4999831652940379	0.5000023094568774	
0.8333321005145637	2.104130972272433E-6	0.9767087000096182	0.9964502231864016	0.5000030777399338	0.5000369622286402	0.5000010709074104	0.5000186440297765	0.5000012514978807	
0.6666925014273583	0.9999713153097899	0.9999457660890433	0.9999869369911529	0.500003126865252	0.500037327543523	0.5000025519463355	0.5000195561422807	0.5000017907140407	
0.6666925014273583	0.9999713153097899	0.9999457660890433	0.7501640405831613	0.500003126865252	0.500037327543523	0.5000025519463355	0.5000195561422807	0.5000017907516046	
0.6666875011206801	0.9999835086813386	0.9999737768731793	0.4999966593184616	0.5000040125019157	0.5000380275898253	0.49999769766627694	0.49998079453968286	0.5000026655636123	
0.6666601290628071	0.9999986812634387	0.9999829060405164	0.24995288072113855	0.5000042048316848	0.500036946197472	0.5000000501615139	0.5000171378853882	0.5000021907575143	
0.6667855128951049	0.9998745443232151	0.9999496945895712	4.1070451989788565E-5	0.5000038113592347	0.5000369234245526	0.5000021876362412	0.4999771775190126	0.5000018182899054	
0.6667145611541857	0.9999782890458982	0.7499736593736378	0.9999553305986121	0.5000030304093117	0.5000368868684658	0.4999994620365415	0.5000280623417115	0.5000017672473592	
0.666687845770749	0.9999878362201132	0.7499758218732775	0.6667227555800169	0.5000038356815716	0.5000370137361566	0.5000007092128129	0.49998250183735776	0.5000017559253381	
0.6666878505137758	0.9999773748144322	0.7501441971171402	0.3334222535128074	0.5000037251482691	0.5000369776484727	0.5000002152659516	0.5000197925078749	0.5000029747456212	
0.6666852135670744	0.9999799027180329	0.7500133184345786	4.002841881652987E-5	0.5000037196976554	0.500036945326982	0.5000002153278313	0.5000206252424356	0.5000019057299123	
0.6667452520589457	0.9999245735042052	0.49999491228893816	0.999823385629253	0.5000083004876268	0.5000369413327527	0.5000006859841415	0.500020806515384	0.5000018209046703	
0.6666623249012853	0.999999335225879	0.5000089889402569	0.49993099465495133	0.5000043102872791	0.5000369581232619	0.5000000504563014	0.5000147595065142	0.5000022151981948	
0.6666631449342827	0.9999994572669244	0.5000163938024061	3.851493408094609E-6	0.5000043254357781	0.5000369641381193	0.4999977310935858	0.4999776993727778	0.5000028209000651	
0.6667428703925855	0.9999940685010461	0.2505508103960279	0.9984246658679317	0.5000082950066427	0.5000369695805305	0.5000006936155628	0.5000228337690322	0.5000020005518684	
0.66674402353538	0.9999802580361925	0.25050445920388975	0.0013498423862741795	0.5000040912543564	0.5000369590627888	0.49999692278194957	0.5000146828329394	0.5000019332250631	
0.6666996640587012	0.999985146392491	2.2734934840822882E-5	0.5918697467230527	0.5000043515144436	0.5000369118776308	0.5000011737227594	0.49998181437511213	0.5000010276800063	
0.6667017194869733	0.7500334614151764	0.999963353618867	0.999980626559501	0.500009230650359	0.5000371924756599	0.5000004116184746	0.5000193727572471	0.5000011483836306	
0.6666877487371609	0.7500268490671539	0.9999509585026877	0.6666880057803833	0.5000036792352655	0.500037093063483	0.49999802548298483	0.5000205934368699	0.5000018207540579	
0.6666951149116752	0.7500317995149406	0.9999806414200498	0.3334230687347216	0.5000084557756649	0.5000368803585465	0.49999712054532924	0.5000183417050444	0.5000019641199563	
0.6666842697338721	0.7500346980961747	0.9999636097448863	4.016586840536572E-5	0.5000089564463122	0.5000373137244192	0.4999996334786674	0.5000251993685818	0.499996686072005	
0.6666950001770414	0.7500327888417334	0.6666396015134397	0.9999446686578499	0.5000031285318769	0.5000381796422417	0.4999992619093071	0.5000195485417376	0.5000012388736248	
0.6666629519148111	0.750033426376057	0.6666997691844486	0.4999772672184664	0.5000038067743989	0.5000369579673134	0.5000007086636588	0.49998211037099854	0.5000011829467518	
0.6666629531439442	0.7500401398195048	0.6666944486183497	4.022641562886375E-5	0.5000038099835381	0.5000368850094469	0.5000000494526066	0.49998213478725695	0.5000029944846263	
0.6668488452706397	0.7500379654231438	0.33371098991653325	0.9988675401189854	0.5000085598417408	0.5000369142198385	0.5000001758216343	0.5000224143352227	0.5000012149786476	
0.6666684339583073	0.7500333558369054	0.333263197902563	1.8727157932793646E-5	0.5000037365457425	0.5000368697416772	0.5000007246415268	0.5000176722270049	0.5000011834942047	
0.666677126502961	0.7500079496050079	4.3868416662228544E-5	0.49911924186098805	0.5000083789962131	0.5000369531008214	0.5000004274262668	0.49998211344180576	0.5000011711952889	
0.666694801199343	0.4999875710567526	0.9999766988796097	0.999995600960428	0.5000030078203346	0.5000368724170455	0.49999925795415884	0.500019485828003	0.5000016608252741	
0.6666864698206822	0.500008423929877	0.9999939746695229	0.5000459486009432	0.5000034332278889	0.50003689277563	0.49999727893382273	0.4999838092727673	0.5000016725693793	
0.6666961549957793	0.49998581888095533	0.9999456816921806	1.717013363683448E-5	0.5000083368271228	0.5000369047450118	0.49999784192369023	0.49997642352143384	0.5000019043778849	
0.666758478726535	0.5000696089384029	0.5000420627675052	0.9996540444232338	0.5000084449746222	0.5000368692246915	0.5000000831475162	0.5000180703174142	0.5000010122461459	
0.6666963586953075	0.4999864424549425	0.49995000790779737	1.6670797451839624E-5	0.5000081179816388	0.5000373165276347	0.499999339857324	0.4999764027256869	0.5000016768101322	
0.6666908342472458	0.49998674052262526	9.886656337829575E-5	0.6495631140274374	0.5000037444841068	0.5000369549435127	0.4999970500240361	0.49998259909623055	0.5000016750012939	
0.6668290315784954	0.2505441552956924	0.9990917487499846	0.998923659130456	0.5000092907349838	0.5000369668505529	0.5000005775682974	0.4999764331613354	0.5000016776620548	
0.6668300922615806	0.2505441552956924	0.9992019686042752	0.0010217472074443498	0.5000027393733122	0.5000368951680448	0.4999975964865759	0.49997450816892786	0.5000014815476708	
0.6668276686343803	0.2505441552956924	0.001908431913598857	0.523494533138176	0.5000026672823684	0.5000369143467777	0.5000011007417762	0.5000186900934241	0.5000012272532727	
0.6668276953451289	3.0695880588024445E-4	0.6540813786002274	0.5005927388099849	0.5000024521881695	0.5000369001487374	0.5000006136988582	0.5000193238601796	0.5000012120646191	
0.5000773953616883	0.9999335099628315	0.9999639762422062	0.999947942740573	0.5000036389091697	0.5000381927771756	0.4999995014601983	0.5000186759944334	0.5000016560696889	
0.5000781234886703	0.9999186492409703	0.9999431940272464	0.6666929715290956	0.5000040945411165	0.5000370918123065	0.49999695690554896	0.5000178426914702	0.5000031194452634	
0.5000469832501852	0.999921678404237	0.999964398637153	0.3334228513328771	0.5000045139004541	0.5000368764553682	0.5000022176293444	0.4999775022003794	0.49999683085884966	
0.5000473674136249	0.9999178794055319	0.9999444495084463	2.879277634109048E-5	0.5000039599809984	0.5000369594712321	0.5000001898649683	0.4999771752489159	0.5000030622777993	
0.5000774546512579	0.9999341459690779	0.666545175672672	0.9999805661007954	0.500008428755634	0.500036897518421	0.4999995905058294	0.5000176348887913	0.5000018211442784	
0.5001049251056685	0.9999213591889371	0.6666944310383794	0.5000166764105336	0.5000036559526072	0.5000369579114108	0.4999971759346361	0.4999687256640218	0.5000016664508866	
0.5000403423615598	0.9999245805822214	0.6669300994546954	1.4562630382074595E-4	0.5000040231348273	0.5000369602834696	0.4999978469522186	0.5000179603024497	0.5000016501126765	
0.5001051330688832	0.9999396122698475	0.3337113200275794	0.999129243032365	0.5000043551738973	0.5000369142024863	0.5000003508886346	0.5000178734316393	0.500001643692563	
0.5001151393328763	0.9999943090226858	0.33386435697235467	7.861620676725819E-4	0.5000085554605938	0.5000375665120635	0.49999770400748933	0.5000172397728609	0.5000016618486498	
0.5000822757835915	0.9999350942484958	1.668841434462575E-4	0.5223105546081731	0.5000084243336996	0.5000367318843291	0.49999705248525683	0.5000169006418853	0.5000011636750078	
0.5000301874255497	0.6666739771788744	0.999950780284148	0.999948144231273	0.5000036588231437	0.5000369146587486	0.49999952055257685	0.500017698319573	0.5000016475748396	
0.5000366284720577	0.6666789985582423	0.9999488376133481	0.5000171282801754	0.5000085897582717	0.5000369040502343	0.49999940327421877	0.5000229124149186	0.5000019253780095	
0.5000410671159433	0.6666430508517627	0.9999662338020554	3.156746258551994E-5	0.5000081019677092	0.5000367992679906	0.4999991044650773	0.49997544343934536	0.5000011862554591	
0.5000419756112734	0.6666779545770228	0.5000185036217273	0.9999661077337941	0.5000030153247649	0.5000368698286987	0.5000000824351751	0.500018051867575	0.5000017220991743	
0.5000401135778824	0.6666779840352566	0.5000144450809773	3.345889011143175E-5	0.5000040931891142	0.500036804685966	0.5000001193738446	0.5000182203043224	0.5000029656731986	
0.5000367472078459	0.6666777903843287	1.0288575145047979E-4	0.3658579035034724	0.5000043487966487	0.5000366930135323	0.4999969483826231	0.5000181910743356	0.5000029667236701	
0.5001111125721334	0.33419949966869467	0.9987978081154087	0.9993520666874989	0.5000085547484584	0.5000369611101623	0.499997074522814	0.4999701069945502	0.5000016443046255	
0.5001117610475221	0.33419949966869467	0.998813968986757	0.0014367446205298673	0.5000084566216599	0.5000374076810375	0.4999976033973976	0.4999641278094666	0.5000011098371334	
0.500041378274765	0.33354215413028687	1.0552332121455569E-4	0.008773766265226912	0.5000082043443749	0.5000368028263465	0.5000001151136747	0.5000210929192035	0.5000029909119225	
0.5000389596822021	1.0700682240635811E-4	0.6088222760177333	0.4998710300185115	0.5000085447074603	0.5000369040480819	0.49999941267693343	0.5000228605845531	0.5000019297351183	
0.33336910761085764	0.9999927714180551	0.9999613029384925	0.9999474455681757	0.500004237836183	0.5000369505752841	0.49999952841134904	0.5000177569760956	0.5000018440844674	
0.33334955862864035	0.9999769604778851	0.9999735946999353	0.5000166764204779	0.5000039561385567	0.5000369595279253	0.5000004157206618	0.49998074762160644	0.4999968321834864	
0.3333681822782922	0.9999902604751573	0.9999640746698284	1.2427093892447994E-4	0.5000046406431964	0.5000369049079365	0.4999997207063103	0.49997954452499144	0.49999668520129403	
0.3333676783826608	0.9999906175965789	0.49993409631123636	0.9999670074392606	0.5000042378346317	0.5000368691399922	0.5000004649640959	0.5000180518280912	0.5000017238535862	
0.333430051553226	0.9998765048831126	0.49992160122618257	3.041964263495589E-5	0.5000037621415925	0.5000369582201074	0.49999758273968603	0.5000181396361592	0.5000018730590245	
0.3333643700448126	0.9999943630318376	7.43494004954328E-5	0.4998224485259403	0.5000046012894735	0.5000368090644285	0.500000402014911	0.5000196102552215	0.5000010298659311	
0.3336420564816786	0.5004374643059177	0.9989361629882114	0.9994421557966023	0.5000091584338191	0.5000369971557569	0.49999967802869266	0.5000224225964329	0.5000011612478754	
0.33346224060009433	0.5004208266996143	0.9992778048707146	2.5982765857494075E-4	0.5000042509411382	0.5000369040939442	0.4999974953309074	0.500018845643252	0.5000013488273856	
0.3333697928129918	0.4999859497239746	9.898474325659554E-5	0.48969903142701593	0.5000042927343208	0.5000369549771158	0.499996459452882	0.49998097269227276	0.5000019483652225	
0.333367679889851	1.0700682240635811E-4	0.6500342105209788	0.514283666396054	0.500003736854587	0.500036884732674	0.5000000810906237	0.49997868738446716	0.5000011315434106	
0.16730176740952868	0.9989989404824785	0.998817895980321	0.9989770454557622	0.5000045873006352	0.5000368861175047	0.5000018126377841	0.5000212221245128	0.5000010890103712	
0.16810794657568778	0.9969687851875642	0.9968717035080316	0.0018143604344155833	0.5000084297420634	0.5000368976646897	0.49999959688147966	0.4999793349082276	0.5000018438121172	
0.16690563437813022	0.9997839482383939	0.0010036755851023983	0.4998191251029341	0.5000089194343167	0.500036809224842	0.5000004068792553	0.5000193126218492	0.5000016505728021	
0.16669714543264405	3.2613250538660044E-5	0.9242515611139489	0.45454392531589494	0.5000038452060083	0.5000367947710873	0.4999996624952145	0.4999807828442874	0.5000011382014086	
2.475252233666292E-5	0.9676319431678257	0.6000105397730695	0.4717052365178299	0.5000105219120228	0.5000368912015319	0.49999949628854184	0.5000185740308782	0.5000041660145149	
