0.9999917679070388	0.9999968537559351	0.9999910301838663	0.9999962715435718	0.5000019216727154	0.49999990210116163	0.5000022857787546	0.5000058265166812	0.500036573544746	
0.9999994022185413	0.9999982650714971	0.9999903184151533	0.8333922122691442	0.5000020585864156	0.49999922796376517	0.4999993833759221	0.5000050541974218	0.49999820301303843	
0.9999824984969207	0.9999974016069743	0.9999272843476302	0.6664005551888295	0.5000006236669076	0.4999998758115178	0.5000022432417718	0.5000050517542809	0.4999989614185294	
0.999982494340382	0.999967752838985	0.9999814682128922	0.5000634022694715	0.4999995754921422	0.49999990939411115	0.4999982483786925	0.5000051482693272	0.4999918641759095	
0.9999738063130581	0.9999966591346723	0.9999982901524561	0.3333626514464264	0.5000007250602005	0.49999875902007757	0.5000011980461914	0.50000308058375	0.5000252456426214	
0.9999972287445358	0.9999810601426374	0.9999895462610442	0.16642405749732098	0.4999994259532262	0.5000002540152177	0.5000012402607373	0.5000054612318592	0.4999936082435043	
0.9999986176088855	0.9999810601426374	0.9999895462610442	4.991477468918651E-6	0.4999994075162017	0.5000002305388822	0.5000003170152066	0.5000054612318592	0.4999936082435043	
0.9999998180915124	0.9999896561619912	0.8333041355258866	0.9999859704485943	0.49999869551312975	0.4999992141230411	0.49999959162025787	0.5000031911430997	0.5000246012490049	
0.9999991368951096	0.9999911721912621	0.8333020621246934	0.8000483017922401	0.4999996512921475	0.49999878041152857	0.4999982218486881	0.500002793848396	0.49998811722888564	
0.9999774554047453	0.9999924842501228	0.8333034422397438	0.600157677598767	0.4999992115452591	0.49999897390152387	0.499999426857111	0.5000050624711899	0.49999060131248785	
0.9999933438331141	0.9999926221914278	0.8333046547212748	0.4000418909612984	0.4999991257200965	0.4999989571829211	0.5000005382633054	0.5000040424789887	0.5000231167361884	
0.9999940765605522	0.9999810590040346	0.8333045982894212	0.19997925420359217	0.4999997101866252	0.49999893300794696	0.49999831076168255	0.5000088281638613	0.5000253875768856	
0.9999991645363934	0.9999798800698376	0.8333045982894212	3.352291597254714E-7	0.5000018908890788	0.49999893950404745	0.5000005129891257	0.5000035348744734	0.5000253185661755	
0.9999725959921324	0.9999991848808393	0.6666832599317157	0.9999962879692503	0.4999996634923866	0.4999987789611649	0.499999326298681	0.5000062105972038	0.49999594424162763	
0.9999689619101806	0.9999896660118843	0.6666832599317157	0.7498322654767218	0.500002136627921	0.49999965567091104	0.499999326298681	0.5000042993445797	0.49999594424162763	
0.9999823338907067	0.99998405140515	0.6668963811794695	0.49993021061502396	0.4999990959178931	0.499999897142378	0.5000003500243343	0.5000048131159366	0.5000282475900875	
0.9999961496666252	0.999999697053581	0.6666668624332869	0.24999148527102388	0.499999400178382	0.49999904363935976	0.5000013187148807	0.5000061479295405	0.4999941341204255	
0.9999997696588826	0.9999980665150808	0.6666659389296237	2.91019622473342E-7	0.5000019209235622	0.4999989657731099	0.5000005075727105	0.5000034918035365	0.5000241647132638	
0.9999981582550606	0.9999837749050193	0.5000402636768841	0.9998408118565825	0.4999992516108644	0.4999987707797138	0.5000005291226113	0.5000041912118673	0.500027078176654	
0.9999943237829171	0.9999849255225733	0.500040905506467	0.6665398993047874	0.4999990844022903	0.49999878662662023	0.5000003501402517	0.5000046461194826	0.5000208455680786	
0.9999939093375982	0.9999831229873083	0.5000415962878051	0.33331446872573744	0.5000010869563196	0.49999879325972063	0.4999984912488653	0.5000061950605849	0.50002134423631	
0.9999943266124003	0.9999843354961832	0.5000404760326087	6.723048897192617E-5	0.4999991464392862	0.49999951198522247	0.5000003610923247	0.5000066405066472	0.500021158442731	
0.9999769654198034	0.999981766372829	0.3336925746558251	0.9992820379859311	0.5000028017969103	0.49999930879835836	0.4999983289903969	0.5000044691592453	0.5000264631434458	
0.9999981848406115	0.9999981476447141	0.333332902824192	0.5000219590229308	0.49999909315919727	0.49999908786848746	0.499998037696218	0.5000061563724605	0.500025182455408	
0.9999937403245364	0.9999952939268689	0.3333570813249237	4.9619637436098575E-5	0.499999247729266	0.49999897593295484	0.5000022808718686	0.5000055895950515	0.5000253925369175	
0.999983207128361	0.9999936207730137	0.1670110308020011	0.9988214197562977	0.5000011760002274	0.4999991503696344	0.500002345119611	0.5000044920862426	0.5000210718776074	
0.9999829874013031	0.9999845255461701	0.16666654344677131	6.726195947060296E-5	0.500001162709609	0.4999985575382608	0.5000022200700599	0.5000068308890083	0.5000211797298613	
0.9999874792760582	0.9999934948588647	2.1297183184702874E-6	0.007758379104562563	0.49999788657723	0.4999995255048843	0.5000022481853692	0.5000044740504138	0.5000211814617319	
0.9999997290177803	0.8333517369609474	0.999992014885257	0.9999837023021461	0.5000019849969243	0.49999982726251724	0.5000024359804698	0.5000050895787395	0.5000344942335211	
0.9999940483361782	0.8333144861394592	0.9999965668636732	0.8000563082802388	0.4999997168928432	0.49999967241240456	0.5000016477495132	0.5000047489242666	0.4999910506420619	
0.9999779175558102	0.8333145704776731	0.9999966238688064	0.600157702528706	0.5000007692560748	0.49999960216883677	0.5000006291329157	0.5000029433449736	0.49999580068791694	
0.9999983047415032	0.8333467830389848	0.9999801451905241	0.4000407410758416	0.5000003767389828	0.4999998731142832	0.49999847563245364	0.5000046687319326	0.4999934282376821	
0.9999961835731237	0.8333483135190718	0.9999682510694524	0.19997639233147518	0.49999940099064144	0.49999907888246786	0.49999841241974624	0.5000036276704167	0.49999377259163946	
0.9999980573604944	0.8333467520838203	0.999976880158838	3.0500765956052293E-6	0.5000004005542845	0.4999990785048077	0.5000013493998905	0.5000048755510744	0.5000244675788176	
0.9999995351259833	0.8333310795350649	0.8000203193600729	0.9999839100170139	0.4999996035279373	0.49999967469677176	0.5000006037613928	0.5000046619424064	0.4999991568276277	
0.9999940478753537	0.8333306648698364	0.8000203193600729	0.7499651910396666	0.49999959021891854	0.499999834952618	0.5000006048089767	0.500005019284112	0.4999991553724416	
0.9999940790514129	0.8333133250478819	0.800020400248558	0.49993163412903985	0.49999934531755424	0.49999930256252423	0.5000029176901681	0.5000040695653188	0.5000251381481504	
0.9999979235471768	0.8333466534219762	0.8000180034141186	0.24999291574673105	0.500000709363416	0.4999987576618061	0.4999983458102374	0.5000047167350612	0.5000335252024438	
0.9999983927368935	0.8333467440351104	0.8000181105251234	1.9635849256882884E-5	0.5000003762592388	0.4999992543468143	0.5000008973577633	0.5000070444366908	0.5000258378015938	
0.9999997284616015	0.8333462903109182	0.5999797708322712	0.9999377980057687	0.5000010873190815	0.4999985532294067	0.4999978641351125	0.5000055883937772	0.49999915051048305	
0.9999985880316145	0.8333541347316068	0.6000391313817329	0.6665378002993789	0.5000021117364565	0.4999992376321971	0.5000009002394853	0.5000070378681672	0.4999926076581488	
0.9999660542057018	0.8333539703725767	0.599920627943835	0.33369991127613274	0.5000020339493638	0.49999925111804566	0.49999850892421166	0.5000056212282198	0.5000254367578593	
0.9999948563178531	0.833353865796632	0.6000243221576973	6.725529173622497E-5	0.5000012727680658	0.49999926342193984	0.5000007643435693	0.5000031896198426	0.5000211740058217	
0.9999871785807523	0.8333414065174528	0.40005317683546915	0.9999215673354657	0.5000016895634373	0.49999979845993436	0.5000000795348449	0.5000056211113882	0.49999954256425067	
0.9999877239524827	0.8333407858517033	0.4000888570542525	0.49999663770270125	0.49999923164533017	0.4999995236179617	0.5000001270747662	0.500004900036051	0.4999952137810688	
0.9999940062408972	0.8333407839144498	0.40008901394774354	7.976780470691342E-5	0.5000010997798706	0.49999950355044054	0.5000001249658126	0.5000031876556037	0.5000249294086496	
0.9999994583141933	0.8333407524642605	0.20001373092812644	0.9999219061359413	0.5000017483588057	0.4999991279558131	0.5000002043694028	0.5000060783284626	0.5000208994154556	
0.9999651646667393	0.8333361905362089	0.20036883219787344	0.0013340308964235803	0.49999944010547437	0.4999991436786215	0.5000002100206486	0.5000048219414787	0.500025389017607	
0.9999962886198165	0.8333407832945668	5.2845537703837466E-6	0.532656325054174	0.5000016838122677	0.4999986732639152	0.5000000707136785	0.5000048835502844	0.500025720082612	
0.9999823479933273	0.6667262455272883	0.9999649183074395	0.9999032363661694	0.4999996485497599	0.4999985612221213	0.4999974285364001	0.500004750332824	0.4999912336920281	
0.9999823790985417	0.6667076390060032	0.9999649183074395	0.7500897151179831	0.49999965078862907	0.4999985682555225	0.49999734796848816	0.5000047829880194	0.4999920243776517	
0.9999988580819646	0.666671607484583	0.999986425804301	0.49998381238773887	0.4999988382188442	0.4999991958095838	0.500000337470918	0.5000049734533581	0.49999847925339697	
0.9999942196575479	0.6666422758147886	0.9999923955557839	0.24999122415871808	0.4999995518569951	0.5000021466133153	0.5000005064393959	0.5000077534243104	0.49999430659302624	
0.9999979390725888	0.6666857617723712	0.9999756650658824	6.169851784074753E-6	0.4999994797486961	0.49999910309965373	0.5000014805667112	0.5000061055405726	0.49999343307987165	
0.9999984693587126	0.6666581846263975	0.7500448172740134	0.9999989699000283	0.4999991222558533	0.4999997890231764	0.5000004805738929	0.500004506108826	0.4999923030932639	
0.9999989142461599	0.6667497839471442	0.7500448172909464	0.6666406831577213	0.500001709722003	0.5000023490555698	0.4999976401330544	0.5000045924134434	0.499992730839289	
0.9999988295105553	0.666687638544362	0.7500448474823249	0.3334056573808096	0.4999977936346357	0.499998678682793	0.5000005339381404	0.5000040517193826	0.5000248370264179	
0.999998365002088	0.666642267093529	0.750044844972046	1.6007045671588931E-7	0.4999994349968824	0.4999990327064051	0.5000003615967528	0.500003539233914	0.5000256485968573	
0.9999817301105778	0.6666553394675188	0.5000345588422177	0.9999649444000953	0.49999915474674783	0.4999996902212556	0.5000002068229334	0.5000080438257862	0.49999089007559255	
0.9999957976975612	0.6666565694232307	0.5000081579304277	0.5000914174232391	0.5000012774012602	0.5000000494787964	0.5000002441182715	0.5000032137536855	0.5000226416559526	
0.9999958046307076	0.6666428694347977	0.5000263773012227	5.012853370559403E-6	0.5000012766543355	0.5000000504320524	0.5000002313742523	0.5000030647591759	0.5000255743896871	
0.9999945253375535	0.6666565760666112	0.2501420179139764	0.9996939011758119	0.5000029757294331	0.49999912705514615	0.5000002339680227	0.50000309185927	0.50002267178347	
0.999994525586094	0.6666582573373668	0.25042795179289784	8.069262621306923E-4	0.499998896736095	0.4999991270074725	0.5000002082236888	0.5000048246329194	0.5000227979500119	
0.9999994573825927	0.6666617521977853	5.094246734917669E-6	0.9958620189410505	0.500001127320706	0.4999991744293483	0.5000002291845327	0.5000052127692313	0.5000265105720516	
0.999995873650115	0.5000290230197202	0.9999946445492512	0.9999780653636173	0.49999898704002027	0.4999998287244025	0.5000010434504546	0.500005601272584	0.4999926184434988	
0.9999911262259006	0.5000290192201163	0.9999701386326711	0.666695206206876	0.4999989102002279	0.5000000010691075	0.5000010526272273	0.5000076885532836	0.49999189722770176	
0.9999834325559162	0.5000185455799376	0.9999625168370535	0.3331008729934372	0.5000011542396394	0.5000015858510075	0.4999974449625139	0.5000058753623231	0.4999918794227682	
0.9999943505313293	0.500179927262238	0.99996817292096	2.9660016001531415E-4	0.5000055205022895	0.4999992390219143	0.49999752497676675	0.5000058592988192	0.500024773905222	
0.9999978923623802	0.5001040972911172	0.6666523918183173	0.9999643561921835	0.5000012726941868	0.49999930780307117	0.5000003466279968	0.5000054382233969	0.4999978674019057	
0.9999958873102611	0.500141469510581	0.6666547247460339	0.4999999401749455	0.5000011627182473	0.49999974085729226	0.5000007309723771	0.5000050995932822	0.5000253165090388	
0.9999992887061484	0.5000655678170616	0.6667563279729753	4.04910158288874E-5	0.4999991371734681	0.499999102940486	0.5000008602869827	0.5000055852977443	0.49999984709099166	
0.9999990401084998	0.5001040812850904	0.33348214901681345	0.9995740468442547	0.5000010796932854	0.4999996916124101	0.5000008036361694	0.5000050747181066	0.5000325591967529	
0.9999983075864589	0.5000653206233443	0.3334532095480917	1.0247015958305874E-4	0.49999923936658436	0.49999907128228377	0.5000003295432952	0.5000052718604517	0.49999732575615635	
0.9999970548299381	0.5001033071158144	2.077636492331733E-4	0.5011873823198368	0.5000013203962604	0.4999993220616053	0.5000002030623762	0.500005208018089	0.5000327856279821	
0.9999909003479743	0.3334843572347226	0.999808284573834	0.9997525095981741	0.49999900519241397	0.49999972273176146	0.5000014515085109	0.5000047177263794	0.5000380710199578	
0.9999852584960753	0.3334800331943117	0.9997269540521321	0.5000305361601861	0.49999968272208145	0.49999992939586124	0.4999999426563375	0.5000059073782578	0.5000267643004862	
0.9999829852592518	0.3334787322221531	0.9999922539427306	2.9580914125970637E-4	0.5000055205022895	0.4999991589307822	0.5000028268449731	0.5000058851829768	0.500034584661397	
0.9999841804802744	0.33348209139495066	0.5001697025198527	0.9995735303702366	0.5000013400548671	0.4999990044061258	0.49999997360156645	0.5000056196663938	0.5000329334993442	
0.9999820300921352	0.33347981083826334	0.5000288285115939	3.588803784933122E-4	0.4999996083042774	0.4999992074617121	0.5000028027089949	0.5000056130525304	0.5000254939127223	
0.9999953066260654	0.3334425232458376	2.0012968582988622E-4	0.019944877925845372	0.49999920763780914	0.4999999332130128	0.5000003694935896	0.5000059263311676	0.5000215199525041	
0.9999829437067628	0.16683816834652013	0.9996893004118381	0.9997124754954761	0.49999910976923395	0.49999918756315165	0.5000027782411384	0.5000061686285336	0.5000341744884894	
0.9999935557982716	0.1668103112776322	0.999653175107752	8.184034064227092E-5	0.49999911072442876	0.49999922662137825	0.5000014252400018	0.5000047403025785	0.4999917598697304	
0.9999681539142681	0.16681058867812462	5.529277746423527E-4	0.5155472680951225	0.5000013924929063	0.4999997343702202	0.5000003957944857	0.500005195877614	0.5000380003322267	
0.9999998290435209	3.927167572735268E-5	0.9608340152326023	0.506336513280531	0.500001816999528	0.4999999390437211	0.5000041546813228	0.5000056133536166	0.5000393374937808	
0.8333222773688701	0.9999986674683718	0.9999926934395588	0.9999992846462313	0.4999998734082043	0.4999996510076616	0.49999943704783817	0.5000047834146913	0.4999922099871249	
0.8333241155217558	0.9999886026940215	0.9999871052028713	0.8000563566451638	0.5000014794862229	0.4999986283288442	0.5000017557985701	0.5000042536891691	0.5000259754558967	
0.8333241193495456	0.9999674544335653	0.9999812080116472	0.5998993635462995	0.4999995749565253	0.49999908676292126	0.4999982408521959	0.500003421382716	0.5000250511141603	
0.833324835309723	0.999989757091688	0.999980669901206	0.3999467234106142	0.4999997098311142	0.4999988723711911	0.5000006706816278	0.5000054887312461	0.5000386374947283	
0.833322753286754	0.9999986036276146	0.999989147817055	0.19997639236493475	0.4999995229214137	0.4999992328305439	0.49999816357237575	0.5000030093296861	0.5000350148508113	
0.8333238315502235	0.9999985961917925	0.9999891708428782	5.855637927047506E-7	0.500001881778979	0.49999904670201506	0.500001887336873	0.5000056298921123	0.49999520718506785	
0.8333241781831422	0.9999963283246174	0.8000197705344129	0.9999920574335609	0.4999991219094147	0.49999921057721824	0.49999948476742745	0.5000044002900916	0.499990420708194	
0.8333241275455269	0.9999963982942431	0.800019831813561	0.7499692524368426	0.49999912190929247	0.4999992093416941	0.5000007548565346	0.5000043982005182	0.4999904185453538	
0.8333227689576532	0.9999986446734336	0.8000195097902366	0.5000999122476028	0.4999995388840863	0.49999907421888445	0.4999982284056952	0.5000040833861005	0.4999926764843223	
0.8333234591776056	0.9999988442915165	0.8000180075537382	0.2499922640710519	0.499999344238154	0.4999990460191569	0.500000528048322	0.500004640141437	0.5000254011854696	
0.8333368672490719	0.9999962892274875	0.8000181297682378	6.308608598010928E-6	0.5000016739375306	0.500000193739474	0.5000003255686508	0.5000046588052725	0.5000250294671764	
0.8333247532609467	0.9999991852081656	0.6000431239516563	0.9999739138068242	0.5000014681362839	0.4999988414391572	0.4999993694808824	0.5000050604488514	0.4999996882139389	
0.8333236522846057	0.99999395127786	0.6000385958193853	0.6665398991340887	0.49999924054991673	0.49999921931232905	0.499998108099855	0.5000070181547582	0.49999549451040426	
0.833323209189907	0.9999954326003957	0.6000364603906894	0.3334117405836364	0.5000006892145961	0.4999989941844716	0.5000006403394588	0.5000040841241202	0.5000321649607988	
0.8333419949237992	0.9999930488540402	0.6000365988673534	5.998165294234884E-5	0.4999994744729554	0.49999982397560944	0.5000003159645323	0.500004788619787	0.5000254942986373	
0.8333231513033338	0.9999977837859871	0.4000890873955862	0.9999204119322842	0.5000014613762641	0.4999991509210797	0.49999929702514717	0.5000040654288195	0.4999995417171497	
0.8333385330660739	0.9999981402912148	0.4000858205489936	0.4999629694263728	0.500001284491583	0.49999914895870196	0.49999837644164236	0.5000054765639838	0.5000224567637611	
0.8333381895452688	0.9999843333417932	0.4000857796084022	1.6326278184694912E-4	0.4999991989456347	0.4999995255966345	0.5000003128474662	0.5000043060165721	0.5000257085142898	
0.8333230197802143	0.9999979832473493	0.2000233821947875	0.9998922508217314	0.4999991608991137	0.4999993007424985	0.4999980375603493	0.5000066644182152	0.5000253793142847	
0.8333202864206615	0.9999859021752548	0.20001684556207847	6.986296956716542E-5	0.4999976418213057	0.49999951334512927	0.5000006469262169	0.5000043272956974	0.5000253798625357	
0.8333384343373651	0.9999995384537212	1.957019240350861E-6	0.023307566073325518	0.4999994324079928	0.5000000743925771	0.5000002028526592	0.5000032227239082	0.5000212800985105	
0.8333247131047632	0.7999904807190313	0.9999965747482622	0.9999996827764611	0.49999975266537944	0.49999806671508984	0.5000016689378324	0.5000045531130752	0.4999982814155819	
0.8333241070727283	0.8000036388074941	0.9999870908391091	0.7499725583893521	0.4999988249115403	0.49999931121154356	0.5000005917106407	0.5000042136180292	0.4999951107893781	
0.8333228492954124	0.8000040116946217	0.9999998197092786	0.49999827528777063	0.5000005671714554	0.49999907735465976	0.500000728428325	0.500004397640904	0.4999927131303103	
0.833322769306365	0.8000053236207659	0.999999535711274	0.24999048933216425	0.4999995384885574	0.49999909797978237	0.500000493084432	0.5000046742654398	0.4999928126308075	
0.8333363787535524	0.8000054961118731	0.9999895393001424	5.859586676515611E-7	0.4999994778463289	0.49999910239727074	0.5000020141733494	0.5000033561039908	0.49999342469988306	
0.8333223054645912	0.8000040030757427	0.7500300523796867	0.9999781813715047	0.49999912108217814	0.49999980450041853	0.5000008227869251	0.5000042517818165	0.4999969524266443	
0.833322911261615	0.8000027146997825	0.7500272977953305	0.6666404027767971	0.499999040561488	0.5000000978267131	0.5000013518185231	0.5000052604110972	0.49999532269534613	
0.8333416840816757	0.8000039068362618	0.750042524194721	0.33340795111980764	0.49999743327288776	0.4999999421865701	0.5000008941701416	0.5000030715807846	0.4999904336015837	
0.8333358046767693	0.8000062999923215	0.7500434258166744	2.422643626537324E-5	0.5000011019956394	0.49999909818957183	0.5000012644619026	0.5000034458629138	0.5000250219136883	
0.8333248107866603	0.8000038294677753	0.5000038408705907	0.9999930420917821	0.49999923645203304	0.49999919888650785	0.5000008199549615	0.5000055814913644	0.5000258972817381	
0.8333380214715195	0.8000038959594287	0.5000082094290625	0.4999988142460184	0.49999918309433666	0.49999881415202235	0.5000007215644287	0.500005379134956	0.500020796253847	
0.8333236535580818	0.8000038682454789	0.5000095402943453	6.033558734669362E-5	0.49999910344787735	0.4999999824452284	0.5000007286059137	0.5000047963641018	0.5000255816327766	
0.8333384132371171	0.8000064532583931	0.2500358138767634	0.9997756987728482	0.49999911801198177	0.5000000720262481	0.5000002673342644	0.5000055914572031	0.5000261824571905	
0.8333381465707271	0.8000038926467126	0.25003427970570785	7.312212635298521E-5	0.4999978110881845	0.49999951575861495	0.5000003954139907	0.5000030956714427	0.5000255490238269	
0.8333378818091363	0.8000038030668404	2.112605516415745E-6	0.022982951807461405	0.49999943104150313	0.5000000689031496	0.5000002519133142	0.500003118244823	0.5000246037025672	
0.8333222512549665	0.5999933687923418	0.9999975555649634	0.9999716095492351	0.4999990067041171	0.49999983413112636	0.4999977014616256	0.5000054094460152	0.5000270688000513	
0.8333409663732505	0.5999926740408476	0.9999746494184049	0.6666379198340191	0.5000005236739128	0.4999999947390119	0.5000001715544254	0.5000043980569531	0.49999242346797335	
0.8333409967483552	0.6000296153368293	0.999954008343567	0.3334044139178964	0.49999920960064664	0.5000000017072657	0.5000009950719432	0.5000060246367141	0.5000243052714132	
0.8333238238128887	0.6000456167811753	0.9999843409394262	4.1717002741897754E-5	0.4999994852161324	0.49999921843499906	0.4999981006828194	0.5000047112574065	0.4999948150966401	
0.8333041214008687	0.6000163852995187	0.6666609420058733	0.9999639644800786	0.4999996803114978	0.49999996904997285	0.49999765520704087	0.5000054078172951	0.5000270570385769	
0.8333248761280682	0.5999915323720725	0.6666704163614152	0.49999749061519977	0.4999991447571731	0.4999999720836757	0.5000007204075879	0.5000053112822875	0.5000249150241541	
0.8333412432045537	0.5999919340380321	0.6666697378694547	4.7261789489963103E-5	0.5000013674927695	0.49999995186176016	0.5000010114075336	0.5000057606556503	0.5000257245700594	
0.8333230332762792	0.599972583617676	0.33333333133508564	0.99999970989085	0.49999904511975185	0.4999992472449674	0.5000007279086401	0.5000032120214071	0.49999368597784927	
0.8333375489272725	0.5999919695956857	0.3334499273863345	2.506803211882237E-4	0.4999992300493349	0.4999999419011202	0.5000003652566638	0.5000048207850389	0.5000207248958004	
0.8333368955173788	0.5999915634896116	7.101659114669296E-10	0.004596441985791455	0.5000027025058367	0.5000000655617632	0.500000741391386	0.5000032044937074	0.5000234205338743	
0.8333414309686769	0.40004020746038876	0.9999921529349043	0.9998539896313261	0.5000011806469766	0.5000013623071141	0.5000003106984268	0.5000052062407655	0.4999904808114355	
0.8333415018248191	0.40004020746038876	0.9999699121695034	0.49999815940735853	0.5000012536949742	0.5000013459223133	0.5000003409496765	0.5000052599047612	0.499998476625296	
0.8333405261516881	0.4000400563563528	0.9999623693667197	5.172556887414032E-5	0.5000013043716147	0.49999912139074315	0.500000348548297	0.5000047447510823	0.4999941553328546	
0.833341505112801	0.40000361680597235	0.500177023082592	0.9996761633528624	0.5000013436703893	0.49999972447530233	0.5000003251849269	0.5000055818323645	0.5000285463276563	
0.8333415015329505	0.40012909075304093	0.5000285663021895	3.146285980859932E-4	0.5000012659755226	0.4999999507687098	0.5000007253048284	0.500005496635388	0.4999989680291071	
0.8333437960996876	0.40012954262027967	4.303275393785646E-4	0.4723248071178415	0.49999904514436216	0.500000106837287	0.5000028610317498	0.5000053337063213	0.5000260007123148	
0.8333393281484814	0.2004624672856739	0.9992362609279652	0.9988947299344789	0.4999992161225373	0.5000013319045312	0.5000008222183163	0.5000052554034006	0.5000247781592929	
0.8333433274266909	0.20021226842669243	0.9997087929461318	8.468495514457838E-4	0.5000012625548688	0.4999994784773967	0.5000014297818455	0.5000046988020251	0.49999894023821595	
0.8333415229028011	0.2001319442240878	5.608706406721268E-4	0.5001927463444295	0.4999990492553823	0.4999993326475053	0.5000008315391933	0.5000053307587885	0.5000283808919784	
0.8333257179438549	2.524027328115741E-6	0.9954089522001063	0.43012061795816536	0.49999909023306494	0.5000013208574146	0.5000014433290565	0.5000050816800264	0.49999323200649026	
0.6667028055092001	0.9999914479001578	0.999963817353073	0.9999975041217342	0.49999677513061586	0.4999979398926945	0.5000009349611301	0.5000049888847831	0.49999036465288044	
0.6667318357176247	0.9999719040942003	0.9999102286439034	0.7499612675031774	0.49999947722579596	0.499999096616678	0.5000002116637857	0.5000055474749507	0.5000353914581531	
0.6667318355310974	0.9999555707309422	0.9999564250823088	0.4999964198491397	0.5000012041113111	0.4999998688435945	0.500000177281684	0.500003631483309	0.5000248716667854	
0.6667527542862466	0.9999491780970764	0.9999325122718662	0.2500880821350989	0.5000008757614971	0.49999908619125216	0.500001298064307	0.5000030900262165	0.4999929808468507	
0.6667545569666861	0.9999385350867458	0.9999662710270131	1.370044493024695E-4	0.49999949291218115	0.49999976708417515	0.5000003773237025	0.5000052772227858	0.4999726894537983	
0.666699702574069	0.9999957919697877	0.7500271118826266	0.9999989221949641	0.49999974678564546	0.4999997429688737	0.5000001827375576	0.5000050324970513	0.4999979320631443	
0.6667313718765738	0.9999897198414887	0.7500271105715437	0.6666228461982395	0.4999989334402569	0.4999985755040218	0.49999964446579626	0.500005136387912	0.5000263944993498	
0.6667317698926802	0.9999567941480342	0.7498330153760006	0.33341264232828677	0.5000014570418059	0.49999913126752193	0.4999979880556505	0.5000061767955433	0.5000457058989812	
0.6667501244913864	0.9999570740586086	0.7502490320953203	2.4224480154738673E-4	0.4999995918765199	0.49999908606475874	0.500001416196359	0.5000053137474997	0.5000258409126463	
0.6666993500884644	0.9999830117545341	0.5000816752231174	0.9998737299242664	0.49999945721777367	0.49999920834697453	0.5000000268903683	0.5000043977833991	0.5000243061500615	
0.6667321674178468	0.9999570779672636	0.5000096663175277	0.4999629974841915	0.5000012135510384	0.4999999487643067	0.5000009498905661	0.5000065715131281	0.49999173031467053	
0.6667514310824504	0.999958161759125	0.5000667497315872	2.3663651758225906E-4	0.49999936567878134	0.49999908582557945	0.4999999901987819	0.5000044269458751	0.49997454005189806	
0.6666196290501525	0.9999853805449119	0.2500709772513462	0.9997824802337343	0.49999943946938025	0.4999997134280291	0.499998502428561	0.5000048191531813	0.5000193653083924	
0.6667134578105152	0.9999986498272584	0.25007097759038066	2.478167445951495E-4	0.49999920613121757	0.4999990836302408	0.4999981815404967	0.5000048145010517	0.49999128482267136	
0.6666223320911352	0.9999852145420233	3.6723672027423355E-6	0.021683405806390776	0.49999942293089955	0.49999970082249967	0.4999985100063364	0.5000047759754369	0.5000228232005447	
0.6667018986454717	0.7501386431292115	0.999937561208069	0.9999376775341147	0.5000010462766278	0.4999999743796672	0.49999799001458783	0.5000055227326659	0.4999948347126283	
0.6667091417421407	0.7500019507850462	0.9999853825243918	0.6666841307191447	0.5000013109793088	0.49999933953254194	0.5000007273126952	0.500004212433898	0.4999948559632926	
0.6667316430620818	0.7499986841462173	0.9999663036851537	0.3333198408400956	0.5000005045952631	0.4999989743845253	0.5000003003022386	0.5000061195324542	0.5000258394897019	
0.6667316430620818	0.7499986841462173	0.9999663036851537	4.163474657669928E-5	0.5000005128032137	0.4999989743845253	0.5000020663937613	0.5000061195324542	0.50002588606671	
0.6667032916417639	0.7501387012175551	0.6665649143842792	0.9999550317434247	0.500001046465571	0.5000000157516031	0.5000006756201605	0.5000049377808846	0.5000282268349572	
0.6667312571013309	0.750001938674699	0.6666021346108627	0.49999658889500387	0.4999991491289746	0.49999990889215445	0.5000006623073364	0.500004955044762	0.5000247510625643	
0.6667510681464769	0.7500082776130028	0.6668050389716331	2.9980973002168937E-4	0.499999486567935	0.4999991023458473	0.5000002518009058	0.5000048359735659	0.4999703333435066	
0.6667406858352005	0.7500220450662552	0.33348542357579336	0.9995657480691085	0.5000010456818728	0.4999999663784858	0.4999986417570041	0.5000060773024236	0.5000391860032634	
0.6667598900585118	0.7500127762099963	0.33345266637389637	2.499968963523009E-4	0.49999921278000725	0.49999993034807716	0.5000004587562387	0.50000528154733	0.49997398949650546	
0.6666543524525651	0.7499380546510267	2.2996874358627752E-5	0.9969934927072981	0.4999989850972623	0.49999970241479696	0.500000042243142	0.5000046011276263	0.5000245927706439	
0.6667522346380481	0.5004297289616827	0.9996987948351881	0.9996899665905237	0.5000013532429712	0.4999991949324218	0.5000005033252679	0.5000048447912271	0.4999932180115688	
0.6667416276436713	0.5000548694735063	0.9999041401542841	0.499975937971312	0.49999932299136096	0.499999953044565	0.5000003610155276	0.5000053501687493	0.49999096579816843	
0.6667415376699259	0.5000548694660848	0.9998442346782449	1.0692368830172557E-4	0.4999992450352229	0.5000000479890144	0.5000008488090364	0.5000046878401004	0.5000241967346303	
0.6667313160398032	0.5000977686088073	0.500034276696432	0.9998279018950067	0.49999754250888434	0.49999867716729246	0.5000000083427812	0.5000064097773126	0.49997329776044674	
0.6667315716591097	0.5000538757349157	0.5000332205273561	5.5384403452757406E-5	0.500000532433678	0.4999989854831127	0.4999918093449596	0.500005585939716	0.49999866056733994	
0.6667318422017392	0.5000855383698493	3.7618677371847935E-5	0.7119338101815498	0.4999992260921703	0.4999991683478593	0.5000003328308684	0.5000049489754488	0.5000245815401021	
0.666830576042518	0.25009543308125853	0.9989454750012475	0.9999785439236654	0.500001818995072	0.4999998555543849	0.5000004187119881	0.5000049501743579	0.5000157203167199	
0.6667413964754391	0.25047614773718396	0.9996919877090676	1.4113435218397412E-5	0.5000011187091419	0.5000015101302845	0.5000008404897565	0.5000056058473481	0.5000241696281933	
0.6667481739682508	0.25051004414678263	0.0016795024249486867	0.509285514956552	0.5000018000746631	0.49999999726325	0.5000009684752496	0.5000048543523689	0.5000391826788598	
0.6667389749263744	2.812340656418341E-4	0.4853071172177207	0.0015797173642492224	0.5000011203080235	0.5000014444399626	0.5000004318059925	0.5000051929548661	0.49997875497958905	
0.500006419664287	0.9999822908874028	0.999868445543519	0.9998151349677339	0.4999989590825839	0.499999061524413	0.5000046777307323	0.5000049110621416	0.5000248530569986	
0.5000165814799978	0.9999809542060517	0.9999987488013969	0.6665719011255973	0.49999973183736174	0.4999991182291285	0.5000002489137593	0.5000053122159391	0.5000248403170102	
0.5000042302521841	0.9999986696240092	0.9999909733918126	0.33336802160741985	0.5000012675611851	0.5000000596443692	0.5000008864688856	0.5000046811078482	0.4999861984459754	
0.5000201811660522	0.9999986692539783	0.9999941727132057	7.766386515554481E-5	0.5000004024003832	0.49999836827761074	0.5000041958106601	0.5000047846521558	0.49997365934149707	
0.5001421378254973	0.9999749996560392	0.6666275023364048	0.9998217883472513	0.4999990186382156	0.4999990724104176	0.5000001296943495	0.5000065253763366	0.49999554448831474	
0.5000161569176981	0.9999969329898043	0.6666501740623064	0.4999760105182899	0.499999135513683	0.4999990913173709	0.500000671110248	0.5000047854194133	0.5000229928147859	
0.5000163718705802	0.9999986644566949	0.6666588334796337	7.64977026950555E-5	0.5000004292132738	0.4999991744172054	0.5000004141672755	0.5000043783298157	0.4999757007267481	
0.5000222047614059	0.9999845296299276	0.3333289805960108	0.9999771625900161	0.4999993832572457	0.4999997085768324	0.4999992966257454	0.5000049347345213	0.5000392338496393	
0.50002229252803	0.9999845930867973	0.333323399530932	2.364823990073881E-4	0.4999991051130912	0.4999992121758274	0.5000004631218958	0.5000047973560134	0.5000230123794183	
0.5002256057854152	0.9998171598156861	3.185622564435049E-4	0.5388596700220458	0.4999991274335152	0.4999984605977596	0.4999980811228329	0.500004648995436	0.4999740220317891	
0.5000087203840392	0.6666766781541292	0.9999721837931819	0.9999757268929288	0.500001067142743	0.5000000308119218	0.500000674582394	0.5000064478073685	0.5000242702834591	
0.5000165862715298	0.6666765871033727	0.9999721191319018	0.5001250022059349	0.49999896139604133	0.49999968920848	0.5000008167988373	0.5000059617229425	0.5000248459084617	
0.5000189689160305	0.666685820541671	0.9999710020555495	1.0395885402105363E-5	0.4999995117618061	0.49999979723488136	0.49999643876064276	0.5000053013841582	0.4999722640553788	
0.5000064350590744	0.6666858635943888	0.5001084320020313	0.9998928700172738	0.49999898701866297	0.49999965984079464	0.5000003567745371	0.5000053104660095	0.5000245960659465	
0.5000199601835126	0.6666902130012188	0.500100131983279	3.2047264795808826E-4	0.5000004219926272	0.49999912464195656	0.5000004178297875	0.5000047834650109	0.49997368034263756	
0.5000199165737548	0.6666437771405781	8.386471013591864E-5	0.49679236958860734	0.5000012167355635	0.4999991237939177	0.49999932844410705	0.5000047827009751	0.5000243934851456	
0.5004617822236808	0.33458075672900517	0.99829762253828	0.9975546170885976	0.4999991110945886	0.49999990878745737	0.5000007837128545	0.5000064306417964	0.5000247436369596	
0.500307326674717	0.3340105255046617	0.9989433843109552	1.817165326527965E-4	0.5000018279965207	0.5000000283277346	0.49999439633302417	0.50000467819263	0.5000441508443058	
0.5004625876184584	0.33400826083341095	0.0017131850805233717	0.6813853401380283	0.5000018278816979	0.5000000282369026	0.4999948194194755	0.5000046744706916	0.5000205318649875	
0.5002209600408253	5.815698929238777E-4	0.4638471184395443	0.4972788635968526	0.5000018243120998	0.4999998538165948	0.5000004204677393	0.5000047081918726	0.5000157534628135	
0.3334334411422364	0.9998694614167011	0.9998585838437247	0.999978128971902	0.4999996373244252	0.5000000108365963	0.5000003551301881	0.5000100128777271	0.5000251600127105	
0.3334370318353916	0.9998592120225805	0.999957847859799	0.5001263050838458	0.4999990419181379	0.4999991640752366	0.5000007514607235	0.5000048102534652	0.5000242181222746	
0.3334480746901598	0.999861000878777	0.999769651486253	6.883673383584199E-5	0.5000026632240822	0.4999993215375867	0.4999959242345751	0.5000046782920993	0.5000429308943567	
0.3334091724589245	0.999980450540605	0.5001015486795192	0.9996537805019055	0.49999879761293475	0.4999990382453015	0.5000003149935575	0.5000096187981282	0.5000244718685939	
0.3334474271137402	0.9998659729887059	0.5001015551526355	1.4393418044179957E-4	0.49999879273415787	0.4999993409482423	0.5000004514670476	0.5000047888627517	0.5000402226038773	
0.3334092801290983	0.99998099096917	3.1576184081898173E-4	0.5284382942906074	0.4999987573914587	0.49999906604943084	0.49999810227877217	0.5000049555197584	0.500024336446769	
0.33344796295122897	0.5003729085238827	0.9996865637683652	0.9996889192776351	0.5000015647084778	0.4999991206087462	0.4999968464580357	0.5000093558769895	0.500023387402618	
0.3338018742516282	0.5010369981379856	0.9988780861328331	0.001327467835529267	0.5000012973756517	0.5000000231036339	0.5000003130847679	0.5000047168349212	0.4999838173702939	
0.33343951235901303	0.5002442061433919	9.400289008179019E-4	0.23694372504759248	0.49999873571916603	0.4999998177689698	0.5000006851498325	0.5000047575146644	0.4999947227787866	
0.333436777370422	4.963635458183902E-4	0.9100595460550815	0.4971149922124242	0.5000016846995518	0.4999990595534554	0.5000000462247279	0.500004780261411	0.5000156845581388	
0.1672241772409012	0.9991797285140821	0.9989360560822358	0.9988761877801902	0.4999986539915486	0.4999995420916605	0.4999969799175742	0.5000048873601344	0.5000250275198723	
0.16689304881468814	0.9991752159975185	0.9997661681349957	1.0133718196960592E-4	0.5000027218008218	0.49999932372886136	0.4999959010028985	0.500004732636623	0.500025122335512	
0.16673558654586212	0.999985983183732	3.275054259502386E-4	0.5186229640837001	0.4999991120803116	0.5000020989013128	0.50000005363056	0.5000059907916273	0.5000248439644448	
0.1664418876858918	1.6486813920280063E-4	0.3504403359831126	0.9390558790661878	0.49999896689791024	0.49999925673659507	0.49999601038738584	0.5000047947802484	0.5000229727165088	
6.2120038391566545E-6	0.5010282160173545	0.9862885898241357	0.9984509015587933	0.5000013083497532	0.49999912064531216	0.5000001286566483	0.5000065260291178	0.500043435681929	
