0.9999978489986091	0.9999995590273631	0.9999912669587	0.9999960209325451	0.500000307028462	0.49997826185301786	0.49997104200007525	0.5000003239129426	0.4999992285573586	
0.9999947587450387	0.9999972524761483	0.9999956517019372	0.833378031572317	0.5000024196137574	0.49997901228250585	0.49997405417987967	0.5000013177694334	0.5000004445659287	
0.9999769684128912	0.9999907898226015	0.9999482548881166	0.6666590916695655	0.4999998091891102	0.49997906578396534	0.4999737035932991	0.49999879680936776	0.5000006083565887	
0.9999675610285597	0.9999979088133628	0.9999936371406146	0.49999717703382884	0.49999976622174075	0.49997907008846865	0.4999739377023156	0.500001170778354	0.49999919013536637	
0.9999942215138965	0.9999999051155065	0.999996266298655	0.3333677156257198	0.5000004257703455	0.49997908714126127	0.49997002602529395	0.49999935793301264	0.49999897301085877	
0.9999466096780555	0.9999682643363909	0.9999541618275141	0.16688617480395132	0.49999973456361746	0.49997844863880364	0.4999704258165559	0.5000001026725102	0.4999989293486055	
0.9999782399962089	0.9999960961148817	0.9999996166154502	7.449956835176284E-7	0.5000008629468263	0.49997807955466494	0.49997410117414026	0.500000110813226	0.4999989390833918	
0.9999985750397656	0.9999912976517134	0.8333380768682431	0.999995601202797	0.5000008528329106	0.49997826080037633	0.4999711073654605	0.5000008744983088	0.50000053811897	
0.9999935667389581	0.9999773754589141	0.8333384215249187	0.7999375213210157	0.49999787280686375	0.49997826299518616	0.49997056263011513	0.5000002930209918	0.499999148230083	
0.9999984723460751	0.9999986232754284	0.8333380751225842	0.600027913944682	0.49999981096043367	0.49997813543627484	0.4999711612938874	0.5000009357535655	0.4999990345409553	
0.9999949238566137	0.9999658892937197	0.8333394299118021	0.3997446981550942	0.5000004969239776	0.49997818585589276	0.4999703000788924	0.5000011616785527	0.5000033045788983	
0.9999930595310021	0.999979047979275	0.8332629541651444	0.19999680744759357	0.5000003895962324	0.4999781861430151	0.4999702676060309	0.49999970673540345	0.5000031211255795	
0.9999845977239062	0.9999687018244484	0.8334417758866866	3.397546020807721E-5	0.5000010767060128	0.49997846789636546	0.49997387886609124	0.5000000954278014	0.4999990099557512	
0.9999985766350897	0.9999987112803205	0.6666327657322593	0.999995002838851	0.500001382042779	0.49997824268254765	0.4999711098333755	0.5000008533454333	0.5000005485435506	
0.9999771618838865	0.9999865899841411	0.6666755108435075	0.7498064220528299	0.5000008788241741	0.49997814050514794	0.4999711503146741	0.5000004678354332	0.5000006956316977	
0.9999687775620356	0.9999769513188785	0.6664710150394909	0.499953318267408	0.5000015722631436	0.4999780656677227	0.49997063108240014	0.5000004168121823	0.4999997978110308	
0.9999674323599832	0.9999910334728345	0.6666704483777249	0.250041049933254	0.5000007424473897	0.4999790470854888	0.4999739435315847	0.4999986197842425	0.4999989498676712	
0.9999703160546385	0.9999581291959654	0.6668275562002713	1.524122981494346E-4	0.5000004464687446	0.4999790262129885	0.49997397777250563	0.5000003826014924	0.500003106374563	
0.9999969685608348	0.9999892009572833	0.5000055859558308	0.9999787574191056	0.5000005863479754	0.4999783095551922	0.4999710452232663	0.5000003751340559	0.500001780062556	
0.9999908590689093	0.9999791315637057	0.5000093536784359	0.6666901149741775	0.5000005818635328	0.49997791281855464	0.4999733868854987	0.5000007230496616	0.4999992982931979	
0.9999877890877105	0.9999875740419049	0.5000057613102215	0.3333040994012827	0.4999768744517065	0.4999783529177288	0.4999703945780348	0.5000013642444835	0.49999898478387705	
0.9999971331738684	0.9999967476507143	0.4999945835886996	3.0991274457402475E-7	0.5000032297382784	0.49997814685818354	0.499974146339404	0.5000011135077458	0.4999991271277904	
0.9999734904067729	0.9999843244142104	0.33346532796865685	0.9997103088268273	0.5000009223597885	0.49997833066363884	0.49997378856124464	0.5000007229918522	0.5000004271097416	
0.9999737624123868	0.9999868007181091	0.333311583808098	0.4998260127374427	0.5000012219833088	0.4999783959816049	0.4999740636541917	0.5000004703785751	0.5000004102637872	
0.9999753541915115	0.9999845781645131	0.3334547017685075	2.3115629080903348E-4	0.4999996096885894	0.4999789818510281	0.49997435467226925	0.5000012270879078	0.5000006967035775	
0.9999017578633987	0.999967953417591	0.16701651048213456	0.9988944954537631	0.5000006462730463	0.4999775884540736	0.4999697311391666	0.5000012715401001	0.5000004830774317	
0.9999750477559433	0.9999816515219018	0.16681270017669278	6.118123963529285E-4	0.4999996380308195	0.49997756447948527	0.49997433842938027	0.5000011567665812	0.5000004429327065	
0.9999983842686081	0.9999901899440976	2.4406663701271134E-8	0.5253934836188887	0.500001253592107	0.4999789806692608	0.49997427074081124	0.5000009683811435	0.49999999358517694	
0.9999932206090436	0.8333415327834188	0.9999904497773011	0.9999960162032451	0.49998411831425166	0.4999782618381073	0.49997046413968477	0.5000008831936966	0.4999991467814228	
0.9999982386207218	0.8333313056834669	0.9999993860298173	0.8000088666946401	0.4999993180404475	0.4999781421945037	0.49997036918703724	0.5000009950983196	0.5000005005261456	
0.999989599898877	0.8333360719906076	0.9999930449553236	0.6000558847163141	0.49999933614010655	0.499979072337345	0.49997409183930586	0.5000002079829067	0.5000005327899796	
0.9999670835112994	0.8333263264046165	0.9999961944393179	0.40025526279893947	0.5000015661140197	0.4999781473243804	0.4999738604865088	0.5000002351154004	0.5000002020035921	
0.9999950866249065	0.8333925068783007	0.9999829255639033	0.1999958013604117	0.49999935141791696	0.49997914911805663	0.4999699232569317	0.5000005142902837	0.4999990299883198	
0.9999998298800816	0.8333433046989194	0.9998919663463912	5.779290459741259E-6	0.5000001846326184	0.49997900208982377	0.49997016316397686	0.5000013883233115	0.5000001658586603	
0.999994993523176	0.8333392034278121	0.8000480703559482	0.9999959069443004	0.5000011207447459	0.49997903930941046	0.49997060386499326	0.5000008845240439	0.49999893033915865	
0.9999949933755237	0.8333389255382001	0.8000480649662793	0.7499577558067678	0.4999978918290258	0.4999790021081567	0.4999705815851782	0.5000008885930124	0.4999989313917443	
0.9999923349759786	0.8333393604167423	0.7999130926512842	0.4999946149387685	0.49999976526527906	0.49997807670943045	0.4999705840027939	0.5000010389734869	0.4999988479053061	
0.999994469625478	0.8333514960330799	0.7999812547914376	0.2500512106992325	0.5000003660219022	0.4999791816745503	0.49997395479258927	0.4999997021665962	0.49999895215725165	
0.9999994650835058	0.8333433046989194	0.7999819021196574	5.774035149374248E-6	0.5000001940699224	0.499979024262743	0.49997034351854225	0.5000014363719572	0.4999992848394435	
0.999986877820827	0.8333353529931753	0.5999502028771875	0.9999976203112786	0.5000016802504932	0.4999782460708197	0.49997033432290733	0.5000008837389616	0.4999990470440262	
0.9999883693517146	0.8333333685742494	0.6000785793681744	0.6665885997882142	0.49999941749410043	0.49997832147586313	0.4999710390519019	0.5000008991083458	0.49999898729213715	
0.9999891400512796	0.8333333716963046	0.5999938494808676	0.3334060307702972	0.5000019659564457	0.4999790264359959	0.49997409213255684	0.5000014361558155	0.4999987811145474	
0.9999898474434712	0.8333439128746417	0.6000770586732103	1.1529476863433936E-4	0.5000002022607801	0.49997904291034323	0.4999702095014457	0.50000033288268	0.49999990945742817	
0.99993332066306	0.8333533767282144	0.4006559915135038	0.9987922916162872	0.49999633497504176	0.49997899457366024	0.4999737227528212	0.5000012084166661	0.5000004710247703	
0.9999953552129766	0.8333586563183276	0.40004589059724616	0.49988845352490285	0.5000009937334504	0.4999784005655531	0.4999740718929666	0.49999999399083545	0.5000004833021265	
0.9999898597013152	0.8333448831370796	0.4000711472351812	1.1527751968866103E-4	0.4999996132569198	0.4999781387555192	0.4999740151920954	0.5000013745155053	0.49999991858322196	
0.9999890472109105	0.8333454592490543	0.20031324301155287	0.9989488792324283	0.49999919822039185	0.49997840999591325	0.49996976746926514	0.49999999407994206	0.5000007414288816	
0.9999835908328848	0.833345204910844	0.20031303475740983	7.686747980500273E-4	0.4999990516257018	0.49997901475452095	0.4999743028121691	0.4999967810697992	0.5000006152828381	
0.999994919428986	0.8333445852915438	8.943146300213181E-6	0.33945233406374553	0.49999590456526716	0.4999781444832525	0.4999742900340499	0.5000013232448486	0.499998880479453	
0.9999698382591583	0.6667875780530131	0.9999221458075814	0.9999482502700229	0.4999968275052262	0.4999791082021545	0.4999735973866998	0.5000003234413155	0.4999990503373344	
0.9999817905687488	0.6667284944369803	0.9998353554212356	0.7499584291703344	0.499999484180662	0.4999781339443314	0.4999711782385314	0.5000002516907818	0.49999929392942927	
0.9999676532239761	0.6666469827679418	0.9999522751048993	0.49999730271273196	0.4999994828300116	0.4999789762691828	0.49996922569041197	0.5000008073026968	0.4999990265149924	
0.9999945497234162	0.666707073370968	0.9999548819253552	0.250036745050698	0.4999995186052638	0.4999776482547303	0.4999709250102266	0.5000007949885978	0.49999910011513915	
0.9999937661491669	0.6667114483534325	0.9999635618181679	1.0511086482193309E-5	0.49999968214501805	0.49997817793415616	0.49997388675202065	0.4999967644677545	0.5000012433836086	
0.9999830201783263	0.6666576286041522	0.7499615064822496	0.999987264668715	0.49999694972412206	0.4999790067858404	0.49997006287649504	0.5000002823055274	0.4999990173313636	
0.9999701474097387	0.666657543746168	0.7499533465434046	0.6666926408872794	0.4999995165037859	0.4999776411961181	0.49996926789018575	0.5000002881299019	0.4999990265270086	
0.999989165229465	0.6667199540560841	0.7499156025507115	0.3334049379834197	0.500001939397688	0.499979053370122	0.49997420125100434	0.4999999825784625	0.4999981116879565	
0.9999945652738146	0.6667059232706125	0.7499951194022894	7.749370971024878E-6	0.4999997190795356	0.49997813510351236	0.49997033175101696	0.49999974483869136	0.5000011161865549	
0.9999765757890744	0.6665849396587119	0.5000034683762429	0.9999965896790507	0.5000008722640535	0.4999781347458263	0.499970073884537	0.5000005370838881	0.5000007472782056	
0.999974748753496	0.6666934209842431	0.5000099063151747	0.4999534967046704	0.4999980554456896	0.4999789176259754	0.49997363896677405	0.499996169529519	0.5000004719724062	
0.9999911369024373	0.6667106509944127	0.5000101972421177	1.6920968961635667E-5	0.4999998769105651	0.4999789987832041	0.49997437709264514	0.5000011235996856	0.4999989928181906	
0.9999934875617201	0.6667104709555399	0.2500618788833585	0.9999076563011763	0.4999988875292877	0.4999781465163861	0.49997349101903504	0.5000008539871726	0.499998850216946	
0.999999645400257	0.6667106462728517	0.2500618788833585	5.266655088581498E-6	0.49999937782581855	0.4999789855024297	0.49997432232190614	0.4999967770234632	0.5000007015690986	
0.9999758700516744	0.6669308660032898	4.253605392021321E-4	0.5050858276617969	0.4999996527346034	0.49997901113246446	0.4999743444538238	0.5000011372151623	0.500000449235228	
0.9999819370429862	0.5001091003615071	0.9998313790346601	0.999863851123389	0.49999694788916904	0.49997769187132296	0.4999687032142518	0.4999954704633477	0.4999991187468277	
0.9999917406635479	0.5000348794885181	0.9999580510173041	0.6666073997487308	0.4999975225893546	0.49997893393161186	0.49996993527233724	0.5000015550689529	0.4999986791273721	
0.9999831917301766	0.49995060024740573	0.9999724131066948	0.3332547528336722	0.49999779868094757	0.49997890849497645	0.4999700411932706	0.5000000148614315	0.5000010609398775	
0.9999886238048953	0.4999502385137046	0.9999605772799964	1.5532183556342434E-6	0.4999977088108381	0.49997893178587455	0.49996998256740305	0.5000016195112446	0.499999836288421	
0.9999823972586404	0.5000554098800907	0.6668923346081811	0.9999869362541229	0.4999993542092231	0.4999791062732133	0.4999703094585771	0.5000013067092419	0.5000017231060749	
0.9999986503373544	0.5000364894299791	0.6666550833857918	0.500014615167463	0.4999957825098113	0.4999780876122456	0.49997351624307174	0.5000000144937989	0.49999918086134987	
0.9999882843072928	0.5000364894299791	0.6666550833857918	4.9425547687710175E-5	0.4999975439743824	0.49997816132424905	0.4999740352112506	0.49999731404125547	0.49999896569907243	
0.9999893546428226	0.5000389966719992	0.33342543643130895	0.9998804746522856	0.5000015954458652	0.4999789592786305	0.4999701546848965	0.5000005072104756	0.4999996274040243	
0.999973721390038	0.5000368706539968	0.33330875173198354	5.102132830063409E-6	0.499998910223699	0.49997894754544214	0.49997402155539966	0.500000484897489	0.5000008115375341	
0.9999880337381245	0.5000350607296818	6.147468069601997E-6	0.17190925655233552	0.4999991142973527	0.4999789792355848	0.4999738936957852	0.5000007361659347	0.5000008256740455	
0.9999817529449677	0.33357137288620753	0.9998205860455003	0.9995462546094445	0.49999712541052266	0.4999777090381004	0.4999703901519003	0.499996570061133	0.5000008573465113	
0.9999825236194401	0.3334671798105096	0.9998196827252714	0.49998795951762276	0.5000018021395536	0.4999776946692762	0.4999735666259925	0.4999959805533294	0.5000004838201358	
0.9999943877568088	0.3334684393047554	0.999925681587216	2.811641195985746E-4	0.4999998575901893	0.49997894066074583	0.49996992058755146	0.49999999397709416	0.49999879726220225	
0.999981380821289	0.33340647928672434	0.5001624912066578	0.9997553764577508	0.4999996320637279	0.49997808620084505	0.4999742352407959	0.4999961583558356	0.5000011195636387	
0.9999888204216877	0.3334684393047554	0.5001625088048101	4.1362509492816574E-4	0.4999998752463544	0.49997899136573226	0.49997393831700815	0.5000014015690669	0.5000010820493629	
0.9999815524198198	0.333564990484627	9.691435463108842E-4	0.499795470706823	0.50000168552967	0.49997770782449064	0.49997378463836434	0.49999601104825964	0.5000009605326461	
0.9999707823585897	0.16711479756404882	0.9986926932548243	0.9985125562984023	0.49999562320658897	0.4999790448153613	0.49997379009173615	0.5000000200360184	0.5000015614069636	
0.9999820887747046	0.167121629903139	0.9998155785679371	0.0017654748247788545	0.5000018587901285	0.49997768052140906	0.49996983416244406	0.4999961387480061	0.49999929316439146	
0.9999822337895025	0.16751282888504668	0.0036564888383811	0.4807133445801247	0.50000201422466	0.49997904551099615	0.49996988092531364	0.5000000343880853	0.4999990082102899	
0.9999877903408821	1.5725152772304345E-6	0.9900502452503883	0.9956482558249184	0.4999976963166922	0.4999779175976378	0.4999693985832091	0.4999979346844851	0.49999862549715485	
0.8333277938910684	0.9999999065054818	0.9999980599239767	0.9999994225408356	0.5000015888267583	0.4999781588407559	0.4999737771906078	0.5000003574972931	0.4999991484944641	
0.8333403285479084	0.99998911080043	0.9999993877864598	0.8000089851618255	0.49999939081153594	0.499979058474131	0.49997035990660504	0.5000005127489224	0.49999918971630103	
0.833329037652697	0.9999918158214106	0.9999875412254154	0.6000482773989297	0.5000000781540294	0.499977974968464	0.4999738050528388	0.49999959294692675	0.5000010309013873	
0.8333290039962705	0.999996101564393	0.9999962394371104	0.40002254260753917	0.4999993210256861	0.4999790631648607	0.4999736995870956	0.5000002345971362	0.4999992067731075	
0.8333262464277834	0.9999961994164647	0.9999924359553454	0.20011600659372702	0.5000006284536582	0.49997906325217206	0.4999739491013403	0.5000003120307515	0.5000001739126946	
0.8333270899196938	0.9999960961148817	0.9999996171914075	1.3263540445246622E-6	0.5000008055557563	0.49997807955466494	0.4999741083032741	0.5000001216688953	0.4999994644087178	
0.8333407546642775	0.9999891381406357	0.7999836918349837	0.9999997795426647	0.5000008532886555	0.499978160571227	0.4999738910003212	0.49999993343827054	0.5000008310137496	
0.8333406662853227	0.9999886144649451	0.7999826142530341	0.7499554085535117	0.5000011238135451	0.49997806136540457	0.4999741113341397	0.5000003028340896	0.4999991899014199	
0.833325121322115	0.9999997767078488	0.7999843150049981	0.5000021345550208	0.5000005062298689	0.49997904330145704	0.4999740985198719	0.5000013650701945	0.5000004877754431	
0.833340344806509	0.9999997293351928	0.7999111602525365	0.2500512107005859	0.49999975521228684	0.49997917156507393	0.499973689496053	0.5000004068783584	0.5000010883189179	
0.8333261967513378	0.9999926881338529	0.7999111602525365	5.553189887122864E-6	0.5000004513820706	0.4999790416974882	0.49997034179466754	0.5000003111068215	0.5000001738968795	
0.8333320928042314	0.9999818600380276	0.599996394312933	0.9999934471469211	0.49999970506761937	0.49997826487224784	0.49997037909419	0.5000013995641849	0.5000006084521229	
0.8333252357784299	0.9999817738163077	0.599996394312933	0.6666841993892579	0.4999996484382574	0.49997826529081013	0.49997405527075384	0.5000014039462257	0.5000010373285944	
0.8333313883682512	0.9999723893936664	0.6000770689238557	0.3332576689138813	0.4999997757569485	0.4999782675498047	0.49997407883175704	0.5000014013224965	0.5000011497535884	
0.8333284576043373	0.9999930313487907	0.6000783884053461	1.0628184243086347E-4	0.5000004515695391	0.4999790412645152	0.49997056293302766	0.5000003374428914	0.4999991442326056	
0.8333251296860062	0.9999909212704008	0.40008647211882065	0.9997835323960617	0.5000023440067333	0.4999782510471768	0.4999740957073791	0.5000012707604138	0.5000006894456055	
0.8333249754856995	0.9999969179250007	0.39999595584878966	0.5000024737566644	0.4999997135677639	0.49997845508954863	0.49997410012259436	0.5000012706121495	0.500000415781051	
0.833325851177018	0.999996168493355	0.39999595590625914	2.6338782318266734E-7	0.5000031948863346	0.49997814083215125	0.4999740934666947	0.5000012706086402	0.49999935351380875	
0.8333403880506867	0.9999978398036578	0.20001445792388203	0.999826070654161	0.5000030885630924	0.4999779181148272	0.49996989362567495	0.500001271428605	0.5000007352942069	
0.8333243661823286	0.9999961375594428	0.20013019858085587	6.07576523577042E-4	0.5000032542405396	0.499978996706961	0.4999743487907891	0.5000011371987195	0.5000004487313204	
0.8333395211085433	0.9999986337837541	8.97579816388755E-6	0.4816235948332954	0.5000011449585624	0.4999784501557124	0.49997433683541803	0.500001270110877	0.500000416313162	
0.8333399686682812	0.7999820147277092	0.9999997359969138	0.9999991922872673	0.5000009848643847	0.4999790314694856	0.49997099886874746	0.4999999445581872	0.5000008337755747	
0.8333402632161231	0.7999816617564064	0.9999929675392417	0.7499521047231145	0.49999933565234234	0.49997903727894727	0.4999738196961013	0.5000011543155827	0.49999913013049674	
0.8333404545383474	0.7999840372729539	0.9999946104785127	0.4999950566923863	0.49999770678433875	0.49997816215849084	0.4999700087625279	0.500000193584268	0.49999905143981793	
0.8333015713685606	0.8000227722065484	0.999989982326266	0.2500248575785108	0.5000004414530007	0.49997901729165034	0.49997397394610926	0.4999993945618758	0.5000005339015292	
0.8333296875711123	0.7999851341113624	0.9999998016141787	1.3406992460542308E-6	0.49999975547861986	0.4999791973271886	0.4999737551306825	0.4999998721612879	0.4999994543490782	
0.833340052429037	0.7999819713974575	0.749960764271762	0.9999962960454085	0.4999993722383984	0.4999790680356701	0.4999736809515419	0.5000010232744084	0.5000004563454418	
0.8333403754122533	0.7999802388066436	0.7499607385410522	0.6666591000281509	0.5000014388112329	0.4999784501518205	0.4999711595785276	0.5000001955964665	0.49999933324541	
0.8333295221634793	0.7999841134672251	0.7499944319533007	0.3332541453369914	0.4999996877110052	0.499978164293428	0.4999737030417798	0.49999939797994586	0.49999921316053136	
0.833329566931495	0.7999841290980007	0.7499946749635759	1.3310641642598757E-6	0.4999996257959636	0.49997810462376285	0.4999739429895463	0.5000005795200554	0.49999945378286775	
0.8333400491268182	0.7999795613146495	0.5000055645019715	0.9999842558646047	0.49999976781872485	0.4999781539633658	0.4999711507603616	0.5000005424636174	0.5000011123720154	
0.8333251257813229	0.7999693224919581	0.4999948718911192	0.4999544819215063	0.5000011554785955	0.4999790093966071	0.49997406026175484	0.4999999997602111	0.5000004712195766	
0.8333296045858511	0.7999850851901136	0.5000057331648049	1.6556475815943401E-6	0.4999997915698666	0.49997906026573197	0.4999739871097997	0.499997141120078	0.49999980498857166	
0.8333395811487867	0.8000801181825395	0.24995804926197404	0.9997672574391012	0.4999997042936347	0.4999780061640537	0.4999743114656377	0.5000004068538175	0.5000005237709964	
0.8332995204945902	0.7999839096866997	0.24996937999752	4.287798423437941E-6	0.5000012246008992	0.4999784081025765	0.49997428416004525	0.5000012226502722	0.49999893773519477	
0.8333395266943329	0.7999801504248096	8.97579816388755E-6	0.43924161583533244	0.500001207990546	0.49997903185277265	0.4999742834858886	0.5000012683335772	0.4999993597960505	
0.8333251195632105	0.5999596339629446	0.9999996116940483	0.9999993858621656	0.500002196529267	0.49997911669873113	0.4999740129655646	0.5000009878650212	0.49999905622832946	
0.8333249257885172	0.5999576781728742	0.9999997989330303	0.6666782128507561	0.4999993329113058	0.4999790411043386	0.4999703732279084	0.5000010001765166	0.50000088752911	
0.8333293966801514	0.6000494646271964	0.9999609863822713	0.33336339336567805	0.4999977186725556	0.49997891437200176	0.49997365819733075	0.4999994021131337	0.5000005614569617	
0.8333274021115422	0.6000494559021469	0.9999522521204598	2.6507039971057082E-5	0.49999975143819525	0.499979168026962	0.4999701973141596	0.4999997197256472	0.5000009954263536	
0.833325103665866	0.5999619505142191	0.6666575684169412	0.999999384016065	0.5000018896497266	0.49997911705511283	0.4999740572271744	0.5000013316918848	0.49999905734265027	
0.8333402129836798	0.6000536835256213	0.6666582850007232	0.49998855090161803	0.5000008873886552	0.49997889101527815	0.4999741148857996	0.5000016692050147	0.5000006695068911	
0.8333291863631073	0.5999653939457217	0.6666620631229438	1.5494158438793174E-5	0.4999997513899862	0.49997814486628894	0.49997359279575826	0.49999987916362143	0.5000005289265544	
0.8333400127352222	0.6000538199731467	0.333439987821618	0.9998785086354577	0.49999891985858785	0.49997844889508214	0.49997405762880887	0.4999969680240761	0.49999905749126927	
0.8333399618530666	0.6000546699621974	0.33344009396009083	6.822237054001306E-5	0.49999891750747927	0.4999789634218792	0.49997389882493787	0.4999970797999008	0.4999988179000477	
0.8333402124312029	0.6000537067343743	1.2009977079107054E-4	0.49295449176775175	0.5000011466960508	0.499978229614617	0.49997408733202486	0.5000015384159858	0.4999993565586923	
0.833359421022213	0.4000060400891274	0.9999593731929197	0.9999915339273417	0.49999954516947154	0.49997816506312404	0.49997408488672906	0.5000015517797046	0.5000010757930904	
0.8333403334454028	0.4000606208531549	0.9999578741465183	0.49998832027613116	0.4999991929017803	0.4999780945027578	0.49997451985105434	0.5000015728712062	0.4999990435252192	
0.8333402183920409	0.4000666983984673	0.999958124707869	4.8190907717963875E-5	0.4999974558217425	0.499978165065452	0.4999742606178566	0.5000015632681396	0.5000003988380872	
0.8333616836293728	0.40000939753990394	0.5000033839267892	0.9999591005838449	0.500001099205858	0.49997822938516584	0.49997410916715296	0.5000004723625948	0.5000008095182061	
0.8333275295644869	0.40000604014543256	0.4999434415719146	2.633270729661623E-5	0.499999690818352	0.49997816551378543	0.49997411758418	0.5000011845826393	0.500001006302016	
0.8333259958629546	0.4000118270095669	4.631165817534506E-5	0.5250050290117512	0.5000030401669644	0.49997815557960057	0.4999740258742197	0.5000011552430158	0.49999936925453753	
0.8333601965903428	0.20077306673892434	0.9986867544873688	0.9975588031476328	0.49999743362279186	0.4999754992012343	0.49997404101066945	0.4999972097085604	0.49999904379937005	
0.8333660943763908	0.20067023944781193	0.9986812727958223	0.0017408048932780534	0.500001733566098	0.4999780657339376	0.49997398909113583	0.49999708313524865	0.4999990482971367	
0.8333622391725253	0.20067374310297487	0.003131005761081423	0.5035414014003406	0.4999978222165667	0.4999790305310047	0.49997378571355294	0.5000006177979905	0.5000003961006072	
0.833344093096092	1.6697974872801035E-5	0.6735277764529369	0.5178232446418505	0.4999974548423061	0.49997808669730504	0.4999742373592212	0.5000013258383624	0.49999916675574685	
0.6666097896956675	0.9999911151947615	0.9999713506819609	0.9999963886195375	0.4999992859071876	0.49997808391584775	0.49997110141215056	0.5000011677772247	0.5000007744903756	
0.6666723187646231	0.9999903020155579	0.9999882154222833	0.7499985025940378	0.4999994997137078	0.4999780934583074	0.49997024511096433	0.5000007697611973	0.5000009096890251	
0.6666676150289678	0.9999909120576602	0.999993542924781	0.5000045092402449	0.4999997301872875	0.4999790701043515	0.49997360098938776	0.5000005755919065	0.4999991901116756	
0.6666568059056656	0.999989255303958	0.9999993936770855	0.25003677342718184	0.4999997552560012	0.4999776566027594	0.49997367567805795	0.5000004328871469	0.5000005312514771	
0.666642974968904	0.9999696955681323	0.9999626562125217	3.0362696849261402E-5	0.49999972629848266	0.4999780530799618	0.499970710660056	0.4999998714744097	0.5000000541140223	
0.6668307449127673	0.9999544145489081	0.7499500307766536	0.9998454171623827	0.49999929400737997	0.49997826201654016	0.4999703465772648	0.500000541117198	0.5000007764937878	
0.666667561677427	0.9999985524273483	0.7500108304604253	0.6664389151699949	0.499979172698724	0.4999781600982669	0.49997358920343793	0.5000015341283581	0.4999989964508147	
0.6666588875214351	0.999999739073642	0.750010247182462	0.33336530735394926	0.4999997504338802	0.4999780753216649	0.4999737335000944	0.49999985633703314	0.5000000869731305	
0.6666676170537702	0.999989600174487	0.7499617241143366	1.1484209227047104E-6	0.4999997771994269	0.4999780357779875	0.4999735768161205	0.5000005774563835	0.49999884703816777	
0.6666571484360786	0.9999747552013727	0.49988619520759275	0.9999787073367246	0.499999351343614	0.4999783200419067	0.49997105321265173	0.5000003364163444	0.5000017931729261	
0.666657813426819	0.9999872895296833	0.5000065449871879	0.5000036288193154	0.5000008891208908	0.49997814865779516	0.499974176122755	0.5000002983179866	0.5000007263682363	
0.6666472233929154	0.9999967454267944	0.5000097134453224	2.5088282306276223E-7	0.5000037790877173	0.4999781676051992	0.4999742395117136	0.5000011158719556	0.4999990159567514	
0.6668294209317557	0.9999769318608162	0.25032565891966957	0.9988156284942883	0.5000015064670721	0.499978007833632	0.4999707015051498	0.500000401670099	0.5000004776560627	
0.6666636215096806	0.9999895361039021	0.24994852022963343	1.907810063680272E-7	0.5000004862418247	0.49997901632811215	0.49997364922378573	0.5000000128092208	0.49999879511470613	
0.666657822845103	0.9999953182722332	1.315352356225391E-7	0.031036224335069307	0.5000009005003643	0.49997900135691686	0.49997365713155867	0.5000006597241671	0.49999894133002915	
0.6666722712241311	0.7499848504181341	0.9999993590191302	0.9999944355365701	0.4999960146769666	0.4999782343522662	0.4999704387957103	0.5000013156144933	0.49999848057628477	
0.6666677870350886	0.7499848504181341	0.9999995300456276	0.6666606248283307	0.4999996444258017	0.4999781523785749	0.4999698925604907	0.500000041806816	0.5000019610847793	
0.6666622282702546	0.7499970306072417	0.9999997389835718	0.3333401352170882	0.49999967517615385	0.49997904600495663	0.4999711351148277	0.5000005784833742	0.5000005287951931	
0.6666561866195785	0.7500267579336564	0.999997316159752	1.7788888285587772E-6	0.4999997621301834	0.49997840786808706	0.49997028224856666	0.49999985717141104	0.500001021471141	
0.6666676257302434	0.7499852272052342	0.6666575527940755	0.9999994545227286	0.500002332387918	0.4999782622549594	0.49997359600193175	0.5000005243638048	0.4999990278655045	
0.6666676553040409	0.7499966038889458	0.6666555412223955	0.4999791073697714	0.49999773438753986	0.4999782061167633	0.49997364666821176	0.5000005945244094	0.5000012476552103	
0.666667114743821	0.7499966037740534	0.666655542744353	1.2792081783499142E-6	0.499999771861928	0.4999782084960481	0.4999737437345855	0.500000576330459	0.49999896311037023	
0.6666553372135229	0.7499846172017229	0.3333701324291254	0.9999653023249138	0.4999997004635395	0.4999790899785261	0.499971217855807	0.5000016264038455	0.49999891942415714	
0.6666573072367343	0.7499966218411477	0.33330513394087896	5.068257009630246E-6	0.49999968856946525	0.4999790599741739	0.49997038408784533	0.5000004761171001	0.4999989637091238	
0.6666640765069236	0.7499756986103429	1.2101496670797925E-6	0.9975913842129834	0.49999942506911965	0.4999781596071863	0.49997378590817	0.5000008203006889	0.5000004362397832	
0.6666626541883672	0.5000298955013274	0.9999999596266232	0.9999597650971163	0.499996838954026	0.49997902922456405	0.49997094624126553	0.4999988242092578	0.4999990250328532	
0.6667920237814716	0.5000950518937973	0.9998900298169053	0.499978346744748	0.499997439136124	0.4999790253891333	0.4999701442170244	0.5000002450836202	0.49999894888926943	
0.6666582071475355	0.5000901272434339	0.9999062705024455	5.701140617827858E-5	0.49999726152932045	0.4999781764370008	0.49996994836228337	0.49999925775666376	0.49999923334391205	
0.6666436245573295	0.49993415599459695	0.5000055060225005	0.9999489721849278	0.4999992361157574	0.49997821456415165	0.4999737145602745	0.5000012973764619	0.4999996609540786	
0.6666675630416178	0.49992317273100073	0.5000057498062052	1.2759906529536216E-6	0.4999997441936613	0.4999781387036646	0.49997029231647777	0.49999926927757155	0.49999896146794115	
0.6666676618094072	0.49994912809262876	1.625146811242627E-6	0.9996313386837135	0.4999959972755174	0.49997820926870024	0.49997132914132697	0.5000004213835467	0.4999990393560845	
0.6667945337136335	0.2503819384399071	0.9992684712893231	0.9995252508245942	0.49999969733050825	0.49997813668602564	0.49996966410417093	0.500000017876179	0.5000008107102	
0.6667626889949877	0.2503819443899118	0.9992687194534527	7.04280354705229E-4	0.4999997483347169	0.4999790233792597	0.4999703367845085	0.5000000020578398	0.5000008228065334	
0.6666395963548403	0.25002285106642885	2.224451419466601E-4	0.8808684178003875	0.4999972813913483	0.49997906674946724	0.49997019255160163	0.5000000385229287	0.49999953470273495	
0.6667644431356209	3.134829362283209E-4	0.6701014439307789	0.5024644750641699	0.4999989869230948	0.4999781419617447	0.4999735690415647	0.5000004221312652	0.4999996151748373	
0.5000432022087928	0.9999744865109329	0.9999695807813392	0.9999903665894729	0.5000025886227295	0.49997818767203367	0.4999704254174695	0.5000003374483358	0.49999911150474174	
0.5000438299526705	0.9999963688637454	0.9999197789628905	0.66633899135136	0.5000000579060173	0.4999782506563495	0.49997027038286507	0.5000000011879304	0.5000000477126121	
0.5000304929147257	0.9999726797412769	0.9999745087398161	0.3333653714066702	0.49999976542677704	0.49997813958273707	0.4999735843637444	0.5000003100986784	0.500000176037073	
0.5000301212629082	0.9999696590239922	0.9999996673896862	5.842113021576234E-5	0.49999973340923204	0.4999781509627137	0.49997356538145643	0.50000059211311	0.500000151863684	
0.500022799512483	0.9999980646673929	0.6667456118732842	0.9998566801450491	0.4999994761981721	0.4999783427298344	0.4999735689080112	0.5000005220908297	0.5000000930029533	
0.5000292246265626	0.9999932480197067	0.6668182023169941	0.5000028519971212	0.5000010049626953	0.49997816745807094	0.49997034231178666	0.5000011178247163	0.5000010388270449	
0.5000294629129767	0.9999333529735343	0.6668181388140553	1.572241889991732E-4	0.4999809116443859	0.49997818403762695	0.4999703072789517	0.5000009164990921	0.49999896372036806	
0.5003076727071041	0.999735839634845	0.33401484228035644	0.9987018980004779	0.4999995701374641	0.4999782586425645	0.49997037697397845	0.49999947782374315	0.4999993930788117	
0.5002119608157192	0.9999946722499691	0.33373970654768614	0.0013490393718910696	0.49999752519460694	0.4999782579923658	0.49997384717646964	0.5000005708830667	0.4999989438974994	
0.5002119043977139	0.9998643755673512	5.072542160791393E-4	0.5015640980136735	0.5000190049989633	0.49997780713550805	0.49997080647386455	0.5000013694499937	0.500000284074131	
0.5000436307354177	0.6667655850513999	0.9999514829975873	0.9999225527915229	0.49999807599140167	0.4999782579253304	0.4999702840591096	0.4999982887998375	0.4999992197435987	
0.5000473147797649	0.6668630889159377	0.9998092983585096	0.4999791097000734	0.49999921484828014	0.4999783412497519	0.49997032471874175	0.5000000298403893	0.5000000483284048	
0.5000296437417162	0.666863086671705	0.9998203423761112	1.6882436363535315E-4	0.5000021041053246	0.4999781620458887	0.49997028687780554	0.5000012379460412	0.5000010713979869	
0.500023370847895	0.6666256264001619	0.5000982845523695	0.999861017665716	0.49999946296947373	0.4999782574748489	0.4999707100260753	0.5000005450603834	0.49999934703649346	
0.5000206212715841	0.6666217395216769	0.5000982845523695	1.3704291175533384E-4	0.4999992337908989	0.499978341232946	0.4999707155905133	0.49999948559165275	0.49999879711344397	
0.5000305608784001	0.6666217404164325	9.663052957246043E-6	0.34981966805840886	0.4999997502431711	0.4999782693865603	0.49997356013887206	0.5000012396885746	0.5000000812248603	
0.5000687893026553	0.3345612907276367	0.9991187958510375	0.9980506594922792	0.4999997632377531	0.4999790653742833	0.49997020558599176	0.5000005521160766	0.50000082267314	
0.5001547974875723	0.3345612907276367	0.9990210336188255	4.681085786513398E-4	0.5000249260390845	0.49997814304789373	0.49997033147562314	0.5000002905878029	0.49999912612867814	
0.5000687893026553	0.3336916757223925	6.935705346424736E-4	0.9858318302268968	0.4999997456755653	0.4999782947233414	0.4999702115439698	0.5000005361259915	0.5000010193998672	
0.5000119246754653	1.56931544866179E-4	0.9933946953797813	0.3378136201939041	0.49999860351177794	0.49997802734521635	0.49997365854346976	0.4999992977094837	0.4999989880862559	
0.33363076900610483	0.9994958367428545	0.9996987340947744	0.9996691307554291	0.5000000607731117	0.49997824529546997	0.4999710221752434	0.5000000400138005	0.500000054536391	
0.3331964867959889	0.9999891135917972	0.9999880513579054	0.5000049280382581	0.4999995013741534	0.4999782660454875	0.499970259558686	0.5000007591354496	0.5000009147274693	
0.3336675497404291	0.9994976216965844	0.9996726798233373	1.935261993371247E-4	0.5000002012841382	0.4999776944078583	0.49997103488882844	0.5000004604997338	0.5000000996811051	
0.3336313493610741	0.999706088556634	0.5000874942341901	0.9990076075725868	0.5000003086482245	0.4999780832991517	0.49997364571514186	0.4999982039701763	0.4999994813459715	
0.33363146268662236	0.9998710624215904	0.5000881191258107	6.906039238318545E-4	0.49999948255698734	0.49997825744494173	0.4999706952615179	0.5000005254256558	0.5000000974718898	
0.33352245094869093	0.9995101040423849	2.882278669690075E-4	0.3910549800510095	0.49999702108476385	0.49997815275031704	0.4999704375133422	0.5000004475218106	0.5000011106978869	
0.3336673305723819	0.5005500861457391	0.9990679869384276	0.9990108241799558	0.499998078914606	0.4999750905088859	0.4999702275472949	0.5000000180065727	0.4999992473971925	
0.33364995249134416	0.5005500992558354	0.9990216439040331	7.409237016336944E-4	0.49999978334940814	0.49997822115775314	0.49997024250810634	0.5000012348571139	0.49999968945130313	
0.33351849938145134	0.5001330888524951	0.0012955133956555833	0.49419536099634004	0.5000002710536038	0.4999781502264641	0.49997032980732004	0.5000004727786803	0.4999995381716224	
0.33361793084818253	8.270141362798044E-4	0.5190726689019772	0.4861450654297339	0.5000017287199641	0.49997818737608585	0.49997031900992556	0.5000005736610403	0.49999896036553665	
0.16682226145623902	0.9998922503977552	0.9996703347652192	0.9996673532002104	0.49999981290526957	0.4999751912686101	0.4999695438891171	0.5000024629164801	0.5000010192762051	
0.16712326474253164	0.9994981608670636	0.9996725776625053	0.0011295503086882763	0.5000022952245652	0.49997758571572853	0.4999687092686053	0.5000023823850742	0.5000011155505939	
0.16738896695101801	0.9989529729543201	0.0018995603642823896	0.46909462404009084	0.49999651722050525	0.4999777633068451	0.4999704266629362	0.5000004460825727	0.5000011107320419	
0.16683535525555934	2.221838945016541E-4	0.9950767045554251	0.3526237791488195	0.5000003337063095	0.49997824368859123	0.4999710264028001	0.5000007436897649	0.5000000413151575	
2.239661413333538E-5	0.6377621232962838	0.9990653575229217	0.5000272983115229	0.4999994953724399	0.49997810204009463	0.49997033108076455	0.5000004908446342	0.5000000871451143	
