0.9999855224545023	0.99998421090408	0.9999977177881381	0.9999892896015323	0.49999715003302797	0.4999932388389666	0.5000005660072127	0.5000309783372117	0.5000012693254317	
0.9999850326753934	0.9999917173375847	0.9999575595666631	0.8333609625726529	0.49998805676860886	0.4999910320229638	0.5000001795304302	0.4999886665555077	0.4999999977379401	
0.9999914695344947	0.9999626015219077	0.999995591277476	0.6669217662465554	0.49999696745336436	0.49999386447734034	0.5000002520654541	0.4999918418703584	0.5000016164928927	
0.9999894609200886	0.9999802233134744	0.9999940834746022	0.5000046636464232	0.49999231072089584	0.4999952126451534	0.5000002776693311	0.5000294407578487	0.4999999518307514	
0.9999997922622318	0.9999997071704467	0.9999917877253129	0.33334161099007514	0.499992522017437	0.4999952432037753	0.49999893596222666	0.5000280942798616	0.4999999080218318	
0.9999953088885514	0.999980326831326	0.999993481417986	0.16670675171249544	0.49999152188090673	0.49999554852961625	0.5000030974588496	0.5000306610976488	0.49999996286279	
0.9999907077262201	0.9999967653131464	0.9999913844170265	2.6583619155550295E-7	0.49999244970694234	0.49999317517443775	0.4999990996703329	0.4999883036155997	0.5000012469093071	
0.9999986650863882	0.9999902486873641	0.833292631366015	0.9999732523381737	0.4999861840103521	0.4999920404450741	0.5000004604344006	0.49998911732462037	0.49999853766930746	
0.9999979810275911	0.9999801391695327	0.8332926319073339	0.799928409312181	0.4999971783535922	0.49999522547385633	0.5000052905470015	0.4999927413983324	0.4999997384005441	
0.9999837799265445	0.9999804508988249	0.8332942709973628	0.5998850487126391	0.4999971715336278	0.4999974699364459	0.49999846953921	0.49998974669214885	0.5000002921811899	
0.9999954344377716	0.9999877588598906	0.8332916271050781	0.4000766180707921	0.4999919328342589	0.5000390447126859	0.5000002094740785	0.4999926234369025	0.5000000194091024	
0.9999894134019391	0.9999996443973906	0.83332080394081	0.2000601946247889	0.49999234393760233	0.4999962234079225	0.4999997203063776	0.4999969457511044	0.4999999088840922	
0.9999999969147516	0.9999997241647166	0.8333208741169882	7.722537665948784E-7	0.4999920598619653	0.4999933370661642	0.4999989034295836	0.5000277682569949	0.49999991554702733	
0.9999862917309879	0.9999876261507628	0.6667279211870737	0.9999421975430668	0.4999971599471739	0.4999949737916972	0.5000006055769406	0.4999940617584678	0.5000011907364119	
0.9999973732398538	0.9999972279093788	0.6666699464439224	0.7500223425983257	0.499988467792323	0.4999939831879329	0.49999967478756613	0.4999909929600545	0.4999997236048773	
0.9999838331190605	0.9999711842945392	0.6666673202290249	0.4997374887132257	0.49998816326795253	0.4999954724126085	0.49999865684598593	0.49999052147464385	0.5000002921352172	
0.9999950910047455	0.9999993077243619	0.6666646078907394	0.25003712281079243	0.4999926410470887	0.5000350066984628	0.4999993391052165	0.4999886413665333	0.49999996361943827	
0.9999997676759828	0.9999998011285185	0.6666646078907394	8.957622159385757E-8	0.49999247974276245	0.4999972348733747	0.4999992721570069	0.49998825972817423	0.49999995023757726	
0.9999800894397539	0.9999972478022049	0.50004079644244	0.9998953375431149	0.499985864311205	0.49999411958151274	0.49999966146582053	0.4999910146857021	0.4999997271911989	
0.9999805893411501	0.9999921354203655	0.5000297925551167	0.6667941110797501	0.4999913229429561	0.49999759489835593	0.500000572411016	0.5000304101507418	0.4999998522994231	
0.9999884978912021	0.9999984905555596	0.50004079644244	0.33331517508435643	0.49998828544702817	0.49999510889091386	0.4999985366787457	0.49998466746686776	0.4999996481983107	
0.9999864294481524	0.9999897453776202	0.49994883391355827	1.0718870225372443E-5	0.4999888361652547	0.49998669727027095	0.4999992187030692	0.5000302234324331	0.4999999501543761	
0.9999921777569155	0.9999999428601084	0.3333875212953788	0.9998882086379821	0.49998827501237053	0.49999711325227625	0.4999985297594536	0.4999858937071723	0.4999997777405683	
0.9999979374018121	0.9999971165286163	0.3333217824733521	0.500021691888257	0.49999072678902273	0.4999957208314896	0.49999859126609647	0.4999947110833496	0.49999977544270846	
0.9999906817309568	0.9999894814911471	0.33332967164843935	1.0325543318383753E-5	0.4999907885943091	0.499986699020332	0.49999922361250315	0.4999863899631847	0.4999999886745612	
0.999996722520397	0.9999970931269151	0.16677965596572553	0.9998291288140887	0.4999911896027736	0.49999661330456807	0.5000050395988161	0.49999192212880356	0.49999977849491295	
0.9999886138247406	0.9999906447506133	0.16674787626355153	3.220223431788258E-4	0.4999914705635469	0.49999158556641327	0.5000001854606853	0.5000304662516903	0.4999998131623509	
0.9999971288298916	0.9999956045847995	4.538339598252283E-6	0.42676271456597403	0.49999142373678707	0.49999804638995143	0.5000016239645281	0.5000306577010108	0.4999999131191847	
0.9999996214745365	0.8333570495537193	0.9999965876550074	0.9999975191204439	0.49999756489924335	0.499992752960295	0.49999827612845954	0.4999890621532473	0.5000008691175403	
0.9999824162567512	0.8333270794034467	0.9999953825228315	0.7999286677096558	0.49999719788889685	0.4999953781258022	0.5000015117083436	0.4999934642834067	0.5000009300050811	
0.9999989581720535	0.8333352399966198	0.9999955868726284	0.5999748566433255	0.4999972414270256	0.4999930866888024	0.5000002391072198	0.49999106138773863	0.49999981925762954	
0.9999731163469252	0.8333355313533546	0.9999942649126571	0.39993941788555476	0.49999295050991055	0.4999957160541016	0.49999886013360284	0.5000251124004699	0.4999999629161169	
0.9999996147430865	0.8333182062164017	0.9999989627748208	0.1999914603154969	0.4999925220252191	0.4999927708462582	0.4999991097898868	0.5000281458566819	0.4999999079648881	
0.999989386468636	0.833317316034256	0.9999985443808318	8.568669509101401E-6	0.49999234705646084	0.4999960672321688	0.49999938870495747	0.5000278066705394	0.49999990063921745	
0.999999883617548	0.8333313739660313	0.8000993228046022	0.9999418425966502	0.4999971708220944	0.49999210740553646	0.500000519479361	0.49999313708999554	0.5000008954461951	
0.9999942239052353	0.8333272955454963	0.800030786115436	0.7500258191716297	0.4999972253498125	0.4999965851747522	0.5000006772489357	0.49998905881582056	0.4999999667932066	
0.9999999774945328	0.8333311727555447	0.8000307911154817	0.5000721315418645	0.49999210327982513	0.49999469245980455	0.49999867262801023	0.4999903208716211	0.4999999633107301	
0.9999961080483025	0.8333310981044845	0.8000109830981181	0.25001985257616743	0.4999925205991684	0.4999931649269585	0.49999955575399563	0.49998863796476484	0.49999996076240133	
0.9999963142328199	0.8333174761884243	0.8000111232635081	5.821772383849115E-6	0.499992445478231	0.4999866825145634	0.5000002363355288	0.4999912649925324	0.500000261472471	
0.9999955836713753	0.8333697692811178	0.5999762638264058	0.9998841755777117	0.4999887634277715	0.49999836802586706	0.5000000891022259	0.49999083716024945	0.4999998535951265	
0.9999914917970476	0.8333179811854508	0.599978870979419	0.6666051778594252	0.4999883415561222	0.49999445000388937	0.5000000983981635	0.500031275239148	0.5000002299031839	
0.9999943910603615	0.8333181182026494	0.5999724815058624	0.33331184949663606	0.4999918161364516	0.49999574520872575	0.4999993313012425	0.4999935176086722	0.4999999528217424	
0.9999999352419905	0.8333076002492011	0.5999750779157019	9.8868420405635E-8	0.4999923296546866	0.49999333224230214	0.5000030256594397	0.5000303764032571	0.49999990060543476	
0.9999955077863483	0.8333085274191043	0.40004593276457606	0.9999105309030027	0.4999923552641721	0.49999550195518094	0.500001877644871	0.49998902778689414	0.500000237785647	
0.9999980864005316	0.83331807391934	0.40004630206608377	0.4998373575776578	0.4999973023198969	0.49999535604632855	0.500000317176942	0.5000302552546366	0.4999997773309795	
0.9999882396424657	0.8333181279649717	0.40003766085523873	6.950453983095163E-4	0.49998824271977144	0.49999565851889066	0.4999993770030394	0.4999913260631477	0.4999999620813715	
0.9999883001914572	0.833369765026257	0.20000297860749622	0.9999335983049126	0.4999882411421954	0.4999968711235176	0.5000001563853561	0.5000310213129624	0.49999979817341433	
0.9999882758922988	0.8333156505999355	0.20000297860749622	1.711630776456067E-4	0.4999886518503742	0.4999956590659835	0.4999995184350307	0.49999462255575183	0.5000008743517057	
0.9999846272839249	0.8333705321314987	4.443014435849668E-6	0.49091823028437986	0.49999283572952724	0.49999692906779436	0.5000015845989012	0.4999941784484178	0.4999997913931691	
0.9999985651904133	0.6666893737606394	0.99998514848487	0.9999892880911863	0.4999968303875108	0.499993168693905	0.49999960277954403	0.4999883946253141	0.49999999880939516	
0.999919982676405	0.66670943615133	0.9999496179352863	0.7494995141400349	0.49999147025144025	0.49999635803348863	0.4999991756151109	0.5000313703719541	0.5000002423197687	
0.9999959848107074	0.6666775765306217	0.9999948629212213	0.5000008168364162	0.4999916501238253	0.49999499155216903	0.49999976194595575	0.5000304161683389	0.4999999802784425	
0.9999928618918399	0.6666538613668126	0.999987498103113	0.2500372750148446	0.49999204266445074	0.49999570096279145	0.49999877960539435	0.5000305225155992	0.4999999192279992	
0.9999981473716346	0.6666910683759929	0.9999859374115365	4.246513467428723E-7	0.4999923554334658	0.49999347105387354	0.49999931542863746	0.5000299957812689	0.5000004955965517	
0.9999820573532413	0.6666777168474795	0.750021884532726	0.9998747523950924	0.4999973107608185	0.49999281810759094	0.5000006762343818	0.49999618733148654	0.49999996328744367	
0.9999822862831068	0.6666775811628542	0.7500381381843338	0.6665982994226762	0.49999755741807067	0.49999127172661495	0.5000015016388181	0.49999641707698345	0.500000922291932	
0.999999684038285	0.6666549024646081	0.7500927895816216	0.33335589590899034	0.49999245081378313	0.49999718572654883	0.49999931145084336	0.49999360982011326	0.500000207984501	
0.9999971645448078	0.666659688717763	0.7499759041469949	2.621619481030836E-7	0.49999155057528455	0.4999933368321228	0.5000030033261866	0.49999357032892405	0.49999994694561106	
0.9999977222065057	0.6666896787287613	0.5000335367497628	0.9999892477116591	0.4999875693251583	0.49999505988543314	0.5000041864270133	0.5000298574440128	0.5000043077380639	
0.9999915267237472	0.6666777861253831	0.5000339917899618	0.5000012049967808	0.4999955502477078	0.4999943321961769	0.5000000094046825	0.49999771316874037	0.500001658952511	
0.9999920986905477	0.6666596955992389	0.5000387337538965	8.640089192205797E-5	0.4999885047829227	0.4999862295280008	0.4999992122941158	0.5000302299964292	0.4999999986571289	
0.9999935325085714	0.6666897119280343	0.2501469307516397	0.9995509634816488	0.4999877125458094	0.49999144805049894	0.49999871319803774	0.5000304766255933	0.5000018768402494	
0.9999935300402238	0.6666919731988477	0.25013909065563894	1.9091446507349966E-4	0.4999877262266363	0.49999841874776507	0.4999970797781853	0.5000304960197363	0.5000017145865676	
0.9999968118656444	0.6666618524383121	1.9602803520617762E-7	0.9824436752097558	0.49998875281934	0.4999969172540719	0.5000001674137501	0.50002928771553	0.49999977921523164	
0.9999955175111718	0.5000671272190867	0.9999646100794108	0.9999436909176276	0.49999145222813235	0.5000377238787848	0.5000015381779224	0.49999072287100504	0.5000002899767473	
0.9999985859908812	0.5000575885381018	0.99996416312631	0.6665983493384425	0.49999726555160906	0.4999912752230425	0.5000014973624346	0.49999639962107945	0.5000002911010986	
0.9999930005064231	0.5000220623105319	0.999994903147534	0.3333563479710172	0.49999146944513095	0.4999954483041509	0.5000052246621668	0.4999912131929939	0.5000008689035118	
0.9999977504903251	0.5000141766728358	0.9999636268553432	6.136497207536519E-6	0.4999862481514743	0.49999156015759344	0.5000029417419717	0.49999164133235624	0.5000005067011788	
0.9999845405556552	0.5000574537277405	0.6667431185282819	0.9998178819320687	0.4999924245270688	0.49999256221367794	0.5000030453680545	0.5000314813885472	0.5000008554657591	
0.9999845262067842	0.49998887212450416	0.6666981002303066	0.5000340052304951	0.4999955489846075	0.499993660408621	0.49999931674423165	0.49999269144506486	0.5000015238597991	
0.999996104150227	0.49998788197166033	0.666698104559548	5.219015159374271E-5	0.49999257616223797	0.4999936411149003	0.49999899955152527	0.4999933037637737	0.5000015494143716	
0.9999948357855721	0.5000827599348515	0.3334887779198377	0.9999095927850062	0.49999212779705443	0.4999937935841907	0.49999938075132483	0.500030294251899	0.5000016130308375	
0.9999933568144788	0.5001486180575307	0.3334952075860301	4.937742434262323E-4	0.4999910402551966	0.4999972371763451	0.4999992341256078	0.5000309808869823	0.500000224216276	
0.9999994615288341	0.5000034095447723	1.0165727689561205E-5	0.11650796372053968	0.4999868656773736	0.4999932167968478	0.4999971779597643	0.49998586678337925	0.4999998169388889	
0.9999805887533361	0.333377521421928	0.9999508568927766	0.9998133985021921	0.499991464121035	0.4999964095026944	0.5000051734388609	0.49999337522670334	0.5000003520586425	
0.9999848369643313	0.33341698875032355	0.9999509136047221	0.4999861660270835	0.49999206803646823	0.4999949859640294	0.4999994795684005	0.500030270373755	0.5000016125240865	
0.9999807566884635	0.3333801962264846	0.9999983459567414	1.9099573004506244E-5	0.4999873818916468	0.49999640326163836	0.500002988162672	0.49999441334772665	0.4999999239673312	
0.9999926141236157	0.3333755382786403	0.5000341119882046	0.9998846480868202	0.49998842282130473	0.49999664637148483	0.4999992848950479	0.499995686099767	0.49999982123648573	
0.9999923948453918	0.33341602741457904	0.5000341119913494	2.2443299127760535E-4	0.49998842993246584	0.4999955002350109	0.49999913192196693	0.5000303882053346	0.5000013315288117	
0.9999994165455717	0.33337554280356213	4.71125703626063E-5	0.8534764132033982	0.4999920707033848	0.49999493188184474	0.49999934666565204	0.5000295421414971	0.500001612616021	
0.9999975221309426	0.16669720619569633	0.9999509113346284	0.9999328878013762	0.4999914972546064	0.49999499591573876	0.5000045648703033	0.5000302660491053	0.5000003635692551	
0.9999801963575333	0.16690371185346164	0.9999605958061086	8.480802828954442E-4	0.49998771387187835	0.4999894764733657	0.5000109064778535	0.5000300937780217	0.5000000388145031	
0.9999851432457867	0.166710527693677	3.0183168180575315E-4	0.47931222307790566	0.49999474310980035	0.49999426707801736	0.4999993723535946	0.4999848705865234	0.5000015327470082	
0.9999984431641786	1.947684478198486E-6	0.41817207664594197	0.12151361207906464	0.4999956358534687	0.4999937747584752	0.4999991661446635	0.49999347424317214	0.5000015162287206	
0.8333301113435184	0.9999917352932828	0.9999992255796453	0.9999975862087228	0.4999923439329948	0.4999980508608001	0.5000004605933228	0.49999042966266266	0.5000011711140442	
0.833327721035858	0.9999973718303821	0.9999580516459198	0.7998218377756803	0.4999976035320033	0.4999930125459209	0.5000053615634149	0.49998908923954816	0.5000008998416918	
0.8333141467505224	0.9999984301103765	0.999999176932881	0.5999739833561716	0.49999719874832554	0.49999305830055285	0.5000051971921735	0.499991090417144	0.4999999552932451	
0.8333337169917285	0.9999907082489212	0.999994186212261	0.39994159380849886	0.4999968681681204	0.4999938835403157	0.5000001970983259	0.49999262348562734	0.49999998293443415	
0.8333330061531712	0.9999993161510273	0.9999975532012029	0.19999324232733087	0.499992899407038	0.49999518169387974	0.4999993154551286	0.4999880260193285	0.4999999227062842	
0.8333329091529109	0.9999967654665297	0.9999907564261199	4.7923808334684224E-5	0.4999925234609557	0.49999046781739753	0.49999929168458007	0.4999847582672784	0.499999944153718	
0.833329968989999	0.9999842630365533	0.8000286009037011	0.9999853011738281	0.49998763390563705	0.49999307554377037	0.5000005757272694	0.4999929461480973	0.4999999909394277	
0.8333305902502586	0.9999973493777166	0.800031875138156	0.7500257898772709	0.4999970213473433	0.499993321927296	0.5000051340926207	0.4999910198330841	0.4999999410129927	
0.8333327175746945	0.9999971307154261	0.8000109861408832	0.5000055237873846	0.4999969529284878	0.4999939203417153	0.4999984180609815	0.49999109557231003	0.5000000296220504	
0.8333329091794953	0.9999967977958274	0.8000111134097827	0.2500108974513629	0.4999920690465676	0.4999952081065604	0.49999972077039195	0.4999864351539349	0.49999990615992257	
0.8333329091529109	0.9999967319381626	0.8000111153628822	4.7587667824353086E-5	0.49999213003635423	0.4999952119642281	0.4999997144911095	0.4999845203871122	0.49999987668532647	
0.8333295021083531	0.9999973591434842	0.6000613572792292	0.9999556349781302	0.49999230021378266	0.4999985459752705	0.5000001313715606	0.4999913573117306	0.5000002377641491	
0.8333300919009924	0.999996967862489	0.5999723341078042	0.6667054818117584	0.4999885058934912	0.4999950189881859	0.5000001125155474	0.49999468089109717	0.5000002908164808	
0.8333277608291494	0.999995700696996	0.5999752669485734	0.333321622756455	0.49999232852927755	0.4999954770060561	0.5000018847861357	0.49998223574377687	0.4999999113921996	
0.8333283320963506	0.9999994454998341	0.600035935166534	3.905400719863532E-5	0.49999568464183675	0.49999317520462594	0.4999993828288113	0.4999966676675975	0.4999999189066305	
0.8333282604795811	0.9999999464364195	0.3999965837656805	0.99999834193585	0.49999063224658397	0.4999984290147536	0.5000004653010371	0.4999913159756965	0.4999998587540726	
0.8333273557142753	0.9999998292129665	0.39999658405708255	0.49983487716386926	0.4999924663813818	0.49999503462922895	0.5000017323951038	0.49999461021199465	0.5000001622363661	
0.8333282313514202	0.9999968587760405	0.40000336799380276	6.848378190435531E-6	0.49999156659445165	0.49999519568675393	0.4999992964035452	0.4999879431192146	0.5000003244381185	
0.8333486832005671	0.9999921743951944	0.20023306995365503	0.9992058598719036	0.4999917280069046	0.4999971179677193	0.5000003164814436	0.5000302529505377	0.499999119799703	
0.8333458588485604	0.9999899663806819	0.20025788317391127	7.001996758046131E-4	0.499992385224829	0.49999410104455466	0.49999999748881446	0.4999839859286648	0.499999709973368	
0.8333382735088287	0.9999959268271836	4.527882286913703E-6	0.9979626823569203	0.499990702153137	0.4999984502303854	0.4999993551903196	0.5000298355766555	0.49999984826344046	
0.8333337381731748	0.8000047005306504	0.9999966586514112	0.9999945130282362	0.499996897925171	0.49999321613047615	0.5000007909485322	0.4999911250407597	0.5000000355221905	
0.8333337404365624	0.7999945086196842	0.9999942871597763	0.7498967427981008	0.49999281040636506	0.4999957451244817	0.5000007187210073	0.4999926425419616	0.500000346134088	
0.8333326237464439	0.7999947951614614	0.9999964247231057	0.49997312114159254	0.4999968992168792	0.49999391601192705	0.49999933383648854	0.4999925955458132	0.49999987749068536	
0.8333328173996856	0.7999948000117502	0.9999984182720869	0.2500108974817978	0.4999915395457534	0.49999719127794523	0.49999973757581867	0.49999565522913125	0.4999999071031226	
0.8333285910250576	0.7999950729706075	0.999996734987962	2.6612411617677546E-7	0.4999929249055387	0.49999332194287177	0.5000001826210142	0.4999912855509808	0.4999999393968123	
0.8333349645695852	0.7999855692218591	0.7500199887081549	0.9999708598270602	0.49999235663789565	0.49999584088574506	0.5000006916798001	0.499990426910549	0.5000003457638267	
0.8333287230380274	0.7999509151477433	0.7500200108313685	0.6667067587563581	0.49998721931205303	0.49999257678183423	0.4999997718665255	0.5000280615469117	0.4999998176971055	
0.8333348676822009	0.800044721075575	0.7499727619308275	0.3333212415304648	0.49999097647192864	0.4999972928072749	0.49999943645669037	0.49999468368775296	0.49999970361523327	
0.8333326159769449	0.7999868474805292	0.7499715164010751	1.1820531152394439E-7	0.4999883747532165	0.4999972975138517	0.499999101183363	0.49998843898660156	0.4999999562876093	
0.8333285432619658	0.7999862246727789	0.500010112480117	0.9999992608084551	0.4999917755314068	0.49999212944273447	0.4999996695683795	0.4999945706637083	0.5000009026696288	
0.8333276886527362	0.7999867719213486	0.5000092180196661	0.5000218078309154	0.49999523933990414	0.49999653779067443	0.500005174126805	0.4999877449866284	0.5000004422178137	
0.8333347692363484	0.7999867643132581	0.49996272704926914	7.671704865077223E-6	0.4999919599742114	0.4999968881756874	0.5000055181063935	0.500030161861326	0.5000004595524123	
0.8333458585892413	0.799989347248643	0.25028640167969557	0.9989297190310441	0.49999232852018466	0.4999975644183965	0.5000001625969747	0.4999857735001394	0.4999997889850335	
0.833329844656509	0.800077563550601	0.250286401591877	7.00086509696147E-4	0.4999917351993184	0.499997526248817	0.5000002333798391	0.500026995720637	0.49999978823298924	
0.8333382401917728	0.7999863940590937	5.33287389240346E-7	0.05559225350032837	0.4999928214805707	0.49999691840322885	0.5000002208959293	0.4999857776828345	0.49999979797090355	
0.8333286658896021	0.6000305118353416	0.9999955502899159	0.999945447531979	0.49999723273582786	0.4999931554249088	0.5000003356888035	0.4999901129911737	0.5000008068462058	
0.8333356240428913	0.6000940768018472	0.9999620816056656	0.6666017850858772	0.4999885593561544	0.4999901627663019	0.5000002503013116	0.49998938082855054	0.5000007246385064	
0.8333354931500534	0.5999943742701551	0.9999998634774085	0.3333591793683041	0.49999144380597255	0.49999301527345047	0.5000030415177141	0.4999912118003767	0.5000008537390931	
0.8333351033507287	0.6000946817450469	0.9999859734503693	1.0243332631008082E-5	0.49999230024807717	0.499993466935571	0.4999991126924149	0.4999939545399183	0.499999882148149	
0.8333302862197564	0.6000231176601512	0.6666994635965489	0.9999434885859951	0.49998746782560594	0.4999925788336987	0.500003103711828	0.4999896241917521	0.500000055826331	
0.8333254352592243	0.5999954152281682	0.6666993197063852	0.5000353691716789	0.4999955296721698	0.4999847621694122	0.4999994006643414	0.49999606807487157	0.49999975446787376	
0.8333326268816298	0.5999939810327028	0.6666577055526115	4.909518129068074E-6	0.4999883110473588	0.4999874014278709	0.49999898739511217	0.4999864213507541	0.5000002760158883	
0.8333474826393296	0.5999901042711883	0.3335376288257825	0.9993793098834707	0.4999956772353945	0.49998901130876067	0.5000028038876493	0.4999973219581306	0.5000016462889215	
0.8333464522458791	0.599915039945803	0.33349599472094177	4.933216085078236E-4	0.49999199846727543	0.4999970681307056	0.5000006314755283	0.5000310061712647	0.49999992423039874	
0.8333382375655335	0.5999934762212582	1.9736427516263103E-7	0.9770258899081201	0.4999883077674437	0.49999711174411055	0.4999995210886421	0.5000292923624718	0.4999998183422579	
0.83333824710445	0.4000334874214622	0.9999439875347067	0.9999739786738688	0.4999957596011346	0.49999279540436303	0.5000006433104174	0.5000304242041621	0.4999997492374972	
0.8333351701144441	0.4000256759258636	0.9999631311082593	0.500062133391256	0.4999883573706523	0.49999453281063433	0.49999940633308987	0.4999934049625526	0.5000007384372237	
0.8333257105441381	0.40030651297752823	0.9994302724967902	2.6530685107597444E-4	0.49999470873865426	0.4999885737075297	0.49999898418256883	0.49998547782853253	0.5000015399093385	
0.8333363211310136	0.40002474050008097	0.5000341117744495	0.9998861337498715	0.49998760771020967	0.4999966606714725	0.50000500918263	0.4999961895455225	0.5000003923361062	
0.8333363141875783	0.40002474044365294	0.5000339907281057	9.722079179620393E-5	0.4999877166270646	0.49998962889226906	0.4999995360570029	0.49999757083019297	0.5000015708653391	
0.8333363794605173	0.400024742383272	6.092362350385952E-5	0.49382925028526764	0.4999875578215582	0.49999734583953975	0.49999950907065294	0.4999943822992087	0.499999499061523	
0.8334118389880913	0.20034595835724509	0.9994151436807858	0.9991031420165383	0.4999919296142428	0.4999940216349465	0.5000050441265002	0.5000315837292459	0.49999939439191793	
0.8333363198163202	0.20020893182585733	0.9994308424056881	2.610114263949313E-4	0.499995211388826	0.49999447854019125	0.4999992017755646	0.5000310022371642	0.5000015506545946	
0.8333385260461385	0.20001494370758488	5.273458480240382E-5	0.08679178503202586	0.4999921115337715	0.49999322588809947	0.49999953624343857	0.49999435401136283	0.4999996780850507	
0.8333362456559776	4.179143491822579E-7	0.5196716590111901	0.45811841133478903	0.4999884923342966	0.4999976383596538	0.5000001870749009	0.5000302368080962	0.49999944278366737	
0.6666613211473745	0.9999879534167818	0.9999966586944194	0.9999978984500864	0.4999927250839072	0.4999949754435682	0.500000800793957	0.49999110573670746	0.5000011837183618	
0.6666690703425163	0.9999977169699266	0.9999940307105076	0.7500224075511414	0.49998788127650956	0.49999517747109057	0.500005069969139	0.49999419154755564	0.49999973713014545	
0.6666612281237626	0.9999838611087521	0.9999976021606218	0.5000583491919244	0.49999168331321003	0.4999920560553811	0.5000002359546465	0.49999908318531433	0.49999994828979466	
0.6666872229429154	0.99999672381748	0.9999931897396437	0.25001163140904215	0.499992216984256	0.4999970528967915	0.49999961442096186	0.5000303642223273	0.49999989951697876	
0.6666882306644927	0.9999998066354875	0.999983610266961	2.0717052617203146E-6	0.49999228401094015	0.49999509324550806	0.5000031734580508	0.5000297423517115	0.4999999965741824	
0.6666613068996632	0.9999964622553826	0.7500555757509798	0.9999647657002799	0.4999884638569932	0.49999496004210237	0.500000802398291	0.4999921360666557	0.49999992227507467	
0.6666858589376179	0.9999965790073216	0.7500542399559897	0.6666060714080715	0.4999884639496402	0.49999584186128604	0.5000006612255931	0.4999902020538655	0.500000876907326	
0.6666982699963745	0.9999774878706705	0.7500188742004428	0.33343844515756466	0.4999922620715	0.4999973833594788	0.5000012523926975	0.49999029017869123	0.4999999618935997	
0.6666879257935086	0.9999997601688484	0.7499712007223783	2.5498038526750803E-7	0.4999924002150732	0.49999705231891334	0.4999996260191025	0.5000251948391216	0.4999999849004859	
0.6666876193007053	0.9999965214612105	0.5001772929958896	0.9999428966283662	0.4999886753270359	0.49999582932332765	0.49999895646257875	0.4999971348426385	0.4999999908456761	
0.6666680520088546	0.9999867815081386	0.4999673519939293	0.5000045209345786	0.4999873286044274	0.4999931536939985	0.5000005880194677	0.49999764378001577	0.500000293322795	
0.6666965713529782	0.9999961942431584	0.5000674606515663	4.690370205918808E-5	0.4999858907874478	0.49999432781298236	0.5000031865637051	0.5000303890551003	0.4999998925912195	
0.6667457677517002	0.9999979648469709	0.2501464838645652	0.9995460396338869	0.49999226972465827	0.4999973939360874	0.5000005879936933	0.5000304393063343	0.5000003717035588	
0.666666789080146	0.9999774973032437	0.24994269577768802	2.4576887163985615E-6	0.4999922743505064	0.4999996605512389	0.5000006572057711	0.5000305299192189	0.4999998393682763	
0.6666679378130657	0.9999970172378003	4.390653064527021E-6	0.4998274498875793	0.49998837329020107	0.49999859542448805	0.5000000002990029	0.49999380896118495	0.4999997616906711	
0.6666860425874607	0.7499850312604246	0.9999987637225546	0.9999884000400977	0.4999973351667214	0.49999905638357894	0.49999997986528794	0.4999973406350265	0.5000017470568419	
0.6666598004135693	0.7499855249592685	0.9999942298036082	0.6667382151029462	0.49998850565239505	0.49999219088579494	0.4999999988110601	0.49999747746607076	0.49999972989708596	
0.6666601680569797	0.7499780106948004	0.9999888216328697	0.333168024861573	0.49998857122127544	0.49999522647377703	0.500002982113017	0.4999892176592558	0.5000014716878702	
0.666688226216795	0.749989993487944	0.9999868076545324	1.0655652496895476E-5	0.4999916919048164	0.49999519564795136	0.5000029802389808	0.500028248516427	0.5000009772546454	
0.6666690142798822	0.7499851908486588	0.6666597591160149	0.9999851939793224	0.4999951938406951	0.49999528065270227	0.5000005506712916	0.49999672286541963	0.4999997688235708	
0.6666690142826103	0.749995878090993	0.6666600326148738	0.5000045957330733	0.4999873040029542	0.4999931604507393	0.5000001203717958	0.49999730509442364	0.5000003276989953	
0.6666887414805309	0.7499901967046514	0.6666593522405738	2.1809013948759744E-5	0.4999906002733376	0.4999865335987182	0.5000000253281186	0.5000300655227354	0.4999999259173261	
0.6666897162377744	0.749995682535573	0.3334388578922662	0.9999336683743782	0.49999224227681505	0.49999293782906684	0.5000006221437562	0.4999904657398136	0.5000003698331241	
0.6666897296976747	0.749982787391393	0.3334388592150836	1.0805967422206075E-4	0.49999202064032244	0.49999663463037175	0.4999988128918504	0.49998462137780925	0.49999958569041286	
0.6666704184619655	0.7499824614598483	1.5948939905592686E-7	0.01658417520068639	0.49999224849505775	0.5000377343979786	0.5000030358724401	0.49998859922781563	0.499999829248195	
0.6667050249767131	0.5000481612202438	0.9998974553856292	0.9999424217300847	0.4999884513915186	0.49999713879866686	0.4999989748099136	0.500030199432593	0.50000071989132	
0.6666717083637735	0.4999926569172216	0.9999942416978206	0.5000083847461907	0.4999958869272652	0.49999708409423127	0.5000015694010645	0.5000301636712943	0.49999667547470306	
0.6667044276937263	0.5000840182950018	0.9999886974560475	9.67649159965522E-5	0.4999873853559339	0.499989830325854	0.5000065629025904	0.4999852688021055	0.5000006808076113	
0.6666705362955847	0.49998741676990255	0.5000333839090478	0.9998048948643248	0.49999241347663936	0.499994849347546	0.49999961528522924	0.5000316371321417	0.5000003051031233	
0.6667021295951876	0.5000955961881568	0.500034506859163	2.2746670740758645E-4	0.4999884545793872	0.4999971665860288	0.500000424861362	0.5000304026863523	0.5000014827421424	
0.6666684222181596	0.5000074484743514	1.9467494193900618E-7	0.05547527585342363	0.49999201256534836	0.49999690958398374	0.4999995071174384	0.49998147196648174	0.4999999622683982	
0.6669088525956232	0.2506948014137829	0.9995338531018533	0.9991109731080574	0.4999913994521147	0.49999469048387885	0.49999861305406024	0.5000310798737302	0.4999995922887498	
0.6668469588288066	0.2510656488689955	0.9978212189651877	0.0016804275531797268	0.49999079902507176	0.49998652796906984	0.5000028422741484	0.5000299085532749	0.49999941690368577	
0.6666711213905198	0.2500205559205775	4.035651713517385E-4	0.5120832471427674	0.49998739179404156	0.49999742899947597	0.5000051931914467	0.49999504666546274	0.5000016375662597	
0.6667046633615927	5.13657193982886E-5	0.5211825502270305	0.47044284751831356	0.499988502415256	0.4999949641607918	0.499999496312253	0.5000302171000545	0.49999959582611786	
0.5000341049450167	0.9999523443602217	0.9999943694969627	0.9999702147099161	0.49999166166732756	0.4999937495524955	0.5000001213569721	0.5000304353622398	0.4999998167765806	
0.5000726780459003	0.9999521778486207	0.9999928571991217	0.6666129253663909	0.4999916893122764	0.49999386503501286	0.500000154482769	0.4999947898956055	0.49999979656268556	
0.5000322048728599	0.9999827914674052	0.9999914122460273	0.33343622188798644	0.49999214691626104	0.5000402586751701	0.5000029695178018	0.49999398174507953	0.5000019663529627	
0.5000727618113684	0.9999830912379676	0.9999308391478562	1.5001736165101226E-4	0.49998694761900203	0.49999306707687047	0.5000001712438817	0.4999931103064214	0.5000010954369066	
0.500028239525796	0.9999921847228089	0.6666581986305611	0.9999547853338405	0.4999920385593404	0.49999917055248305	0.5000000930303176	0.4999974979315619	0.49999959453748105	
0.5000310015016932	0.9999676674957503	0.6666586085756602	0.5000017940876372	0.4999908971172473	0.4999980182742413	0.5000006422085366	0.499995492186805	0.5000000036568867	
0.5000310392162494	0.9999663915485595	0.6666581954207897	4.245451405266205E-5	0.4999909778128282	0.4999972073373364	0.5000006122059408	0.4999954670494281	0.49999990767012015	
0.4999641320031665	0.9999962926593433	0.33343942695016787	0.999885266973646	0.4999881945284833	0.49999409809907347	0.5000006424385759	0.4999835599412184	0.49999971216541095	
0.5000326255396036	0.9999903754477166	0.33343942694834106	7.552882004824291E-7	0.49998841876627476	0.4999940420197087	0.49999895557275315	0.5000269096042009	0.5000008327250833	
0.49996281627095984	0.9999968251225466	5.7345895820321013E-5	3.7679671200838345E-4	0.49999116354992973	0.49999433893020256	0.500003169563008	0.4999834758156558	0.5000003970056125	
0.5000636644017196	0.666606539861726	0.9999415421931246	0.9999639610052131	0.4999911743298687	0.49999860997393464	0.5000006929483537	0.5000314389537304	0.500000753543635	
0.5000334940360305	0.6666059457538278	0.9999946930477449	0.5000013240685668	0.4999952404977244	0.4999956125396689	0.5000000718755486	0.5000302987959134	0.5000015032459385	
0.5000317006542855	0.6666410241585592	0.9999905642192287	5.5852563547059895E-5	0.4999915271872314	0.49999716018018076	0.5000000439840502	0.49999201614029265	0.4999999283178795	
0.5000315861689597	0.6666245919815456	0.5000180651824698	0.9999622925299488	0.49999215155483584	0.4999976209677388	0.49999998471788965	0.4999864179294478	0.5000010347041147	
0.5000316293636088	0.6666248036587625	0.5000397271204238	4.065618378309849E-5	0.49998824346414816	0.4999972196643894	0.50000263765368	0.5000307115956198	0.500001017977905	
0.5000321343875417	0.6665926427678002	5.052797705194135E-7	0.9964766321403137	0.4999918669282284	0.49999836656176055	0.5000030324429053	0.49998754589668215	0.5000004234744028	
0.5004685769465583	0.3346140540690784	0.9976058749008156	0.99979297068414	0.49999172025428046	0.4999930936342265	0.5000001794279137	0.5000292361919819	0.5000003846659717	
0.5006686308874458	0.33460047919781544	0.9987538248761793	0.0025863389148693865	0.49999524991305355	0.49998960683051086	0.4999994353761386	0.49998519289646703	0.500001539653562	
0.5001049690167887	0.3336868420937592	0.0010057032133880617	0.5062703203821536	0.49999582759751304	0.4999961885155388	0.5000000807493004	0.5000305339800477	0.4999996861242029	
0.5000312606687702	5.4653104166677013E-5	0.4986941220776977	0.006469703495703111	0.4999915381411792	0.49999617480944225	0.500004424328912	0.4999958846409347	0.5000021309038823	
0.3338182855248084	0.9995533077426403	0.9992361548196097	0.9999237713120914	0.49998620697191076	0.49999798054601	0.5000040754004105	0.4999941061583979	0.4999999223357519	
0.33348977800972174	0.9999696654074346	0.9993454928322129	0.5001312479297305	0.49998839533715295	0.49999466368151074	0.4999989560878445	0.49999983765779044	0.49999991018170775	
0.3334868641695785	0.999888735804503	0.9992879986022801	9.876825245246079E-5	0.4999921571742275	0.4999982888461125	0.5000063757729915	0.5000302680526423	0.4999998940778448	
0.3334064411057215	0.9999751582971423	0.5002484586412111	0.9999530494602131	0.4999922912961006	0.4999989794126882	0.5000006102280019	0.49999741541110276	0.5000009174606536	
0.33349466975421843	0.9999755792729912	0.5006051694015041	8.971054853991015E-4	0.49998812391620057	0.49999741317984975	0.5000026939165727	0.499990323794339	0.49999996162876276	
0.33348068935593855	0.9998853939884095	2.7101279800567646E-4	0.489679471574177	0.4999921692731161	0.4999983084837994	0.5000089520272389	0.5000304865691991	0.5000008242148788	
0.3334985176347619	0.5006303108191649	0.998952178927872	0.9995591140987552	0.49999109074061	0.49999857413195975	0.5000065518902568	0.5000311409640644	0.4999996735078235	
0.3334985176347619	0.5006341025921398	0.999239415560825	5.22441141916353E-4	0.4999882647016438	0.49999323213534874	0.5000063766351919	0.5000302331981754	0.4999998155226848	
0.3334853764336738	0.5002631284314394	6.416698585537284E-4	0.4432131421468649	0.4999915322213848	0.49999347485989704	0.5000042111056856	0.4999881808501225	0.49999973072375686	
0.3334946520951173	6.548686937601911E-4	0.5015066088799802	0.46130196307302707	0.4999884711079853	0.4999974131800987	0.5000007374629059	0.4999929845532735	0.4999999616284276	
0.16781371039261456	0.9972696305955594	0.9976078618459361	0.9985764299614183	0.4999911854782292	0.49999323319551386	0.49999867918429447	0.5000314369335825	0.5000008869195063	
0.16738613684463144	0.9983998615214305	0.9978743973214949	4.76770168245336E-4	0.4999881424183192	0.5000394691764097	0.5000006149645139	0.4999956311407607	0.5000009235705982	
0.16782066320605565	0.9967332783634648	0.0022071643859713497	0.50636126055418	0.4999852885135835	0.49999806931412827	0.5000006529971335	0.5000305794289001	0.49999968991089977	
0.16693128522035522	0.0013275750517808826	0.500013373411174	0.5109129054491184	0.49998527174197366	0.49999805628978816	0.5000006470399246	0.5000305169275933	0.5000000004643541	
5.8874340307366047E-5	0.4786013644228596	0.9923826993904341	0.9668587293206079	0.499985742958865	0.49999306955883516	0.49999891285884734	0.5000310880072383	0.49999971781627145	
