0.9999928504433888	0.999997103358957	0.9999989837979909	0.9999995247837609	0.5000001244371775	0.5000005194039887	0.5000016439936877	0.5000313006499446	0.4999992182116574	
0.9999726514557122	0.9999824480408628	0.9999752791401133	0.8334827550196899	0.5000032382660617	0.499996889232547	0.4999994431936994	0.5000310961554083	0.5000018342969276	
0.9999931516187249	0.9999972211594391	0.9999964822526265	0.6666325126523998	0.4999998190064631	0.4999998082664908	0.5000005356784396	0.5000308226026334	0.4999999772863394	
0.9999892101473068	0.9999773873481138	0.9999517863759786	0.5001238414096377	0.500000586941623	0.5000002150256481	0.4999994589517078	0.500030999981707	0.49999837392801266	
0.999999590560095	0.9999953727294686	0.9999983660770371	0.3333351443184546	0.5000002149737679	0.500000204340941	0.4999997690504979	0.500030270971168	0.49999983190297276	
0.9999758192972708	0.999978926170682	0.9999892029175648	0.1667515294552473	0.5000001364021925	0.49999904939215517	0.49999955638673205	0.5000302032956956	0.4999994724549239	
0.9999942836122225	0.9999844791034062	0.9999921247841794	1.645056767234444E-5	0.5000000724633725	0.5000002097003977	0.4999998911911061	0.5000427992706502	0.4999995130642295	
0.9999956261272782	0.9999972527943762	0.8333118121303597	0.9999974299469022	0.5000002022580616	0.49999991147003076	0.49999990935051314	0.5000238994080521	0.49999989262424555	
0.999995993853723	0.9999969148311667	0.8333171559871515	0.7999707597761785	0.5000002425547736	0.5000014019162978	0.49999990867775745	0.5000312706453481	0.4999998879230927	
0.9999963426007666	0.9999971712026529	0.8333180125715177	0.5999767645819657	0.5000002446918806	0.500001361241507	0.5000004519981134	0.500031262924323	0.4999998613890057	
0.9999992594962615	0.9999900110472684	0.8333162451092064	0.3998257345977862	0.5000004344473294	0.4999996983025564	0.49999945528754086	0.5000309293892548	0.4999996579187147	
0.9999995170936719	0.9999957456758123	0.8333162242259325	0.19998057363311444	0.5000003299918205	0.5000002926595624	0.5000000345308195	0.50003047690756	0.49999951078119	
0.9999969045946376	0.9999964895247792	0.8333162242129518	3.664789018941909E-7	0.5000003544903188	0.49999901929013096	0.4999991348145492	0.5000361059646963	0.49999949374596336	
0.9999943393474763	0.9999945752920605	0.6666826681108557	0.9999883948135041	0.5000008501427888	0.4999966856555018	0.5000004631664758	0.500031131584476	0.4999999333418945	
0.9999960693766601	0.9999969034459537	0.6666826699125122	0.7499605749881821	0.4999998991549489	0.4999998399997049	0.5000005375123019	0.5000307244491726	0.49999995862259605	
0.9999841494217456	0.9999901790597338	0.6666828090206576	0.5001640872666351	0.4999994403763386	0.4999999158405445	0.4999992292376597	0.5000309122652469	0.49999942773428135	
0.9999985017366203	0.9999887248075991	0.6666529613940974	0.25000931610860233	0.49999994204779225	0.5000001723771612	0.4999997744794511	0.500030637212928	0.4999998979003646	
0.9999998294337228	0.999988723862861	0.6666529613940974	3.891146431156169E-6	0.4999999416574067	0.500000138486277	0.4999997092861249	0.5000306753674665	0.499999900716493	
0.9999874387582014	0.9999968920697702	0.4999862535563697	0.9999928888541773	0.4999993823631887	0.4999965723493545	0.49999991814388656	0.5000311271849285	0.49999898115792807	
0.9999998654334863	0.9999842665902177	0.5000217055723946	0.6665811966323832	0.49999989202256423	0.4999998537401448	0.5000005272693929	0.500031287807089	0.4999999576999037	
0.99998819084351	0.9999848258011895	0.5000841721862196	0.3334740768286995	0.49999957647262644	0.49999981812200567	0.4999999136379437	0.5000307054466059	0.5000000626441721	
0.9999884679118832	0.999984961599586	0.5000936658465236	6.983492588366613E-5	0.4999993899473535	0.4999990278533206	0.4999988071916155	0.5000209976852714	0.500000062042622	
0.9999910190837059	0.999986783427191	0.33323746460903075	0.9999774407725098	0.4999993606868707	0.5000000352018706	0.5000000449385702	0.5000312036133674	0.49999939115262565	
0.9999965337113977	0.9999875681279145	0.333256092892904	0.5000048915670364	0.49999939992659564	0.49999945302173043	0.500000269082153	0.5000312621395568	0.49999981124314924	
0.9999839394588594	0.9999962160089544	0.3332562517850593	3.713068896675927E-5	0.4999993912613794	0.5000002831484126	0.5000000879794085	0.500030708709897	0.49999988804826323	
0.9999886215825969	0.9999865860431317	0.16666537163582054	0.9999880553530199	0.4999998225930542	0.49999639637532123	0.49999944839320787	0.5000311173856248	0.49999933284952336	
0.9999895110645745	0.999984320921848	0.1667860225350032	6.736587985257114E-4	0.5000002480559043	0.49999973970742195	0.5000000115005762	0.5000336610881866	0.5000020399379497	
0.9999985881962629	0.9999978428782643	2.7742613717767635E-6	0.5567640192481712	0.49999949151700573	0.5000001280347742	0.500000094011444	0.5000336489942229	0.4999998879946015	
0.9999994790819294	0.8333113690091581	0.9999992714361595	0.9999889242771043	0.5000002234515211	0.49999996891062337	0.49999975373519506	0.5000306646931051	0.5000004679164642	
0.9999969210913604	0.8333114884371047	0.9999978985556931	0.8000141531770913	0.5000011425277159	0.499999807812255	0.5000000414438551	0.5000312906008376	0.4999998875042215	
0.9999926466510157	0.8333112483502824	0.9999960632103757	0.5999767907938601	0.5000009719152497	0.500001161518031	0.49999949864218085	0.5000312427243636	0.49999988556138014	
0.9999892423846568	0.8333112521911149	0.9999960350368428	0.39994639515916836	0.500000925769439	0.5000004610000528	0.5000000414432255	0.5000302832101035	0.4999998888353596	
0.9999965794700207	0.8333046397738344	0.9999987103767918	0.1999805919706134	0.5000003613704663	0.5000004832044457	0.4999995012528578	0.5000302942432797	0.499999758810491	
0.9999943676615796	0.8333104460467273	0.999992163069994	1.127080919052665E-5	0.5000000854533246	0.5000001882450896	0.49999984058789226	0.5000306623094041	0.49999979133686634	
0.9999970933129729	0.8333105105659635	0.7999821949743673	0.9999935974637167	0.49999978711085263	0.49999992316171415	0.5000005043071235	0.5000246377202509	0.49999979617234064	
0.9999994014226198	0.8333114600231243	0.7999821869166984	0.7500569375034104	0.4999998256700216	0.4999999231910916	0.500000505199052	0.5000306657214834	0.5000004704960803	
0.9999882075833829	0.833310330922002	0.8000290040989618	0.5001447949873677	0.5000012113513254	0.4999998828712333	0.4999996285745053	0.5000302850471551	0.4999991880034985	
0.9999997776603159	0.8333266862821637	0.8000288867810209	0.25000546971654874	0.49999906083491225	0.49999994685536897	0.5000011905300721	0.5000306655293375	0.5000004513071858	
0.9999943202989685	0.8333051811558794	0.8000295625806295	1.8674307537751648E-5	0.5000003124088862	0.4999995193822514	0.4999998407201562	0.5000304689565892	0.4999990215357291	
0.9999947278715348	0.8333103768110907	0.5999250733763337	0.9999992558070476	0.5000008424777883	0.5000000432645652	0.5000004864217064	0.5000306042407894	0.4999993962769867	
0.999991294689592	0.833340645380658	0.5999785745558395	0.6665785845225178	0.4999998731117642	0.4999998390734695	0.5000005280402546	0.5000225504423579	0.5000000028177944	
0.9999995846057886	0.8333103375028138	0.5999785741427239	0.3333133673608256	0.4999998625644841	0.49999912929877655	0.5000000454957593	0.5000302886603497	0.5000000190049497	
0.9999885634905511	0.8333103307027947	0.5999785741427239	8.009339957194655E-7	0.5000000885282289	0.5000002849058919	0.5000000429357324	0.5000308841798083	0.4999999986760242	
0.9999947278715348	0.8333104245721308	0.4001377352269028	0.9999992558070476	0.49999986785520023	0.5000000458470502	0.50000025706624	0.5000306289065506	0.49999995814730636	
0.9999834742987065	0.8333437375865288	0.3998131996075942	0.5000048639253442	0.499999834334938	0.5000008472865703	0.49999872388224476	0.5000307964723004	0.4999998847877449	
0.9999837507065779	0.833369535015586	0.39991157787272813	1.0116792240719056E-4	0.5000003833227368	0.5000002914061095	0.4999996808427251	0.5000307925209827	0.4999979336453179	
0.9999839070990331	0.8333375807568361	0.200136607401242	0.9995536649945888	0.5000000295275134	0.49999984734555225	0.5000000604963425	0.5000320740620151	0.499999219456869	
0.9999836831781512	0.8333092551083138	0.2000447908537429	3.7412119266231697E-4	0.4999993889770204	0.500000157034624	0.5000000462065567	0.5000307217092425	0.4999999925435533	
0.9999990861002266	0.8333416909136541	1.4173089839409825E-5	0.4997353380571105	0.4999998917444009	0.5000001415510205	0.5000002687310181	0.5000306311708163	0.5000021201678972	
0.9999929518285454	0.6667287801513131	0.9999725451543637	0.9999385732168656	0.5000001859441477	0.4999999699678978	0.5000016371206919	0.5000219843654561	0.5000004552562249	
0.9999924350474226	0.6667275221715159	0.9999043547719252	0.7500548317353034	0.5000011485204973	0.49999911975709077	0.5000005615305108	0.5000211627001092	0.5000003809487464	
0.9999928326554757	0.6667275549155097	0.999952884522777	0.5000055439762889	0.5000008503403495	0.49999994269309805	0.4999995787714778	0.5000205642818553	0.4999999881057083	
0.9999995416556869	0.6667284714058772	0.9999517062585969	0.2500656739665164	0.500001210436054	0.4999998364724967	0.4999997049167951	0.500030782502961	0.4999993467745446	
0.9999989210792083	0.6667284697654406	0.9999815220654226	1.365766091348588E-5	0.5000003764685969	0.4999999350124498	0.49999956159861153	0.5000317686980127	0.49999943074934594	
0.9999759075343451	0.6667286617991721	0.7501570488892012	0.9998321244400438	0.5000004367543252	0.4999999287807166	0.49999942733606395	0.5000218608565591	0.5000004552370082	
0.9999845725656221	0.6667286622526363	0.7501570603183573	0.6666969379243487	0.5000005122157148	0.4999998385368743	0.5000005185036475	0.5000349608708965	0.5000004897471204	
0.9999951247556641	0.6667287581963793	0.7501570633976539	0.33337053535314676	0.4999996527860325	0.4999991718912396	0.5000003368780397	0.5000318193983793	0.4999997576439815	
0.9999823483966237	0.6667305018872852	0.7501584674503182	5.711688271636049E-5	0.5000003587923881	0.5000002459216135	0.49999954906918265	0.5000329827534523	0.4999998333191669	
0.9999800729312943	0.6667270182144375	0.4999859496935634	0.9999935705114382	0.49999981932858567	0.5000009374018187	0.4999999056500047	0.5000247263946492	0.4999982249375329	
0.9999963032694993	0.6666193841300283	0.4999861308040496	0.5000592505967617	0.4999998517000797	0.499999113066165	0.5000003288783578	0.5000318856959483	0.4999993405382992	
0.9999886531036453	0.6667191422449065	0.5000935608156728	5.6679512658592766E-5	0.5000006318507926	0.49999904411391155	0.49999891237962196	0.5000214168901269	0.4999982310792161	
0.9999946502346067	0.6667980612503368	0.25023928450600164	0.9991758760801168	0.5000000481031526	0.4999995145521732	0.5000000513901612	0.5000241420678322	0.4999985310291583	
0.9999728102537664	0.6667620947363166	0.25008810082341604	2.098033552877499E-4	0.4999994124235256	0.49999953215333864	0.5000016341327788	0.5000334225364066	0.4999998059466962	
0.999991941697102	0.6666305279903731	1.3243302777704627E-7	0.5287493121737985	0.5000000888423097	0.5000001387508367	0.5000000583765684	0.5000219774065014	0.49999979369462433	
0.9999895588769068	0.5000476362001207	0.9998338749179367	0.9999703523844339	0.5000005395549406	0.4999991043762841	0.49999942161995387	0.500021688842632	0.4999999912380444	
0.9999897397153203	0.5000475589451912	0.9999529281551425	0.6667324712806109	0.5000005154767755	0.4999991617850255	0.4999995855481907	0.5000212435782958	0.49999998769641696	
0.9999917969172036	0.500047745728172	0.9999751707058788	0.33351212396082736	0.49999908969410595	0.5000002265266486	0.4999996545999834	0.5000227673624652	0.4999985869231883	
0.9999929074772098	0.5000558750524887	0.9999539722370304	5.210772140750751E-5	0.49999899080844457	0.499999871007802	0.49999909180044455	0.5000329940080311	0.5000037367699509	
0.9999892985590246	0.5000477779523306	0.6665304375218948	0.9999912577036966	0.49999979694330426	0.4999991651186213	0.4999996335119557	0.5000199893167538	0.4999986351794051	
0.9999850973732016	0.5000573821399094	0.6664972965246493	0.5000088295022587	0.5000001779739802	0.49999990883365086	0.4999998915853756	0.5000201047697056	0.5000019891394083	
0.9999953835320289	0.5000569769467829	0.6664971698485104	1.7787711189005335E-5	0.4999990189189267	0.4999999084355501	0.49999908118130676	0.5000306282123592	0.5000019997403286	
0.9999851372272832	0.5000476618633388	0.33330018136628514	0.9993685176717211	0.49999980741217814	0.49999913481351516	0.5000000592205623	0.5000319184995823	0.499999373218323	
0.9999949934223179	0.5000536809683841	0.3332919603243768	3.779027834385673E-4	0.4999990869933569	0.49999999468008893	0.4999998551354943	0.5000203347601557	0.5000028480573688	
0.9999530182452568	0.5000539415750788	2.302311291339964E-4	0.0035223940441353047	0.5000030524127186	0.5000001837273849	0.49999882532973994	0.5000322234200464	0.4999997096561699	
0.9999729982395986	0.33330889808776837	0.9999921981867529	0.9999694077759669	0.49999750183966596	0.4999999462965283	0.5000001663303338	0.5000234197956052	0.499999124247621	
0.9999928396904453	0.3333141498546617	0.9999895605913994	0.5000055129561695	0.49999980750424	0.49999994255948105	0.5000000569171102	0.5000205860657695	0.49999864123303195	
0.9999921537828391	0.33330909025622435	0.9999942403164878	4.260226615870075E-6	0.5000001480892192	0.499999939395982	0.49999986513800515	0.5000210131429664	0.49999907031280644	
0.999992786208552	0.33331393763220296	0.5000401603963062	0.9999972909094941	0.49999942856762297	0.4999998517621374	0.49999997998337875	0.500021541552479	0.49999906061444377	
0.9999943985052382	0.3333141879609831	0.5000128327174219	7.47246773277943E-5	0.4999997955875416	0.4999991119804573	0.4999998337467706	0.5000319735537393	0.49999934011886615	
0.9999957472249883	0.3333141859866297	1.1670061066574542E-5	0.07573065532210999	0.49999984021224847	0.5000002020279762	0.5000000510896507	0.5000329398388699	0.4999997093062358	
0.9999943432847409	0.16674873377786417	0.9999157280365342	0.9999385940845598	0.4999974193592979	0.49999981410412414	0.49999990310815934	0.5000236685091676	0.5000000183840972	
0.9999751341781755	0.16704621230372055	0.9992760588875439	6.633166062185922E-4	0.5000002806935774	0.49999991678073663	0.49999973836507927	0.5000211123741363	0.4999993666772666	
0.9999745233435818	0.1672364025314016	0.0031399926662839554	0.4999634923832091	0.500000115391685	0.5000009168800069	0.4999998358944965	0.500020516471177	0.500000447348224	
0.9999927840593985	1.0214423011534422E-4	0.4843699272977022	0.8137929493608456	0.5000002202488912	0.5000002622967349	0.4999996793266704	0.500021175082473	0.4999981378448423	
0.8333343642423489	0.999996761616227	0.9999990533468609	0.9999996069586742	0.5000016137781872	0.5000005215231753	0.4999996412911246	0.5000241267894657	0.5000015312844115	
0.8333351446703019	0.9999993579110052	0.9999979421200809	0.8000141515260303	0.4999997801262185	0.49999994002544706	0.5000005809267312	0.5000242280358059	0.5000015143318232	
0.8333495719207805	0.9999993503484502	0.9999804495855303	0.5999780417752875	0.5000017338882617	0.49999793481983523	0.49999910658452645	0.5000213742883294	0.4999999996748687	
0.8333340795038143	0.9999878904306008	0.9999988399346199	0.39994255436241466	0.5000001647714588	0.5000004327526678	0.5000003754231096	0.5000306613716136	0.4999997154105411	
0.8333464467513428	0.999991847730079	0.9999920294687487	0.20003981351322106	0.500000132475558	0.4999999246978093	0.499999095004015	0.5000306423385209	0.4999993935888501	
0.8333074877897245	0.9999993199782384	0.9999960712333323	1.2215501698210395E-6	0.49999975834305294	0.5000001834090242	0.4999996283033298	0.5000320896244106	0.4999995117102803	
0.8333362096369505	0.9999946650846947	0.7999819947423814	0.9999890476424828	0.5000002115231656	0.4999999182862841	0.5000004025887088	0.5000241456963626	0.5000004596791963	
0.8333353206123814	0.9999946494758912	0.7999819965365054	0.7500188828875893	0.5000008302596319	0.5000000042548973	0.49999999775645043	0.5000242287411268	0.5000015263362424	
0.8333468815812843	0.999991737461583	0.800028946984112	0.5000074929870117	0.5000009386328882	0.49999843725547805	0.49999910655066576	0.5000313103362627	0.5000017082556101	
0.8333464461284826	0.9999885995484854	0.8000308226459315	0.2500081961569463	0.49999964102363503	0.5000001062343219	0.4999990983016143	0.5000200700500809	0.4999993917640719	
0.8333475386640469	0.9999888390840028	0.7999653131866438	3.276051605707921E-6	0.5000001789823058	0.5000002905720436	0.5000000397957968	0.5000306616824188	0.49999974926064567	
0.8333350281959828	0.9999839144057902	0.5999236581546314	0.9999846470881429	0.5000009415170674	0.49999910108068785	0.49999920235535955	0.5000302821454152	0.499999391224706	
0.8333349075503045	0.9999837160626531	0.6000027446170845	0.6668168566371908	0.49999945342096386	0.49999998951803	0.4999991973474921	0.5000307135076756	0.49999983133615605	
0.8333467253595548	0.9999968343379839	0.6000044078746294	0.33331531296804046	0.4999994446875688	0.4999991349395424	0.5000000462782912	0.5000307158170603	0.49999984710042544	
0.833345433564272	0.9999982217556451	0.5999993536280787	8.653483164539794E-6	0.5000003714217368	0.49999981360977863	0.49999915416433327	0.500030872502308	0.49999916738779576	
0.8333467595898457	0.999987061717363	0.40013774267489416	0.9995706740786047	0.49999985758983645	0.4999999699423106	0.5000002490769282	0.500031652676583	0.4999998655913541	
0.8333469699433897	0.999986778970429	0.4000609283652264	0.5000049054417259	0.49999982675558285	0.4999999503947127	0.4999998918562312	0.5000307310526229	0.5000055019569837	
0.8333464281553037	0.9999968403797908	0.4000612625156804	8.130190565315697E-5	0.4999995792421412	0.4999998139837149	0.49999910686134097	0.5000320100566108	0.4999998007245824	
0.8333351627372152	0.9999955541762617	0.20003967278944917	0.9999219308191591	0.49999944497490073	0.49999977372730964	0.5000002732231194	0.5000329983191423	0.4999998481667824	
0.8333467473605431	0.9999966644356839	0.20003967278944917	7.354739164197427E-5	0.4999998247261855	0.49999981708455227	0.4999992602612795	0.5000320123437917	0.49999980068009675	
0.833334361297809	0.9999977815720669	1.3227415884744076E-6	0.49682488234617345	0.4999995311965635	0.4999998986764685	0.49999993655942154	0.5000313669259603	0.4999998455610341	
0.8333351708529164	0.8000042552101042	0.9999963549284895	0.9999888912340607	0.49999961511989705	0.49999990111343867	0.49999967225885283	0.500024230353203	0.4999998632761027	
0.833334973193183	0.8000049276916453	0.9999923792417135	0.7500459749649275	0.5000001168735603	0.49999930517598334	0.5000003904266075	0.5000201584007541	0.49999972288515826	
0.8333313940547111	0.7999718918211105	0.999999828529052	0.5000284436945011	0.49999987364654513	0.4999995643882307	0.4999995728652195	0.5000202417472543	0.5000000060278601	
0.8333310596776904	0.7999740912909304	0.9999997598039747	0.2500078802449948	0.49999986939223123	0.5000004462755311	0.500000087088967	0.5000308639430078	0.49999980173999004	
0.8333315519187133	0.7999743354154623	0.9999987403636332	3.17670439323743E-6	0.49999963981661877	0.49999956429008297	0.4999995737317437	0.500020222092134	0.49999980447988185	
0.8333353258736368	0.8000042486262838	0.7500080093126388	0.9999934143771929	0.5000003203973435	0.5000000032732033	0.5000000968815556	0.5000239125594694	0.5000015622050954	
0.8333351317500424	0.8000043392643974	0.7499410248497334	0.6666956913777577	0.5000001166075788	0.49999935681823166	0.5000005600076782	0.5000306757494722	0.4999998859242475	
0.8333302070342967	0.7999889921773233	0.7499962434797135	0.3333140140725446	0.4999998712672615	0.4999998117805688	0.4999991594103462	0.500031751236096	0.4999994842816135	
0.8333466136291325	0.799971019482449	0.7500125699820475	5.941253103413627E-5	0.5000000839759562	0.5000002848585399	0.499999449616192	0.5000307158913652	0.49999864210316447	
0.8333353228152245	0.8000043372859056	0.4999881777596615	0.9999715353164513	0.5000002581196832	0.5000000039383473	0.49999954857702783	0.5000332962917636	0.49999887814205285	
0.8333337199819434	0.7999754451563253	0.4999850643168828	0.5000093652040614	0.4999998397790398	0.49999981381085595	0.4999999112913883	0.5000329263270774	0.5000000191988914	
0.833347086838408	0.7999717663185054	0.500049132933721	3.594112009636948E-5	0.49999974090829447	0.4999984890565427	0.4999990038917765	0.5000316351419513	0.5000017003603583	
0.8333337312667769	0.799972429598728	0.2499758185377843	0.9998932948341352	0.5000003181526261	0.49999977989155125	0.5000000538679868	0.5000333098103844	0.49999979381598936	
0.8333337198187593	0.7999732746943995	0.24998122902513772	7.14134338074657E-5	0.5000003333381833	0.4999997923740643	0.49999925315620325	0.5000333097210057	0.499999806423337	
0.833334339342834	0.800020330692321	1.6674715234427528E-5	0.49507319583179693	0.49999983967698036	0.4999998882995311	0.49999955451988504	0.500031369731189	0.49999980473060895	
0.8333476539816532	0.5999959282762745	0.9999708138287676	0.9999845806273144	0.49999983266792575	0.49999994801346925	0.49999966995955547	0.5000229127892989	0.4999987032080307	
0.8333351385489038	0.5999300028232841	0.9999998293519942	0.6666952093036018	0.4999997629713888	0.4999999394051732	0.5000000707815885	0.5000313562777831	0.5000015673524578	
0.8333364879369278	0.5999269987889181	0.999996759261025	0.33331177486284186	0.5000020744338598	0.49999995915999423	0.4999998500761581	0.500021382235572	0.4999992496879471	
0.833347050484901	0.5999946097031145	0.9999990451006916	1.0585461074891376E-6	0.5000003615297838	0.5000002628207881	0.4999995477821116	0.5000202619952574	0.49999992109421043	
0.8333490654067511	0.6000729042480196	0.6668077583081324	0.99982971870861	0.5000000894432278	0.4999994291520143	0.5000000718256469	0.5000227431988172	0.4999998438472453	
0.8333468570183838	0.5999937455881481	0.6667395941579829	0.5000085885290831	0.5000002804599932	0.5000000535000212	0.4999990354701569	0.5000311681745127	0.49999933690564013	
0.8333308216059238	0.5999944612573566	0.6667407989073515	4.1259067104389115E-5	0.5000000801104393	0.5000002577065	0.4999991006967135	0.5000197036870844	0.4999987070480148	
0.8333350764058485	0.6000974616090229	0.33357201018903687	0.9993075056647273	0.5000001207544255	0.49999935363632014	0.49999902335130564	0.5000334816954417	0.4999999526011893	
0.833383876329634	0.5997862971439623	0.33328592365112975	1.494661540300343E-5	0.49999989563327596	0.49999882812020136	0.4999992766644441	0.5000225210125469	0.49999984436552747	
0.8333463881995615	0.6001638980728897	2.6265179867298E-4	0.46765621265894153	0.49999927986929577	0.49999984958273097	0.5000004203853875	0.5000311625596439	0.49999930848822044	
0.8333199318991578	0.3999997174136951	0.9999971812662123	0.9999941401014888	0.49999984242315243	0.49999993946100113	0.49999958177507453	0.5000308848912555	0.4999990498687674	
0.8333518859657313	0.40009473263632495	0.9999723804207313	0.5000085793255427	0.4999994129114929	0.49999987019650555	0.49999944285586395	0.5000203651038293	0.5000019810015363	
0.8333512564302515	0.40001183907937676	0.9999993279890942	1.001235301720195E-7	0.5000000563023914	0.4999999026544567	0.4999990936157623	0.5000323889127636	0.4999999671123368	
0.8333188700474966	0.39999691637888246	0.5000474441238768	0.9999664247393402	0.4999994343236559	0.4999998719642348	0.49999997029822874	0.500022285188109	0.4999990708032679	
0.8333313751990064	0.4000059161980667	0.5000888970252747	3.88715923665285E-5	0.5000002845681163	0.49999989512309634	0.49999902187297257	0.5000212158799783	0.4999993397607566	
0.8333464184950773	0.4000099996831699	4.9794743544939735E-5	0.5005309834054377	0.49999943380876244	0.5000002892821531	0.4999998780360344	0.5000226906509423	0.5000000687333518	
0.8333492765868568	0.20008613601351222	0.9999144976286581	0.9998365341388885	0.49999981860283427	0.4999999396048909	0.49999973985503765	0.5000226498638296	0.49999905923553034	
0.8333809805514886	0.2000860659409766	0.9999150538096352	1.9899962000157853E-4	0.5000002356367456	0.4999999627490778	0.49999980489961393	0.5000213128513814	0.49999814094447265	
0.8333455557875923	0.20007712182580542	2.459582524951654E-4	0.5005603447602709	0.5000002210535087	0.5000002683724617	0.49999987817390285	0.5000227034111144	0.5000000687099291	
0.8333801636245648	1.9032633629271182E-4	0.7270284797034524	0.5000873908328738	0.49999982805881404	0.5000001626986808	0.49999988164441095	0.5000217612037345	0.5000016940249377	
0.6666677652998932	0.9999909918229338	0.9999616136503927	0.9999935929515644	0.5000002454104755	0.4999997407071329	0.4999996667399145	0.5000236499182835	0.4999998645758834	
0.6666768890328748	0.9999939641110058	0.9999915702461197	0.7499310332713376	0.4999999656161906	0.49999973276976406	0.5000016302741124	0.5000306437788605	0.500000118808099	
0.6666666001893593	0.9999951309794058	0.9999971505137566	0.5000283443455685	0.5000030842513065	0.4999995138833894	0.49999943263757524	0.5000312719951805	0.4999997754952851	
0.6666666387718065	0.9999999087370915	0.9999992446232787	0.25000788053833695	0.4999993371729343	0.49999960412021227	0.49999948400679106	0.5000312349645255	0.49999980468146343	
0.6666757486884781	0.9999986964974502	0.999993460164185	1.1125323518644277E-6	0.5000003229354254	0.500001309358503	0.4999994381943915	0.5000322489249442	0.5000001300441269	
0.6666768423467515	0.9999970426974519	0.7499669597988432	0.9999996610450039	0.49999982375859175	0.4999990658103735	0.5000005091368914	0.5000251533465088	0.500000106734267	
0.6666768423350878	0.9999839135510448	0.7499669200719379	0.6667268233878234	0.5000009399889702	0.4999989080347057	0.5000005087840257	0.5000302840539853	0.49999983361131517	
0.6666769517681396	0.9999959045330858	0.749967465478266	0.33318379677815674	0.5000031537106848	0.4999989362085867	0.4999994831530938	0.5000321727011521	0.4999998490621459	
0.6666670283216116	0.9999952645422314	0.750012682461959	1.106837991986333E-6	0.5000030667544241	0.49999957854562077	0.4999991512493076	0.5000321716325223	0.49999896569887503	
0.6667944516672246	0.9999273376878849	0.49997130229194964	0.99993344493888	0.4999996140524303	0.49999988846906945	0.500001671376801	0.5000318105497893	0.5000000550244018	
0.6666719003799464	0.999994673759684	0.5000507928592413	0.5000581929891983	0.49999982548951155	0.4999999153938166	0.4999997214164806	0.5000308495328929	0.49999976337259244	
0.6666652828532939	0.99999556481552	0.5000698967383271	8.410102988720042E-5	0.4999994578516669	0.49999980191526916	0.4999999178664532	0.5000334128524866	0.5000067224432908	
0.6666772178564548	0.9999956746730021	0.25009146818797773	0.9999324952424765	0.49999945761184134	0.4999997866959078	0.4999999341674817	0.5000334193776902	0.5000000262971739	
0.666675684145288	0.9999964360277199	0.2500914681890566	1.1509463152416867E-4	0.4999998816396511	0.49999980048617887	0.500000432021493	0.500033312517524	0.5000000672139014	
0.6666719109630203	0.999984003026974	8.120504083206648E-5	0.4977831762239642	0.49999988343573726	0.49999978483104063	0.4999997190359626	0.5000306389138431	0.49999896944193545	
0.6666679171614946	0.7499899182322992	0.9999982196789903	0.9999942728100296	0.5000002843568789	0.5000000758853057	0.5000002229813711	0.5000213831952252	0.49999997357156384	
0.6666679174283886	0.7499898186716479	0.9999613372695437	0.6667251302044088	0.49999961711551016	0.499999750124007	0.49999968251421867	0.5000307032939675	0.4999998767261625	
0.6666680972547886	0.7500203256511847	0.9999906728394478	0.33366064181827937	0.5000000667732403	0.5000012998091155	0.49999984940551373	0.5000307058555395	0.4999989474888435	
0.6666754055523872	0.7500187213999577	0.9999930343622552	1.091255476218204E-8	0.5000002929945644	0.4999998368847042	0.4999998522373615	0.5000326850652744	0.4999997547122191	
0.6666681360123651	0.7498919664698527	0.6667401078636843	0.9999770298653979	0.5000013235614579	0.49999997020604753	0.49999971876041954	0.5000306997654103	0.4999998599386874	
0.6666694854491226	0.7499890267180069	0.6667052791548356	0.5000276156394611	0.5000002105209851	0.5000003376443255	0.4999996015868067	0.5000311582961537	0.49999912322945683	
0.6666757438005892	0.7500190335610103	0.6667436955280797	1.3882355440452345E-4	0.49999945471484303	0.4999997908383724	0.4999999169115926	0.5000324461675301	0.5000048054811053	
0.6666724563902394	0.7498913353079162	0.3332637697339057	0.9999752321268203	0.5000002617453997	0.4999999709451931	0.5000004915628048	0.5000313705749817	0.4999991388664051	
0.6666724563902394	0.7498913353079162	0.3332637697339057	4.0317313998644577E-4	0.4999998314772213	0.49999981392152604	0.5000004915628048	0.5000313787931056	0.4999998453510338	
0.6667767759474342	0.7499950596006089	3.852976445569025E-4	0.5477909286535522	0.4999970329936139	0.49999981191837034	0.5000004588058888	0.5000316000257411	0.49999998097219917	
0.6667905896507226	0.500286624605952	0.999557998741674	0.999646037473677	0.49999971276706845	0.5000003502916793	0.500000520618331	0.5000227280226308	0.5000005495710487	
0.6666690456911857	0.5000608169043059	0.9999608578078694	0.5000284321852803	0.49999971978167773	0.499999545214316	0.5000005182632353	0.5000202493247025	0.4999999898486171	
0.6666729768353472	0.49998314651345294	0.9999769641232825	5.214147593139168E-7	0.5000012856505863	0.4999998402889471	0.4999994945637466	0.5000356274460257	0.49999828973148913	
0.666701095643752	0.5000812287087142	0.5000889418317112	0.9996172678264736	0.5000001856620622	0.4999989859937699	0.5000058761254331	0.500023937541096	0.5000025138997493	
0.6666728458607731	0.5000559281920658	0.4998181849561577	4.796954416881518E-6	0.49999946155778224	0.4999999734001462	0.5000056132013272	0.5000235420394608	0.5000041513322131	
0.6666703460702617	0.5000431913265808	2.577352981228363E-5	0.5395596918515266	0.49999980464686544	0.49999994686508265	0.4999999142070266	0.5000329350465197	0.4999998444183074	
0.666851801303366	0.2503999267402134	0.9999348547364345	0.9998698027578098	0.5000002778215588	0.49999993154789024	0.5000051652893917	0.5000326988136927	0.4999998681906952	
0.666851801303366	0.2503999267402134	0.9989675148322836	1.9889187631066631E-4	0.5000002046570249	0.5000013926006073	0.5000056900875259	0.5000328281719607	0.49999990623341733	
0.6666995286495417	0.25043232711325186	0.0016477037363050362	0.4993148002970419	0.49999971434166085	0.5000001200602652	0.4999995448121657	0.5000237864060277	0.49999989429361635	
0.6666991630095551	6.627094400418754E-5	0.5050516576135222	0.9483096983192192	0.5000023029394878	0.499999145705797	0.4999995338858516	0.5000217035043423	0.4999974811718095	
0.5000629663671614	0.9999774041384929	0.9999884015445221	0.9998461195072773	0.5000021346335026	0.5000001824597129	0.5000004586851304	0.5000240841636195	0.4999999779752958	
0.5000956835912453	0.9999510205619226	0.9998813980475101	0.6667188405763684	0.500000238999931	0.4999994032036771	0.5000007014508844	0.5000337212285515	0.4999998344853967	
0.5000636758189507	0.9999880378217286	0.9999579726754478	0.333410997820497	0.5000001704174246	0.5000001788371907	0.5000004569965775	0.5000306831826586	0.4999997266809598	
0.5001058417777957	0.9999521730500037	0.9999111956561428	6.807263397867055E-5	0.5000013084919551	0.50000016517328	0.499999455911444	0.5000327571029659	0.49999964299014826	
0.5000634203481746	0.9999581782372247	0.6667539508233818	0.9999193201131396	0.500002100884272	0.4999997741690316	0.4999994200207835	0.5000321342166149	0.49999958512433806	
0.5000634705880727	0.9999253611113661	0.6667539488032987	0.5000276224474	0.4999995634697721	0.49999801011896233	0.4999995165794149	0.5000337841292738	0.49999960076984556	
0.5000954761860545	0.9999229862693124	0.6667439434514607	1.7065798026908352E-4	0.49999942191121	0.4999995181549629	0.5000015707801149	0.5000335135076206	0.499998299572884	
0.5002849246350541	0.9998278467420324	0.33388386898363664	0.9985465322964845	0.4999994543198962	0.4999999159800548	0.4999998590689917	0.5000308419492538	0.49999929768643203	
0.500080996356073	0.9999483523889636	0.33348763806540255	2.2106484470985418E-4	0.49999988196859807	0.4999999308904759	0.4999998597002509	0.5000307826669409	0.49999898921724933	
0.5000634333066456	0.9999476159371322	1.1497232254916841E-4	0.4999300151955476	0.4999994642105166	0.4999999231544583	0.5000004354840442	0.5000314615371809	0.500000015964678	
0.5000965911329766	0.6667341536874973	0.9998680887047705	0.9998436733534146	0.49999909995728276	0.49999989272223305	0.5000002198375981	0.5000321118600819	0.49999996813051956	
0.5000644144454557	0.666735976192134	0.9998717998857501	0.5000276886717773	0.4999996927062893	0.49999982621874106	0.49999982457330094	0.500019813324076	0.4999993740763411	
0.5000644144454557	0.666735976192134	0.9998728918448633	1.3753049347814406E-4	0.5000020803192692	0.49999957861114147	0.500005138271895	0.50003510066286	0.4999989772306492	
0.5000642202062408	0.6667349489163353	0.5001454615126929	0.9996130644244569	0.5000001042312361	0.49999991527582954	0.49999958638533865	0.5000313126453358	0.4999999874474556	
0.5000642857368477	0.6667350826599078	0.500069887997583	1.7198532649429722E-4	0.4999995388146953	0.4999990453194865	0.5000002786904707	0.500031335878235	0.4999983407298182	
0.5000619523955173	0.6667350189965799	3.0689989955772233E-4	0.501871315786465	0.49999955691624826	0.5000002844448848	0.5000004310978979	0.5000313155447326	0.5000000153012977	
0.5001226035110736	0.33374063851058333	0.9989621680718765	0.9999398384187809	0.4999951035652912	0.5000001767383284	0.500000469611371	0.5000213315404216	0.4999998953139207	
0.5013593549196155	0.33699581198445816	0.9939225666972499	0.005633924938610173	0.5000020997736252	0.49999535050702976	0.5000056015459354	0.5000239680447901	0.49999978692565833	
0.5000633377036277	0.33348937008924784	5.554305790105214E-5	0.5193134693363489	0.499999458358559	0.5000000307911251	0.49999982150710737	0.5000320002694946	0.4999993687538508	
0.500102335990171	1.6932548232314313E-4	0.5011672101201503	0.9186143732895532	0.49999944421827436	0.5000001876163936	0.49999916446779374	0.5000238598081167	0.5000000497042771	
0.3334447703198939	0.9999001712215988	0.9999402537026885	0.9997560570302431	0.5000000878609759	0.49999906523406573	0.5000004597942519	0.5000236146584375	0.49999998479804525	
0.33344560270857354	0.999827880451608	0.9999612200978348	0.5000279610703461	0.5000000722035239	0.49999985376012324	0.49999959953640766	0.5000239465257093	0.49999999107907134	
0.3334530085698135	0.9999508842229684	0.9998849484756694	1.6928495705638782E-4	0.5000020084826982	0.49999950955073946	0.4999997213862392	0.5000327111152844	0.49999993003388815	
0.333417114464593	0.9998410079875686	0.5000173017423104	0.9999932880626151	0.49999951139946885	0.5000027312120298	0.4999999336410141	0.5000228086274084	0.499999999695087	
0.33345711905561476	0.9999038345140387	0.5000176131350419	2.7233354315690296E-4	0.49999940903111906	0.5000003088398107	0.49999890875012815	0.5000236885848179	0.49999634712416896	
0.3334313183339923	0.9999873545629452	3.6168481960502374E-4	0.5015569932113095	0.49999982558095374	0.50000029663294	0.49999988488828817	0.5000239051478367	0.499999749234617	
0.3334174903153154	0.49988794185149305	0.9999408406024748	0.9999820697322745	0.5000000986007134	0.5000001126608976	0.49999965001723434	0.5000247060932423	0.499999870936504	
0.33344558418841214	0.5000711462763077	0.9998721719338176	2.714438301156542E-4	0.5000021192256837	0.49999946075985335	0.4999989150176737	0.5000243401991866	0.5000000101610443	
0.3334176335710821	0.5000714216812273	3.0734845826336187E-4	0.5027925521253518	0.5000000749264107	0.5000000293207731	0.4999994263745698	0.5000238353709414	0.49999975777584954	
0.33345711905561476	5.909271725124121E-5	0.5000176131350419	0.5115505057112906	0.49999940903111906	0.5000003088398107	0.4999988719159073	0.5000236885848179	0.4999964097311884	
0.16693187410631316	0.999239313042393	0.9992951110106006	0.9999712123167226	0.5000041960500269	0.5000003071369358	0.4999990996466926	0.5000247398917566	0.4999964129056588	
0.1671457757451377	0.9992640980057328	0.9993159977419243	6.994341044883545E-4	0.5000043687623819	0.5000002386617831	0.5000013909689228	0.5000242983508211	0.499996559959408	
0.16660831003069246	0.9999617551887111	1.445714933522228E-4	0.5073040485498433	0.5000002791914167	0.5000001659274662	0.5000002283292259	0.5000321304991665	0.4999999573045223	
0.16681968418748122	0.0017998320582869043	0.6650757433649159	0.5227944890585645	0.499999472813712	0.5000000427260555	0.4999997265516951	0.5000237357725504	0.499999951959879	
5.8873705104378615E-6	0.4516261148708227	0.996983543273241	2.8148422030850026E-4	0.4999995921446909	0.5000002932684987	0.4999991781924513	0.5000238135894068	0.49999873822474145	
