0.9999996035981656	0.9999880975405235	0.9999815558704139	0.9999566208946497	0.5000017156194412	0.5000027955199847	0.49999296566883866	0.49999476377290225	0.5000019653373043	
0.9999976660083865	0.9999987986844951	0.9999807555713959	0.8329667648966357	0.5000001310895069	0.5000001382473367	0.4999928352644383	0.4999969566042618	0.4999999987116215	
0.9999815803965536	0.9999922177299703	0.9999815334486769	0.666773922488557	0.500002634560262	0.4999984638725585	0.49999294804958266	0.49999659877765423	0.5000003391081213	
0.9999783681864234	0.9999781059665137	0.99996310703241	0.5000744358697878	0.5000000792229106	0.4999981826976569	0.49999352931939556	0.4999966080635174	0.5000018737764608	
0.9999985741194667	0.9999998458306734	0.9999997487807122	0.3333402699053557	0.5000002414976559	0.49999998799532763	0.49999365397395523	0.49999720007249904	0.4999998217531431	
0.9999808998702429	0.9999676096212208	0.9999929996595263	0.16649331543557236	0.5000018917295999	0.5000000468508203	0.49999316697666535	0.49999665887843575	0.49999919736476983	
0.9999988599673454	0.9999752645012965	0.9999982465581805	8.888600324543964E-6	0.5000001370810614	0.49999997293514337	0.49999370743792476	0.49999719486968686	0.49999982247853086	
0.9999977031268457	0.9999999130755408	0.8333364595050746	0.9999992107148769	0.5000000286152853	0.5000001739475336	0.499993299628183	0.49999712084043724	0.4999999272394468	
0.9999999191474811	0.9999974880276874	0.8333366099225704	0.7999373109857792	0.5000019004905593	0.49999745520502575	0.4999929574152428	0.4999969838527758	0.4999999967363281	
0.9999979274635495	0.9999994623035179	0.8333366194026389	0.5999808611620002	0.499999873515024	0.5000001097029645	0.4999935135535952	0.49999719455880337	0.5000003033646239	
0.9999905006158986	0.9999924963403817	0.8333353591569868	0.4000793965629307	0.5000019366752636	0.49999830183162547	0.4999930432995809	0.4999954834491014	0.5000013421397983	
0.9999978872219961	0.9999992429580783	0.8333353728833319	0.20002092599323915	0.4999994957804812	0.5000002014702644	0.49999367551914753	0.4999971975227151	0.5000012654164075	
0.9999985749491623	0.9999985351133879	0.8333417401588437	5.420023757451614E-6	0.5000011005595286	0.5000002021638831	0.4999934101545207	0.49999724155835923	0.4999998341783236	
0.999997512140097	0.9999974111529414	0.6666786903315551	0.9999964689857016	0.5000018990051498	0.4999999970689483	0.4999919652553441	0.4999971245829417	0.5000011566555129	
0.9999976818109654	0.9999963780410235	0.6666786903315551	0.7500033429669308	0.5000005987084801	0.49999887988993863	0.49999345960679425	0.4999972986386127	0.5000004888368519	
0.9999977956516073	0.9999963608246393	0.6666801692965448	0.49999376858563666	0.5000001648464582	0.5000017929516256	0.49999349902668183	0.4999944530392689	0.5000012335647961	
0.9999851989204522	0.9999766649201792	0.6664754422923495	0.24986264331966782	0.5000001586828194	0.499999846920576	0.4999935615035578	0.49999721610151887	0.499999861858092	
0.9999560198287542	0.9999505468509362	0.6664754422923495	1.298105517512983E-6	0.49999994457757974	0.49999993755792654	0.49999340367730855	0.49999720339264353	0.4999998354731884	
0.9999956648747703	0.9999998944653744	0.5000277800319571	0.9999419528567914	0.5000012424996044	0.49999977543038227	0.49999337518175824	0.4999975766291804	0.4999998153909543	
0.9999872579080973	0.9999906066564909	0.5000311766997112	0.6664394261394608	0.49999973311816753	0.5000023930687171	0.49999329611497917	0.4999976048275587	0.5000004619561798	
0.9999948741005108	0.9999912264090904	0.500028549227035	0.3332956887916073	0.5000003407242516	0.4999996375120563	0.49999349414369554	0.49999749869780913	0.5000019528846713	
0.9999948732073994	0.9999994817084202	0.5000241056173361	4.0894616922509895E-5	0.5000019687122932	0.4999996827087311	0.4999935657312155	0.49999661807518975	0.4999997026252718	
0.9999861729089278	0.9999797320619096	0.333457427782261	0.9997446870489377	0.4999998787057541	0.4999997618809234	0.49999342854797496	0.4999972687963992	0.5000002664667603	
0.999987797160151	0.9999857751860043	0.33342417171082306	0.4999930811343593	0.4999997400676116	0.499999631183108	0.4999934914006414	0.49999505537526395	0.5000002961178536	
0.9999857251078843	0.9999823958423146	0.33346257221726794	3.0435937102450065E-4	0.5000023741377563	0.49999876922450553	0.4999936629620735	0.49999751088130606	0.4999995315496714	
0.9999976273402157	0.9999995068085457	0.16666763655908504	0.9999952396099581	0.5000013132036727	0.4999998012337755	0.4999935499550126	0.4999948894599969	0.500000276341107	
0.9999925067901319	0.9999856557460571	0.16676527201442592	3.061377885793466E-4	0.5000001636734656	0.49999981785997644	0.49999343003475805	0.49999602473170135	0.5000004316253295	
0.9999973848239639	0.999999504843367	3.1048364205292824E-6	0.4996248361698646	0.500002292675337	0.4999987695523298	0.49999365856005007	0.4999975048968649	0.5000009817283212	
0.9999997328638457	0.8333314879023449	0.9999953947674571	0.999997085120625	0.5000012506375557	0.4999997961210854	0.4999929995962856	0.49999694195658423	0.4999999377403452	
0.9999938015641749	0.8333313521747363	0.9999897985221451	0.7999269346608412	0.5000000966524282	0.49999980583487696	0.499993033269865	0.49999627586113105	0.5000011451905105	
0.9999970278889591	0.833331516276363	0.9999951290302376	0.6000469117361387	0.5000017726828564	0.5000002103471904	0.4999934039581384	0.49999690197182045	0.4999998110048179	
0.9999653333822306	0.8333322686071769	0.9999284011392952	0.4002304714828039	0.5000001368642442	0.5000023192347834	0.49999343714383276	0.4999911826026464	0.5000002265388024	
0.999999483079399	0.8333313446556777	0.9999981180580961	0.19999640032678107	0.5000001736123049	0.500000198438243	0.4999930091924726	0.4999972028244022	0.4999998030100734	
0.9999997220553053	0.8333313446653062	0.9999993762415214	1.288368175959118E-7	0.49999947741418876	0.4999999790072964	0.49999369835855684	0.4999971985736584	0.49999979481009105	
0.9999990521368354	0.8333313521844661	0.7999995671606026	0.9999964328446169	0.500000159628801	0.49999984064510905	0.4999935360545975	0.4999962050298866	0.5000011438117856	
0.999998056697966	0.8333313547128656	0.7999995977203638	0.7500033646224438	0.4999994844266614	0.5000015833859434	0.49999337644091385	0.4999966626427113	0.5000003633781362	
0.9999932312607496	0.8333312986789458	0.7999333737509207	0.4999940006710533	0.5000017602158923	0.500000197914755	0.4999935057769422	0.49999720422047156	0.49999977652138367	
0.9999959676380897	0.8333312077911967	0.8000046238795308	0.2500284953505402	0.5000010514457064	0.4999996284569431	0.4999936974987876	0.49999719868486553	0.49999981720313713	
0.9999959679520419	0.833331177799478	0.8000063267464226	5.984516684019932E-6	0.5000010701811057	0.4999996284374929	0.4999937017216022	0.4999971987300525	0.49999977424250996	
0.9999960008487344	0.833331484881781	0.5999797002737622	0.9999997950588995	0.5000000041714825	0.4999999375803598	0.4999935078487651	0.499997495069174	0.4999995535718237	
0.9999923279020256	0.8333296357990471	0.6000173903383561	0.6665235153843652	0.49999973045347496	0.5000001939146174	0.4999934586251354	0.4999971662634147	0.5000003773237968	
0.9999927677085781	0.8333249655474021	0.6000179062637501	0.33324170885849425	0.5000002186737028	0.4999999521727102	0.499993409341478	0.4999973002459644	0.5000020535140484	
0.999996141844871	0.8333295738809768	0.6000228504496865	4.042627773870286E-5	0.5000002484728692	0.49999962801144643	0.4999937086503112	0.4999974937397543	0.49999977456280803	
0.9999986735920706	0.833338482258596	0.4000136509232953	0.9999742779065232	0.5000000005029004	0.4999997684475196	0.4999934577659325	0.4999972225236797	0.49999955337944435	
0.9999986680538895	0.8333380087370504	0.40001381786860546	0.4999937666157392	0.500000202845679	0.5000023692137503	0.49999346715267573	0.4999981100632513	0.5000004979984574	
0.9999995371188736	0.8333384914566604	0.4000136981993474	5.784415322247582E-7	0.4999997486264817	0.4999997632735536	0.4999935078379317	0.49999619628061076	0.5000013781779769	
0.9999886289765286	0.8333390532907221	0.20016603808285818	0.9993015212307523	0.4999994967450466	0.499999705408474	0.4999934761991061	0.49999729862977244	0.5000004887385382	
0.9999925056351509	0.8333384914233816	0.20006084069239363	2.263602001538805E-4	0.4999997469277207	0.4999986181149965	0.4999934982714	0.49999727073542616	0.5000002861128856	
0.9999992435220596	0.8333293880559266	4.0874474952455915E-7	0.5413662176895018	0.4999998245928158	0.499998654797302	0.4999935561326144	0.4999964334628234	0.5000000981222184	
0.999997567007006	0.666675949842979	0.9999946228557437	0.9999935383894688	0.5000000616606696	0.49999989075850143	0.49999337826454976	0.4999969152961242	0.5000003020019648	
0.9999975654554023	0.6666715124341609	0.9999991156335836	0.7500044484108941	0.5000000606310956	0.5000000580089952	0.4999933846473615	0.49999751333308273	0.5000011603719836	
0.9999976849301323	0.666671572518887	0.9999990313634365	0.4999837784636123	0.5000000627165354	0.5000018208637678	0.4999933033323819	0.4999973527004489	0.5000004111551648	
0.9999953313764434	0.6666727152147061	0.9999976916662362	0.24995738680345767	0.5000000677059506	0.5000000490151418	0.4999933816273707	0.49999733970338006	0.5000005563215776	
0.9999985184349999	0.6666733217284716	0.9999979931181215	9.234291505448476E-7	0.5000002208099473	0.5000001477974799	0.49999339838309115	0.49999725222178815	0.4999997781106938	
0.9999997203127763	0.6666753646391234	0.7499999857352497	0.9999964577129996	0.5000001526656327	0.49999983945587245	0.4999936557859785	0.4999969449211309	0.49999972921320873	
0.9999977901021496	0.6666766408052012	0.7499992420444084	0.6667165919414324	0.5000001399328602	0.5000000680937217	0.4999934677738718	0.49999689221684773	0.5000011062002474	
0.9999931991070059	0.6666727314443396	0.7499992417853535	0.33342360193631376	0.5000000597618391	0.5000000567122983	0.49999338159746143	0.4999969253018915	0.5000003518035783	
0.9999928285945071	0.6666362548642705	0.7500220216191819	2.765536353001026E-8	0.5000004747417296	0.5000001034068877	0.4999936128999865	0.4999965547292255	0.5000005943564562	
0.9999992828723362	0.6666768426243178	0.5000037453067607	0.999981601099188	0.5000000536974885	0.4999999493103838	0.49999339903176837	0.49999750476709387	0.5000003560407725	
0.9999897561541258	0.6666764052001777	0.5000313115614238	0.49999376393049244	0.5000023389299638	0.49999998071240676	0.4999934361877831	0.49999811483045703	0.5000004618370465	
0.9999860764910401	0.6666716294964004	0.500074882321675	1.0664832062564096E-4	0.500000372041982	0.49999802104894137	0.4999933789778821	0.49999691482563163	0.5000003496631367	
0.9999975749151476	0.6666764040942035	0.2500702443632826	0.9998361541879535	0.49999979945329914	0.4999997756295898	0.49999350089167205	0.4999972170654235	0.5000004852545151	
0.9999925468070459	0.6666768157774888	0.2500743401608869	1.733661558510602E-4	0.4999997994976979	0.5000018020212877	0.49999368950235085	0.4999966929019713	0.5000003500110344	
0.9999984940000303	0.6666768127506961	1.1203277377748016E-6	0.45413031046118635	0.5000003718256179	0.49999995085940524	0.4999932772514113	0.49999652312196735	0.5000003166210366	
0.9999947264453565	0.4999719847105457	0.9999666040994104	0.9999978410182387	0.5000001139421656	0.5000001615178136	0.49999252907183517	0.4999969634052306	0.5000018734461893	
0.9999879082156549	0.4999823150625383	0.9999975087883473	0.6667742658186189	0.5000001558070698	0.5000002285950464	0.4999936557896883	0.4999964143860354	0.5000003958798646	
0.9999879292674275	0.4999823150625383	0.9999974667472108	0.333225483391321	0.5000001558070698	0.5000002294951236	0.49999365651008537	0.4999973842334737	0.5000003958265699	
0.9999983931521195	0.5000076459663741	0.999998006208528	6.7178498946189255E-6	0.5000005026222778	0.4999995948708541	0.49999361302396145	0.49999719801239506	0.5000011810786447	
0.9999954599432872	0.4999719960798176	0.6666677119490491	0.9999999492121832	0.5000008557877702	0.500000389703485	0.4999936199285169	0.499997510699777	0.500001110621029	
0.9999952648779085	0.4999823085492039	0.6666438988933385	0.5000087391030335	0.5000001828941314	0.49999983335930387	0.49999361453231594	0.4999964515006874	0.5000003885304937	
0.9999928370507422	0.500051386206143	0.6666435818177741	1.771133505113527E-5	0.5000005058204002	0.5000001340335861	0.49999361453293806	0.4999972487298197	0.4999997655053914	
0.9999957624512622	0.5000576681913247	0.3334278075757852	0.9998425735530353	0.4999994972087722	0.49999983167526696	0.49999362602733993	0.4999972705393892	0.5000003127672548	
0.9999957582020277	0.5000552092391881	0.33341201497574713	2.293880365675874E-4	0.499999488110727	0.5000003464629925	0.49999364297902593	0.4999972716357032	0.500000308174105	
0.9999923131705585	0.500055378549029	1.5011197995760524E-4	0.5100268145426878	0.5000021338631399	0.5000041683131526	0.499993311079692	0.4999946548099861	0.5000014257214036	
0.9999839152570957	0.3334726847607705	0.9997094206375874	0.9998593572655037	0.4999997068328493	0.5000002764381131	0.4999928965279855	0.4999975501087648	0.5000011038686034	
0.9999877063146038	0.3333944617985539	0.9996969825525636	0.5001640350420554	0.49999988078838514	0.5000000291704348	0.49999364680132785	0.49999716377720893	0.5000007018586122	
0.9999952714727941	0.33339399009837395	0.9999743595377246	1.512383009123916E-4	0.5000001222744055	0.5000001052433588	0.49999357917532616	0.4999953782637632	0.5000003353296119	
0.9999841510826507	0.33339400364049254	0.5001525757039911	0.9998649820070554	0.5000000867558937	0.49999992209901384	0.49999361076725307	0.49999756692441144	0.5000003464600968	
0.999987406870281	0.33339400364049254	0.5001525757039911	2.9251448150071355E-4	0.500000886375861	0.4999982596442422	0.4999935793213637	0.4999966075891138	0.5000002984395686	
0.9999950288397887	0.3334725120961973	5.267771555903522E-4	0.5074288247620988	0.49999985473207653	0.500001724808724	0.4999936033218079	0.4999965614308027	0.5000004932051484	
0.9999845575847465	0.16671339393745524	0.9999676913778599	0.9993503166651253	0.5000036456718596	0.49999990824407164	0.49999329908666384	0.4999972838651404	0.500000263551751	
0.9999960014335223	0.1667120805725255	0.9999804615086603	2.9305872634390664E-4	0.5000001117145876	0.5000000364820554	0.49999361169498213	0.4999965541127505	0.5000002879994485	
0.9999952175870555	0.16671212092508184	2.83411375090483E-4	0.4843947901218062	0.4999994332534317	0.5000055327820117	0.49999358156764206	0.49999725783287824	0.5000002605157429	
0.9999963059352512	3.0616607634415135E-5	0.6762970362130303	0.47826317013388736	0.49999989582056187	0.5000002772704367	0.49999243551756517	0.49999380455917347	0.5000004283113795	
0.8333341338448865	0.9999976012253856	0.9999951291666235	0.9999991608135688	0.5000017936489731	0.5000001991570763	0.4999929003475246	0.49999694894469676	0.5000012221656855	
0.8333384905923739	0.999998798757592	0.9999807702740632	0.799952574723517	0.5000016895944096	0.49999843161544216	0.4999928143126025	0.4999968476130369	0.5000011110606342	
0.8333343446521391	0.9999987930670334	0.9999948417518433	0.5999714441575064	0.4999994795631032	0.49999986385838013	0.4999934783888051	0.49999718019106576	0.5000003162601443	
0.8333336567453934	0.9999793398183286	0.9999781011873331	0.4001237856059542	0.5000001093171732	0.5000001232355763	0.4999934363955393	0.4999969119484569	0.5000002459323561	
0.8333349209722561	0.9999987036392383	0.9999982629052871	0.19999803782869993	0.5000002389808749	0.49999997352869574	0.49999351465519937	0.4999972002534318	0.4999997747975654	
0.8333349522757204	0.9999949676711726	0.9999993766468304	1.8131144445338463E-6	0.5000000152675133	0.49999996998586255	0.49999351116392715	0.499997188176287	0.4999997738545451	
0.8333343446829553	0.9999998842483827	0.8000015403444697	0.9999991969655183	0.49999977882268826	0.5000001668885978	0.4999934576108255	0.49999722368007393	0.4999999235206095	
0.8333349595990732	0.9999968159559506	0.8000016686017251	0.749984208707519	0.4999997309366848	0.5000001224468887	0.4999934188537589	0.4999971957647181	0.5000002613558866	
0.8333336601093234	0.99999618709517	0.8000050216097253	0.49996885748319664	0.5000000966805334	0.5000002105034399	0.4999934722436238	0.4999972108646486	0.5000021092758622	
0.8333351433982943	0.9999970605495351	0.8000048550909031	0.24998503011456105	0.5000001041584595	0.49999863908745024	0.4999934362153742	0.4999971856954421	0.49999963693589083	
0.8333349536657538	0.9999998922925805	0.8000048220133378	3.0245923574961452E-6	0.5000002466398175	0.4999999811116473	0.49999370267779336	0.49999720030989664	0.49999977481951136	
0.8333344017819317	0.9999963664362447	0.5999795264864963	0.999999034770053	0.49999973196835473	0.4999988620594941	0.49999345888690605	0.49999717479325534	0.49999994482834126	
0.8333392384881831	0.999978936522326	0.6000179460819013	0.6665230172686013	0.500001936239757	0.5000000946456878	0.499993462950641	0.49999720501895206	0.500000351970412	
0.8333347968792933	0.9999918534509745	0.6000178275327517	0.33328584227951824	0.5000001082234842	0.49999995963277766	0.49999355224126707	0.49999707959210876	0.4999995674933027	
0.8333349335650732	0.9999986950065243	0.6000179029765564	2.1929570082719827E-5	0.500000184773769	0.5000000473332094	0.499993413527569	0.49999671528432926	0.4999998242128906	
0.8333355932025104	0.9999962902213864	0.40005890251205134	0.9999161062768734	0.5000005078865108	0.4999997955409408	0.4999934604289942	0.49999690632335864	0.5000015991958772	
0.8333355864510927	0.9999965796922473	0.4000138212299027	0.49998443553130834	0.500000202652569	0.4999998256471054	0.49999346791496607	0.49999707553958495	0.49999994510092655	
0.8333349390369289	0.9999970524281288	0.40001981410059334	2.300789856767718E-5	0.5000000825305005	0.4999997569746574	0.4999936626655293	0.49999615963974	0.4999997876226255	
0.8333355982963873	0.99998554380483	0.1999402135887446	0.9999953463759761	0.49999975010694303	0.4999988590540493	0.49999346043047777	0.4999963374993304	0.5000000876157555	
0.8333478325178493	0.999985407359967	0.20017378706968328	5.467047719228679E-4	0.5000005259679646	0.4999999271649268	0.49999343076631986	0.49999644771623036	0.5000002862205946	
0.8333354298714472	0.999999901018685	1.6454598173612866E-6	0.44164010927114056	0.5000004291324488	0.4999988992088852	0.4999936969803588	0.499996336787987	0.5000004627182559	
0.8333341337566252	0.8000004364731165	0.9999979444494839	0.999994317894232	0.5000009378556635	0.5000001799782966	0.49999340608805787	0.49999756859471617	0.5000011602911199	
0.8333339550337112	0.8000014104831616	0.999997510827392	0.750004457074618	0.5000016144655575	0.5000001353856166	0.49999366240506454	0.4999968590815146	0.5000003309133386	
0.8333339509359192	0.8000013312122456	0.9999625210365972	0.49999650121263645	0.5000000179554953	0.5000000248651123	0.4999934375607038	0.49999721371996264	0.5000010526089429	
0.8333336508133616	0.80000738279793	0.9999978555394472	0.25000468985446384	0.5000000181128142	0.5000002192883884	0.49999369951780576	0.499997210539966	0.499999788968526	
0.8333336659410584	0.8000073970190301	0.9999983283382599	1.8704293459143767E-6	0.5000025027786553	0.49999996450137846	0.4999937019223411	0.4999972108912592	0.49999981660012943	
0.8333341281308415	0.8000024567763672	0.7499992128837107	0.999997840175396	0.4999997436560797	0.5000001353000834	0.49999339800020826	0.4999975038691999	0.500000325178349	
0.8333392106050251	0.8000015452832003	0.7499992121755347	0.6667385486642672	0.5000019860548376	0.5000001922872704	0.49999369554297096	0.49999717059459037	0.500000351784452	
0.8333393568057859	0.8000013801475891	0.7499999953248762	0.33327823853508093	0.5000009667070016	0.5000000278202473	0.4999934820190995	0.49999723574695093	0.5000003518625252	
0.8333296731718692	0.8000072901681208	0.7500213096852942	2.0771112939579558E-5	0.49999932566655764	0.4999998659753958	0.49999350860495684	0.4999971819646652	0.499999542893949	
0.833339238206576	0.8000233537759529	0.5000034234887268	0.9999710969862291	0.5000005219859016	0.4999996428866785	0.49999352957283066	0.4999971982355002	0.5000021340058672	
0.8333291722071458	0.8000087714869801	0.49998223467874164	0.4999937485305777	0.5000020739749155	0.5000000455660989	0.4999934995612525	0.49999720988012664	0.5000003639624337	
0.8333387468155078	0.8000073625495752	0.500024014037871	5.052171631921738E-5	0.5000026453575437	0.49999871616381264	0.49999344072472895	0.4999972468037854	0.49999990583288756	
0.8333392238131807	0.8000100859048984	0.2500702636908183	0.9997594180829065	0.5000001039732471	0.49999990818610646	0.4999935499496013	0.4999972865428489	0.5000020687692047	
0.8333392160764992	0.800010085697637	0.2500702641742108	1.7278586489697504E-4	0.5000001078007339	0.4999999561132448	0.4999934171945851	0.49999811306413694	0.5000002569211622	
0.8333389664857769	0.8000087909918174	4.018184002614269E-6	0.5651713146820146	0.4999995017002952	0.5000000449113098	0.4999935280200461	0.4999971196511127	0.5000003471054756	
0.833334131155746	0.6000115471186457	0.9999936449980212	0.9999916217420463	0.5000009494980835	0.4999999664648432	0.4999934022077366	0.49999750411284455	0.5000000279038159	
0.8333296613811073	0.5999880064663967	0.999993691731569	0.6667742113900005	0.500001831421369	0.4999999450153578	0.4999933804673799	0.4999964076028594	0.5000005459096206	
0.8333340758808655	0.5999878116598443	0.9999919107263084	0.3332842542894874	0.4999998523423949	0.5000002085120715	0.4999935717551428	0.49999651933957906	0.4999998307539029	
0.8333385290981165	0.6000128546131959	0.9999990014768089	2.38398909657149E-5	0.5000016005329845	0.49999992980314445	0.49999350132689224	0.4999971977546307	0.5000002505005834	
0.8333355531124975	0.6000098588498891	0.6666473740946761	0.9999977898221497	0.500001204817769	0.500000374515662	0.4999936974228139	0.49999654803116383	0.5000010886226436	
0.8333355743728679	0.6000108763677052	0.6666435969206314	0.499996166454291	0.5000011989267719	0.4999993859401154	0.4999936423399477	0.4999966688127666	0.5000002598006759	
0.8333355859008593	0.6000126523601699	0.6667285720688024	5.019924001345685E-5	0.5000009633416004	0.49999999266021106	0.49999361287721983	0.49999724283060326	0.5000003561301521	
0.8333355741564258	0.6000146062833245	0.333413897117502	0.9998666000554697	0.5000000681055062	0.4999998652221392	0.49999354994933054	0.4999972489240772	0.5000003916740853	
0.833334721030021	0.6000145771380772	0.3332873205234193	2.0381410169142608E-7	0.4999997425343553	0.499999797768983	0.4999936538037817	0.4999970860218664	0.49999944660411544	
0.833339042917253	0.6000169266154474	1.053310906246658E-4	0.4922578959738252	0.5000001856913016	0.4999999247235192	0.49999354927163553	0.49999717474843414	0.5000003198186612	
0.8333380167303349	0.40009428634823024	0.9999647293072483	0.9998591609385334	0.5000012385722251	0.4999999081861766	0.49999356944452816	0.4999972815310493	0.5000002632526159	
0.8333380268635895	0.4000942863515931	0.9999676768148213	0.4999985807768319	0.4999999423304974	0.4999998671428528	0.49999357234683506	0.4999972173912379	0.5000002634104371	
0.8333378146859071	0.40009315889154984	0.9999794431502627	2.531786812513023E-5	0.5000032395843428	0.4999999819397895	0.4999936129682087	0.4999956602773796	0.5000011345989763	
0.8333277575670309	0.4000120449478092	0.49994965962465243	0.9999999986871922	0.499999858350971	0.5000001597056682	0.49999366134041107	0.49999738476727057	0.4999997674570159	
0.8333381410715427	0.4000079888086452	0.500061594648036	1.5145580470654748E-4	0.5000034799459797	0.5000002288285081	0.4999936655517164	0.499997382753358	0.500000352253453	
0.8333437258527198	0.40000614932835865	3.291772129937278E-5	0.49498597727831095	0.5000011390028579	0.4999987801991219	0.49999364651145795	0.49999577593374217	0.5000002477918316	
0.8333622716772464	0.20021045101304077	0.9995600389495546	0.9995820624094562	0.4999999900885271	0.4999994590255878	0.4999924126725211	0.499997065163817	0.5000005632781597	
0.8333602838508148	0.20021047152091975	0.9995614532119331	2.924947002580349E-4	0.5000000905510352	0.5000000350235575	0.4999924155296477	0.49999574087881976	0.5000005722265992	
0.8333439248349247	0.1999186141668425	3.291772129937278E-5	0.49498597727831095	0.5000001297860514	0.4999988459718002	0.4999936463553308	0.49999648860904183	0.5000002882268193	
0.8333373218985918	1.0452228689339371E-5	0.6767899843025659	0.5102459192710602	0.5000008251503888	0.4999995374331485	0.49999323583714644	0.4999966086697415	0.5000006662648624	
0.6667402331375702	0.9999383918977823	0.999971275554716	0.9999562919494551	0.5000011716353917	0.500000106391666	0.4999935106445661	0.49999691524063505	0.5000003018123161	
0.666697245667318	0.9999851916337229	0.999980642242185	0.749835072658334	0.49999975185084267	0.500000118566925	0.49999327875635435	0.49999610059019706	0.5000011850008779	
0.6667390609353149	0.9999516218501984	0.999962437098154	0.4999992224260366	0.5000000816642556	0.4999981630229191	0.4999931716745863	0.49999689078848214	0.5000003107621949	
0.6666732171645514	0.9999535476071192	0.9999344059145964	0.2499783688596698	0.5000001787498896	0.4999999596878791	0.49999346759938396	0.4999973220580103	0.5000006970805869	
0.6666985441236483	0.9999981141739558	0.9999335244919548	2.1988143549060978E-5	0.5000000254585105	0.49999834347733985	0.4999934127920852	0.49999671483276886	0.4999996494626299	
0.6666991046667953	0.9999988172684947	0.7499992462542511	0.9999387698690179	0.5000011573932621	0.5000001261298427	0.49999365416502767	0.4999961049726527	0.5000011080766632	
0.6667035094900063	0.9999868512744546	0.7499992700868244	0.6667694932520746	0.49999987770171417	0.500000095029007	0.49999289569605593	0.49999635228610156	0.5000006291583391	
0.6666973777492569	0.9999301735107125	0.7499666814768517	0.3332755066831425	0.5000000361724829	0.49999999310252913	0.49999347920473974	0.4999966731845222	0.49999977211452695	
0.6667650667567054	0.9999173776331913	0.7499637334968464	1.4754837935244553E-5	0.5000011243883291	0.49999989341400025	0.4999935087239447	0.49999631207234385	0.49999958349946627	
0.6666906433804348	0.9999856070527295	0.5000212655935428	0.9999441183896848	0.5000001388942398	0.49999963525165453	0.49999349287788525	0.4999940186418416	0.499999940274372	
0.6666736199789332	0.999979638729036	0.500019487481387	0.49999636599732683	0.49999983804680903	0.4999999687525456	0.499993460099405	0.49999732206578956	0.5000005851500219	
0.6666909217338342	0.9999534770773469	0.5000195219975092	5.4327805566234877E-5	0.5000005033326791	0.4999999284480759	0.49999330977432904	0.4999962318485482	0.5000002655445268	
0.666669382333012	0.9999962264343898	0.2500101480047417	0.9999210966093341	0.5000001045701905	0.499999967479009	0.4999934795272775	0.4999961594306134	0.5000002690201703	
0.6666693838760636	0.9999961571378487	0.2500105340313066	2.1851660731506893E-5	0.5000001053239584	0.49999996460250273	0.4999935079401281	0.49999614764668854	0.5000002790832767	
0.6666686601173277	0.9999994604268647	3.272993005385083E-6	0.40909615169843017	0.5000024677885277	0.49999864191704374	0.4999934787315182	0.4999963366595626	0.5000002739043952	
0.6666747832044524	0.7500164737975584	0.9999813400465388	0.9999304966293167	0.4999997528191413	0.5000000802812173	0.49999337411688327	0.4999934136139118	0.5000005938480573	
0.6667042175296983	0.7500178508513387	0.9999720335889437	0.6664644617672187	0.5000001664477176	0.500000089768991	0.49999336478581413	0.4999965933479918	0.5000006000727104	
0.666675265432535	0.7499757588143592	0.9999081206832868	0.3332780686577286	0.500001116839784	0.49999862591468114	0.49999344455248607	0.49999715965942004	0.4999996651465079	
0.6666910853247022	0.7499759859212755	0.9999262661074172	2.740626593152809E-5	0.500000167223864	0.49999993754977523	0.49999341611598014	0.49999627231448296	0.5000011376961099	
0.666673944018987	0.7500484005223866	0.6667252816190199	0.9998979957791341	0.49999997355000886	0.5000000903664823	0.49999340578743257	0.49999630405433065	0.5000005823891677	
0.666673949299924	0.7500467408355899	0.6667202155648866	0.49999646905553236	0.5000000316266818	0.4999999952190705	0.49999317400963544	0.4999965014573231	0.49999983587745517	
0.6666698142577794	0.7500467753884039	0.6666131877768318	1.393041679623856E-5	0.5000000289719405	0.4999998926336102	0.49999345305044945	0.4999965077922628	0.499999593537025	
0.6666733927535184	0.7500430146251402	0.33342651720722316	0.9997726107587082	0.49999975012296605	0.49999979045191956	0.4999935495591724	0.4999966572646069	0.5000002488202687	
0.6666732945663341	0.7500430139291431	0.33342650739587737	2.218707055566089E-4	0.4999997554180803	0.49999979107153364	0.49999368857876797	0.4999963405807315	0.5000012858632416	
0.6666739672413584	0.7500463616047339	5.903228890992532E-7	0.5326577930856353	0.4999998387807054	0.4999986550565226	0.4999935511817383	0.4999966773767825	0.5000002461404323	
0.6666733342454758	0.500211853571731	0.9995919263354274	0.9999911459051999	0.5000009403584985	0.49999997289084097	0.49999336205929235	0.49999665124203707	0.5000005797313459	
0.6667045799735685	0.499989113653683	0.9999676344417798	0.499992489834539	0.5000012053681202	0.49999987431275145	0.49999362574816686	0.49999708288590494	0.5000002583619223	
0.666849355322225	0.5005590717376401	0.9992341538435117	5.610880995369526E-4	0.5000000117077034	0.49999997233243426	0.49999359101021873	0.4999962018363459	0.5000011146375917	
0.6667610246182879	0.5002498991260723	0.5000245466856448	0.9991438979173041	0.5000012104253665	0.500001860783065	0.4999934592319767	0.4999965486521531	0.5000010874549636	
0.666673924801378	0.5000545794785456	0.5000246307395082	9.396238304144338E-5	0.5000011538514033	0.499999596641811	0.499993648095102	0.49999552426009575	0.5000000993271372	
0.6666754838552021	0.500104676814724	2.3529336480597622E-4	0.49065437990569805	0.5000001662081766	0.4999998887001933	0.4999931825386577	0.49999666819943	0.5000002860242754	
0.6671599746397908	0.25107665932526985	0.9995659743785644	0.9961227826014585	0.500001245299352	0.4999998997553246	0.49999362620961635	0.4999955278441422	0.5000005647382805	
0.6671599746397908	0.25107665932526985	0.9995662435009282	0.004192939363870218	0.5000002014020775	0.49999989976122666	0.49999362805974884	0.49999729700326456	0.5000005647379704	
0.6668206956331505	0.2501822739821939	6.311731063163827E-4	0.5101142081370127	0.4999999875560349	0.4999998673581049	0.49999363842487393	0.49999703119741007	0.5000002779795869	
0.6666688357511948	3.301367265500184E-5	0.5172501973188726	0.5081188893065475	0.49999938062189725	0.49999900312343143	0.49999367541853873	0.4999955237556066	0.5000004820965492	
0.5000080996035567	0.9999981321721333	0.9999964646562718	0.9999685889867097	0.5000001509600596	0.49999980865416027	0.4999929464258559	0.49999619504090337	0.5000004832461387	
0.5000526780669765	0.9999551213281707	0.9999755734760402	0.6658873496346144	0.5000000976457056	0.49999958526221056	0.4999932847547998	0.4999971371647705	0.5000005485920913	
0.5000525981240724	0.999961891279909	0.9999634276479775	0.3334538521047488	0.5000000167721441	0.4999999682670128	0.4999932887124688	0.49999632840713587	0.5000006131378857	
0.5000557888471137	0.9999605717655046	0.9999983310462375	4.663466408439352E-5	0.5000000840461861	0.4999999678816175	0.4999931790848924	0.4999962273679697	0.4999998089459609	
0.5000494615951501	0.99993938272665	0.6666595096911954	0.9999395227377965	0.5000014851569533	0.5000000633458128	0.49999354578292116	0.4999963122202661	0.5000005865926292	
0.5000084475809307	0.9999426293934446	0.6665992158361105	0.49999675215470196	0.5000001510849323	0.4999998084518489	0.49999347907830366	0.4999942056242946	0.5000004844427233	
0.5000561553067728	0.9999754956133455	0.666590250724592	2.339205003023883E-5	0.49999999079008406	0.4999999764418019	0.49999347280116874	0.4999941725726264	0.5000002651318013	
0.5000491389342506	0.9999787638248646	0.3334210075583967	0.9997677063568144	0.5000031434523252	0.49999965599997936	0.4999934561306344	0.49999616113214984	0.5000003882831578	
0.5000521138453368	0.9999918506634258	0.3334277083254319	6.4150991383366E-4	0.4999995782031066	0.49999995987215257	0.4999932669005007	0.4999970688872182	0.49999878569751194	
0.5000491360502066	0.9999551774179389	2.0649631047611565E-4	0.4969773466037066	0.5000000511920306	0.4999999862394731	0.4999932652188108	0.49999619749202034	0.5000002874020113	
0.5000085619647574	0.6668669459383533	0.9999988223854576	0.9998995270073534	0.5000000446591428	0.5000000318601793	0.4999933143668428	0.49999615135869974	0.5000008217939728	
0.5000527651133361	0.6668649707486745	0.9998617928884103	0.4999923814088742	0.5000000142767604	0.4999995795477932	0.4999932863723961	0.4999971520787904	0.5000008561545131	
0.5000546706358413	0.6667262794893195	0.9998576106060425	5.4702579815623525E-5	0.49999708742761184	0.4999998145262223	0.4999933337171531	0.49999653579006154	0.5000000921330647	
0.5000491291461913	0.6667267695428976	0.5000650669453263	0.9997727857414723	0.5000000517866722	0.4999998740191311	0.4999935533396844	0.4999966536808861	0.5000008217945016	
0.4999948897112995	0.6667262794893195	0.5000649554991277	6.88451018576037E-5	0.5000001548055716	0.49999973609413173	0.49999356141736756	0.49999665682619265	0.500000267848763	
0.50004911952374	0.6667267638133144	2.0919604987812293E-4	0.4977184255488576	0.5000000496012996	0.4999999576392518	0.49999353693663845	0.49999616098647565	0.5000002837980392	
0.5000446920719273	0.3337008447134213	0.9995619585388802	0.9997636239512901	0.5000000011447073	0.5000000916300688	0.49999337006633765	0.4999962997677839	0.5000016241734098	
0.5000660662982855	0.333671363885006	0.998981155883337	0.0011876728893914223	0.49999996785186906	0.49999996065553093	0.49999360977980306	0.4999960597588509	0.5000016743043428	
0.5000660329267486	0.33367103104498125	9.5229977040567E-4	0.49691278471128264	0.5000000261011964	0.4999997067858786	0.4999933096478373	0.49999427431476345	0.5000016662918176	
0.5000528658139779	1.9371073560772722E-4	0.6842267764217498	0.5095866010248937	0.5000008657214697	0.4999988364328357	0.49999355652641114	0.4999962391472419	0.5000004532698036	
0.33343730914276776	0.9999388455520198	0.9998769782764317	0.9998648443613685	0.5000001314620951	0.49999987859309886	0.4999932747933613	0.49999657272075054	0.500001588981421	
0.3334257711483524	0.9999360797079563	0.9998684364837908	0.4999965050585458	0.5000001949196798	0.4999999682883971	0.499993290071507	0.4999963625313408	0.5000002419432941	
0.33337984647981966	0.9999905738571404	0.9999266253555305	4.642674396367004E-5	0.4999973247444355	0.5000000420216497	0.4999932755971721	0.4999962130594845	0.5000000348698127	
0.33337865477574347	0.999980564668398	0.5000257855908016	0.9997905832141519	0.5000000129381837	0.4999997882237056	0.49999330253820207	0.4999972666337754	0.5000016624416957	
0.3337665385569637	0.9994910717225756	0.5003704846408616	0.0013822973204791408	0.5000001287248842	0.49999820297722286	0.4999933331286662	0.4999973405840815	0.5000016148659447	
0.3333547220753348	0.9999908424492661	5.957557353772087E-5	0.5229638872438246	0.500000222218426	0.4999982523736325	0.49999334301194065	0.499996333049413	0.5000002489949585	
0.33332288902051144	0.4998807768536593	0.999860401441585	0.9999048318495916	0.5000001544638853	0.49999989582354065	0.49999328817677685	0.49999660055489076	0.4999999329608698	
0.3334109306843809	0.5003308869136585	0.9998661862172926	3.880706835302258E-4	0.4999999923027888	0.5000000437229838	0.49999333132558227	0.4999962609440827	0.5000000997338739	
0.333439509810587	0.5003585954812785	8.175451139915759E-4	0.4971386627507897	0.5000002140502635	0.5000000427237901	0.49999354552243025	0.49999710645682327	0.5000002803278043	
0.33336396271343915	5.259232916075791E-5	0.6299276637115651	0.4998302984892734	0.5000002212899559	0.499999596413753	0.49999330102016787	0.4999943201088632	0.5000002822298113	
0.16699653984436064	0.9994887958131019	0.9991431223480847	0.9997677508321783	0.5000028993766871	0.49999998228951537	0.4999933029373897	0.4999972662000594	0.500001834901055	
0.16698687692755143	0.9994788903454408	0.9991234459667804	1.798680584197781E-4	0.4999999503575978	0.49999935607843143	0.49999355573601	0.4999962127302465	0.5000017297161379	
0.16697075242588988	0.9994600484538503	0.0011838622819089761	0.6098778147504952	0.4999973336493688	0.5000004732991201	0.49999319528943537	0.4999973163189934	0.5000012221765947	
0.1666884064701426	5.2482522906343114E-5	0.6667088624364496	0.49957513816356813	0.500000150407506	0.4999998097330694	0.4999934730520059	0.4999972272321684	0.5000002842252662	
8.707438051505645E-5	0.6354577957586189	0.9876646191129298	0.5097959646986661	0.4999969265923598	0.4999998336769021	0.49999327788598297	0.49999726070827416	0.5000002779741232	
