0.9999942769882227	0.9999940537302502	0.999996529284186	0.9999911053681285	0.49999614940606457	0.4999988034574001	0.5000004910332311	0.5000221773923488	0.49998311646879706	
0.9999580549195325	0.9999702230384421	0.9999790070825153	0.8335177975960597	0.4999990387408983	0.4999997692134509	0.5000008455287355	0.5000216521824788	0.4999829987034777	
0.9999979776116091	0.9999898658668611	0.9999966704313596	0.6666463581896662	0.49999893593941946	0.4999975881922381	0.5000002380083061	0.5000217878880623	0.4999824814918367	
0.9999841241065085	0.9999757659970907	0.9999789083925181	0.5000856338267429	0.4999953548546578	0.4999987452961684	0.49999822788560777	0.5000221102936744	0.49998288981492894	
0.9999926958292715	0.9999738412861167	0.9999922954397666	0.3334503875158864	0.4999993340593239	0.49999983912827345	0.49999859555789344	0.50002178781091	0.499982164539616	
0.9999840540045478	0.999997231729003	0.9999929002504053	0.16660658733949474	0.49999847467542324	0.500000159845827	0.4999989108353747	0.5000221383969246	0.4999823642849292	
0.9999823113774327	0.9999737838135814	0.9999346267851317	8.923917553284646E-6	0.4999986132955894	0.4999998811295243	0.4999984373207383	0.5000214993757867	0.4999823651554003	
0.999998088777863	0.9999977864020644	0.8333299166318207	0.9999987014902278	0.4999991814494551	0.5000004730581591	0.5000002340167962	0.5000217493323748	0.4999829387519382	
0.9999901099171352	0.9999877417103741	0.8333890377267744	0.7999583654602338	0.4999992584709424	0.5000006548070466	0.5000017656258863	0.5000217477469264	0.49998304901147483	
0.9999901011975598	0.9999896965736448	0.8332450611260735	0.5999934748036213	0.4999992588885029	0.5000001746266075	0.5000014229098738	0.5000218131084815	0.49998306085708166	
0.9999933565452768	0.9999998043508429	0.8335890446040205	0.4000768061240028	0.4999992362600284	0.5000001761199511	0.5000017003987389	0.500021531350881	0.49998232584004315	
0.9999936122383867	0.9999959222195305	0.8333146501236125	0.19994938846311516	0.4999985125612843	0.5000000954366334	0.5000014302152097	0.5000216172880088	0.4999822315913836	
0.9999951603676248	0.9999957372421746	0.833314068875479	8.966308756191199E-6	0.4999989913567149	0.5000000872036603	0.5000017943523475	0.5000221072002302	0.49998235908131955	
0.999993409296073	0.9999899860384196	0.6666343074587238	0.9999945625232733	0.49999678801559594	0.5000005862257116	0.500000871275808	0.5000219216254284	0.49998236121418843	
0.9999946705069112	0.9999940424823733	0.6666879008743614	0.7499863784521222	0.4999987729231921	0.49999967848508065	0.5000008260152168	0.5000216782844443	0.49998307723625346	
0.9999977205660568	0.9999939520677613	0.6666879008743614	0.4999601887633391	0.499998559504905	0.4999996662294929	0.5000008642286874	0.5000217285916184	0.49998299632301163	
0.9999958778606401	0.9999970127428125	0.6666801569434775	0.25000642452176064	0.5000000697852223	0.5000001759326095	0.500003001133888	0.5000218035457068	0.4999823809663408	
0.9999951604233231	0.9999956482041071	0.6666848930542875	2.359167473381498E-5	0.49999883110741095	0.5000000972787118	0.5000018320943339	0.5000216053963373	0.4999821505504329	
0.9999947475178951	0.9999953779412468	0.5000227160125651	0.9999434691212519	0.4999989496419074	0.4999999901005446	0.50000032085067	0.5000218006376461	0.49998281452252097	
0.9999436121698766	0.9999967964882982	0.5000189514956795	0.6665650649109028	0.49999843916982234	0.5000003726863759	0.5000030120252126	0.5000216959868584	0.4999823864650335	
0.9999956335724486	0.9999961829870853	0.5000189514956795	0.33334946665969234	0.49999869365959254	0.49999966316109207	0.500002819786089	0.5000216190974613	0.49998228981116993	
0.9999981832715751	0.9999956714584336	0.5000189510848376	2.6095841697647815E-5	0.49999820475467216	0.5000003413051864	0.5000030666791532	0.5000217351873313	0.4999760849613753	
0.9999906813183772	0.9999963182272559	0.33339037350484496	0.9998427963202509	0.49999873633629244	0.49999951500293716	0.5000027617379862	0.5000220905500943	0.49998193347750797	
0.9999923796998413	0.999997128506526	0.3333903735070521	0.5000115043624453	0.49999871977991167	0.49999965577487426	0.5000018098780424	0.500021578846446	0.49998306700813994	
0.9999886152071101	0.9999972912599464	0.3334163317648824	9.674896033480014E-5	0.500000002850151	0.4999998690452001	0.5000024395982294	0.500022110986187	0.4999820191660873	
0.9999907389615248	0.9999966460598205	0.16683404789290868	0.9998426087870143	0.4999953750963092	0.4999995283071856	0.500002749845446	0.5000221097285272	0.4999820322211674	
0.9999999982413317	0.9999969505446832	0.16682303929736575	5.22041676141412E-4	0.5000000104838457	0.49999988186035493	0.5000024448052267	0.5000217220537219	0.49998217633491715	
0.9999907881620009	0.9999966389565468	8.730659401438379E-7	0.9975255277646389	0.4999954715092184	0.4999998017380676	0.5000017701749047	0.5000217928577556	0.49998215790207245	
0.999996346852029	0.833348958435887	0.9999914268566149	0.9999909865717406	0.49999903857823147	0.5000005863621034	0.5000005301912914	0.5000216900636162	0.4999829160907645	
0.9999946428087773	0.8333489679725253	0.9999914401268838	0.7999481927725206	0.49999912785146716	0.4999999516377446	0.5000017768446297	0.5000216797553471	0.4999830696487469	
0.9999942724612513	0.8333482159603341	0.9999784632206257	0.5999534261867282	0.4999988431141058	0.49999975199542346	0.5000002185162323	0.5000217984562055	0.49998272922148435	
0.9999963603197207	0.833329914214448	0.9999890959697321	0.400008427839689	0.4999961337369428	0.5000000312080861	0.4999991482114599	0.5000224577678211	0.4999823297638247	
0.9999919867362098	0.8333300796749805	0.9999905711410945	0.2000423099225747	0.5000000035664033	0.4999988754351595	0.5000015136848086	0.5000217514282775	0.4999822492465715	
0.9999951692422229	0.8333291877927396	0.9999980338471901	6.341541319468138E-6	0.4999988410550205	0.5000004376047682	0.5000020142799095	0.5000222797523864	0.49998215034507176	
0.99999564672609	0.8333494860589385	0.7999871332924059	0.9999955560409267	0.49999917774877733	0.49999978186634514	0.5000009014961051	0.5000216528922858	0.49998237604940254	
0.9999956410861205	0.8333494971584221	0.7999871275082955	0.749987817341781	0.4999995579257104	0.4999997831748995	0.5000002645373249	0.5000216188091312	0.49998296254686264	
0.9999973351976534	0.8333284019504305	0.7999992043342792	0.5000811788469752	0.4999987142510122	0.4999988065880255	0.49999892273949875	0.5000215432461987	0.4999822495869891	
0.9999972219818449	0.8333276520552946	0.8000023385434955	0.24998095044270058	0.49999825575114093	0.5000001618395071	0.5000017225909125	0.5000215462693892	0.49998223031804917	
0.99999517588501	0.8333291877927396	0.8000155378072565	8.698833793873131E-6	0.5000001088726894	0.500000040615371	0.4999988480878998	0.5000225638501951	0.49998237122262507	
0.9999966667643945	0.8333500075877847	0.600028776181054	0.9999944412255758	0.4999991268787886	0.4999998052155186	0.5000007612588651	0.5000216819239962	0.4999830902166557	
0.9999965641298801	0.833351609186087	0.6000287043731144	0.6666167952256183	0.4999995584180397	0.5000000024049839	0.5000007607547639	0.5000217750789481	0.4999822563101231	
0.9999971664645095	0.8333517501119257	0.5999891264010847	0.33335224520141216	0.4999982672034417	0.49999960402853216	0.5000017730200262	0.5000216261303966	0.4999822699351872	
0.99999599496877	0.83334788377117	0.5999891430855222	4.9759304089365477E-8	0.49999947615791873	0.5000001200800958	0.5000029206635054	0.5000215714264953	0.49998271110603154	
0.9999963948049752	0.8333494834771203	0.4000372014283701	0.999935787360956	0.49999873748701823	0.4999997252404523	0.5000006701490657	0.5000216038240988	0.4999830337840434	
0.9999926650491496	0.8333494749307633	0.40003720192188585	0.5000589952220383	0.4999983702778292	0.49999999251781846	0.4999978622552187	0.5000217326683167	0.4999822922403177	
0.9999921631046036	0.8333252093530046	0.40003720127730485	4.205573014172945E-5	0.4999982651697778	0.49999967190474204	0.5000031308546825	0.5000216050032663	0.4999819977773803	
0.999997375996421	0.8333522951989304	0.20001550051940584	0.9999354665196921	0.4999982598666118	0.5000003289343824	0.5000018241033577	0.5000216005163569	0.49998235014478987	
0.999995713807763	0.8334839853816282	0.20041183172237445	0.001435545210189378	0.49999929624942957	0.5000007697851504	0.500003040498412	0.5000215307687805	0.4999823570079327	
0.9999961113594572	0.8333487601793418	6.813096760555179E-6	0.029208801640831353	0.4999999931219189	0.49999957716797777	0.5000018125891348	0.5000215345381738	0.4999823620358685	
0.999998011174338	0.6666723182316198	0.999997014983406	0.9999992065879766	0.49999898588775665	0.4999997772238362	0.5000003034719323	0.5000223417723254	0.4999827409512739	
0.9999957715842129	0.6666720659767857	0.9999982645865608	0.7499878194955856	0.4999991778120406	0.4999997767204929	0.5000009189008273	0.5000218507131146	0.49998299294471993	
0.9999930435444703	0.6666768647487726	0.999975007025032	0.5000625258528734	0.4999988945713505	0.5000001484394654	0.500001343567907	0.5000217631579065	0.4999820969753511	
0.9999969460217988	0.6666690286241079	0.9999739853847954	0.25011765888768994	0.4999985967598666	0.500000541787337	0.5000019104332752	0.5000217817136213	0.4999801903333512	
0.9999972070592132	0.6666750441396075	0.9999737703144534	8.843613692429407E-6	0.4999986161364587	0.5000001621335142	0.49999767844283444	0.5000217818384238	0.49998023795861746	
0.9999964254280467	0.6666720350314724	0.7500182588348471	0.999990879785406	0.4999989680412778	0.4999997738260689	0.5000003030880606	0.5000217144618748	0.49998289317291605	
0.9999954330075116	0.6667188777521194	0.7499862438531569	0.6666143602012236	0.4999990838338018	0.5000000984265365	0.4999984058400843	0.5000217052164453	0.4999807448207237	
0.9999971460788742	0.6666746609132396	0.7499815816651425	0.3333531432155874	0.4999982330991033	0.5000001424766153	0.500001780247052	0.500021789748409	0.4999823687923183	
0.9999960284366934	0.6666746627912264	0.7499814920896679	3.0827207773167315E-6	0.49999997476497055	0.5000001200026137	0.5000029314644421	0.5000217941984517	0.49998210063027965	
0.9999956596715838	0.6667060663098354	0.5000231860694643	0.9996842107770832	0.49999918053931225	0.4999996956165781	0.5000009577802172	0.500022191381352	0.49998238072439877	
0.9999921423476663	0.6667061880843195	0.5000192621997543	0.5000107841181478	0.49999957145473595	0.5000000554692335	0.5000008299391667	0.5000221949802176	0.49998236905152765	
0.9999940800633358	0.6667069849676969	0.5000195857735968	3.146947590799221E-5	0.49999945134289525	0.500000151437957	0.5000016683062863	0.5000215325443982	0.49998252217690814	
0.9999921485089839	0.6667250930704995	0.2500772192644549	0.9998707794072648	0.49999925298402653	0.4999998270703705	0.5000017745234975	0.5000222073950156	0.4999823367921475	
0.9999782355880981	0.6667270762249902	0.25001954640875484	7.608038979183835E-4	0.49999817329825236	0.5000003716030633	0.5000030969291933	0.500021738045291	0.4999822789857279	
0.9999956294272864	0.6667061725947407	1.5432691973217218E-5	0.019641218034797236	0.4999993079065124	0.4999999856338117	0.5000006992729426	0.5000215306408216	0.4999823057369424	
0.9999963307769765	0.5002421320518973	0.9996971812793937	0.999750274086858	0.49999903015694314	0.5000005882299459	0.5000017816398689	0.5000216916781655	0.49998300693047476	
0.9999895699875929	0.5000895737027348	0.9998387132296769	0.6665944709897399	0.49999903247697486	0.49999983400179654	0.5000018820291732	0.500021717325177	0.49998302038393966	
0.9999837161260013	0.5001455753137888	0.9999169271607588	0.3331161858687267	0.4999988806240928	0.500000535524386	0.5000018919632448	0.500022207498549	0.4999822574769063	
0.99998190227191	0.5000274796616937	0.9999736796349902	8.926027010847034E-6	0.49999748226002333	0.49999962350770943	0.5000015457851538	0.5000217720771651	0.49998279576909754	
0.9999939721723125	0.5002285474025502	0.6664462820410594	0.9996741441190705	0.49999970844783653	0.4999995466169804	0.5000004291734634	0.5000225560513425	0.49998294282798833	
0.9999943739636877	0.5000231365092055	0.6667137561719839	0.500014768428187	0.4999992512635078	0.4999998335278521	0.5000018254966954	0.5000217141115706	0.4999830151239351	
0.9999898724497336	0.5000266156517807	0.6667137562523513	4.5789781746591816E-5	0.4999992706208514	0.49999977673637364	0.5000016484773904	0.5000217224914681	0.4999818970343971	
0.9999941486014121	0.5000253504041317	0.33336148188121045	0.9998791868266865	0.49999946752988267	0.4999998947045161	0.4999978868641625	0.5000215848267566	0.49998061450351117	
0.9999934207588936	0.500023136508429	0.33336347729484356	4.632923746709083E-5	0.49999927461910854	0.4999997752219929	0.500001024913704	0.5000217201812219	0.4999823699914661	
0.9999940792922349	0.5000253504041317	2.406106705423719E-4	0.6004490522146956	0.4999994536993953	0.4999997361142409	0.5000015171440783	0.5000218462180276	0.4999806354320463	
0.9999881130546533	0.3334296672396099	0.999908110689546	0.9998618424177008	0.5000001065126279	0.5000010531105542	0.5000005420554413	0.5000216891262328	0.49998292482757034	
0.9999896017341467	0.33328140694769975	0.9999960721737566	0.5000182044162226	0.4999986009330935	0.5000002899658929	0.5000012150820163	0.5000218797230815	0.49998244712180695	
0.999990314210252	0.33342107640042973	0.9999151951826779	4.067949674669907E-5	0.49999929694287637	0.5000001566273582	0.5000017782474918	0.5000217761642798	0.4999805829289659	
0.9999703520320125	0.3334295372429653	0.5001608301714459	0.999769673901504	0.49999820922923893	0.5000003072230021	0.5000017537430111	0.5000214816276128	0.4999822875678382	
0.9999940646492492	0.33342107640042973	0.5001608301714459	3.869369167150902E-4	0.49999930777762025	0.5000002964621905	0.5000018330628919	0.500022201004549	0.4999823650407118	
0.9999849009683931	0.3334307788331687	1.7937050885237613E-4	0.4967906041367974	0.49999928262595333	0.5000001424385263	0.49999825064366454	0.5000217897452714	0.49998209008123073	
0.9999891410279509	0.16673708443807156	0.9999090982651464	0.999879157679498	0.49999927584805626	0.5000008321782671	0.5000020109036183	0.5000226640947373	0.49998288553295434	
0.9999890415853958	0.16673708419192063	0.9998678719188782	1.6491055734574122E-4	0.499999326826601	0.500000290220082	0.4999991419086124	0.5000222664811902	0.49998236460055323	
0.9999854197826309	0.16673708412168245	1.9777080144556258E-4	0.500010580120782	0.499999680525773	0.5000003070898837	0.5000019460255493	0.5000217817706109	0.4999821431901316	
0.9999940579703194	3.0397522000210453E-7	0.5001166976849546	0.0018533425819379223	0.4999995114039142	0.5000002778430708	0.5000018483529384	0.5000215463132872	0.49998229829775825	
0.833336553505364	0.9999941687107001	0.9999978112437709	0.9999945507508874	0.49999599336097245	0.5000005796208921	0.5000008212555361	0.5000218036942078	0.49998010537596244	
0.8333365550941676	0.9999984137305629	0.9999978207109838	0.8000018134230691	0.4999990213191632	0.5000005804701199	0.5000005232882654	0.5000219165457717	0.4999800670397232	
0.8333363703208874	0.9999988296479277	0.9999998116458383	0.5999994981931358	0.5000000650359528	0.5000001817137248	0.5000017726187277	0.5000217467375094	0.49998217111929244	
0.8333337934893802	0.9999973227671688	0.9999981537138609	0.4000197974998684	0.49999987703264154	0.5000004316994688	0.4999987901580846	0.5000220801259307	0.49998214912265465	
0.8333350430127834	0.9999973981959956	0.9999991409101965	0.20004230071894774	0.5000000500616995	0.5000001816893535	0.4999989030022078	0.500021785951798	0.49998274309431195	
0.833335138230643	0.9999989546755319	0.999999665977481	1.38013075430646E-6	0.4999982635081139	0.5000001606765454	0.499998479281181	0.5000215846044084	0.4999819913099353	
0.8333350110871683	0.9999977760584177	0.7999871089757238	0.9999986985170228	0.4999991205104448	0.49999974261727254	0.500000773608143	0.5000218540504335	0.499982233896176	
0.8333365597895247	0.9999982316471071	0.7999989975334273	0.7499880446894757	0.49999848463231716	0.5000006299852777	0.500000797703192	0.5000219144176296	0.4999830501604425	
0.8333357808485852	0.9999934085628283	0.7999729529965585	0.5000789049641373	0.4999998485209627	0.5000000570810699	0.5000007455520117	0.5000220290008204	0.4999822308948993	
0.8333330940049297	0.9999987899861097	0.8000005613890264	0.2500059441001444	0.4999986599433528	0.5000001559904574	0.499997436609355	0.5000215052675997	0.49998273792836606	
0.8333351441287192	0.9999986683427541	0.8000155377958241	8.728719588674336E-6	0.4999972365099205	0.5000004378140108	0.49999885017815204	0.5000216618400305	0.4999823699098212	
0.8333365337425906	0.9999941484401156	0.6000287612723162	0.9999813479838934	0.49999847654637014	0.49999950031250384	0.5000027115991011	0.5000218052260736	0.49998306643627516	
0.8333425475616792	0.9999941484401156	0.6000287612723162	0.6665709635736172	0.4999984765878343	0.5000003291831026	0.5000008097496293	0.5000218030035136	0.49998306643627516	
0.8333348670398053	0.9999986759076125	0.6000303724621427	0.3333525468510132	0.49999992851380193	0.5000001581397954	0.49999717559114526	0.5000217961440214	0.49998229083600276	
0.833337368326724	0.9999983895331288	0.5999554992834286	3.365981000502444E-5	0.4999992481859781	0.499999846283906	0.4999973880611615	0.500021812323058	0.4999827110017894	
0.8333383212506367	0.9999976182169709	0.4000395041138886	0.9999226302723143	0.500000016884759	0.49999895336967004	0.5000008651161775	0.5000215066788126	0.49998304151648876	
0.8333357893900517	0.9999970005970773	0.40003708140799354	0.5000589961017594	0.5000000414724874	0.5000016630963179	0.500001810458549	0.5000215333954262	0.4999823734991881	
0.833333800319628	0.9999956625041568	0.40003720011844235	6.800181371613834E-5	0.4999999224531535	0.5000016569466185	0.500001810382812	0.5000215372004317	0.4999823677713074	
0.8333403684607282	0.9999968972596612	0.19998833301175856	0.9999849924329663	0.5000000705873062	0.4999996989331434	0.5000027199003704	0.5000218736620132	0.4999823050276283	
0.8333339159885027	0.9999980592680234	0.20031175721272543	5.24066779173834E-4	0.49999991558184814	0.49999988052644545	0.5000006600656104	0.5000215364109872	0.4999823846379416	
0.8333349899778761	0.999999238644734	6.781243395029824E-8	0.45825703682653735	0.49999993892909783	0.49999992531953	0.5000003979025895	0.5000215286703753	0.4999823558368121	
0.8333349920375165	0.7999911764913533	0.9999980485803095	0.9999995538337695	0.4999992314501433	0.5000001178784467	0.5000008130461957	0.500021805109095	0.4999830516245902	
0.8333350446485153	0.7999917236615471	0.9999999199266438	0.7499906742395235	0.499999106791137	0.5000003098457259	0.5000004550944824	0.5000218026078865	0.499983038795327	
0.8333331045392687	0.7999917185233493	0.9999997679228038	0.5000017244395262	0.49999935537069723	0.49999872769404075	0.5000003904295989	0.5000217878836475	0.49998215767054005	
0.8333351149682486	0.7999917235397812	0.9999992831945512	0.24999162692214574	0.49999934979118127	0.5000001602346753	0.5000019890814098	0.5000221224320645	0.49998274447719315	
0.8333351381192877	0.7999917373952289	0.9999992098165801	1.6954262077472391E-6	0.49999999305519804	0.5000001672171426	0.5000016085748793	0.500022151388876	0.49998216427750025	
0.8333349237358099	0.7999911786071241	0.7499860591304471	0.9999986930750624	0.4999994572372441	0.4999997427775606	0.500001550219561	0.5000217739769982	0.49998223007465453	
0.8333330377925343	0.7999911249572389	0.7499862656232031	0.6666200766846603	0.5000000296961115	0.5000001023588535	0.5000007987000512	0.5000216866742085	0.49998300449250105	
0.8333330231392029	0.800010920522869	0.7499815761566497	0.3333875083851669	0.4999996001191115	0.4999999428256675	0.500001577609111	0.5000217890718157	0.4999823759137126	
0.8333337916548104	0.7999921398023481	0.7499838710095805	2.2157553061280175E-7	0.4999998836355808	0.4999996898182942	0.5000018389092524	0.5000216728942178	0.49998198496965623	
0.8333334643687703	0.799991125013425	0.5000128492531395	0.9999853855197073	0.5000000475794185	0.49999967822491675	0.5000014818331843	0.5000216860141523	0.4999822907038444	
0.8333332142650004	0.7999921314346247	0.5000128644253771	0.5000602116702041	0.499998578795494	0.5000000970159164	0.5000007302113446	0.5000214870443394	0.4999819236323679	
0.8333335016962168	0.8000108802976515	0.5000196946599847	3.291200913538571E-5	0.4999991851034926	0.5000000759304202	0.5000006445902339	0.5000214960164282	0.4999823694456623	
0.833333461207984	0.7999918576039831	0.25001851100543215	0.9999760093147398	0.49999818514141375	0.5000003516585545	0.499998524879024	0.5000215192343842	0.49998227896264236	
0.8333324212055351	0.8000342230367304	0.250068593884818	1.234086655073881E-4	0.49999816181589674	0.5000003484519214	0.5000030601856071	0.5000215127738323	0.49998227958959096	
0.8333349941534555	0.7999941105256971	8.914318878686587E-6	0.0035615643679213216	0.4999992039723035	0.49999968760738656	0.5000030485292184	0.5000214899181926	0.49998229066330596	
0.8333340425581259	0.5999882899836123	0.9999980711754999	0.999999711537939	0.4999988236209619	0.5000003122047756	0.5000005058493617	0.5000218097692064	0.49998293857295606	
0.8333427127118085	0.6001053910123577	0.9998603184730992	0.6666160267386063	0.4999988552569461	0.5000001012018741	0.49999880072416597	0.5000218142469698	0.4999823175089915	
0.8333135550890882	0.599978133158319	0.999969552654798	0.33309619461550083	0.49999888061782477	0.49999985672885616	0.49999768116758714	0.5000223476280145	0.49998237360177306	
0.8333374900465934	0.6000359302722769	0.9999662033662238	4.188575188406858E-5	0.49999797710293353	0.49999976949774805	0.4999989857457481	0.500021797714916	0.49998237603445544	
0.8333340841559486	0.5999882899836123	0.6665324491287075	0.9999972424237599	0.4999991292028682	0.49999977137516316	0.49999758746752526	0.5000217726944058	0.4999827369870356	
0.833331161098615	0.5999886630776214	0.6666855101607001	0.5000148818779857	0.4999988673744901	0.4999998338272095	0.5000004119538545	0.5000218072371563	0.49998301186036753	
0.8333349335634855	0.5999781016182624	0.6666856088130529	4.48302057375792E-5	0.4999979949303845	0.49999983391724606	0.5000003995005874	0.5000217970146804	0.49998305206492144	
0.8333384310653484	0.5999783889655937	0.33343458393233144	0.9998709390718489	0.49999824937443266	0.5000000804695595	0.500000443179557	0.5000222173017896	0.4999822864290916	
0.8333312209336651	0.5999783889655937	0.333252397585822	1.0292673907985841E-5	0.4999999383688364	0.500000153349189	0.5000031673467056	0.5000215333916154	0.4999823645358965	
0.8333349957075796	0.5999597696432939	4.601547587055879E-7	0.4958372594010746	0.5000001602805133	0.49999986985724276	0.5000018716961607	0.500021868851823	0.4999827128290344	
0.8333341057794814	0.4000172595667488	0.999983812542768	0.999989163152883	0.4999996078936983	0.49999983261505426	0.5000007240788836	0.5000215066880032	0.49998234602924674	
0.8333339944852258	0.40000919311148425	0.9999831276339456	0.5000181391686329	0.4999995166254173	0.49999984985524865	0.5000004232714644	0.5000222859201099	0.4999822365732794	
0.8333372623893812	0.400029273265494	0.9999593335253751	3.894806213608493E-5	0.4999999572429354	0.4999996409713942	0.4999994259196193	0.5000239349535155	0.4999822359700871	
0.8333325979245021	0.400023761702212	0.5001588501805551	0.9998706483659223	0.49999858067225994	0.49999955133183305	0.5000004252304164	0.5000218777675488	0.4999829334511963	
0.8333341073051904	0.40002359508431257	0.5001600552886393	2.2406451264187432E-4	0.49999960650656755	0.4999998384059932	0.5000004378941689	0.5000215197142764	0.4999829177612359	
0.833348847728802	0.40002396196926204	2.257249850762255E-5	0.9890277746604237	0.49999899869902703	0.4999998380988839	0.5000015871117316	0.5000214692620513	0.4999822056672838	
0.8333308319241524	0.2002835589707125	0.9993991553675354	0.9994463466708148	0.4999992997729039	0.49999975466797514	0.49999757707192144	0.5000217357437264	0.49998232732374703	
0.8333385030994881	0.2002792492693078	0.9993242438873425	4.152287884718183E-4	0.49999896820942613	0.4999998452200529	0.5000015938955871	0.5000217828813347	0.49998291348230206	
0.8333308276711902	0.19997087651141868	7.126220436273577E-7	0.9929630705720318	0.5000002001013096	0.4999997371191588	0.5000015214777078	0.5000215185906878	0.4999821998279543	
0.833333902047055	3.096238278727798E-7	0.014986516948845785	0.022363263218741963	0.49999970917228903	0.49999976251232087	0.5000020251877593	0.5000215142947732	0.49998293065505417	
0.6666726300229041	0.9999981579543612	0.9999996742874306	0.999991993512803	0.49999899780812157	0.4999999402800085	0.5000008373288387	0.5000218522064963	0.49998302842936665	
0.6666757344880699	0.9999934801396458	0.9999998231087808	0.7499904724575125	0.4999994129573542	0.500000309851275	0.5000004689773564	0.5000218005439372	0.4999830523041492	
0.6666800801305672	0.9999832383255061	0.9999760018571973	0.5000803373731416	0.49999899623573646	0.4999987349508472	0.49999825897531114	0.5000218386021225	0.49998225911715766	
0.6666749421025733	0.9999929832383241	0.999980700678566	0.2499916023747986	0.4999999915053028	0.500000013785947	0.49999890618559695	0.5000217908344377	0.4999821003955901	
0.6666766557628038	0.9999963008809735	0.999988226848915	2.153232563809816E-5	0.4999982571096663	0.5000001601399874	0.49999893177196747	0.5000215502165957	0.4999823649840227	
0.6666803464945684	0.9999855869916198	0.7498867695043201	0.9999995434261628	0.4999991140304842	0.5000006295196239	0.5000007840887686	0.5000220434020112	0.4999830387088616	
0.6666757338370752	0.9999936856352917	0.7501209882626457	0.6666164773572218	0.49999991901991736	0.5000001025587899	0.5000007877952881	0.5000220210643622	0.49998222435360845	
0.6666800730142954	0.9999962185040973	0.7499823875025734	0.3333430057937061	0.49999806218766346	0.5000000404905571	0.4999986730130789	0.5000214972463837	0.49998064205299414	
0.6667026440647451	0.9999696670540688	0.7498944963950157	1.9454750104820875E-4	0.4999980389246027	0.5000000333604785	0.49999866729936304	0.5000214933063157	0.49998270842555703	
0.6666755614473872	0.9999957733295693	0.5000129744606925	0.9999733057533318	0.49999418226974157	0.4999999823322369	0.5000006814317275	0.5000241033162128	0.4999823016537905	
0.6666800741808033	0.9999962184089354	0.5000189309614146	0.5000895256019251	0.49999996672850716	0.4999996771020775	0.5000004590504645	0.5000230406513398	0.49998297907629263	
0.6666975349385783	0.9999696268343973	0.5000194399556507	3.672019417336844E-5	0.4999985060936249	0.4999999822695323	0.5000004778017245	0.5000215031884154	0.4999827054540502	
0.6666788823443756	0.9999961961656575	0.2500659903086836	0.9998408586299731	0.4999991480575447	0.500000219365445	0.5000007013335798	0.5000217653092063	0.4999822939888811	
0.6666788059287854	0.999996191065815	0.2500659686313267	4.114445582469628E-5	0.4999994107630429	0.5000000060689899	0.5000006873661534	0.5000218689010554	0.4999828688998836	
0.6666745364411578	0.9999924713387907	1.0309189755522753E-5	0.5009368964920216	0.4999999534981679	0.5000000063809719	0.500000354288681	0.5000214917306386	0.4999820607719054	
0.6666758447072857	0.7502092073117278	0.9998621513535663	0.9998962065897673	0.4999988448305312	0.49999985003398745	0.5000007836117011	0.5000217101460029	0.49998289396467216	
0.6666755728861601	0.7500264037798036	0.99994345396036	0.6666004756761944	0.4999988416739195	0.500000277027998	0.4999988261299355	0.5000217984063162	0.49998273214276806	
0.6666755631642198	0.7500364957841827	0.999970271759905	0.3333389828089749	0.49999990821729756	0.5000001495828731	0.5000008918539577	0.5000217324445969	0.49998272488907647	
0.6666749391688133	0.750028358449672	0.9999723426066582	2.242473529815116E-5	0.5000000841290688	0.49999973700992245	0.49999895382759024	0.5000221423992187	0.4999823429913863	
0.6666758412988408	0.7500380562969755	0.666689089496834	0.999935975019579	0.49999885283063905	0.5000002090245036	0.5000008596636019	0.500021744784518	0.4999823427867315	
0.6666749258843249	0.7500384255472761	0.666689089496834	0.4999382360599712	0.49999942424580596	0.4999997653396313	0.4999984651922686	0.5000218184892891	0.49998273695322226	
0.6666783683979399	0.7500384255472761	0.666689089496834	5.408870680653963E-5	0.4999997708945434	0.5000001609974014	0.5000008918538659	0.5000217329164806	0.499982727204826	
0.666695478824961	0.7500375073977625	0.3334310039660074	0.9996546929105791	0.49999990580743864	0.5000000061082197	0.5000015549683535	0.500021766505887	0.4999827019337544	
0.6666974963800787	0.7502052084343878	0.3336526558986761	0.0010245664124779801	0.49999974558161603	0.500000161426656	0.5000008949096204	0.5000219731447401	0.4999823494320102	
0.6667016240329313	0.7500415282856695	5.103583541484592E-6	0.03462175771278958	0.4999999959105786	0.49999956831510683	0.5000011253336336	0.5000216299172004	0.49998307250084184	
0.6666757139485913	0.5001145483946281	0.999839701790936	0.9999896245373926	0.49999903218182223	0.5000008241792421	0.5000005026351974	0.5000218176490643	0.4999820305255118	
0.6666953757687101	0.5001040391964672	0.9998473088311051	0.5000148990705603	0.49999929910113916	0.5000001615852956	0.49999922692139603	0.5000221736101998	0.49998302739513995	
0.6666963351735554	0.500105522844035	0.9999591347071194	2.0323362399884618E-4	0.4999991428274121	0.5000001591396859	0.4999992701191356	0.5000219715614923	0.4999823557276627	
0.6666955501522818	0.5000244971643057	0.5000328987494113	0.9999421693411615	0.49999932230806277	0.49999993772680185	0.4999987809761899	0.5000218752270966	0.49998275106627194	
0.6666971980668723	0.500102674908986	0.5000206657849945	5.1902016299444344E-5	0.5000000193984548	0.4999998492030138	0.5000008382929088	0.500021767699352	0.49998232794674713	
0.6667032943564722	0.500098030000875	3.27479996016816E-4	0.5036828010185042	0.4999982368026003	0.5000001262591273	0.4999991382994165	0.5000220002343758	0.4999822866019156	
0.6666558713864635	0.25030192549137864	0.9994291791788491	0.9997894875273048	0.49999830064736417	0.49999983840038914	0.49999758793365784	0.5000217294133831	0.49998233118339636	
0.666672291633763	0.2503021562070653	0.9996421984769681	9.709623491659647E-4	0.49999864177050385	0.4999998511811257	0.499997805487376	0.5000218023115612	0.499980603065052	
0.6666958000810037	0.25030131441775316	9.518684861665826E-4	0.5006640254173893	0.49999950591950104	0.4999997609953876	0.5000008498797452	0.5000218106075958	0.49998222112051127	
0.6666753970698271	3.0119459670796545E-7	0.5325697050673348	0.9989675129886757	0.5000001065075566	0.49999975786832285	0.5000014847682006	0.5000215147501883	0.4999829169448624	
0.5002690029824701	0.9997641668343643	0.9998710175249516	0.9997668261735217	0.5000002478893825	0.5000001131458574	0.49999765211908387	0.5000216928069998	0.49998207954521756	
0.49998846540339836	0.999999971787521	0.9998779670468735	0.6667237228091717	0.49999942835712113	0.5000001016597999	0.5000019214324705	0.5000220526751611	0.49998272625560075	
0.49999917253906434	0.9999933756220267	0.9999636591076511	0.3332193676179167	0.4999947498869119	0.5000005300079559	0.5000017406919509	0.5000221608735903	0.4999826598021225	
0.5001619644481965	0.9998571049699079	0.9998394975564995	1.0384614804610173E-4	0.49999998152973374	0.500001013480148	0.5000017022978751	0.5000218534796814	0.4999827086093454	
0.5000112730718789	0.9999926184278155	0.6667383716323728	0.999983965975741	0.499999906388214	0.5000000560570155	0.5000019354963448	0.500021684483322	0.499983029022841	
0.5000114471823717	0.9999953023635801	0.6667383850254329	0.4999290696625672	0.4999994285704467	0.49999986088780873	0.5000019385698001	0.500021684545871	0.49998225868972074	
0.49998852475957384	0.9999502289572285	0.6666870815499415	1.0367690321118071E-4	0.49999991973535207	0.4999998366382488	0.5000016902887925	0.5000218636164254	0.49998270728003835	
0.4999675005773127	0.9999971389118073	0.3329069159833782	0.9999848463879994	0.499999895083491	0.5000002343637912	0.5000016797562884	0.5000218918620067	0.49998300911465243	
0.5004029877334155	0.999701808975362	0.3340566899320428	0.0017551855166733077	0.49999861102651755	0.4999980606779471	0.5000005031962014	0.5000220708935867	0.49998206415465013	
0.50001780176501	0.9999821794598972	8.113739513784216E-6	0.6021671698142357	0.4999994130371327	0.5000007428358983	0.5000001978643989	0.5000214932298108	0.4999819154252173	
0.5001221036355056	0.6667343349641504	0.9996765437724061	0.9999706945930472	0.4999983464551001	0.5000005356108547	0.5000007942165994	0.5000217399459723	0.4999819058124838	
0.5000110809150686	0.6667020704733846	0.9999589355659263	0.5000855534885695	0.4999994063049029	0.5000002961953764	0.4999984786154976	0.5000221190698023	0.4999819874384979	
0.5001699427109008	0.6668499931284629	0.9998154059504131	5.145491978178275E-4	0.499999968287512	0.49999880341845665	0.5000005021658404	0.500022290295131	0.4999822502809227	
0.5000104920447908	0.6667003415195365	0.5000395959941788	0.9996769987031225	0.49999942928458957	0.4999999990596998	0.5000019070013484	0.5000216854412881	0.4999822593803548	
0.5000117348481242	0.6667003059140141	0.5000328278429603	8.07970931187451E-5	0.5000000927579995	0.49999998173472054	0.5000004736836029	0.5000217777878899	0.49998237166819665	
0.5000126859747241	0.6667045889258382	1.9813399726453795E-5	0.4967199609435466	0.4999999221976095	0.5000003034629916	0.5000007226313214	0.5000217743872708	0.4999830171133907	
0.5002215941515908	0.3339408989670468	0.9994223580723346	0.9988636460157392	0.4999994097439159	0.4999998527974681	0.5000005950489051	0.5000219526324183	0.49998258541530166	
0.5002215941508491	0.3339382153060917	0.999398886766382	0.001041342008822868	0.49999938305486424	0.49999985650390366	0.5000006038046153	0.5000219554913251	0.4999821634396572	
0.5000115070250906	0.3335682836230671	7.352192631625176E-6	0.023396924363775336	0.49999986595335216	0.5000003053849041	0.5000005442210066	0.5000219719782912	0.4999825286090784	
0.500088927292949	2.1430513828067654E-4	0.48976174427989455	0.44270947010475886	0.49999898145749294	0.4999999504938706	0.4999984309582344	0.5000221713523673	0.499982153099765	
0.33348365060493934	0.9999021331892445	0.9996769903845211	0.9998173196799299	0.4999982943405239	0.49999998737942913	0.5000007762136843	0.5000217747853346	0.49998189148646505	
0.3334831661124604	0.9997590061943789	0.9999236649336174	0.4999263443161803	0.49999809826544866	0.5000005254110896	0.5000019720895186	0.5000216895997197	0.4999830225486048	
0.3334828604151037	0.9997597260254057	0.9999407739896183	1.1740683698165546E-4	0.49999815852427626	0.5000001002416464	0.5000019353300396	0.50002167625031	0.4999830220441208	
0.3334831730081895	0.9999123720327477	0.5000395965445088	0.9996339671818288	0.49999847715634416	0.49999995882016973	0.49999634993645564	0.500021773996105	0.4999823430160576	
0.33348211100201675	0.9997611286759044	0.5000411961504095	9.441515067667033E-5	0.49999940880808835	0.4999999656616651	0.5000013284068329	0.5000217325020359	0.4999823740496747	
0.33349148255804056	0.9999063022015402	6.597721627024514E-4	0.5122530069025365	0.4999994000195178	0.49999986035559285	0.5000019548414454	0.5000220785660013	0.4999827442608507	
0.33348342683199494	0.5000982078522422	0.9993938098038624	0.9998635159201864	0.4999993840835792	0.500000295459622	0.5000008212385525	0.5000219768484715	0.4999818753254336	
0.33348342683199494	0.5000982078522422	0.9994023349984925	2.3787497528159147E-4	0.49999936155685504	0.49999983075585425	0.5000006007594567	0.5000219768808216	0.49998187552334045	
0.33348329070396837	0.500098132172905	2.8469221930882795E-4	0.49998749569152356	0.4999992824677935	0.5000001672271431	0.499998494262589	0.5000219984113315	0.4999830774243395	
0.33350394736110145	7.687223932789089E-4	0.568093239205286	0.5000176564456473	0.49999839211537267	0.5000002968596133	0.5000005515916772	0.5000217743523476	0.49998199798126175	
0.16710163741324807	0.9992290832366141	0.999210876849315	0.9991516625579533	0.4999992989999387	0.4999999883567571	0.5000007182737021	0.5000216785465151	0.49998301500650894	
0.16710159254770912	0.9992465723187377	0.9991546700891142	6.028811724137703E-4	0.499998300362892	0.5000000492595851	0.5000019244763941	0.5000218565605781	0.4999830901398083	
0.16710018313726097	0.9992282770474737	0.0017615448011791186	0.49992081325137355	0.4999990688305023	0.5000003536924035	0.5000018153527678	0.50002169123757	0.49998307983544704	
0.16709999601059125	0.00227710500002154	0.5525209623656655	0.5011920473523721	0.49999815570376643	0.5000007309961754	0.49999839628201753	0.5000219590693498	0.4999822754048813	
3.3679410813336474E-5	0.7116898745113128	0.641315975811381	0.512800685694317	0.49999906907231934	0.5000000536970234	0.5000003268415432	0.500021689261634	0.4999822350557264	
