0.9999950789022903	0.9999992463369656	0.999994946788894	0.9999966500228766	0.4999976949138961	0.5000078704213573	0.5000017525397157	0.4999998243519138	0.5000209211710052	
0.9999953447623641	0.9999970064143412	0.9999933843433635	0.8333148793994398	0.4999985615332078	0.5000078675246727	0.4999987164645859	0.4999999793240153	0.5000208494432248	
0.9999919180135678	0.999986640151572	0.9999934657389692	0.6665960579678241	0.49999761028744305	0.5000090672534413	0.5000013168677176	0.49999999283313473	0.5000208627741975	
0.9999930636757962	0.9999827968320051	0.9999935452876071	0.49997656781902383	0.4999977134244562	0.5000097533378961	0.49999976397933277	0.49999977108745003	0.5000208163391531	
0.9999867500784251	0.9999885651467134	0.9999930102508752	0.3333820100794385	0.4999979449497619	0.500010234775895	0.5000002428567323	0.49999932991049595	0.5000205158473371	
0.9999874908273638	0.9999926800592079	0.9999888518375858	0.16671249060907103	0.4999976801859425	0.5000104060484131	0.5000002298279638	0.4999992572182457	0.5000206072740692	
0.9999867813570052	0.9999903998784224	0.9999996237444712	3.5346777211835135E-8	0.4999975727499965	0.5000084811282545	0.4999997597898977	0.5000018065905557	0.5000207301112274	
0.9999919153553692	0.9999866612319622	0.8332756958746932	0.999998935451175	0.4999979720033121	0.5000077238418588	0.5000023256171288	0.49999993071940163	0.5000208696926435	
0.999992533114239	0.9999744472170511	0.8332110271303824	0.7999617493549696	0.4999979797533711	0.500008444298381	0.4999998478805011	0.49999923295265336	0.5000216256142177	
0.999989693024464	0.9999888516495833	0.8332108611539911	0.6000475916002701	0.49999820161871733	0.5000104410560944	0.4999998721457993	0.49999978400857104	0.5000207378089184	
0.9999866433251227	0.9999885672217093	0.8332452290140004	0.40000708523897427	0.499998359481748	0.5000083899362036	0.5000024184314377	0.5000003871899387	0.5000207256081832	
0.9999868191242105	0.99999012962306	0.8332833399691645	0.1999543584729394	0.4999979551045709	0.5000084676035009	0.4999998425923609	0.4999996322680705	0.5000207339922567	
0.9999877316712847	0.9999900994521242	0.8332819369402261	1.2733584851461661E-7	0.4999985970857955	0.5000117896390345	0.5000017416674483	0.5000010462741501	0.5000209056094319	
0.9999858687081874	0.9999708277086746	0.6667812910495677	0.9999108916508546	0.49999714422753283	0.5000128701975316	0.5000013567056005	0.4999987717939355	0.5000207347018298	
0.9999809706745219	0.9999718347477524	0.6667812910495677	0.7499240036742696	0.49999751242527846	0.5000091495110561	0.5000009845652488	0.499998804973605	0.5000204511951737	
0.9999864077158235	0.9999699232656224	0.6667740884167083	0.49997596264050265	0.4999983693450885	0.5000084519277301	0.5000024500433167	0.49999970030495683	0.5000207259779802	
0.9999881791794496	0.9999753547802032	0.6667741421015305	0.2501717586098343	0.4999979284654339	0.5000091997232734	0.49999981767157775	0.499999701104977	0.5000207046436883	
0.9999690636500228	0.9999672263979134	0.6665292538301779	1.5500073250991257E-7	0.4999979769344931	0.5000103525493376	0.4999999807593095	0.5000019960925051	0.5000209173928786	
0.9999808419002734	0.99998724597645	0.49999526448180226	0.9999982820850282	0.4999981312441764	0.5000140609427908	0.4999955971813231	0.49999927775409775	0.5000205618403347	
0.9999924101726491	0.9999860231282214	0.49999699834530487	0.6665632506557632	0.4999983592584301	0.5000081601786355	0.5000008983740895	0.4999999853543429	0.500020724192747	
0.99999043809819	0.999996493115083	0.5000013116427519	0.33330733238161064	0.4999985626973139	0.5000089550911575	0.49999987135082763	0.4999993141605961	0.5000206759827678	
0.999988134442899	0.9999930410386966	0.5001078553722789	6.354179841791232E-5	0.49999773564522515	0.5000105023695526	0.50000079020882	0.4999992765518042	0.5000214969142954	
0.9999947870885062	0.9999855807097495	0.33344833286472986	0.9997696443902891	0.49999720861034663	0.5000137379568695	0.49999712208009395	0.49998665160760486	0.5000208257025939	
0.9999920955064181	0.9999851388994326	0.3334483059172285	0.5000176622135803	0.49999853663219695	0.5000082409877854	0.5000008793865874	0.49999928400043525	0.5000208730804135	
0.9999947216811609	0.9999867605162311	0.33344881145681676	1.6634497364758342E-4	0.4999985179303599	0.500009054076395	0.5000028824342384	0.49999972567911444	0.5000208261222682	
0.9999629604573488	0.9999610694970948	0.1667404980590695	0.9979572270998417	0.49999858613821085	0.5000099743582647	0.5000001212599252	0.49999927793217913	0.500020709436851	
0.9999950938334239	0.9999778313519537	0.16676851086421202	1.7960584492150564E-4	0.49999819761526054	0.5000092843999928	0.5000026761143769	0.49999928219182205	0.5000204604635157	
0.9999922084742451	0.9999817307881914	8.7151831293375E-7	0.5554913681212789	0.49999853643420716	0.500009822125149	0.5000007987196049	0.499999272396797	0.500020881901157	
0.9999980000979788	0.833340279142277	0.9999967316202846	0.9999952501617551	0.49999770290431245	0.5000079802742138	0.5000011351148853	0.4999998375058233	0.5000205859665178	
0.999978288380538	0.8333166523032741	0.9999932859575745	0.8000777512381108	0.499998380441273	0.5000080353151741	0.5000017520932994	0.49999994123875063	0.5000208494497616	
0.999998280760269	0.8333378505461494	0.9999966874106055	0.5999989033695349	0.5000001767625701	0.5000080500216727	0.5000000863721045	0.49999893590070404	0.5000208373166132	
0.9999979415622516	0.8333328330506162	0.999996645963751	0.40000642885151805	0.49999797016367176	0.5000080752441279	0.49999886104278807	0.5000010675168735	0.500020513190112	
0.999996304376105	0.8333326415383406	0.9999888610637933	0.19995498708538917	0.4999988424554375	0.50001005882518	0.500001835702481	0.499999364438459	0.5000206072678272	
0.9999991729142012	0.8333158913393434	0.9999978567427417	1.4009585801190854E-7	0.49999799276209295	0.5000103630847056	0.4999999939403164	0.5000011035630998	0.5000205143550567	
0.9999928117138044	0.8333276680696137	0.7999437067493295	0.999993347269139	0.4999983768017065	0.5000079583889157	0.5000015144357532	0.5000006604048368	0.5000205904883696	
0.9999928214500102	0.8333330021617784	0.7999373454532237	0.7499157360993011	0.4999979762047281	0.5000080443234275	0.4999988067757533	0.5000006551603787	0.5000205238068555	
0.9999903301950979	0.833331570993526	0.8000084961231493	0.5000205933991915	0.4999979248828119	0.5000097501851245	0.5000015272248264	0.5000006961512604	0.5000207585148805	
0.9999918051783628	0.8333151717234485	0.7999647184960118	0.24988087463943184	0.49999850471773466	0.5000080020039129	0.49999883121220595	0.500000763442464	0.5000205250679056	
0.9999962608375171	0.8333161133148238	0.8000087609552129	1.5483917186811433E-6	0.4999976985659306	0.5000087990743389	0.4999988153859081	0.5000010472186311	0.5000208399352563	
0.9999990537741634	0.8333319601748073	0.5999751863836255	0.9999950195323511	0.499998416584547	0.5000099009139884	0.5000008808136782	0.4999994685720056	0.5000205951393154	
0.999992471854328	0.833316017324815	0.5999710061819362	0.6665445446849263	0.49999815979156925	0.5000095894698633	0.5000008959275389	0.49999945157799175	0.5000207113962114	
0.9999971374641035	0.8333322791793643	0.5999746350091713	0.3333088181760292	0.49999856681043536	0.500009547038043	0.500001003991025	0.4999993863673975	0.5000208445352341	
0.9999964142762411	0.8333303560958378	0.5999775972727632	2.4762130973949383E-7	0.4999977420450428	0.5000090013497341	0.4999981568192387	0.5000009311135346	0.5000205008929824	
0.999997901054285	0.8333270135203259	0.40000244644731553	0.9999957361507777	0.4999971581736728	0.5000076131313939	0.5000024453886118	0.4999874655312803	0.5000207623087928	
0.9999983692362815	0.8333319072163049	0.4000024410275481	0.5000176632725191	0.4999963084289673	0.5000088726759339	0.49999714492437297	0.5000008209364482	0.5000204069769901	
0.9999983628385273	0.833330851286816	0.4000029811322716	5.486330325318449E-5	0.49999786538366836	0.5000080875309633	0.5000000464738308	0.5000007539345025	0.5000207314471179	
0.9999991097965409	0.8333271138025916	0.20017442049146433	0.9993513881672139	0.49999840730029377	0.5000088046186763	0.5000010633452817	0.500001467985193	0.5000205766945676	
0.9999983692474117	0.8333308799196731	0.20000570812037322	2.3888947210723172E-5	0.49999744803119306	0.5000087975832992	0.49999720675246234	0.49999951697893685	0.5000206708992284	
0.9999902955765856	0.8333559150782182	5.755041017611976E-7	0.9990607901798032	0.49999744527503	0.5000092555268981	0.5000012107157514	0.49999969544514483	0.5000206202449446	
0.9999974950464311	0.6666226373081539	0.9999998402559875	0.9999949557778081	0.49999770382922276	0.5000097366569458	0.5000015275323714	0.4999998474381632	0.5000208422557948	
0.999995471827289	0.6666226373081539	0.9999998419808962	0.7500726053346529	0.49999800107544984	0.5000096986508443	0.5000015364690493	0.49999925468030837	0.500021175663288	
0.9999865081146755	0.6668412568300706	0.9998517329230104	0.5000230744168681	0.49999763349456433	0.5000108629657593	0.5000019847580606	0.4999997998610117	0.500020704836852	
0.9999817045831831	0.6666377874218605	0.999999852986883	0.24996025021462098	0.4999952473477252	0.5000117600093037	0.49999623588447334	0.5000007484096908	0.5000210394699273	
0.9999967925345314	0.6666873719925801	0.9999999250118762	6.598814108551104E-7	0.49999858215577714	0.5000129160365826	0.5000002803846967	0.4999992490012796	0.5000205256465449	
0.9999915731683964	0.6666873328501967	0.7500543453666326	0.9999805228051579	0.49999838310691097	0.5000093332121656	0.4999998963055463	0.4999992295128956	0.5000207574241641	
0.9999896698943898	0.666638067307307	0.7501094755849124	0.6665432833135857	0.49999760208772404	0.5000080171290069	0.4999987993567437	0.49999943581125283	0.500020488362183	
0.9999893694156834	0.6666379438178329	0.7499576536668373	0.33326316913339593	0.49999766423213443	0.500008999926602	0.4999987830018358	0.49999951690926275	0.5000206012762137	
0.9999814943344115	0.6666379511886735	0.749964426162662	3.7548294660487444E-5	0.4999975759989107	0.5000097198255675	0.4999988820436293	0.49999932492216254	0.5000203956586685	
0.9999975043292486	0.6666872413917709	0.4999942307752462	0.999981509736978	0.5000003503693163	0.5000093285261988	0.49999967098535514	0.5000016369325657	0.5000207754006455	
0.9999904928722823	0.666677090135991	0.4999968819221651	0.4999692732159326	0.49999833036070657	0.5000088538637977	0.5000001295547956	0.5000005910956765	0.500020476260274	
0.9999969175536821	0.6666816034494842	0.5000006065689147	1.583436483245667E-5	0.49999790465161487	0.5000090122929326	0.4999990860374225	0.4999993785069506	0.5000206774361632	
0.9999970204078887	0.6666855030404348	0.25009274334590004	0.999807457502001	0.5000001475845398	0.5000093318992206	0.49999783148783244	0.5000004135202457	0.5000204520130723	
0.9999974692800403	0.666685437506107	0.25009417020614777	1.5497130968256112E-4	0.4999985661755775	0.5000093945169994	0.5000032212513866	0.4999997374476064	0.5000204699313189	
0.9999972463178004	0.666737667479776	2.318210952877216E-6	0.04999017945114709	0.4999985659013013	0.5000092855401411	0.5000027326763418	0.4999994502629205	0.5000204037453427	
0.9999895454604617	0.5001314541700501	0.999948928467645	0.9999141012925481	0.499996510174914	0.5000115678348298	0.500001355067823	0.49999924260533524	0.5000206336155368	
0.9999955302378309	0.5000410846353793	0.9999480822457651	0.6666239864033888	0.49999763659481133	0.500010948373127	0.5000013541832313	0.5000003603926194	0.500020466020161	
0.9999816706671069	0.5000414708297966	0.9999105986658877	0.3331417157528557	0.4999976027384161	0.5000079624789486	0.4999989149456242	0.5000003741507891	0.5000203912027833	
0.9999919739623088	0.5000363658406398	0.9999466026273455	4.7597884595750625E-5	0.49999709831020844	0.5000169126383831	0.50000042511929	0.5000007606289784	0.5000207806126233	
0.9999902928312223	0.5000406969939156	0.6664721790302297	0.9999999154061779	0.49999707455678677	0.5000115772274145	0.49999784432753747	0.5000007288236585	0.500020649576116	
0.9999901763533191	0.5000360061564677	0.6666022277579758	0.4999445270984349	0.499997571953756	0.5000090500491718	0.4999987732626348	0.5000003720032654	0.5000205044312354	
0.9999918837461881	0.5000546488701187	0.6665667519796039	1.6519550053296664E-7	0.49999795314243695	0.500009062293777	0.5000003249113615	0.4999996564621759	0.5000205413692277	
0.999999362234716	0.5000360541824576	0.3331969857407195	0.9997896931321375	0.4999970498800688	0.5000081481910881	0.4999925246712029	0.5000004849919599	0.5000206543613376	
0.9999898999500769	0.5000461191554341	0.33360411966115394	5.068773005218805E-4	0.499997635401559	0.5000090376787318	0.4999967478322715	0.49999962571825163	0.5000204576437864	
0.9999999542991389	0.5000360630495806	1.5229593497126511E-5	0.3610906193112543	0.4999968112314939	0.5000094255775185	0.49999714756498054	0.5000004928628144	0.5000204636648001	
0.9999935314953597	0.3333569358409957	0.9996679011111491	0.9999793574289598	0.49999652346046314	0.5000116444008255	0.49999684786239257	0.4999992014894337	0.5000206208171352	
0.9999920063745149	0.33335692084531393	0.9999824198390762	0.5000182821001461	0.49999709147093246	0.5000080030931913	0.4999993120015746	0.4999993904376175	0.5000205762478911	
0.999985738784924	0.3333567886363759	0.9996867002393203	4.9235036584176E-4	0.4999980376399344	0.5000100881549757	0.5000004200909748	0.5000013177507316	0.5000207876668362	
0.9999935597317844	0.33335692644822845	0.5000486641825889	0.9999722277677299	0.49999656109815255	0.5000116045498385	0.5000010963824746	0.5000017642505125	0.5000206200556941	
0.9999857456454748	0.33342572268486137	0.500048606506354	3.1930196135629044E-4	0.49999706793343884	0.5000090990883158	0.5000004239452407	0.49999956545227126	0.5000204076308753	
0.9999976471233767	0.3333258242655067	2.9579550794382172E-6	0.9748777395504717	0.49999826813908105	0.5000091096123843	0.4999967481954947	0.500000206770616	0.5000204890132661	
0.9999951852445562	0.16708619717476597	0.999652089412954	0.9984967013782576	0.5000000609717883	0.5000113668533619	0.5000014177250651	0.5000020399994258	0.5000206050632241	
0.999906975807821	0.1673460327845398	0.9981706170310383	8.677766276390825E-4	0.5000004176173597	0.5000080000339995	0.5000005537095463	0.5000003391491062	0.5000207691803916	
0.9999961385629857	0.16679065298305373	6.479849562938801E-4	0.00965646857620256	0.49999758268723477	0.5000172680016737	0.5000006286889428	0.49999956906054593	0.500020509559671	
0.9999801775874874	5.3055965082630604E-5	0.9906860108811879	0.5115527789798844	0.49999997361401777	0.5000114408352214	0.49999676042991786	0.5000011976405542	0.500021057235542	
0.8333225826586703	0.9999949689026031	0.9999999479030215	0.99999815002842	0.49999852527937483	0.5000078746766086	0.5000017089894223	0.4999999307088469	0.500020732147986	
0.8333466867369402	0.9999902814046344	0.9999943451182082	0.7999617494969264	0.4999976022194101	0.5000077592832963	0.5000016892200952	0.49999991300299446	0.5000207681242363	
0.8333245001478385	0.9999866484111948	0.9999943078952733	0.5998548422468336	0.499998195323716	0.5000077341164686	0.5000016962876868	0.4999998795510036	0.5000203779693719	
0.8333265129883538	0.9999991977365318	0.9999999814839546	0.39999998184469066	0.5000002616791769	0.500007791159668	0.5000016875744984	0.5000009702191511	0.5000207633824079	
0.8333248333524805	0.9999944170756371	0.9999888124584881	0.19996025284780883	0.5000002661018073	0.5000077982995531	0.49999989615792273	0.5000010519543887	0.5000208783454073	
0.8333253012241204	0.9999991274665058	0.999999787174845	4.220647216934305E-7	0.4999983960278908	0.500010063342053	0.5000018399328142	0.5000010574504676	0.5000208429109938	
0.8333490811652087	0.999986720279835	0.8000079898698834	0.999999505852963	0.49999797328316825	0.5000090753980303	0.5000014302658377	0.5000000142972617	0.5000206175499733	
0.8333263533663731	0.9999993752122543	0.8000084988475119	0.74999356429815	0.4999979629880111	0.5000106505159323	0.4999998125305679	0.50000003203435	0.5000207606368879	
0.8333263759492018	0.9999930805568433	0.8000086041264457	0.5000192505374363	0.4999983784690012	0.5000077101650435	0.49999981187729486	0.499998916025011	0.5000207684145119	
0.8333252237098807	0.9999878939942323	0.8000084904147764	0.24988074962305776	0.49999797021821646	0.5000096597008038	0.4999993014993018	0.5000010133395044	0.5000204505881405	
0.8333282735402567	0.9999976967587371	0.800008511108402	6.784349875637718E-7	0.5000002410650405	0.500009185682327	0.49999900563807703	0.500001009231342	0.5000208785958299	
0.8333533633219904	0.9999743028394664	0.5999733433899207	0.9998803538107287	0.49999837408721265	0.5000129308227946	0.5000017090713936	0.4999992227473808	0.5000207248060414	
0.8333308345325905	0.9999980525918153	0.5999749405912935	0.6667068057879693	0.49999753759772325	0.5000079207848183	0.5000017741757617	0.49999919984810426	0.5000207399040291	
0.833321992192109	0.9999900463669729	0.5999749406004141	0.3332561954423191	0.49999841042182513	0.5000089784408476	0.500002877330278	0.49999922607591213	0.5000208330048622	
0.8333370602622314	0.9999977287266638	0.5999727054906699	1.4787659101874721E-7	0.4999985834730735	0.5000088860649003	0.500000890592371	0.500000905868962	0.5000206024312815	
0.8333539281316389	0.9999850918136896	0.40010546451428536	0.9997692490504928	0.49999763236835665	0.5000089615594194	0.5000010285490639	0.49999929462454473	0.5000207225395019	
0.8333309384073209	0.9999931730740185	0.4000021059075336	0.5000176633181204	0.4999976071165848	0.5000092202611781	0.4999952844851518	0.49999916440429104	0.5000206244302953	
0.8333371111073811	0.9999902817356879	0.40003887609176064	5.6532434600160174E-5	0.49999733867326884	0.5000091808629614	0.5000008964445158	0.5000010164658146	0.5000212279100033	
0.8333310790573127	0.9999993686524921	0.20001281389573836	0.9999649332131992	0.4999986269154664	0.500009143483287	0.5000011615360552	0.4999992741505865	0.500020724918688	
0.8333299574805545	0.9999969920722966	0.20000881836675657	2.6447075627186902E-5	0.49999857644971557	0.500009022640574	0.5000028779751702	0.5000010246462339	0.5000207276440974	
0.8333311546068327	0.9999979362664818	2.523348618384204E-6	0.9547512974090109	0.49999856305233786	0.5000090483678318	0.5000005515402228	0.4999996661838065	0.5000204836470312	
0.8333291691325476	0.7999960379863853	0.9999999483297684	0.9999970735531428	0.4999985280375113	0.5000078743459476	0.5000016844109221	0.5000020673182441	0.5000205756502353	
0.8333222843968394	0.7999960098446679	0.9999975564713155	0.7500725503174761	0.49999742173140255	0.500009085893875	0.5000031605625685	0.49999993570392876	0.5000207494091042	
0.8333223463828704	0.7999983458639778	0.9999999611273352	0.4999743196473022	0.5000000954935788	0.5000080335787096	0.5000000976891394	0.49999915490714053	0.5000204300925271	
0.8333300229124848	0.8000003634581739	0.9999999371163163	0.2500110296815611	0.4999986330437706	0.5000096884332436	0.5000003222753832	0.5000012090550601	0.5000205415498146	
0.8333253032937417	0.8000003589649357	0.9999999295231984	6.600127623227477E-7	0.49999858736332486	0.5000096792438663	0.4999993089842043	0.5000011614117765	0.5000204011089062	
0.833329415887773	0.7999960380547354	0.7500391878205954	0.9999815550016768	0.4999985273356623	0.5000076907725244	0.5000011677051336	0.5000019966790459	0.5000205969247332	
0.8333265624144149	0.7999951619108684	0.7500216248634223	0.6665633580769209	0.49999852594268096	0.5000089351401009	0.5000008888400265	0.4999994517852862	0.5000207246706274	
0.8333250279917301	0.8000000038810705	0.7500215757975665	0.333388391089229	0.4999983761099688	0.5000102481557729	0.5000004733697748	0.5000012376945675	0.5000207626512856	
0.8333250894303345	0.8000003567420998	0.7499623970029174	6.296133509702101E-8	0.49999856295627587	0.5000092876179321	0.499999905030175	0.4999986237453239	0.5000204010953986	
0.8333306152313744	0.7999602880991848	0.4999954180780447	0.9999992231344251	0.499997622861925	0.5000089584355973	0.5000024942401777	0.5000006001596039	0.5000205976055471	
0.8333313110734716	0.7999960380528385	0.49999801808611316	0.49999130753123117	0.49999854188967086	0.500009128629549	0.500000900264398	0.4999995763735708	0.5000206221682625	
0.8333167297254697	0.7999840069546899	0.49997244166289206	2.156873141544903E-5	0.499998516383023	0.5000089093534796	0.49999880567198485	0.500000976912575	0.5000209767632184	
0.8333309330195204	0.7999707162226675	0.2500240219376528	0.9999496250029012	0.49999752483130944	0.5000091764200338	0.5000009811255478	0.49999928456527215	0.5000204442178999	
0.8333375308713776	0.7999965692521026	0.25002438680685213	1.5510007374481822E-5	0.5000003381673446	0.5000089629189104	0.5000009045851913	0.49999963854549856	0.5000209789084545	
0.8333374169543019	0.7999707114243978	4.5554289085624323E-7	0.00915206306870453	0.4999984033634921	0.500008791336578	0.5000007436175639	0.5000003504751136	0.5000205762445626	
0.8333253991723282	0.599887722140978	0.9999998322347189	0.9999999932240534	0.4999985334907994	0.5000079620666141	0.5000005097390643	0.5000003264517767	0.5000205982208568	
0.8333220964795224	0.5998872698548464	0.9999998371896304	0.6667323878226926	0.5000002176889966	0.5000057078033864	0.5000005274095389	0.4999992510475114	0.5000205755807456	
0.8333299569639835	0.5999971681023241	0.9999997283951866	0.3333192621834253	0.49999868068339043	0.5000079167519444	0.5000000327972276	0.5000003658077933	0.5000207945769547	
0.8333253031667842	0.5999970327110508	0.9997145203256944	1.461919317213375E-8	0.4999982881312209	0.500009108783141	0.4999989174066345	0.500000374973697	0.5000207830659127	
0.8333225289116754	0.5999887630483153	0.6668326786361268	0.9998732609019083	0.49999728103505314	0.5000091000160507	0.5000012382029565	0.5000007176728433	0.5000204696522943	
0.833326527809416	0.5999950915130103	0.666605567706601	0.5000174888220238	0.49999852584934035	0.5000088448233359	0.5000010147023859	0.4999991971037328	0.5000204636520885	
0.8333253551587336	0.5999970327110508	0.6666034153186953	1.461919317213375E-8	0.4999982874500885	0.500009108783141	0.4999993122677447	0.5000006080118738	0.5000207830659127	
0.8333313104830666	0.5999967679928288	0.3332723573935634	0.9996893414431774	0.4999984548730365	0.5000090680075377	0.500000979166	0.5000003691529855	0.5000204366241215	
0.8333298822751927	0.5999888366856664	0.33333643486267517	1.670234201208158E-7	0.49999746336577255	0.5000090828939592	0.5000013440782193	0.4999993277687887	0.5000207247207039	
0.8333300688902615	0.5999618371208819	6.068701440859325E-8	0.30520423064273505	0.4999979047480112	0.5000090971233752	0.49999935638403864	0.5000008619534525	0.5000204054881869	
0.8333288296834088	0.4000291712831648	0.9999473504389625	0.9999754016011662	0.49999709872455084	0.5000121439150604	0.49999709273760484	0.5000017212322315	0.5000203804937541	
0.833326751756309	0.40002917533163973	0.9999421545255471	0.5000142575465562	0.4999984865740619	0.5000111972111096	0.5000005082678576	0.49999709030261097	0.5000204738657898	
0.833383136026983	0.40031519587964964	0.9996406360782784	4.9235036584176E-4	0.49999846278890886	0.5000091849755194	0.4999992329165515	0.5000011089304902	0.5000210157100122	
0.8333264973559065	0.4000302373761791	0.5000486445952451	0.9999996179460352	0.49999725037231607	0.5000123895743168	0.5000012926800491	0.5000017140445039	0.500020383763512	
0.833381122966555	0.4001615991491018	0.5000466014815672	1.503434835677004E-4	0.5000001613020719	0.5000095335008411	0.5000014969343943	0.49999925967142433	0.5000207839758296	
0.8333313479083322	0.40002636406441483	1.8928456226209703E-5	0.49829153098938417	0.4999983316729857	0.5000090983374605	0.5000011697989234	0.4999995969476085	0.5000206226332873	
0.833326853001261	0.20020829372192644	0.9997836597405172	0.9995194905603823	0.5000001611603647	0.5000085662590499	0.5000015066283118	0.4999994572539464	0.5000207843389695	
0.8333836925960857	0.20009699013764662	0.9993770920386122	1.1241790076673569E-4	0.499997047553739	0.5000117678839392	0.5000005776380358	0.4999996994905621	0.5000206168547278	
0.8333303116104177	0.2002082688734255	7.442057934269886E-4	0.49688457618808773	0.5000006493021656	0.5000080556566482	0.5000005444087039	0.5000008887024607	0.5000207805753938	
0.8333248087024204	1.9998604890075766E-5	0.6698502786563557	0.49855482135174606	0.5000002448413274	0.5000090998700365	0.5000020163648313	0.49999956957698793	0.5000204703751906	
0.6666757314336618	0.9999903098686732	0.9999943363222876	0.9999987577173255	0.4999979686619123	0.5000076098164793	0.4999963303288804	0.4999999129941246	0.5000205238755099	
0.6666894147203142	0.9999927038234736	0.9999930038146836	0.7499989824533603	0.499997817626296	0.500007726641491	0.5000011853210793	0.5000004996273913	0.5000206012566175	
0.6666894079741077	0.9999829301415443	0.9999928522450707	0.49997509087531744	0.49999806088525794	0.5000103716882378	0.5000033996187322	0.49999881099857746	0.5000206010198807	
0.666688960595654	0.9999902356751733	0.9999999512171968	0.25006812334729567	0.5000001450395155	0.5000093026833871	0.49999873280627766	0.5000010412320182	0.500020403808105	
0.6666957340369072	0.9999929823136444	0.9999785239191857	2.2136782172792545E-5	0.49999767519246996	0.500009819728425	0.5000008548265851	0.4999986992231784	0.5000205842856954	
0.6666909734733333	0.9999925603654894	0.7499159079288695	0.9999992173247386	0.4999976426025307	0.5000079581589095	0.5000017248996039	0.5000005792085591	0.5000205926001462	
0.6666644192304972	0.9999919439209849	0.7499166835115302	0.66677397207919	0.49999778693779195	0.5000091123350598	0.5000011817677501	0.5000006125894264	0.5000205937007423	
0.6666850924562914	0.9999930931754744	0.7500250515399075	0.33338770304343257	0.4999977880041544	0.500009226552778	0.49999923049726697	0.4999992946946824	0.500020597697189	
0.6666707878516485	0.9999943757683608	0.7500247250187148	4.2258393810428374E-5	0.49999852219926155	0.5000095759184064	0.49999880728946183	0.5000011580694721	0.5000209192213765	
0.6666893194453073	0.9999869000013941	0.4999953648554994	0.9999795122352376	0.49999780722611764	0.5000091969800203	0.4999997355792032	0.5000006158208318	0.5000205938099589	
0.6666689622078464	0.9999981025405914	0.49999939710678676	0.49997296810397934	0.49999830777281135	0.5000148019835722	0.4999980959343092	0.4999991986355187	0.5000207486395672	
0.6666689576354989	0.9999930203200202	0.5000012675644541	2.7435831411608533E-6	0.4999985797134567	0.5000141148641306	0.5000008985481181	0.5000009018370919	0.5000209743837262	
0.6666704505956933	0.9999755391371152	0.25003726345716815	0.9999141087562455	0.49999697013209715	0.5000090289031472	0.500002572560115	0.49999934069962493	0.5000208801630178	
0.6666702225588949	0.9999980067407866	0.2500238477686556	1.9323467240972832E-5	0.49999858455381985	0.500009040192298	0.49999655962076217	0.5000007410437289	0.5000207263540788	
0.6666690090066321	0.9999980961797347	5.786467287845299E-7	0.9833357756694014	0.4999985397033953	0.5000092537344789	0.5000007656191621	0.4999991710243788	0.5000206212226165	
0.6666695500609114	0.7500220935347973	0.9999934702662054	0.9999784456356751	0.49999797168393206	0.5000128679656177	0.5000013793244583	0.499999891098939	0.500020581137318	
0.6666597174775085	0.7499848818251887	0.9999904048704469	0.6667743973186041	0.49999806156005183	0.5000129348691	0.4999988122903065	0.5000006762311598	0.5000204376941523	
0.6666705194240676	0.7499849094686045	0.9999959248644837	0.3333825236930726	0.4999987977410014	0.5000119059864513	0.49999886641543045	0.5000006570987208	0.5000207822887157	
0.6666705151804938	0.7499838860969532	0.9999983201559586	3.5225643823896162E-6	0.4999979953374625	0.5000124471518163	0.49999993556070504	0.5000015197142871	0.5000205157329448	
0.6666893214233774	0.7499880659773318	0.6665534015972469	0.9999966362896416	0.49999886355696377	0.5000079150886989	0.50000170399873	0.5000005499534642	0.500020782818823	
0.6666692662238471	0.749988066422952	0.6665993198377581	0.5000160140112873	0.5000002339615536	0.5000090808090103	0.49999981202830485	0.4999972787169205	0.500021832722505	
0.66667072092823	0.7499990327444849	0.666579333050358	3.076435521773232E-7	0.4999987998911506	0.5000096020270177	0.5000059597165566	0.5000012012408562	0.5000205106387213	
0.6666696451808702	0.749998993713695	0.3332761525660445	0.9999136599005798	0.4999985841377302	0.5000136093685865	0.4999969864634175	0.5000003760658852	0.5000205902714188	
0.6666689586126123	0.749987663442335	0.33333681043573504	2.9896179602524434E-6	0.4999985583584823	0.5000091860545272	0.4999991538850106	0.49999931133040965	0.5000209362587485	
0.6666707237443826	0.7499876738300425	7.474747675727553E-7	0.9822263479698399	0.4999984507617634	0.5000090683825841	0.4999992081011583	0.5000003621096109	0.5000204369441242	
0.6666755255441712	0.5000424806701275	0.9999463768372264	0.9999850661241388	0.4999976890364803	0.5000100263100419	0.4999993407598622	0.49999943052241336	0.50002061920578	
0.6666601330292825	0.5000414830716176	0.9999761079076507	0.499990832120762	0.4999978049118363	0.5000091012245291	0.4999998174607103	0.5000006112953818	0.5000212742213834	
0.6667713443295527	0.5001566866900928	0.9996704063223454	6.4330653782901815E-6	0.49999534800771683	0.5000091089751585	0.49999930445775653	0.4999989283005699	0.5000206539168426	
0.6666704984285661	0.5000299606007366	0.4999711569624723	0.9999349583024703	0.49999731630130395	0.5000092620218368	0.5000010747977798	0.5000007342119656	0.5000209046512057	
0.6666705017369163	0.5000299460383414	0.49998235849000217	8.606543829583151E-6	0.4999985104605842	0.5000092638634647	0.49999926837686487	0.5000007385240667	0.5000209082701026	
0.6666711697427692	0.5000299599323419	4.462169185182052E-5	0.4813407734830214	0.5000001300428735	0.5000094299562658	0.5000008855667769	0.4999993149322839	0.5000204152833271	
0.6668314087577344	0.25047391309323774	0.999222413825276	0.9993678183492973	0.5000000413111074	0.5000077318132059	0.5000013856482359	0.49999948720684523	0.5000206503908835	
0.6668352106640442	0.2501187786626716	0.9991922691920693	7.068719200265186E-7	0.49999796278116965	0.5000117326333673	0.499999012943667	0.5000013024864255	0.5000205292716883	
0.6668317045257721	0.2506654477588688	0.0029987527671445522	0.4807270973739743	0.5000000259813243	0.5000119820760084	0.5000016522768853	0.4999994339709909	0.5000204534199522	
0.6666719054375316	1.252795830021599E-5	0.9512443233222798	0.47264227613483695	0.5000002423952957	0.5000090999538908	0.5000014016341116	0.4999994279982682	0.5000204651453453	
0.500007662043002	0.9999929749383725	0.999999474471931	0.9999968670648912	0.49999756523965777	0.5000089949297303	0.4999999644422921	0.5000022884255974	0.5000205861031072	
0.4999991912931496	0.9999929600039014	0.9999437182369325	0.666774298555594	0.4999975396804593	0.500008098205124	0.5000019071567233	0.49999867808963305	0.5000203776409219	
0.5000801033350929	0.9998140394588227	0.9999342349937416	0.3332022162610127	0.499998042504507	0.5000103479800457	0.5000014902848028	0.4999993370538598	0.500020600961096	
0.5000845279896203	0.9999588611268202	0.9999016451256406	8.979307802295703E-5	0.4999986975071129	0.5000096835954422	0.5000000426132668	0.5000011365969456	0.5000205540263438	
0.5001032432549081	0.9999632043839045	0.6671468323689043	0.9992847994004087	0.49999852203396844	0.5000092453777962	0.5000032204984739	0.5000006283630472	0.500020896978601	
0.5000152344552904	0.9999880611895047	0.6665611685650007	0.5000171320946941	0.4999988689816685	0.500009261199056	0.500001757869682	0.5000006297713558	0.5000206021344459	
0.5000153008083924	0.9999884742457751	0.6665619064644258	8.450216602552811E-7	0.4999978021607227	0.5000086676767594	0.5000009713163431	0.5000006367498571	0.5000207978897719	
0.5001794563829592	0.9998588916380714	0.33341561445791934	0.9996564206010059	0.4999977627405929	0.5000086849061353	0.49999933177665534	0.5000006440121175	0.5000208753279075	
0.5001734841182702	0.9997979870472576	0.33342742715326135	7.100663570627842E-5	0.4999978014050835	0.500012959845843	0.50000177190194	0.5000006236461709	0.5000207409756554	
0.5000157331368994	0.9999947753901128	7.461516507639999E-7	0.49520880299303516	0.49999877937999687	0.5000096175792754	0.4999961905525359	0.5000006484684668	0.5000208003894306	
0.4999927410681041	0.6667096500889347	0.9999934658412026	0.9999747047060183	0.4999978006853575	0.500013166205025	0.49999980785836173	0.5000005026311927	0.5000206006643314	
0.4999948119097185	0.6666674636660161	0.9999901799225177	0.49999082952337937	0.49999884226472147	0.500009421136609	0.4999992042372501	0.49999927446355	0.5000205918024383	
0.500075036915973	0.6666684127002012	0.9999341422733262	1.5987098124397878E-4	0.4999986097257633	0.5000096492395563	0.4999998293671892	0.4999993579188651	0.5000205463562145	
0.49999960398589266	0.6667447870075607	0.49999770507428126	0.9999874455413602	0.4999988404353546	0.5000090319488764	0.5000010411759664	0.4999992758428382	0.5000207983708963	
0.5000006554172416	0.666744801701246	0.49997193118029404	1.6841326385518354E-5	0.49999850954362185	0.5000092914895005	0.4999993639595571	0.5000007226072942	0.5000209688702727	
0.4999927433155714	0.6667447975042011	2.000786903068558E-4	0.5128535693612151	0.4999985426794437	0.5000140125032545	0.4999962174294246	0.500000240463847	0.5000206149737088	
0.49993698762965194	0.33346612336668036	0.999993042254949	0.9999765186501056	0.4999978322686822	0.5000118731416419	0.4999993645192467	0.5000021637837778	0.5000206002269223	
0.5000061871137136	0.33346612336668036	0.9999900553574859	1.5390077921884467E-4	0.4999978356094495	0.5000095287347673	0.49999938373005265	0.5000021741566351	0.5000205984678259	
0.5000061871137136	0.33346612336668036	3.9528065182914407E-4	0.5590077909467165	0.500000055106186	0.5000094420651697	0.500002002534853	0.5000011644603596	0.5000206018110874	
0.49999977167166126	8.783345000854162E-8	0.6939975547685227	0.4834835581854183	0.4999970575967572	0.5000093094407948	0.5000012153991422	0.49999897163102697	0.5000209196226304	
0.3333492606922997	0.9999924976129234	0.9999605894309369	0.9999997645705573	0.4999976810064864	0.5000080277045059	0.5000013842469369	0.4999992512038336	0.5000205944028286	
0.3333495209091775	0.9999975601878791	0.9999790480801533	0.4999827400028725	0.5000003117896981	0.5000129412748126	0.5000015655470632	0.5000021852622423	0.5000205922107959	
0.3333563733221092	0.9999993181454733	0.9999479537574893	4.43893870498954E-5	0.4999980418604309	0.5000103003498632	0.4999968624120745	0.50000176710531	0.5000205669566947	
0.3334335756143084	0.9999674554081335	0.5001656775502789	0.9996344000049481	0.5000003271794242	0.5000135484931297	0.5000017815013241	0.49999932770049577	0.5000207989079485	
0.3333580228413944	0.999978478590708	0.5001607210332324	3.494332175776695E-5	0.49999801733174887	0.5000104244028886	0.49999923132262253	0.4999993490819218	0.5000205683725553	
0.333434044756072	0.9999675594940943	2.763902007319978E-4	0.44643865308498726	0.5000003119274803	0.5000123462148081	0.5000013213522446	0.49999935060498857	0.5000213602170447	
0.3334353695045733	0.5002841162750395	0.9995544509685507	0.9996296892324689	0.5000076387915106	0.5000094055216171	0.5000013863846277	0.4999993318260267	0.50002059659617	
0.333445624150945	0.5002841155239597	0.9995580747640824	1.617699461238342E-4	0.5000002415419303	0.5000087119680512	0.5000034945833718	0.5000015135079904	0.5000208112427883	
0.3334336322167435	0.5002841494313429	8.621245651709297E-4	0.4999185760012473	0.49999890400426883	0.5000119246345422	0.5000015516558086	0.4999993490541898	0.5000205921007387	
0.33344598016666566	3.5777379060408787E-4	0.6440633404131582	0.4573022542384827	0.5000001999211174	0.5000091100178171	0.5000017866548916	0.4999990803032093	0.5000204506880193	
0.16768271599263676	0.9982842451820325	0.9982034048091952	0.9980493763716249	0.4999978018754271	0.5000086875009006	0.4999966617545919	0.4999994594731495	0.5000208209886079	
0.16768271685781538	0.9972729117874928	0.9981648515679761	8.530543795390311E-4	0.5000001759893082	0.5000086409684432	0.49999666213604793	0.5000017008079348	0.5000208112895556	
0.16740855714484512	0.9976386002304469	0.0021427300981340727	0.5012647535896801	0.4999987887293154	0.5000120385122552	0.5000014367969403	0.5000006049095238	0.5000203888209547	
0.16698506627983584	0.0017601117745347228	0.6631599885182066	0.5125701098955188	0.49999857657410834	0.5000103788662449	0.49999651352794766	0.4999994803907584	0.5000208187766558	
1.3815690877438946E-5	0.564757783787068	0.9720076106127052	0.5010781636875342	0.5000002143725091	0.5000097468425456	0.5000017726601036	0.500000892878866	0.5000202855481014	
