0.9999952219766326	0.9999959005361535	0.9999972327868073	0.9999710990069666	0.5000033683464915	0.4999998664372589	0.5000001178818252	0.4999990552674132	0.4999993353691604	
0.9999471746957679	0.9999764543877152	0.9999498839421613	0.833050382119479	0.5000067883120409	0.500001563441093	0.5000001538234456	0.500000777601649	0.4999991395221661	
0.9999912615733763	0.9999897056704862	0.9999969831182203	0.6667018613105444	0.500002928906861	0.49999913315589656	0.5000001328436714	0.4999993004203481	0.49999793354094546	
0.9999935643868098	0.9999956443875117	0.9999964254929203	0.5000311384364132	0.5000032203418476	0.5000000758869817	0.5000002374007939	0.4999986679482707	0.49999919068946547	
0.9999812703741309	0.999965544998732	0.9999967850448355	0.3332383973377374	0.5000034221184716	0.49999997407097424	0.5000006215066068	0.4999992927349947	0.4999992895236405	
0.9999843890958579	0.9999942749615771	0.9999989412380216	0.16675412060012212	0.5000034036061595	0.4999999884150294	0.5000003909993531	0.4999992987334806	0.49999925422436947	
0.9999989825969847	0.9999700047993766	0.9999975411439674	1.559497117404047E-6	0.5000028257342313	0.4999998156392931	0.49999999563243114	0.5000027688367245	0.4999985283044872	
0.999997399874219	0.9999981876752748	0.8333450027847452	0.9999936576717691	0.5000029260225651	0.499999893667296	0.5000000370319216	0.5000008510083463	0.4999980194796928	
0.9999944561983134	0.9999966160001571	0.8333449943692575	0.8000287757223963	0.5000029707654254	0.49999989367664044	0.4999999899174303	0.49999916769763963	0.49999848633525784	
0.9999938772576574	0.9999966420123589	0.833345006479085	0.5999782970224876	0.5000029235443816	0.49999976964302084	0.49999998723952466	0.5000005967013929	0.49999850531243434	
0.9999977093510122	0.9999998734019951	0.8333499318817832	0.40000127633154264	0.5000029429821266	0.49999990870367006	0.5000006625938517	0.49999900010036086	0.49999943518396983	
0.9999948785440704	0.9999956611692615	0.8333446649527364	0.20002485268434417	0.5000029360224425	0.49999926277170514	0.5000003121806365	0.4999989903679069	0.49999948008391	
0.9999948864552974	0.9999956188621735	0.833345031473	5.93461779945303E-6	0.5000034035894457	0.49999996168940913	0.49999992287851097	0.49999871523309974	0.49999860326786416	
0.9999797554560124	0.9999760231241961	0.6665825812394053	0.9999941990285527	0.5000040004748293	0.49999983448588514	0.4999999307718541	0.4999991731602039	0.49999939192099685	
0.999974242561398	0.9999895316049068	0.6666671115886879	0.7498308834641034	0.5000029400713335	0.5000003657787838	0.5000002415831262	0.5000010670631294	0.49999824633282647	
0.9999960194398535	0.9999999802700008	0.666653218261379	0.5000032557925759	0.5000027355888935	0.5000000320563618	0.5000002376810028	0.49999927979311554	0.4999996996317101	
0.9999989535760061	0.999999901320088	0.6666715464844539	0.2500030232629117	0.5000029255445315	0.5000002773878807	0.4999998887050627	0.49999909316868973	0.4999997733844824	
0.999999489634315	0.9999990827684765	0.666675873962324	5.927772307212044E-6	0.500002928300034	0.49999929429614526	0.500000313970933	0.4999990917462354	0.49999972531174947	
0.9999722113491327	0.9999831198418574	0.5001943489724203	0.9996439608721391	0.5000029042027407	0.4999996728397219	0.4999999077403761	0.5000011479538913	0.49999931290198135	
0.9999911763146964	0.9999836264581538	0.5000510735206564	0.6668139482208983	0.5000029429735264	0.49999976210292557	0.4999998722039016	0.4999988235748704	0.4999993397147996	
0.9999797685938786	0.9999726036099975	0.5001176802536741	0.3332552492371396	0.5000027256234987	0.49999936688886204	0.5000004067705481	0.4999992438628166	0.4999991818223068	
0.9999961065021605	0.9999957156102697	0.4999594758994699	7.127597726294195E-8	0.500003391499192	0.5000026331559259	0.4999999190627687	0.4999987240625731	0.4999991132408349	
0.9999485737669436	0.9999726047345527	0.33362030560270844	0.9995157792241365	0.500002928529524	0.4999999585535365	0.5000006393584201	0.49999919074548005	0.4999995058057841	
0.9999835725297868	0.9999839379045998	0.3332191474454847	0.5000019038889149	0.5000027336274998	0.5000003634094115	0.49999988371927007	0.5000004410265413	0.49999952178542245	
0.9999393760729254	0.9999733553285975	0.33362030560270844	7.392857174142176E-4	0.5000027476470609	0.4999994268442527	0.5000006999375463	0.5000004156599273	0.49999951637311035	
0.9999929178679394	0.9999864749866532	0.16679505513490925	0.9995246688005232	0.5000027800140253	0.4999998151274886	0.49999989456957494	0.5000013053000852	0.4999993817949662	
0.999969533490954	0.9999864763717682	0.16687978054197175	4.6371985968091545E-4	0.5000028811768353	0.4999999682439338	0.500000222838891	0.49999897371430246	0.4999995247357521	
0.9999281546799249	0.9999826199044404	4.740478390040037E-5	0.5278906793935929	0.5000028326169677	0.5000000259361097	0.5000001212454384	0.5000016544954108	0.49999931896758787	
0.9999977057959171	0.8333171585739545	0.9999974242028047	0.99999660046873	0.5000036051107591	0.5000000221789027	0.49999995600235037	0.5000010628998849	0.49999943072825687	
0.99999739859826	0.8333170797495214	0.9999999496507932	0.8000052825571993	0.5000029364363677	0.4999999663525626	0.4999999393982394	0.5000010643472759	0.4999979021165917	
0.9999977114688207	0.8333171572757345	0.9999998755204443	0.5999846801196622	0.5000029336355019	0.49999997025939424	0.500000084784875	0.5000010642043382	0.4999993845364336	
0.999999022810031	0.8333189960535649	0.9999990190785687	0.4000012759243718	0.5000028076626151	0.4999999206906593	0.5000003802770737	0.4999993138441561	0.4999992777498031	
0.9999947954803147	0.8333189982987894	0.9999999814381135	0.2000248532766425	0.5000028114247913	0.49999920991865143	0.5000003469889391	0.49999924342019136	0.499998531830678	
0.9999948911287437	0.8333205437641801	0.999999606891353	1.596264288317979E-6	0.5000028160009236	0.49999993207404986	0.5000003768968172	0.4999988517289226	0.49999853282293255	
0.9999968666371688	0.8333146723803994	0.7999949552466314	0.999999102647466	0.5000027546630833	0.5000000819967538	0.4999999088324709	0.5000005037623607	0.4999980382908753	
0.9999964514420375	0.8333166697160153	0.7999949500237171	0.7499950913693155	0.5000029501786462	0.49999890489187737	0.500000037931776	0.4999991112212856	0.49999932323613727	
0.9999952197845339	0.8333200325112167	0.7999767669444621	0.5000031959715162	0.5000027333530169	0.500000004364208	0.5000000775442041	0.5000009991207323	0.4999996986744732	
0.9999942348004274	0.833319857291543	0.7999770364338994	0.24993346945874928	0.5000026773535325	0.5000003912154096	0.4999992008069085	0.49999910985255414	0.49999847834076	
0.9999950435137673	0.8333190274166262	0.7999959429201052	3.801725816875985E-5	0.5000028568936631	0.4999999309950497	0.5000003772689219	0.49999909994064795	0.49999845166770307	
0.9999952637777266	0.8333166963091582	0.60003013281343	0.999941818703348	0.5000029674596669	0.5000013790912863	0.5000000788377036	0.49999964096048444	0.4999992987456845	
0.9999952641858568	0.8333199721011743	0.600030148148126	0.666635001135736	0.5000028769679532	0.4999999746196946	0.4999998757259441	0.4999996409270391	0.4999995389699908	
0.9999895361014387	0.8333198561991763	0.6000410188128317	0.3332201533678957	0.5000026849161922	0.4999999165918346	0.4999999290898909	0.49999927691553103	0.4999992864137133	
0.9999945667926212	0.8333197854663116	0.6000435419200678	4.123388717525894E-5	0.5000028163913135	0.49999993186147723	0.5000003472949095	0.499999241972362	0.4999992360895771	
0.9999880567088242	0.8333174530613205	0.40005261136775344	0.9999162907046109	0.5000028466338123	0.5000001218589698	0.5000000693878662	0.4999988876538316	0.49999931652269825	
0.999995256288175	0.8333199745694361	0.40004998294111555	0.5000018063302536	0.5000027323152704	0.49999997043937655	0.4999998802205044	0.5000004524909736	0.4999995367060723	
0.9999910818125992	0.833318306532945	0.40005260864253306	8.465345491721145E-5	0.5000027788178212	0.5000001928017127	0.49999997176085564	0.49999921846318396	0.4999994248148146	
0.9999945252427703	0.8333199906588596	0.200071698957008	0.9998299424635532	0.5000027317361119	0.4999999621085351	0.4999998808631454	0.5000003834498004	0.49999953596939944	
0.9999944479607458	0.8333183043495279	0.200065651893019	1.9225676082309894E-4	0.5000027280308689	0.5000000045815493	0.49999987735291707	0.5000012161587414	0.49999953391073526	
0.9999949951396394	0.8333052348623667	1.3233169415767054E-6	0.555004372872032	0.5000026704271692	0.4999998301368974	0.5000001811955104	0.5000013101544923	0.49999953308188005	
0.9999907395857544	0.6666374229815052	0.9999999984581613	0.999999638182061	0.5000027007523914	0.49999988023243735	0.5000000488368714	0.5000005026485698	0.49999801548143674	
0.999972086299934	0.6669212414255029	0.9998661429377254	0.7499468130833727	0.5000029609387779	0.49999934739917473	0.4999999826374468	0.49999932715036816	0.49999829480134256	
0.9999370930127732	0.6666660934117328	0.9999777544853746	0.4999607506466694	0.5000036744098596	0.49999921269789416	0.49999997034939636	0.49999927568554836	0.49999668868900954	
0.9999999034369935	0.6666671597016529	0.9999912612519627	0.2500079125473085	0.5000027481705291	0.4999995109610651	0.5000000772669	0.4999990927212507	0.4999994382986312	
0.999998983877125	0.6666657051138983	0.9999989391257774	1.2725784792345873E-7	0.5000028155581199	0.4999999312417342	0.5000003782615312	0.49999841631321207	0.4999992774202394	
0.9999985802049006	0.6666627832577512	0.749987240164207	0.9999970040176043	0.5000027391177226	0.5000000442709504	0.4999999015048625	0.5000005883219313	0.4999997226758656	
0.9999964178412742	0.6666717401177343	0.749994527429035	0.666523180735384	0.5000026842765313	0.500000174650705	0.500000249220274	0.4999992267237924	0.49999965886999553	
0.9999960674354197	0.6666767061896741	0.7499757495230289	0.33324979691748735	0.5000027923335388	0.49999992164956536	0.5000001210184182	0.4999996291698858	0.4999991434771617	
0.9999923163644677	0.6667367053983526	0.7500016283877406	2.5769371231533622E-5	0.5000028013518483	0.49999919618595107	0.5000000778722682	0.4999990393229135	0.4999983779928308	
0.9999881843374431	0.6667205576787187	0.5000455187877361	0.9999393972590293	0.5000041207046724	0.5000001216212124	0.5000001094038912	0.499998902268318	0.49999958999719263	
0.9999960403834454	0.66667979922766	0.5000866528642296	0.5000014427048459	0.500002954495938	0.5000000093825816	0.5000001679386016	0.49999927594273225	0.4999993054856986	
0.9999818724081967	0.6668744354011427	0.50008104414591	4.008388187442995E-5	0.5000030873527154	0.4999993582372729	0.49999987871628104	0.49999923385632294	0.49999917000101596	
0.9999374679425542	0.6668489276730526	0.25028566635344646	0.9998332708708187	0.5000041614662712	0.499999979547227	0.5000008047523656	0.4999989019689154	0.4999982545527253	
0.9999972473261142	0.6669115699490646	0.25063707183751194	0.002763459979315569	0.5000029291104624	0.5000000033990899	0.5000000857698728	0.4999990364089632	0.4999995285540148	
0.9999945394006923	0.6666305650671075	8.530179391037119E-7	0.5308459725303245	0.5000037262058588	0.499999895441688	0.4999998995946776	0.5000005441932305	0.49999952761141975	
0.9999918152482793	0.5000550613704239	0.9999251352106977	0.9999607737401859	0.5000040353694036	0.49999946053080063	0.4999987102405541	0.5000015917318497	0.49999772137064663	
0.9999883023620797	0.5000324230374109	0.9999729425825636	0.6667103037524348	0.5000033675727744	0.4999995196708098	0.5000003205073935	0.4999992482352456	0.4999996607247942	
0.9999924728761612	0.5000355196928535	0.9999440818812363	0.33324179844834645	0.5000037428993181	0.49999951575975404	0.5000000379495819	0.4999990894904345	0.4999996767518807	
0.9999944653868619	0.5000350926606343	0.9999183891225091	2.911114680669591E-5	0.5000033624370731	0.5000030977734502	0.49999992896009693	0.5000024572473266	0.4999972582464408	
0.9999960420062965	0.5000353132017926	0.6667604666415872	0.9998213678121072	0.5000035221246504	0.5000001760381763	0.5000000824774671	0.4999992410257264	0.49999965869925483	
0.9999960420062965	0.5000353146842514	0.6667581464553091	0.5000011294273526	0.5000033474937767	0.5000001760381763	0.5000001676732888	0.49999924936260387	0.49999966063070206	
0.9999626969912342	0.5000353486304998	0.6667449932338135	1.412839582381753E-4	0.5000029879173171	0.5000001598503481	0.5000001303807086	0.4999993319420092	0.4999991732973735	
0.9999934539186095	0.5001040422637564	0.3334416685272613	0.9996555602343216	0.5000034601711686	0.5000017144859299	0.500000329823319	0.4999988490578777	0.4999996674988694	
0.9999956705482893	0.5000327887908702	0.3334315517418066	2.32373764981475E-4	0.5000029343628588	0.5000000277983083	0.4999998933954634	0.5000006069252106	0.4999991745136013	
0.9999958936639011	0.5000359914496406	2.468348030589947E-6	0.04505008531496291	0.5000026628261306	0.500000160189736	0.49999991758565104	0.5000010699424582	0.4999996598288895	
0.9999632056452544	0.3334814196203577	0.9995687582324974	0.9999254960765818	0.5000029416785569	0.4999998139292139	0.49999989854980054	0.4999989507844834	0.49999819836979253	
0.9999634484317994	0.3332090146743765	0.9999957895810982	0.49997151527317546	0.5000028640728259	0.49999999941832124	0.5000002448177049	0.4999990783349679	0.49999953746995157	
0.9999994148695571	0.33362890963882075	0.9993731551566446	3.138627338097997E-4	0.5000028038225977	0.5000000447828401	0.5000004706353961	0.49999959778677155	0.4999971696136903	
0.9999608690861083	0.3335945359322516	0.5005507549369702	0.9989535932396889	0.5000029004543971	0.49999997883005864	0.49999986069857016	0.49999965760433474	0.4999995393691936	
0.9999633822548506	0.3335404430229958	0.5005465194066933	0.0010339210112857446	0.5000027905677827	0.4999999995074814	0.49999997294315673	0.499999086764166	0.4999995363610524	
0.9999636173392494	0.3335401963867209	6.912796481128277E-4	0.5051598826208729	0.5000035738732639	0.4999993955902625	0.5000000829604342	0.49999915116141175	0.49999956299950366	
0.9999721275894438	0.16675620430847757	0.999918508353517	0.9995301343570833	0.5000037353457201	0.49999978218200464	0.5000001319569273	0.4999993350091032	0.4999995829162941	
0.9999277144409108	0.16731430598334016	0.9994672731145252	0.0028002600448143095	0.5000042015224815	0.49999995817042925	0.5000001552289016	0.499998956083508	0.4999982945871283	
0.9999635495841066	0.1673143338531236	0.004564991167401999	0.4994703888560253	0.5000029446637391	0.499999978808256	0.5000001314013066	0.49999914837440795	0.4999995865780058	
0.999995969095664	1.4241940130840217E-5	0.6987436344149182	0.500354673790628	0.5000033392576024	0.5000001563826673	0.500000167256366	0.49999925158336217	0.49999851117653743	
0.8333349931045133	0.9999964905190224	0.9999972137091194	0.9999965753968375	0.5000037333178462	0.4999998869399755	0.5000002761402486	0.500000580300317	0.4999993821506874	
0.8333349837667419	0.9999989500882662	0.9999946440138223	0.8000288212264745	0.5000029169653892	0.500001497033733	0.5000001556066592	0.5000008575327051	0.49999952858996394	
0.8333350534750603	0.9999989437466499	0.9999907513589605	0.5999738484127192	0.5000031748865064	0.49999992667062126	0.49999998981966237	0.4999992934627852	0.49999938349251416	
0.8333369673095478	0.9999950179255085	0.9999997585767415	0.40004363715986374	0.5000028028876248	0.4999999953048659	0.5000000334771465	0.49999883696926917	0.4999982272913775	
0.8333358632459648	0.999996938268912	0.9999989291048882	0.20002485873426018	0.5000034434904383	0.4999991196225466	0.5000003939918237	0.49999911039328326	0.49999925600265305	
0.8333348163689269	0.9999995732345824	0.9999997585907906	4.4701702246274483E-7	0.5000027970533429	0.5000003895091061	0.4999992016105505	0.500001464784471	0.4999992811234159	
0.8333350877944603	0.9999986844703495	0.7999948012557709	0.9999998657381586	0.5000027716489472	0.49999981241644476	0.5000000878821697	0.49999932706283995	0.49999942555685845	
0.8333350885315429	0.9999984441744465	0.7999949415735451	0.7499880910165972	0.5000027900209515	0.500000020755399	0.5000002061167376	0.4999991439469761	0.49999942891209287	
0.8333350981179586	0.9999990049597975	0.7999958231702056	0.5000066710805188	0.5000034142581975	0.5000001995191797	0.5000002980221334	0.4999992986330862	0.49999941283657007	
0.8333358065697396	0.9999998388844116	0.7999959640791094	0.2499993566481126	0.5000026716827248	0.5000001994124726	0.49999988866048584	0.499999163938402	0.4999992023777432	
0.833335291419165	0.9999956153223198	0.8000273753411836	5.634570792767305E-6	0.5000031951798397	0.4999999740256756	0.5000004354341274	0.4999990926839914	0.499999702632638	
0.8333351158487671	0.999990332671403	0.6000538721906634	0.9999335696028291	0.5000029043662053	0.4999998523532177	0.500000119788735	0.4999993373490999	0.49999946958392577	
0.8333388336254915	0.999990632707778	0.6000156539608588	0.6665489875433813	0.500002778952203	0.5000000578492314	0.4999999843796462	0.5000009895057737	0.49999944600682916	
0.8333347384989835	0.9999981528184217	0.600040498601101	0.3333478222396325	0.5000031789102324	0.49999986828345655	0.49999994683597854	0.4999991871291214	0.4999995294077364	
0.8333347803055587	0.9999952876643148	0.6000421509491132	3.84529550986916E-5	0.5000027784468696	0.49999992893368195	0.4999999191269808	0.5000009224848349	0.49999910301013534	
0.8333371529965471	0.9999907756472417	0.4000511835093178	0.9998966938536539	0.5000029413216877	0.49999979288757035	0.5000005615147607	0.49999911916741785	0.49999945063854645	
0.8333372150298847	0.9999950094085713	0.4000491563707841	0.5000024497356171	0.5000027768814248	0.5000001958151028	0.5000002207708191	0.49999923700639054	0.49999946464788975	
0.8333344252493993	0.9999945671108504	0.4000491021682393	4.4685778732883147E-5	0.5000027785625143	0.5000001942551509	0.4999999826215796	0.4999994355931098	0.4999992216805907	
0.8333407354238282	0.9999826562188088	0.20021867129208992	0.9994432052664318	0.5000028436107178	0.5000000293406142	0.4999999438434016	0.49999913420805964	0.4999993282947681	
0.8333370859100705	0.9999949329332353	0.20006565074812607	2.2050642375793072E-4	0.5000029196918264	0.5000001896976528	0.5000007363609767	0.500001279695204	0.499999211883379	
0.8333371334651336	0.9999971016564201	6.457961985163993E-6	0.5043569958408193	0.5000027453500917	0.4999998201782041	0.5000006986124699	0.5000005294490079	0.49999928005912947	
0.8333350738171624	0.7999933863334028	0.9999972328165154	0.9999998603466558	0.5000027708920528	0.4999998787750743	0.5000000878794091	0.500000641716572	0.49999795344516	
0.8333361387730928	0.7999929891361456	0.9999972329372961	0.7499848797738627	0.5000029717120005	0.49999982661500025	0.5000004824642632	0.4999992421046587	0.4999994475279337	
0.8333355227650371	0.7999968135807043	0.9999977397877372	0.5000026512323139	0.5000029984555098	0.4999998328180378	0.5000000766478644	0.5000010031286698	0.49999920694942357	
0.8333352609525893	0.8000005217984483	0.9999999017793494	0.25000743662822006	0.500002820121833	0.49999983427186434	0.49999983920436736	0.4999988983886169	0.49999920491114264	
0.8333352528233116	0.800007838334896	0.9999944215375434	3.6635118030929986E-6	0.500002819831217	0.5000001641568976	0.5000001154077088	0.5000009371110711	0.4999990272173746	
0.8333351290378839	0.7999933652816587	0.7499872421392142	0.9999998959004877	0.5000027672629234	0.4999996392573584	0.5000000875281184	0.49999910650199814	0.49999933428837073	
0.8333356173421693	0.8000177162411403	0.7499943409064632	0.6667183393213539	0.5000027960697014	0.4999998374197661	0.500000072126764	0.4999988350204636	0.4999995397136276	
0.8333355404795426	0.800000521803964	0.7499947166543582	0.33334751141909225	0.5000027577341323	0.499999831716703	0.5000000772741579	0.4999989025396732	0.49999949748044886	
0.8333356360624926	0.7999966400732865	0.7499844622826526	3.216230031608705E-7	0.5000027622479927	0.500000047031087	0.5000000119242722	0.5000012936089374	0.4999997109268157	
0.8333353106580659	0.8000170426823259	0.5000510295314944	0.9999178168505726	0.5000029932712665	0.4999998486590589	0.5000000778026703	0.5000010434124093	0.49999811300968416	
0.8333348070819723	0.8000005066108957	0.5000088518113397	0.5000026260570322	0.5000027760889314	0.5000001655458839	0.49999991353714707	0.4999992338815737	0.49999946116212757	
0.8333352579884761	0.8000009524818996	0.5000766878748576	4.837774231770139E-5	0.5000027418662699	0.49999992837170776	0.5000001043960741	0.49999894248519233	0.49999950270496013	
0.8333403529842655	0.8000084602420584	0.2501028557988123	0.9998758807635248	0.5000030728602236	0.5000024750386807	0.5000007319777362	0.49999886776167757	0.4999994778111501	
0.8333352910958158	0.8000087196726041	0.25009967752727935	1.3692694836630326E-4	0.5000031945377682	0.5000002035389026	0.4999999128762581	0.49999909542763926	0.49999954097493693	
0.8333368175410537	0.7999960399843579	2.8850380632575666E-6	0.5394741621560113	0.5000031207618602	0.4999995162309988	0.49999980099734825	0.4999988238191537	0.49999945637547255	
0.8333352287332326	0.5999823703766823	0.9999992908268898	0.9999993092419086	0.5000033996642073	0.49999944874402363	0.49999990160396235	0.49999965136479857	0.4999994388806266	
0.8333355426436475	0.5999932312742946	0.9999958009392124	0.6667076772729266	0.5000027328854598	0.49999944032570054	0.49999998407461244	0.49999934223978626	0.4999981333370365	
0.8333358207967761	0.5999849505589601	0.999999836394012	0.3333482698408563	0.5000028075929004	0.5000000386242298	0.5000001039055515	0.49999854787546394	0.49999902657085615	
0.8333356454119326	0.59998493050391	0.9999995069745787	1.583850665223484E-7	0.5000027746543778	0.5000001648033515	0.50000012291166	0.49999934507272764	0.4999985714747246	
0.833335543270433	0.5999823996130006	0.6666600113051109	0.9999999103125181	0.5000029322016708	0.5000000453099047	0.5000000901121731	0.4999989571719993	0.49999967865119777	
0.8333352887749792	0.5999850185669859	0.6666256509607357	0.5000011797739354	0.5000027351998788	0.5000000014107004	0.5000000779977035	0.49999931230872086	0.4999996985617971	
0.8333356321015566	0.5999849998064478	0.666625651916107	4.068330874231726E-7	0.5000027615783207	0.5000000419472863	0.5000000861886618	0.49999932007820025	0.49999971188033104	
0.8333364451948208	0.5999828086709753	0.333435179883205	0.9999608197430555	0.5000029669616289	0.5000000181867312	0.49999986300056065	0.49999849656720463	0.49999917121618104	
0.8333362066345664	0.5999823332353171	0.33343192966391627	2.2795036245245345E-5	0.5000027377856643	0.4999998924438211	0.4999999263253745	0.4999988677541903	0.4999995377204354	
0.833335561120718	0.5999852423702489	2.519561086505021E-4	0.4875832802520381	0.5000028832104383	0.5000000300750742	0.4999999177495201	0.49999878444105567	0.49999951410814164	
0.8333360757271807	0.40005790183270834	0.9999165933623865	0.9999492812064308	0.5000034105633544	0.49999943635908883	0.49999987254939604	0.4999996473963357	0.49999820490035063	
0.8333356475377234	0.3999690422981559	0.9999997840467815	0.4999714918621755	0.5000027589787921	0.49999939567286855	0.49999999977227055	0.49999911070953995	0.4999982530907943	
0.8333356522508049	0.3999692480588641	0.9999994515860232	1.5837811865016793E-7	0.5000034203212823	0.5000000377927056	0.4999998942657285	0.4999996181772803	0.4999985462527014	
0.833335869772854	0.3999706120365394	0.49992206084409807	0.9999999986752202	0.5000029577280265	0.5000000340237188	0.5000000953165814	0.4999988527294536	0.49999954236330746	
0.8333356522508049	0.3999692480588641	0.4997204820756272	1.5837811865016793E-7	0.5000034228690832	0.5000000377927056	0.4999999723403125	0.4999996181772803	0.49999855168462454	
0.8333427780799495	0.4005780152448126	0.001721614614135827	0.5018891125851611	0.5000037409699414	0.5000000336979045	0.5000000830519484	0.499998908520853	0.4999996656297094	
0.8333359807143981	0.20020832399214875	0.9995612371429425	0.9996507567593715	0.5000036922654181	0.4999998516363853	0.49999989619479707	0.49999957154596736	0.4999981965700521	
0.8333428266404086	0.20020838438635477	0.9996762066304289	5.022361726637165E-4	0.5000037357388969	0.5000001755776979	0.5000002414438282	0.4999989048380894	0.4999996608093917	
0.8333410814067913	0.20006922604519659	4.0990299964248795E-4	0.49991853837545025	0.50000270045496	0.4999999695576925	0.4999998740917346	0.49999930714634827	0.4999995364565088	
0.8333357687792414	2.6756348661449714E-5	0.6564804834315745	0.5267227388145931	0.500003501092806	0.5000000389086652	0.49999988483876034	0.49999962038215834	0.4999994293401143	
0.6666983501198928	0.9999764517841881	0.9999805902854164	0.9999836314453995	0.5000032661711229	0.5000015949441484	0.5000001207258561	0.4999991696460994	0.49999913869222	
0.6667612394145365	0.999935913640017	0.9999323143311781	0.7497318690818793	0.5000035062584532	0.4999999980534486	0.49999997196656065	0.4999992088773404	0.49999945826121717	
0.6666253377781741	0.9999997475957902	0.9999964997584275	0.5000026993983139	0.5000041922704744	0.49999998585484623	0.5000000138279828	0.49999883312703935	0.4999984656873243	
0.6666976117884291	0.9999509583776417	0.9999145589268582	0.2500074291639298	0.5000037595027349	0.49999992703224333	0.5000000182379952	0.4999992306836565	0.4999992521767731	
0.6666257197858404	0.9999995927356377	0.9999998337543277	2.6243179126970973E-8	0.5000026752903352	0.5000000488413895	0.5000003853615124	0.49999907473898336	0.49999928123572407	
0.6666964552897655	0.9999755836099968	0.7499865790943177	0.9999821837773115	0.5000029267498867	0.50000150173619	0.49999993677333265	0.5000014589625833	0.49999810161378355	
0.6666764239736778	0.9999994790394692	0.7499873834368246	0.6665597190651429	0.5000027790192352	0.49999963454029833	0.4999999471568115	0.4999992630246595	0.49999851340834867	
0.6666925103841939	0.9999993110875436	0.7500274064254796	0.3333477993339095	0.5000027836555924	0.49999979953005025	0.49999921499310107	0.4999991199105017	0.4999977075250464	
0.6666752915239554	0.9999996767703486	0.7499846317421455	1.8831475877050124E-6	0.5000027923925707	0.500000235323942	0.4999999471286007	0.49999917575001024	0.4999992342218403	
0.6666984417013723	0.9999819457487101	0.5000462971741393	0.9998919365488688	0.5000035560408725	0.5000000324317099	0.4999999097486705	0.4999992052121044	0.4999984456880264	
0.6666881105232294	0.9999878184561607	0.5000507622161293	0.4999967332695451	0.5000034346092419	0.5000000319709834	0.5000005707171262	0.5000009210383579	0.49999953864618996	
0.6666758790960934	0.9999793519656298	0.5000425184918532	4.549976907143712E-5	0.5000027787934941	0.5000001758541515	0.5000007654649472	0.5000004997767747	0.4999992216561996	
0.6666887392306622	0.9999869262844486	0.25010395824181575	0.9997834757907254	0.5000035400529289	0.5000025282571773	0.49999996791958706	0.4999989443455853	0.49999952938954756	
0.6666937674150839	0.9999869387967608	0.25010395824181575	1.2796837325153082E-4	0.5000027457981482	0.4999998418784234	0.5000001949556153	0.4999989427023191	0.4999994052110057	
0.666694238597822	0.9999825579446922	3.7596321774752125E-5	0.4903322767237414	0.5000029154100657	0.49999980829683666	0.5000007191029229	0.500000518363746	0.49999952441594786	
0.666698351347798	0.7500632693324198	0.9999968660951937	0.999897710288883	0.500003298899436	0.49999917553535067	0.5000001312702852	0.5000008908675887	0.4999994597178869	
0.6666796725949478	0.7501246331605318	0.9999135711130777	0.6667621641870165	0.5000033977355894	0.49999969410318335	0.5000000781011642	0.4999995201618124	0.4999996370362752	
0.6666971104538418	0.7501280152595285	0.9999126245929443	0.33335334961843704	0.5000028055619701	0.49999971413121325	0.50000016052712	0.499999187029342	0.4999967285402545	
0.6666779504678141	0.7501357720042616	0.9999148345521167	4.796792360541999E-5	0.5000028266060973	0.5000001105612206	0.500000011859906	0.49999860487116826	0.4999992521590465	
0.6666884593801733	0.7501275614966904	0.6666052550829334	0.9998970133416932	0.5000036695673785	0.49999963764908834	0.5000000909820377	0.5000009357572115	0.49999805421002835	
0.666696590067461	0.7501268079342005	0.666621499740391	0.5000022754201389	0.5000035520906332	0.5000015925497049	0.500000014759422	0.4999996475725923	0.49999813563721923	
0.6666765845217968	0.7500291234551579	0.6665770619103436	3.8253401076435526E-5	0.5000027783750227	0.49999945248387906	0.5000005764499268	0.49999859540616004	0.4999991443478996	
0.6666937037492421	0.7501138184210425	0.33334178931380337	0.9999094456558266	0.5000027821058673	0.5000000305766095	0.5000000722923768	0.49999896605867195	0.4999995168396957	
0.6666759798954348	0.7498765712814905	0.3333049448393548	5.96110271023012E-7	0.5000035397111601	0.5000001770445228	0.5000001629180799	0.4999993123272919	0.49999931072337084	
0.6666942611285569	0.7500843810440823	1.3733384186229196E-4	0.4957003021407628	0.5000028056776024	0.4999998088960699	0.49999985698467986	0.49999926809567413	0.4999994950834932	
0.6666285891320837	0.5000271347759936	0.9999909483048987	0.9999985289494803	0.5000031861539957	0.4999993964766657	0.5000001296523192	0.5000002845018106	0.49999952587112106	
0.666676304114075	0.5000810468437179	0.9999799796745492	0.5000023512839683	0.5000034075477591	0.5000001107437978	0.5000000170214041	0.4999995204600462	0.4999997441858142	
0.6666970664841648	0.5000810467955741	0.9999138663613154	4.052226855226278E-5	0.5000027820046551	0.4999998398468081	0.5000001646688934	0.49999916966762026	0.49999959182458326	
0.666633919292748	0.5000145602973797	0.500053567239254	0.9999597478319927	0.5000035232151144	0.500000110990369	0.5000001431020735	0.5000005561014298	0.49999950488604433	
0.6667342835722575	0.5000863683988706	0.5000519905524035	1.0416221743003587E-4	0.5000027926000024	0.5000001470490607	0.5000006331359975	0.4999986038828641	0.4999996595342037	
0.6666755562876037	0.5000257812104916	5.757472090366655E-5	0.4880951619372292	0.5000029308588079	0.4999998140557341	0.5000007105259583	0.5000005023660663	0.49999932970175914	
0.6666285925997752	0.2500693817474323	0.9999765677955117	0.999943849763317	0.5000037465922298	0.49999940193289505	0.5000000003528547	0.4999991109637637	0.49999821298838143	
0.6666994735066272	0.25008320927133526	0.9999288686335324	1.9366486301392039E-4	0.5000037326105337	0.49999940193289505	0.5000000003528547	0.4999991130599561	0.49999821298838143	
0.6666902105014909	0.25024643452948425	7.593963929806713E-4	0.4992811542985895	0.5000037701578485	0.5000002186450937	0.49999986132564	0.5000007477445888	0.4999992858795996	
0.666690450792601	4.878120075147509E-5	0.6534093237605355	0.5003747931009249	0.5000028368497049	0.5000000606518752	0.5000004671055086	0.499999664929549	0.4999995158018143	
0.5000929512425637	0.9999529309862608	0.9998808429576117	0.9998902938312556	0.5000036753160938	0.5000014836887433	0.49999992567534324	0.5000026700998987	0.49999920234773976	
0.5000936341070334	0.9999520797039159	0.9999091916941487	0.6665597516443128	0.5000034349010787	0.5000000351587153	0.5000005564665927	0.49999951283238114	0.49999803672062487	
0.500039289513191	0.9999882184726385	0.9999734434323186	0.3333525114023337	0.500002810496014	0.4999996810849067	0.5000001708488337	0.49999825167571305	0.4999980328493486	
0.5000573612063303	0.9999457921500942	0.999935200001205	4.0722417624589215E-5	0.5000042659750464	0.4999992938708235	0.49999983965219097	0.49999854404577404	0.499998021022018	
0.5000411713445008	0.9999165886942885	0.6665934887124866	0.9999953219152441	0.5000044173284539	0.49999982716640495	0.5000002950433046	0.4999992111971038	0.4999995182531932	
0.5000349364574689	0.9999723080810354	0.6665934880983708	0.4999944102812513	0.5000034354556834	0.5000000351382544	0.5000005690842987	0.4999994065927919	0.49999803297736534	
0.5000926026603234	0.9999758434178065	0.6665934754969592	2.8332640058894405E-4	0.5000026728863148	0.4999998443377503	0.5000002024279201	0.49999835074647764	0.4999978758851549	
0.5000435177031518	0.9999713803456954	0.33347673427494184	0.9997016499871912	0.5000034993238002	0.5000000345515155	0.5000002045502584	0.499999574130375	0.4999979990098383	
0.5003555560321459	0.9996532495348036	0.33401064088015314	0.0012069874587997242	0.5000035531219097	0.49999952911583934	0.5000005850611564	0.49999922801681795	0.4999979573311766	
0.500147434961754	0.9999587870465028	1.880209614421382E-4	0.5240572930741902	0.5000038004500661	0.5000000204123444	0.5000002807216399	0.4999989387403748	0.4999974302104336	
0.5000936084458969	0.666863732408101	0.9997531531999369	0.9997738097362804	0.5000044256696282	0.49999991245971814	0.49999996043796685	0.49999928702708957	0.4999985094710318	
0.5001320273765	0.6670248921118619	0.9995712362411517	0.500002636237997	0.5000027890307448	0.5000000911337388	0.5000000170106946	0.49999870615429187	0.4999972091632446	
0.5001542514838668	0.6668630990947714	0.9995717434424377	2.97626107774335E-4	0.5000035474957248	0.499999568790504	0.5000007203574295	0.4999986971434461	0.49999918219196204	
0.500039782369149	0.6665919850139311	0.49985039418568655	0.9999027300657795	0.5000043949663645	0.4999998824514475	0.5000001452543734	0.5000007219887892	0.4999992894326155	
0.5000973842394477	0.6669701318515856	0.5003153781993673	3.866917229194388E-4	0.5000028429262434	0.4999996121407651	0.49999981695286105	0.49999857627622285	0.49999913318565176	
0.5001413845777122	0.6670241245866905	9.025591898425861E-4	0.503636945017719	0.5000035404592971	0.5000014943800366	0.5000002733653306	0.5000007173131117	0.4999995497077212	
0.5005541800622038	0.3347641177526966	0.9978880123241299	0.9975736993193546	0.5000029222951351	0.5000000146577214	0.500000056982546	0.4999989224198222	0.49999960452249287	
0.5001279857698463	0.3339913196873848	0.9994788883273776	5.948505881280907E-4	0.500003536380899	0.499999173282404	0.49999983090209504	0.5000030788685567	0.4999981171287195	
0.5006121895303706	0.33474971064678616	0.004503922106598543	0.499738854501062	0.5000027828222965	0.4999995978720416	0.5000000943967888	0.5000007156282215	0.49999858363772504	
0.5002884734439491	9.94788802661753E-4	0.6666022435078107	0.49990887814129675	0.5000028791817233	0.500001617608257	0.4999998833343128	0.5000014161346331	0.4999995178725906	
0.3336201113219783	0.9993996991748149	0.9996512730824317	0.9995754355163112	0.5000037545610058	0.4999992677659903	0.5000002959669136	0.5000006730083049	0.49999797998647205	
0.3335554757322834	0.9997399821696822	0.9997960049801015	0.5000173542499385	0.5000027505170556	0.49999994599131625	0.5000001239621452	0.4999996210916021	0.4999979572740501	
0.3335165440765557	0.9996445619858936	0.9999874357614204	4.024808403134937E-5	0.5000034930258116	0.49999931169432427	0.5000001454851929	0.4999995878759405	0.49999911553752013	
0.3335113927653794	0.9996129200192979	0.5003770182869773	0.9994416571645168	0.5000027365121235	0.4999994647754464	0.5000001239248542	0.5000011045398409	0.4999990525169103	
0.33371859441659907	0.9996143622496717	0.5003794947315123	0.0012054465098289328	0.5000027815252976	0.5000001308726727	0.500000121142332	0.5000011068229888	0.49999908741314497	
0.3335161266489378	0.9996407325345854	9.045878285361801E-4	0.5001517171089741	0.5000037594097861	0.4999993022860166	0.5000001829521558	0.4999996036784196	0.49999911824446025	
0.3337984430538183	0.5011643971650015	0.9985296005593376	0.9986142008562057	0.5000035185003397	0.4999993247688607	0.5000001346497914	0.5000007158097419	0.4999979859698021	
0.3333094846924565	0.5000816605577273	0.9999851262984029	4.024808403134937E-5	0.500003432441961	0.49999931169432427	0.5000002021011276	0.4999995878688132	0.4999991132763795	
0.3337215237403616	0.5011846937338043	0.0027865694888321024	0.4869415770249857	0.5000027746563369	0.4999996057240747	0.499999876984606	0.5000011096306739	0.49999910304971146	
0.3336267445704235	0.001189258961201426	0.6901260650181573	0.5001472141283201	0.5000028739719734	0.49999994534095926	0.5000004486427684	0.5000014906540431	0.49999734614138513	
0.16720008608239484	0.9993942867374667	0.9985293925888096	0.9995753903143245	0.5000039977694493	0.4999999357128965	0.5000002904024354	0.4999983615650814	0.4999979406308967	
0.16697522219289446	0.9996416507710701	0.9999913789926633	0.0011502526346310609	0.5000034352329858	0.4999999301353333	0.5000002036058256	0.4999995878759405	0.49999911553752013	
0.16709163800826243	0.9993800387252749	0.0016026272548225512	0.5080035732476269	0.5000034185566841	0.500000029554128	0.5000004382889425	0.4999985460268812	0.4999996454860847	
0.1669220121034786	0.001314489629178961	0.6642168412513484	0.5204710808839387	0.5000028886538074	0.4999992216991599	0.4999998336505918	0.5000021649086881	0.49999911812854847	
6.457153912703406E-6	0.653625084339984	0.5027619685139957	0.5085167505565992	0.500003421221948	0.5000002185424948	0.5000003908102133	0.5000011289905623	0.49999964923786805	
