0.9999967761950992	0.9999895622752566	0.9999999650557317	0.9999973438957761	0.49999937590029647	0.5000009118008132	0.49999945800850326	0.5000029482501527	0.4999838891075775	
0.9999960509264451	0.9999892502349219	0.9999993615375434	0.833332935593052	0.4999997094589898	0.500003173400935	0.5000003645679597	0.5000284132534318	0.49998469176005167	
0.9999962677531267	0.9999892478083501	0.9999991384050747	0.6666124518891807	0.4999999519581369	0.5000014695601447	0.4999999904616004	0.5000278030936919	0.49998467172387046	
0.999998667618811	0.9999942670855773	0.9999992752000542	0.4999982650261989	0.5000001769375341	0.5000016761966143	0.49999859399833274	0.4999818468463111	0.4999836489400497	
0.9999776687347789	0.9999621993803183	0.9999803154230027	0.3334660182294843	0.5000028755128226	0.5000019718454055	0.4999995586452403	0.49998180690867855	0.49998343268270135	
0.9999949584431019	0.9999769549321171	0.999997486474514	0.16651766901481552	0.49999938403557925	0.5000013121713222	0.49999937902259073	0.5000011908666153	0.49998464412929017	
0.9999830316580279	0.9999973599904576	0.999982580769233	6.306415509156076E-5	0.5000020861209162	0.5000019369206435	0.5000001951446565	0.4999822708258841	0.49998310998342443	
0.9999745590952068	0.9999745676358439	0.833222374273931	0.9999984559947833	0.49999936682619667	0.5000013254829112	0.49999923562120996	0.5000015508317143	0.49998382208825376	
0.9999761659203272	0.9999774043892758	0.8332223742981708	0.7999536544400263	0.49999987475787727	0.5000013678642238	0.500000145646301	0.5000009388442764	0.4999851526534701	
0.9999759411331351	0.999986347626157	0.8332223679907199	0.600002558694395	0.4999976514741828	0.5000031680545297	0.49999969875945943	0.5000276657233634	0.4999844653977423	
0.9999824738534833	0.9999922150119039	0.8332504745514999	0.39998419933661455	0.5000002142497139	0.5000010962982581	0.49999919002639515	0.499981513238805	0.49998500331837664	
0.9999789113177274	0.9999895691807535	0.8332432317045555	0.19994581860976615	0.4999992720280165	0.5000020681133852	0.49999947280992396	0.499976280267328	0.49998403769876726	
0.9999939594084842	0.9999968128046269	0.83325033871368	1.0161972518967432E-6	0.5000023383880534	0.5000012540842513	0.4999998395364586	0.49997525790309666	0.4999830801544263	
0.9999960826918499	0.9999768196316772	0.6666697681096996	0.9999839269341287	0.4999999612697371	0.500001294895577	0.5000006492449586	0.5000334563539894	0.4999838922185737	
0.9999698227145308	0.9999866632459642	0.6666654283592119	0.7499749194690207	0.5000046850170864	0.5000015560728254	0.4999996773537111	0.5000253072624323	0.4999847105473637	
0.9999973147328729	0.999992212170188	0.6667282007394114	0.5000046487504112	0.500000240401748	0.5000019112788836	0.49999969683001555	0.500037022149159	0.4999851702223909	
0.9999665266549024	0.9999933386330571	0.6666074710644777	0.24997387302274238	0.5000000593711278	0.5000008702025025	0.4999999394035588	0.5000040481877398	0.49998439859590743	
0.9999945134458432	0.9999921420709765	0.6667332959103929	1.486193530154771E-6	0.5000064049904992	0.5000035237821883	0.49999956175538063	0.4999752751061433	0.4999857133739729	
0.9999735061538851	0.999993808730439	0.5000201099582009	0.9998061687198823	0.5000000061964348	0.5000015315494276	0.49999992552836564	0.5000340273220691	0.49998479494265347	
0.9999931167071866	0.9999976089537892	0.5000204662006464	0.6666374443683366	0.49999752497722755	0.5000008531365892	0.5000012613240831	0.5000272332130216	0.499985647187379	
0.9999666119651431	0.9999933315698493	0.5000993508589568	0.3335801643443739	0.49999974811077996	0.500001388366419	0.5000003820017203	0.49997742238457077	0.49998452320903686	
0.9999970165048943	0.9999874698958232	0.5001821891239758	3.4082308793471796E-4	0.49999877871053733	0.5000017430063399	0.49999992716074	0.4999796729830334	0.49998549433797046	
0.9999939567349915	0.999992100972754	0.3333539385370206	0.9998089266582948	0.5000007247561788	0.5000013504318708	0.4999993375521627	0.4999675389734423	0.4999834155074291	
0.9999738561206372	0.9999849300503224	0.3333539385370206	0.4999925053324147	0.5000028659505241	0.5000006096775457	0.4999992598977627	0.49997247701553615	0.4999844529378914	
0.9999925674757054	0.9999883983684306	0.3333920706621132	9.744666166227613E-5	0.5000004054860709	0.500001514482346	0.499999236493893	0.49997835493960285	0.4999855585160997	
0.999987181229709	0.9999843185935055	0.16666633318116636	0.9999783157328775	0.5000004402521274	0.5000012911685721	0.5000014556303009	0.4999684394130155	0.4999834209322508	
0.9999738966424091	0.9999903764443807	0.16708068000043969	0.0013557870904856329	0.5000082872610196	0.5000006717278269	0.49999920359181543	0.5000349718290484	0.4999845742602966	
0.9999998707001021	0.9999927402633493	1.9609215840235057E-5	0.47652803252172465	0.5000027926141299	0.5000025825325141	0.5000002121508215	0.49997643410342957	0.4999847608407323	
0.9999995086807907	0.8333197938925185	0.9999990227114793	0.9999968142654104	0.499999864066263	0.5000008695334626	0.5000002001672692	0.500004882951795	0.4999829537459098	
0.9999919076775358	0.8333210870076307	0.9999939407864432	0.7999532659595819	0.4999998839913553	0.5000012925760399	0.49999921844698914	0.500001043558086	0.49998566584844506	
0.9999986734640888	0.8333119067875517	0.9999992699263609	0.6000014516192389	0.49999970432448665	0.5000013003818656	0.4999985936537901	0.49998161068521263	0.49998282173068437	
0.9999949584644904	0.8333233001610546	0.9999977511655261	0.39999094025309484	0.49999740671819404	0.5000013418382028	0.500000111074322	0.5000023797297977	0.49998453859311837	
0.9999948091937363	0.8333067174133117	0.9999996072284741	0.19987632101517602	0.5000002088908527	0.5000016649729653	0.5000001189206696	0.4999817676483282	0.49998578361662527	
0.9999949590668066	0.8333234929481799	0.9999994158455197	1.4899992477001969E-6	0.49999738622018164	0.5000018013579215	0.5000001102159445	0.499981644690433	0.4999836230455858	
0.9999966904274771	0.8333113190255768	0.7999915758468923	0.9999954470297421	0.5000002656921753	0.5000014761605106	0.4999999743567996	0.5000001922208737	0.4999852465069177	
0.9999949095256794	0.8333114932131754	0.799966293513978	0.7499754557481547	0.5000001598066448	0.5000008431963018	0.4999986644666481	0.5000002299363815	0.4999856738357168	
0.9999981671370529	0.8333218742404285	0.7999906970864452	0.5000067646363986	0.4999996544084451	0.5000013236174154	0.4999997243636584	0.49998043559326083	0.4999842084104634	
0.9999970007737825	0.8333234813352214	0.7999921891619625	0.24997272029910192	0.5000000479760495	0.5000012603060673	0.49999971410824173	0.49997740301599186	0.4999844933105952	
0.9999945675815891	0.8333234939458875	0.8000021784934782	8.090507702412235E-7	0.5000001395657484	0.5000007118208991	0.49999995087465077	0.5000228138969426	0.49998579582566166	
0.9999679240588789	0.8333506832342581	0.5999343461435597	0.9999909962105666	0.5000002471257459	0.5000007554742285	0.500000593318272	0.5000055965220784	0.49998386693590674	
0.9999981279312381	0.8333115273723414	0.6000188925240646	0.6666357753374653	0.5000002901848611	0.5000012829072762	0.5000001324032364	0.5000058454713339	0.49998420571500446	
0.9999972030872506	0.8334261038656137	0.6000179062207418	0.3333436022870035	0.5000000023977892	0.5000017211302007	0.4999999376929126	0.5000031809204918	0.49998516704901114	
0.999997423366452	0.8333264559834115	0.6000161111576746	2.575274005748292E-5	0.5000029943765693	0.500001956434557	0.5000011100815551	0.4999775070749511	0.49998348803697323	
0.9999816555900907	0.8332941496237395	0.39998477933078774	0.9998837493224577	0.5000082875791197	0.5000012873628834	0.4999987141849901	0.5000054383711121	0.4999851925098566	
0.9999986563777137	0.8333408404086425	0.4001392199693887	0.49997908583503653	0.500000184817323	0.500001322319974	0.4999998341717436	0.5000061045842039	0.4999844658857501	
0.9999885313190445	0.8334261966656581	0.4001412974920948	6.769228040202284E-6	0.5000000493490946	0.500001945560597	0.4999998620800343	0.4999775261233932	0.4999857105551152	
0.9999892155913971	0.8332964371676371	0.1999279620074108	0.9999914835430163	0.5000010588815025	0.5000015268684045	0.5000003589829782	0.4999761781869455	0.4999850273675694	
0.9999936765947758	0.8332821631932611	0.200057601514187	5.513373370822275E-5	0.49999940814523236	0.5000008721320095	0.49999990507715414	0.4999759645732919	0.4999849032424674	
0.9999865136743538	0.8333111317671459	8.75301973321258E-6	0.9774777971291286	0.5000085262397299	0.5000015284711304	0.499999224716336	0.5000029069274797	0.4999850731599923	
0.9999966894110153	0.666769809299898	0.9999275498036552	0.9999844984639215	0.49999970741493327	0.5000007979696894	0.50000058006076	0.5000285416295067	0.49998510341972774	
0.999989838377687	0.6666853880015895	0.9999793384519348	0.7498150924621758	0.4999999606854502	0.500001327923113	0.49999866673944005	0.5000334226152597	0.49998472637447816	
0.9999991828910832	0.6666852004961952	0.9999768134273934	0.49997685045277906	0.4999996348914151	0.5000008723885881	0.5000005692390689	0.5000285662259467	0.499984710610083	
0.999996025826442	0.6666839760346011	0.999986048317429	0.2499757751388984	0.5000002808214388	0.5000013044603242	0.5000002158753897	0.49998317752875693	0.49998554478669227	
0.999993665639996	0.6667444706009862	0.9999470230831482	6.18142053388069E-5	0.500003284201156	0.5000019325251075	0.5000010824151847	0.5000368233950627	0.4999837487078445	
0.9999887205043511	0.6666851277217298	0.7496905100986498	0.9999993790523005	0.5000000412368452	0.5000016566077629	0.499999388167913	0.50001047658527	0.4999853274281063	
0.999996007396655	0.6666845864244171	0.7500077055402647	0.666275518568395	0.4999997050333194	0.5000011811324258	0.5000002061536967	0.5000090373552096	0.49998502520667876	
0.9999951183730825	0.6667342407727366	0.750007628273495	0.33334362312085036	0.5000007016055419	0.5000009392785935	0.49999992935381	0.49997188022758327	0.4999851689311706	
0.9999960077191237	0.6666402893649078	0.7500062826482347	9.22804363296147E-7	0.4999990051439474	0.5000026707888299	0.5000011615207035	0.4999821335548648	0.4999856425578817	
0.9999876641270118	0.6667178940741183	0.5000584326912065	0.9998520219116707	0.500000487128543	0.5000016461053918	0.4999998034494998	0.5000009189867726	0.49998467059194723	
0.9999957389954539	0.6667181185847405	0.5000239962007612	0.4999657856187419	0.49999945554955866	0.5000016357274955	0.4999997988789034	0.5000008825634586	0.49998530117392936	
0.9999977205500531	0.6667351795990426	0.4999767319287252	3.6411654211895934E-5	0.5000001686905257	0.5000033614472814	0.5000001125765475	0.5000060080351795	0.499984099357938	
0.9999894090443207	0.6667046226544057	0.2500494422883762	0.9998401298080757	0.5000004660961829	0.5000034937930083	0.5000024204058915	0.5000319388510045	0.49998533159313363	
0.9999744431820091	0.6667529894678608	0.2503596915465519	6.93727249528218E-4	0.5000000282577887	0.5000019829624542	0.5000010830600815	0.5000039917315172	0.4999850708892452	
0.9999896188866537	0.6666437953701904	5.112440216070568E-6	0.016259028415865517	0.4999967499868866	0.500001787433394	0.5000014918396877	0.4999770996874065	0.49998565501514275	
0.9999966677985189	0.5000228504430606	0.9999945121447662	0.9999684457097473	0.49999946020827124	0.500001595979818	0.4999999993917949	0.5000009514476477	0.49998502481117174	
0.9999907288653993	0.5000926079307303	0.9999285873752494	0.6665308100962968	0.5000017644074546	0.5000014770538582	0.4999999619468187	0.4999734377708645	0.4999852645376063	
0.9999940702000194	0.5000229202230645	0.9999761537408368	0.33338472186669144	0.5000007316599889	0.5000009763532735	0.500000206002363	0.49998064424824795	0.49998543620595515	
0.9999762613929276	0.5002647528169487	0.9996019515599006	1.6260396967499095E-4	0.5000070005535838	0.500001447189875	0.499999785106273	0.5000339108832266	0.49998518805492737	
0.9999955535083944	0.49998933013294106	0.6666630540609243	0.9999974596414578	0.5000007055991634	0.5000011188799639	0.5000002051659398	0.4999807078633344	0.49998513100721054	
0.9999956562648721	0.5000163095996829	0.6666648761770013	0.4999770037279917	0.4999993763568422	0.5000012987321665	0.5000016920311714	0.4999806179436861	0.4999853312258251	
0.999992303958013	0.5000183817714317	0.6666980617205267	3.9350907672741555E-5	0.5000163495133526	0.5000018555605118	0.500000356647412	0.4999707521688253	0.49998375552206215	
0.9999871888162297	0.5000664935827791	0.33353765753234016	0.999217464698931	0.5000004859499988	0.5000032132748593	0.49999927967339813	0.5000338728070015	0.4999843052261736	
0.9999954940000156	0.5000693380344771	0.33357670526493904	6.539902344323328E-4	0.5000011557340891	0.5000045159427573	0.4999998292832061	0.49998095440838886	0.4999847880995332	
0.9999986502609033	0.49997334268681276	2.049001358639705E-5	0.9897650883038178	0.49999960814274613	0.500001248768395	0.5000014748226191	0.5000242394724925	0.499983527343151	
0.9999868497905819	0.3334592154156939	0.9996571342438921	0.9999287251222656	0.49999960294113066	0.5000039978382588	0.5000003897010737	0.5000078100044153	0.4999853065083136	
0.9999956164055881	0.3333347793089282	0.9999936572340832	0.4999689055803324	0.4999996110552484	0.5000010385862852	0.5000003896814872	0.5000077860887614	0.4999853076483793	
0.9999878775932269	0.33372585912509317	0.9993567769505444	6.895722319137823E-4	0.5000070821720423	0.5000008701746095	0.5000000942438287	0.5000347265735093	0.4999842944213935	
0.9999906831452428	0.3333617552742153	0.5000766154572386	0.9998665125514897	0.5000004647388284	0.5000014768865548	0.4999999629524573	0.4999732768056504	0.4999854374483192	
0.9999877533429835	0.33336060011098056	0.5002536679356134	1.643027357886233E-4	0.5000004732726768	0.5000009345142544	0.5000004891103558	0.4999808597846232	0.49998533553851404	
0.9999978528691436	0.33346350734485375	4.1972624983123994E-4	0.49249379496736206	0.499998797612801	0.5000029724056391	0.5000000599687964	0.4999769601646139	0.4999851137497891	
0.999989344437176	0.1667521097165742	0.999589192045175	0.9999742619919328	0.5000009107257933	0.5000014784069685	0.4999998209400976	0.49997294653154306	0.49998544203523737	
0.999986494996234	0.16689677145010703	0.9999320110212208	6.434839178145468E-4	0.49999965380870853	0.500001315140944	0.5000016361496278	0.4999809375213332	0.4999847012419426	
0.9999941529618549	0.1669857195489668	0.0017515304918168783	0.5141022448157985	0.49999931291479394	0.5000009775226077	0.49999979908650577	0.49998005108626076	0.4999853439117014	
0.9999911864395183	6.60342629354993E-5	0.5087861999898373	0.49369953513789533	0.4999992110080635	0.5000037998348488	0.500000325024319	0.49997070718025355	0.49998429380124876	
0.8333315372348575	0.9999993238379794	0.9999975377085099	0.9999979986195024	0.49999936766892034	0.5000008802381203	0.4999993173738193	0.500001824056557	0.4999844608514974	
0.8333315549260124	0.9999954090665609	0.9999990149915097	0.7999379057129258	0.4999994016556965	0.5000008767632725	0.5000005492984273	0.5000048557021107	0.4999839128415258	
0.8333328523308547	0.9999982306584297	0.9999992309733114	0.6000010697538596	0.5000002833025303	0.5000009062698343	0.4999999514120683	0.5000047630629316	0.49998478631214394	
0.8333328213760731	0.9999982147308972	0.9999992155036281	0.3999908237179031	0.5000006108038966	0.5000012816832441	0.4999996413168402	0.4999799916634387	0.4999828684128325	
0.8333311565891964	0.9999897335404514	0.9999914596568291	0.19994529417927706	0.5000002157124778	0.5000015226094027	0.4999994471748839	0.4999816601603488	0.49998575256347455	
0.833333303751889	0.9999978698940158	0.9999914324075685	1.460889407526016E-6	0.4999992168139738	0.5000015272239293	0.4999994471073292	0.499981676584443	0.4999835816200869	
0.8333315480956598	0.999999413469839	0.7999915756188358	0.9999997805259254	0.5000102371255267	0.5000013770386519	0.4999986662810096	0.5000018813100022	0.49998480461614536	
0.8333313191852244	0.9999975126000559	0.7999921837409057	0.7499742611115667	0.5000001623481074	0.5000008638300917	0.5000001521512205	0.5000003157894197	0.4999856695428431	
0.833332836734492	0.9999985440010736	0.7999920083737911	0.49999877845855073	0.49999947761735153	0.5000016763802252	0.4999986678937563	0.50000038916087	0.499985095495921	
0.8333331981215162	0.9999990104502143	0.7999921899076684	0.2500227503060083	0.5000000472158783	0.5000012710486117	0.49999971579931074	0.4999782478598657	0.4999856377158675	
0.8333292910105317	0.999996826520534	0.8000324707064003	3.136428612304378E-5	0.499999231098676	0.5000013903681638	0.5000002152470435	0.49997819950266775	0.49998398287545287	
0.8333314483228657	0.9999861149376121	0.6000281901719358	0.9999748715379456	0.5000002549961067	0.5000029883779933	0.49999998565467796	0.5000008179934151	0.4999847982737006	
0.8333312882851889	0.9999867619002042	0.600015932991171	0.6666361073109297	0.5000002841862965	0.5000006386668362	0.5000005344297477	0.500005790290589	0.4999856488509638	
0.833328754248976	0.9999922846845242	0.5999860364095414	0.33326873027816295	0.5000014224468327	0.5000012152345981	0.4999993269514972	0.4999776359308274	0.49998529019001786	
0.8333681035832097	0.9999984381346183	0.6000159563121834	3.0117838929002788E-5	0.49999918245689157	0.5000019568515187	0.49999993785908264	0.500005848397073	0.49998399061706805	
0.8333460569925695	0.9999867944001769	0.39999090060607967	0.9999932150614661	0.5000007835286291	0.5000013068901967	0.49999929196335646	0.5000024489761695	0.49998526190692716	
0.833346032079539	0.9999921818966919	0.4001499090374393	0.4999801452834034	0.5000014094962313	0.5000018096229261	0.49999945384218536	0.5000024335673131	0.4999856592578684	
0.8333308876988419	0.9999964386241463	0.4000051788534018	2.8897161560782736E-4	0.4999999630868669	0.5000008669512065	0.4999994573186523	0.5000286938553724	0.49998558827834044	
0.8333740729017536	0.9999537797881406	0.2004220285027633	0.9984315861044017	0.5000007271439532	0.5000006023821003	0.49999923567965054	0.4999726206310613	0.4999844870580899	
0.8333742797693843	0.9999537668304104	0.2004960867463952	0.0013670853101635909	0.5000023251311765	0.5000006079561168	0.49999923546327263	0.4999733459557011	0.49998449851379423	
0.8333287544260307	0.9999939174667135	3.6386319898290353E-6	0.6844933940554248	0.49999889376988316	0.5000013150563247	0.49999945382644434	0.4999733960892606	0.49998530135081815	
0.8333322729267117	0.800064784535793	0.9999781637894587	0.9999535583853112	0.500000090747944	0.5000007960613733	0.5000005911205295	0.5000284013425291	0.4999856530499277	
0.8333323420392655	0.8000195917318454	0.9999988837667011	0.7499764067613445	0.500000095614765	0.5000008860057444	0.4999995246922863	0.5000016794943546	0.49998567763970836	
0.8333312833808182	0.8000190378669603	0.9999951957936651	0.4999973737227986	0.5000012067983858	0.5000013980522127	0.500000407098297	0.5000003762566022	0.4999844117019038	
0.8333313000002588	0.8000241121364844	0.999998671582293	0.2499783901703176	0.499999116110035	0.5000037996185039	0.4999999046156579	0.499972687656245	0.49998434685534476	
0.8333331989638839	0.7999477999136498	0.9999997995049081	1.1284827014022175E-6	0.5000002799684862	0.500000717989727	0.49999989712254433	0.500022978660175	0.4999856095997378	
0.8333314525810763	0.7999597703063335	0.75001177169883	0.9999946482332205	0.4999999790358374	0.5000005340266971	0.4999999769739853	0.5000003605929687	0.4999850793292186	
0.833337538121521	0.7999645850694099	0.750011787509131	0.6665301053886573	0.5000000178367355	0.5000005257012207	0.4999997442488061	0.5000054592915251	0.49998554125740663	
0.8333312887309957	0.8000192161189529	0.7500175523134711	0.3333406106826416	0.49999998749117475	0.5000007332030759	0.4999994576753134	0.49998164738343837	0.4999857900027587	
0.8333313259288658	0.8000199217434351	0.7500175522332794	1.5074003642402728E-6	0.5000000216139733	0.5000007464541433	0.4999999497295955	0.49998166611286216	0.4999856131768819	
0.8333288987876739	0.8000393951417516	0.5000179513010761	0.9999674561784446	0.500001744220456	0.5000007574523656	0.5000005572060382	0.5000019270294119	0.49998566135993	
0.8333309140340058	0.8000200270408938	0.5000167580720227	0.4999934651410951	0.5000000066623551	0.5000033470210272	0.4999991454369113	0.49998082311287245	0.49998549532987385	
0.8333288408359973	0.8000316542086208	0.5000124253657966	6.615907809364319E-6	0.4999993389179379	0.5000006735946266	0.5000005192319616	0.5000239381399347	0.4999856612781758	
0.8333446197256835	0.8000276296316666	0.2500888212988157	0.999820112925491	0.500002695133727	0.5000016486692117	0.500000206031776	0.5000260282808112	0.4999847784220693	
0.8333287550927333	0.8000283521234763	0.25000884453630234	2.023498911033096E-4	0.49999932637638034	0.5000012112558532	0.49999931017480864	0.5000275596001315	0.49998528805899495	
0.8333287487361043	0.8000276289352939	8.289719260779311E-6	0.5090517469700958	0.5000004095420514	0.5000037227845368	0.5000002462519536	0.4999768058492859	0.49998550636574096	
0.8333323441938729	0.600009911366197	0.9999934432390168	0.9999997220598582	0.49999916875092204	0.5000008855312461	0.4999995243794876	0.500003059318545	0.49998445458515345	
0.833332756188254	0.6000388663402906	0.9999872937504358	0.6665088912783899	0.5000012333987651	0.500001445203284	0.5000000859219698	0.500034689345432	0.4999853636334762	
0.8333265037613617	0.6000061309223799	0.9999981479524019	0.33334356084958217	0.5000066689549206	0.5000011320965877	0.4999999410719461	0.500004987098743	0.49998506102288415	
0.8333313421084407	0.6000061309223799	0.9999981266215267	2.2036258160638385E-5	0.5000002683623597	0.5000014806675409	0.4999999502701428	0.49998181420492455	0.4999857598050958	
0.8333309078658447	0.5999939167101926	0.6666650178176182	0.9999865555954122	0.500001766675985	0.5000009798862295	0.49999982268264254	0.4999763636024208	0.49998415920207334	
0.833331399792704	0.6000044788762086	0.6666648760408355	0.4999795442223203	0.49999998657771233	0.5000015739803002	0.5000000861295828	0.5000008185548356	0.4999853633220168	
0.8333314067953407	0.6000026368016109	0.6666853110019866	2.8379678436102586E-5	0.5000000104501392	0.5000043591451944	0.4999995431612916	0.5000286540341049	0.4999855661570382	
0.8333455928626533	0.6000761686814498	0.33359741593991976	0.9996208592520506	0.4999995629060115	0.5000008707308969	0.5000000824905829	0.5000225276313666	0.49998417974584325	
0.8333314261624941	0.6000353491318248	0.3335382053919226	4.064455303431555E-4	0.49999949620507705	0.500000672815209	0.49999990480993217	0.5000240297901604	0.49998556097905944	
0.8333291572057188	0.6000031630119168	2.9171073236803512E-6	0.49999138267101567	0.5000057043249819	0.5000012268620965	0.5000007256530177	0.5000235365692438	0.49998546799939664	
0.8333229989695409	0.4001685451914397	0.9998022472718849	0.9997699336565581	0.500001188819304	0.5000009871512267	0.5000000862277902	0.5000002061838947	0.49998469683418245	
0.8333316513155887	0.40000613688440523	0.9999935550873521	0.5000006401218677	0.49999939379113967	0.5000038922018215	0.4999999530948663	0.5000086337368349	0.4999857618616961	
0.8333316377229502	0.4000059305452751	0.9999975557102395	2.773165275512406E-6	0.5000012058138104	0.5000009323647456	0.49999990134449873	0.5000088271499289	0.4999852785404945	
0.8333256104743594	0.40000592193011564	0.5000633432535027	0.9999290773428332	0.5000012203996745	0.5000015539282539	0.4999999111562331	0.5000264757497606	0.4999843761092031	
0.8333252895449778	0.40000592622160536	0.5000587192256876	3.2482250015291034E-5	0.500001246738659	0.5000015548939473	0.499999905250644	0.4999807370372047	0.4999850257440554	
0.8333313997979163	0.40000564273998956	8.909784716520983E-6	0.48795527099990504	0.5000011980208741	0.5000015628193978	0.500000167305894	0.5000124644100523	0.4999854013690502	
0.8333205496766224	0.20003011906145507	0.9999748215368848	0.9999742639383221	0.5000008863635399	0.5000009822691405	0.4999998204353491	0.4999851229359292	0.49998545133525085	
0.8333744647785669	0.200145228189546	0.9992447136568827	2.7684368338102476E-4	0.49999998838402127	0.5000015723025162	0.5000001883526386	0.5000071530741691	0.4999843452906508	
0.833320735826536	0.20010260708891645	3.2569937477461286E-4	0.49976131166700793	0.5000004216924351	0.5000015931074724	0.5000001891255119	0.500001605454249	0.49998525627574336	
0.8333329362848904	1.030454089190249E-9	0.6934922425317303	0.9903807898246378	0.4999991684777726	0.5000011894191642	0.500000415278076	0.4999997194003132	0.4999847372980467	
0.6667152599519969	0.999971766934681	0.9999335512838126	0.999979929773408	0.4999990507237099	0.5000012390907322	0.5000007444490163	0.500003546870959	0.4999844557134201	
0.6666851398634716	0.9999243837426172	0.9999766613714288	0.750209502787536	0.5000044807244397	0.5000032118060885	0.4999963962594121	0.4999826318907129	0.4999844737097232	
0.6666837362387487	0.9999223900507676	0.9999770741283942	0.49999901104095024	0.4999981423281006	0.500001426645986	0.5000003666886524	0.5000002203683087	0.4999841610800022	
0.6666939663227414	0.9999916475518605	0.9999996174612044	0.25002278942632306	0.4999981571340433	0.5000005648067257	0.5000000967615602	0.4999819355682571	0.4999841249601825	
0.6666925746478624	0.9999915659943194	0.9999091305554799	8.504009515538766E-6	0.5000013363505542	0.500001568219797	0.5000002258199489	0.4999773280810497	0.49998399443789093	
0.6666870128496111	0.9999872933456467	0.7500594864954366	0.9999966285853454	0.5000002441928033	0.5000008055014189	0.5000006923852531	0.5000034886841425	0.4999852140473931	
0.6667400241983924	0.999954507641515	0.7498865885942411	0.6667337319436835	0.4999993819869729	0.5000015471285523	0.5000004671708919	0.5000013440236554	0.4999838311755923	
0.6666938761359178	0.9999915784802311	0.7498534918667943	0.3332823780166165	0.5000013373353545	0.5000005668317884	0.4999999821386097	0.4999773250606372	0.49998398751809514	
0.6666925746478624	0.9999921076292602	0.7498534745748842	2.6747278439622416E-6	0.5000014371153546	0.5000005501288592	0.5000002276089869	0.5000206902435543	0.49998399443789093	
0.6666866554763358	0.9999827461006542	0.5000166489456046	0.9999802358580392	0.4999972416569377	0.5000016131970815	0.5000003948270115	0.5000043177504873	0.49998576796835087	
0.6666547934866118	0.9999976597934767	0.5000204692049409	0.49999306282121664	0.5000002837290944	0.5000008079194012	0.49999983405382736	0.5000016395113153	0.4999855126624883	
0.6667991673045455	0.9999423651367214	0.5000945273334079	5.181563440519264E-4	0.5000007747601132	0.5000017793828093	0.49999946747340596	0.49997946274080546	0.49998450441293935	
0.6667979410606126	0.9999404711437127	0.2501324177323323	0.9983797957778449	0.5000004105808223	0.5000037322193721	0.5000000994913181	0.5000314820351446	0.4999854712273861	
0.6667979894901862	0.9999421744938253	0.2505839501792552	0.0012562209094940957	0.5000012854644141	0.5000018071403505	0.4999994538923238	0.5000303813167958	0.49998565677669415	
0.6666898546123206	0.9999835605271419	1.957306796448407E-5	0.04514416613099104	0.49999722973351707	0.5000025929050548	0.5000012587435403	0.5000044849856076	0.49998425188568985	
0.666717865868753	0.749938969842904	0.9999761325613737	0.9999901270343241	0.5000003123726808	0.5000012091371305	0.49999976004576885	0.49998279274686847	0.49998509946874303	
0.6666829429931168	0.7500453825258331	0.9999772098541422	0.6665210112596651	0.49999807043412703	0.5000014267880765	0.5000003754931863	0.4999996912392586	0.4999850474964605	
0.6666894529876755	0.7500069064548891	0.9999784807776818	0.3333809748747265	0.5000000184468275	0.5000027942203804	0.4999997475293305	0.500023722329826	0.4999840667010291	
0.6666923293900137	0.7500550249662361	0.9999745800718507	2.5624070990973202E-5	0.49999819733485174	0.5000005007715115	0.5000001292619137	0.5000230537068873	0.4999841068956317	
0.6666845442594391	0.7498628036322825	0.666565513116941	0.9999967910694271	0.500000250879251	0.5000012404198657	0.4999997802733901	0.5000231394708602	0.49998517183471713	
0.6666845027466904	0.74986279041807	0.6665655129665884	0.49998027739052386	0.4999999863912724	0.5000030003694611	0.5000003419922563	0.5000013715931054	0.4999851716644827	
0.6666922012790514	0.7502209751330096	0.6666880726475762	4.2697989240569703E-5	0.4999997562333834	0.5000050511836714	0.5000001307856642	0.5000236983999535	0.49998316311767005	
0.6667176240013134	0.7499136326707814	0.33351667121834094	0.9995961273908971	0.4999995326372456	0.5000053360857637	0.5000009039033266	0.4999730741270969	0.4999853181788025	
0.6666962594070482	0.7499007178754695	0.33351551530816853	1.8022595128645478E-4	0.49999915944077833	0.5000015326240187	0.4999998214340503	0.49997892689646956	0.4999851308190029	
0.6666863035957622	0.7499934794319202	3.341688750117182E-5	0.5133408461283552	0.500002696240111	0.5000044380945387	0.5000001998723583	0.500004952509152	0.4999847453885939	
0.6666848884980392	0.5000692802230536	0.9998864596098905	0.9999575630823675	0.49999905009222917	0.500001545263779	0.5000001780442939	0.5000253212222003	0.49998510980872696	
0.666719664445468	0.5000726457408223	0.9998879282830209	0.5000039699310878	0.5000003520777192	0.5000014424329228	0.4999997480738311	0.4999848314696687	0.49998518325769753	
0.6667124596327132	0.5000739203209582	0.9998876259030817	4.83696632781764E-5	0.5000012991665835	0.5000014431346353	0.4999997482814795	0.4999853854472939	0.49998518365031064	
0.6666845636562427	0.5000654495095954	0.5000735046965532	0.9999944343885019	0.4999997736074306	0.5000011454913358	0.5000007797692309	0.5000009270704565	0.49998502655364263	
0.6666846097805327	0.5000654340555366	0.500014448133355	3.7180609369209165E-5	0.4999997183181861	0.5000011444345652	0.5000007857440937	0.5000264102890996	0.49998502707690423	
0.6666845661167949	0.5000720694015374	1.3586341387582945E-4	0.4080047740511022	0.49999960813936034	0.5000012470022229	0.4999994873271108	0.5000253017091958	0.4999852161243898	
0.6669983379718561	0.2506471869454676	0.9979193892190846	0.9984629865426045	0.49999971001310217	0.5000009180239801	0.5000007906291897	0.5000260621078252	0.4999850794434201	
0.6669984498279452	0.25086764418489904	0.9979081899137052	0.0010926882468867416	0.4999993964307905	0.5000009386378355	0.5000000712326992	0.5000341615487324	0.49998510627979437	
0.6669951030361323	0.2506751145074176	0.0035100149083280296	0.49016775788741945	0.5000002614273531	0.5000014679138459	0.5000000704574356	0.4999766075359404	0.49998512767503545	
0.6666416477012574	6.051978600353299E-6	0.9974507737666769	0.5003957649295555	0.49999885610421435	0.5000009441101988	0.4999998195052661	0.49997670874735933	0.4999851528867719	
0.5001061388367123	0.9999621195949492	0.9998537299202355	0.9996974499935306	0.49999998040807575	0.5000014390091924	0.4999999826407863	0.4999722452129347	0.49998517997861786	
0.5001061388367123	0.9999360470302715	0.9998873242955931	0.6665956066694861	0.5000000289519875	0.5000017924231149	0.4999998891309686	0.5000142563851088	0.4999847502028399	
0.5000034966007438	0.9999394990539611	0.9999222018262183	0.3331896804026208	0.49999968839649356	0.5000037834465675	0.5000003508524928	0.5000230546670537	0.4999832185952905	
0.5001112219138188	0.9998410051683838	0.9999329881787906	1.2518377379109542E-4	0.49999960919861064	0.5000015381490789	0.5000009016318153	0.5000240488949611	0.49998518245967416	
0.5000683580307397	0.9999341987111268	0.6666609716971016	0.9999900484520958	0.5000002496572545	0.500001689566006	0.4999997438804384	0.4999835856797896	0.4999850651312973	
0.5000683582816341	0.9999275468870896	0.6666609716971016	0.5001192405544245	0.5000013714344332	0.5000014650846548	0.49999983286971367	0.5000009195360955	0.49998507533815434	
0.5000060337716746	0.9999901513094239	0.6666598335837977	1.2998601346599184E-4	0.4999991333605916	0.5000014640024629	0.5000003352528589	0.5000015948715961	0.49998510350214115	
0.5001506135373164	0.9999396377184563	0.3335092666248117	0.9996538220577362	0.49999999724297506	0.5000030168811367	0.5000006962228077	0.5000241936697609	0.4999835207675986	
0.5001058640681084	0.9999548834717046	0.33352242259853027	6.521664065157386E-4	0.5000012997301108	0.5000033978666688	0.5000000565857093	0.5000050169457959	0.4999852990679173	
0.5001445065121111	0.9998170297184512	2.9421225805581486E-4	0.5000047525545451	0.500002855804639	0.5000046345833483	0.5000000288429237	0.500020495876507	0.49998519071454983	
0.5001047640682091	0.6666833059958187	0.9998066457419212	0.9999275594740236	0.4999997838659566	0.5000012325008266	0.4999998909440933	0.5000048998747356	0.49998134924523857	
0.5001051603374123	0.6666833180692637	0.999824050559819	0.4999867389897464	0.49999949469354127	0.5000009486731891	0.49999989318323623	0.5000022432883952	0.4999851482901402	
0.5001055130128187	0.666683303358061	0.9998875423615649	2.4221619208893E-4	0.5000000404334612	0.5000017962190196	0.5000003592321005	0.5000021404860324	0.49998470809904827	
0.4999301729542119	0.6666833060730409	0.4999167378809463	0.9999448434738226	0.4999999837370692	0.5000037436933843	0.49999982133324483	0.500000648971089	0.49998532196604323	
0.5000060994876272	0.6666826165636448	0.5000725362347637	2.842851283768608E-4	0.49999913646613536	0.500000537582629	0.49999995457405083	0.4999771047689474	0.4999851234878951	
0.5001449103064123	0.6666789164129122	1.5520303100655773E-4	0.499958035564733	0.5000028238591587	0.500003647646393	0.5000000328031036	0.5000206364948987	0.4999851907072979	
0.5005082760915771	0.3345697454650111	0.9979620278511683	0.9980280510877735	0.49999923887088044	0.5000009807224035	0.4999999000206546	0.500025799434526	0.4999835565470261	
0.5001057359703993	0.33358674973409475	0.9994375097103617	2.9487107494428346E-4	0.5000019105896281	0.5000016957171253	0.49999993902111606	0.5000050860935831	0.49998317479368226	
0.5001017232961287	0.33358674973409475	3.4850333018003507E-4	0.4325176777278683	0.4999999632300447	0.5000012111208291	0.4999994580118005	0.5000146030292171	0.49998531804888224	
0.5001446043537069	2.916095192763146E-4	0.5663392261593487	0.43236319805893453	0.49999999352360414	0.5000009521168116	0.5000003518063869	0.5000157821925122	0.49998531910507743	
0.3333619414227588	0.9999617876705986	0.9999871538083096	0.9999476635338642	0.5000005025247294	0.5000014749405426	0.4999997527394001	0.5000051112337816	0.49998510134008184	
0.33336257783968376	0.9999712472116354	0.9999775763690285	0.5001336649187461	0.5000002011037465	0.5000016694839001	0.49999997288679093	0.4999762467782047	0.4999818810342836	
0.3333690556433669	0.9999394961708542	0.9999390033298553	1.2549458038766406E-4	0.49999966767490345	0.5000049343036241	0.49999974793095897	0.500026032011897	0.49998337097563644	
0.3333619187201008	0.9999621487179208	0.5000721649364851	0.9999335300815555	0.500000324051958	0.5000014496047019	0.49999975046677475	0.5000153203150149	0.4999846307413366	
0.3333651000711074	0.9999401857057243	0.5000203385566775	7.76249985470469E-7	0.49999998408924057	0.5000015739899013	0.49999994241814255	0.5000249644588508	0.49998414116363554	
0.3336806995468465	0.9995641248663969	4.731929690148795E-4	0.6233477266768389	0.5000091967438544	0.5000052795589542	0.5000007978622413	0.5000160439967475	0.4999851474228277	
0.33337596478039927	0.5000718957190783	0.9999212290764221	0.9999948240198626	0.5000002403402627	0.5000014681056868	0.50000011373332	0.5000090968024082	0.4999835391655097	
0.33337545170181604	0.5001457479488352	0.9998876609898328	4.1694326420809E-5	0.49999999588805866	0.5000018386265376	0.49999991013213296	0.5000143835053272	0.49998323822383245	
0.3333651908388141	0.5000684920638523	3.448057474186861E-5	0.9829994002899617	0.5000017918354246	0.5000016871199275	0.4999999551415166	0.5000257576816836	0.49998515746966143	
0.33337596023485433	4.913799814216524E-4	0.9873977600720185	0.48924529929523974	0.49999976848304944	0.5000013703439062	0.5000000609568177	0.5000221020158216	0.4999851974555798	
0.16742368345734307	0.9992601330653249	0.9989778958442247	0.9978756723757269	0.5000001884763589	0.5000032543294566	0.4999997465858556	0.4999766627968833	0.4999851252052421	
0.16693766754909273	0.9997178422875777	0.9994056156357318	2.3797497611991852E-4	0.5000096731448646	0.5000015428535425	0.4999997449460218	0.50001499994949	0.4999851550376057	
0.16670802417266833	0.999972962642342	9.562317443262414E-5	0.5335821033177311	0.5000001766118621	0.5000032392416526	0.49999981554599704	0.49998360318808427	0.4999851259667373	
0.16693766754909273	0.0010214370393987794	0.5611779690397024	0.48026655732148843	0.5000091208095946	0.5000015232065946	0.499999743063289	0.499983585360331	0.49998510278496205	
9.394303104645618E-5	0.7566727154336179	0.9819073356117225	0.027682673954502968	0.5000004997201772	0.5000012935981382	0.4999998778548218	0.5000062392384702	0.4999837107247158	
