0.9999992518582344	0.9999938065687223	0.999983422826246	0.9999451767342901	0.5000099623952017	0.49999309357861305	0.5000176465879969	0.4999862253519459	0.5000398878827754	
0.9999992605844643	0.9999901151132158	0.9999996258068902	0.833325219968731	0.5000066524782196	0.4999955769639366	0.5000164788592711	0.4999863556137365	0.5000220265279824	
0.9999972341949849	0.9999903622202707	0.9999989598789752	0.6666784625584362	0.500008889345625	0.4999930722433926	0.5000176465879969	0.4999862253842433	0.5000206268859279	
0.9999771591350306	0.9999943445554335	0.999999891644013	0.4998755238537088	0.5000086077683277	0.49999469749809905	0.5000175677960322	0.49998213060122104	0.5000209290939711	
0.9999972169271524	0.9999925478147028	0.9999970806054191	0.3332736937192918	0.5000089116575083	0.4999952853713633	0.5000097772623945	0.49998734766162856	0.5000200097428226	
0.9999990847910989	0.9999949712619772	0.9999972936677815	0.16671996996885702	0.5000068845066733	0.4999954786859318	0.5000167709778078	0.4999784761612791	0.5000206446796883	
0.9999990847910989	0.9999949712619772	0.9999972522362349	1.5545370962113947E-5	0.5000070778918394	0.4999954786859318	0.5000167709778078	0.4999784761612791	0.5000206446796883	
0.9999982576306984	0.9999812702234195	0.8334152462337031	0.9999857070220304	0.5000071307275306	0.4999978801346699	0.5000175807105627	0.4999817998187775	0.5000211464372135	
0.9999961994229148	0.999970927022851	0.8334104481215006	0.7999602077702591	0.5000071494463637	0.4999938548018663	0.5000123208904738	0.49999102002573415	0.5000196530357656	
0.999968554319583	0.9999900979446175	0.8334262939712226	0.60011342458061	0.5000075590634288	0.49999298041781487	0.5000135782821393	0.49998943515182837	0.5000199902045958	
0.999975342883924	0.9999991963410809	0.833393248137616	0.40010202824091107	0.5000088483638606	0.499995722561071	0.5000169271158674	0.4999786776623535	0.5000253271240787	
0.9999970969363515	0.9999976689841318	0.8333380582808918	0.2000168925049947	0.5000068148256352	0.49999526886154944	0.5000094284268264	0.4999872502640741	0.5000200733131058	
0.9999997900586781	0.9999949374547523	0.8333382935345722	7.737701378927812E-6	0.5000100706533073	0.4999958404798164	0.5000138626007763	0.49997810871409576	0.5000206449427481	
0.9999999031791935	0.9999705721131069	0.6666189793225739	0.9999996330286317	0.5000079067371956	0.4999930824109831	0.5000122999065947	0.49998414542289593	0.5000230230035373	
0.9999980891487166	0.9999834193363435	0.666621255946992	0.7500517705674089	0.5000076539533114	0.49999559138194566	0.5000098730718749	0.499985940940784	0.5000207526663372	
0.9999988907062739	0.9999822802339787	0.6667063645146977	0.5000117318311258	0.5000106698427357	0.5000174197022147	0.5000128440687234	0.4999867850240303	0.5000216466446645	
0.9999570109386965	0.9999565655550031	0.6668619739894144	0.2498874359371125	0.5000036131039144	0.4999952478492429	0.5000121657725642	0.4999844136746114	0.5000202082571336	
0.9999385731234619	0.9999570890753655	0.6668505628424166	1.0658843606460751E-4	0.5000068742729923	0.5000182312033025	0.5000169738451172	0.4999807790388996	0.5000205727881445	
0.9999761084037729	0.9999980916250463	0.4999242307017447	0.9999991481853056	0.500006911652818	0.4999964213964227	0.5000197669723266	0.49998049688691254	0.5000223473269431	
0.9999355406793743	0.9999415343350426	0.5003159259219312	0.6667120954766567	0.5000080654572582	0.5000163491065703	0.5000129939387246	0.49999390928600196	0.5000227994062341	
0.9999992221544792	0.9999830003514651	0.49992852905049145	0.33333715132493447	0.5000107466182988	0.4999954250623502	0.5000198576644382	0.49998180262758424	0.5000198449232627	
0.9999863555544571	0.9999654670813822	0.500009644785493	4.867444182028541E-5	0.5000041227451886	0.4999930125517253	0.5000207379110698	0.5000470242060661	0.5000384764095334	
0.99999758587043	0.9999987307082955	0.33340516834030975	0.9999276339249824	0.5000057582243415	0.49999462475599143	0.5000128789194962	0.49998387681427936	0.5000225828322671	
0.9999984337205569	0.9999707363248361	0.33340317341322945	0.5000580636797578	0.5000067823992755	0.49999493605921247	0.5000131270904388	0.4999790523213291	0.5000257479425331	
0.9999859342756884	0.9999833655734787	0.3333374924118258	2.963333271625566E-6	0.5000096656924204	0.4999954571589547	0.5000138710278327	0.49998426831246745	0.5000392014898655	
0.9999857608756052	0.9999423665930601	0.16669502264682376	0.9997953277619315	0.5000042510692558	0.499998079462678	0.5000274996299459	0.4999827737590954	0.5000394741515495	
0.9999982908843587	0.9999676637107483	0.1666950201880444	1.7068500476768935E-5	0.5000069350064952	0.49999400216352796	0.5000110446841896	0.49998431788700054	0.5000391867143438	
0.9999998855146623	0.9999842574896155	1.5934784988070884E-6	0.9311206897920149	0.5000068059674595	0.5000132103501842	0.5000163692215575	0.4999773785855643	0.5000261842947589	
0.9999966443061701	0.8333179629945825	0.9999987068163082	0.9999990569925215	0.5000066082691472	0.4999951636839842	0.5000118927787979	0.49998916852565845	0.5000196213527375	
0.9999966326657462	0.8333167856165187	0.9999989096506982	0.7999614916278628	0.5000077765849122	0.4999938541215728	0.50001712590486	0.4999881895173378	0.5000391330843845	
0.9999968062327693	0.8333194273570537	0.9999988473925212	0.5999682972264371	0.5000079532831028	0.4999952608431796	0.5000117083837877	0.49998939552125155	0.500040515623221	
0.999976102840302	0.8333193879533928	0.9999990567132347	0.40014793086466927	0.5000088507162714	0.4999959046793049	0.500013682002038	0.49998720979626665	0.5000202257653256	
0.9999977816161435	0.833334898437002	0.9999970604750958	0.20001823355475198	0.5000040250673649	0.4999959876974453	0.500009986528199	0.4999873881281879	0.5000200743593023	
0.9999987203753935	0.8333352322400964	0.9999916337724596	2.1905057658347045E-6	0.5000072022159877	0.4999968841658217	0.5000098878949152	0.49998755825654917	0.500019867981055	
0.9999991272623491	0.8333359688835743	0.8000000072137473	0.9999998306046782	0.5000077986420213	0.4999937547781894	0.500017593884859	0.4999895402490388	0.5000196935400613	
0.9999997165461524	0.8333354829008067	0.8000026219920708	0.7500339154933744	0.5000078271585954	0.4999930258429429	0.5000135004438739	0.4999841683054837	0.5000211303305817	
0.9999989693723087	0.8333106437829653	0.8000465052965601	0.5000011497345603	0.500007902189862	0.4999955228901669	0.5000135473610294	0.4999791722248203	0.5000203551015074	
0.9999983747275768	0.8333194478431976	0.7999603553339601	0.24984304507509256	0.5000089203959599	0.49999502642862337	0.5000143489717004	0.4999829517096516	0.5000208675109509	
0.9999977181434145	0.8333343517896602	0.800000774398975	1.8062153034630307E-6	0.5000072179598395	0.49999583131118774	0.5000099864962971	0.49998761910505557	0.5000202081125987	
0.9999966651044045	0.8333170205409516	0.5999255643719581	0.9999999728930343	0.5000088004805476	0.4999941273466585	0.500012436752913	0.4999891406204626	0.5000196225472857	
0.9999989384024882	0.8333176185015171	0.5999860287543023	0.6666773828832487	0.5000071443558247	0.4999957074088847	0.5000199255411197	0.49998662120662846	0.5000261658298926	
0.9999996548415127	0.833319433321856	0.5999861103558709	0.3333717136651311	0.5000071548588768	0.4999955305708168	0.5000103876662534	0.4999909202212414	0.500020141964376	
0.9999862286087303	0.8333204590749512	0.6001100487256916	1.8162066318077991E-6	0.5000070836420933	0.49999484643459785	0.5000094786674292	0.4999930008067126	0.5000201682121337	
0.9999998100075251	0.833319316086035	0.4000096793129637	0.9999363949866267	0.5000067752235753	0.5000146179385176	0.5000131225255091	0.49998592512400697	0.5000207534543236	
0.9999995150548995	0.833319280378967	0.40000261878851323	0.5000606160848955	0.5000068316463502	0.4999981082705428	0.5000097233102174	0.4999799553007287	0.5000201019333609	
0.9999995088854023	0.8333192753347278	0.4000026175409523	1.3214436311395812E-5	0.5000055175757444	0.4999935740001269	0.5000105227081791	0.49998416976172344	0.5000209631257365	
0.9999977873749538	0.8333141040039801	0.20008852237551278	0.9999695021190832	0.5000069021618133	0.4999938380051871	0.5000198578584449	0.4999773838503229	0.5000238085130917	
0.9999977734508968	0.8333141048234111	0.20005361336065594	1.730209775405276E-4	0.5000053096437915	0.5000182448056125	0.5000199959738897	0.4999803970011211	0.5000238440703051	
0.9999910295875328	0.8333755658809753	4.9387968123231775E-5	0.5571356423712168	0.5000052959862445	0.5000128541821708	0.5000198062925042	0.4999825936208841	0.5000258751466184	
0.999998417282654	0.6666917781780778	0.9999822600724874	0.9999990763372041	0.5000071541871611	0.49999503145507057	0.5000165710021852	0.49999103178743143	0.5000377988341855	
0.9999984083882713	0.666696545232974	0.9999829707909865	0.750033513452122	0.5000073065703051	0.49999381792671405	0.5000231310421347	0.4999908291282402	0.5000221071416814	
0.9999988980417346	0.6666672434838626	0.9999948741018063	0.4999992661315284	0.5000079305742966	0.4999955029959133	0.5000171223586024	0.4999876746936485	0.5000198366499008	
0.9999911643162835	0.6666423115870874	0.9999927585694052	0.24984292471817715	0.5000079288214455	0.5000162741289976	0.5000129873284642	0.4999789319569471	0.5000205435115349	
0.9999897975986639	0.6665989418230573	0.9999832808316168	1.8117555062505576E-6	0.5000100838265384	0.5000169258337644	0.5000124126409884	0.4999821702613535	0.5000233963924566	
0.9999978517208549	0.6666917071028443	0.7499953236968657	0.9999998353278698	0.500010829239189	0.4999990074234391	0.5000190407000147	0.49998676225138283	0.5000394349877552	
0.9999945776949044	0.666691706439847	0.7499953237052497	0.6666611505621902	0.5000074040651564	0.4999952310950749	0.5000155982028767	0.49998330138885827	0.500019451347845	
0.9999986482376284	0.6666828205292726	0.7500608697986254	0.33363098817940956	0.5000089335260158	0.5000104097464608	0.5000129292034603	0.500048025812093	0.5000202522661664	
0.9999907721110343	0.6666423026600392	0.749999373576059	1.4645263447799105E-5	0.5000077942977064	0.4999928750959465	0.5000142888073296	0.4999768449982543	0.5000379457978265	
0.9999978557839756	0.666691660916911	0.5000108841025966	0.9998940129266879	0.5000067816896555	0.4999981354774737	0.500015760804996	0.4999863586050682	0.500039213355222	
0.9999984104815749	0.6667390326827025	0.4999947535392616	0.4996996276393051	0.5000055181674914	0.4999936765639848	0.5000139723589561	0.4999836698313078	0.5000254119990754	
0.9999861765501123	0.6668541299159495	0.5000098502896688	1.6371559418505203E-4	0.5000079505128789	0.49999285920438924	0.500010295426816	0.4999768454753861	0.5000386792864118	
0.9999788250717353	0.666739040849669	0.25017799218548314	0.9995751141123017	0.5000086690506764	0.49999468173679973	0.5000168054345815	0.49998650139605566	0.500039270993115	
0.9999760209619653	0.6667388717067215	0.2501780239176921	3.3946340305873236E-4	0.5000054836121032	0.4999952360851902	0.5000104120726114	0.49998311474197604	0.5000209596377363	
0.999999699570334	0.6666818992996059	7.318841147938845E-8	0.005651921204010424	0.5000038840249906	0.4999937812579786	0.5000133312237259	0.5000471530860384	0.5000209983964278	
0.9999825018741886	0.5001909753014785	0.9997627604942456	0.9997615724886947	0.5000117238708932	0.49999883671180995	0.5000178247796556	0.4999867606269551	0.5000394849168288	
0.9999911075021565	0.5000756861472326	0.9999396747093896	0.6666615456642084	0.5000105932461155	0.4999950395025881	0.5000154626656254	0.49998788872607547	0.5000202679038599	
0.9999990078189923	0.5000717100746472	0.9999064680847666	0.3333838819799775	0.5000066833679334	0.5000162634091592	0.5000135495404454	0.4999788495517973	0.5000396009150861	
0.9999838155129259	0.5000719460298284	0.9999065276981672	1.1716445798611506E-4	0.5000079285821782	0.4999947817582865	0.5000119855798643	0.5000470357042132	0.5000206461502064	
0.9999987882941398	0.5000368328224597	0.6667373155672095	0.9998160408818579	0.5000061191705315	0.4999951784791487	0.5000126075282995	0.4999822457383621	0.5000395886722259	
0.9999866586370691	0.5000356831548421	0.66673487247452	0.49996299078861645	0.5000069652377702	0.49999516446613684	0.5000168639148892	0.4999825784008207	0.5000395884940771	
0.9999869668880996	0.5000359311736158	0.6667065056417427	1.1522073863107422E-4	0.5000077986598849	0.49999565982822536	0.500017149473273	0.499985499431081	0.5000200164324456	
0.9999999794045957	0.5000943288425842	0.333408667428871	0.9998457612260391	0.5000070110701631	0.5000160876110126	0.5000167805638845	0.5000426265452882	0.5000389095333947	
0.9999779889695398	0.5000944480102781	0.33340786188014854	1.9278747994032163E-4	0.5000069840422502	0.5000160368205483	0.5000200998819195	0.4999833327765995	0.5000258838504551	
0.9999887779049315	0.500039789127393	2.2659548985727622E-4	0.5436889744892854	0.5000071433788494	0.49999766063127954	0.5000158785912318	0.49997811897666	0.5000421753456548	
0.9999964866509025	0.33349993029639097	0.9997220650527996	0.9997900299699698	0.5000054185753018	0.49999517681868216	0.5000124401378205	0.4999821674462059	0.5000379852712108	
0.9999993600908574	0.3335002888742858	0.9997747875857713	0.4997632538851754	0.5000062881650379	0.49999497922499736	0.5000136132721845	0.4999864754633668	0.5000213979550794	
0.9999841750162652	0.33349984541189936	0.9997320939573642	3.9478211477667426E-4	0.5000077940131539	0.4999940943019998	0.5000140363532408	0.4999822032568448	0.5000376535938925	
0.9999773484740988	0.33349992937226014	0.5000210365846715	0.9995259825348606	0.500009888370505	0.4999929280801177	0.5000192257926152	0.49998775673084256	0.5000379751100328	
0.9999784041654337	0.33349991203526463	0.5000085329864261	3.3928343718688816E-4	0.5000069982911335	0.49999356000272893	0.5000141147629386	0.4999835046619235	0.5000256233837244	
0.9999873905357316	0.33350584943004025	7.193870193489254E-4	0.5156324647007956	0.5000107669674109	0.500019816497795	0.5000163641806273	0.499987727367998	0.5000245331481384	
0.9999835669980679	0.16663259328387714	0.9999820622370451	0.9999432344803253	0.5000040504171337	0.49999494007791856	0.5000170575400547	0.4999776613305081	0.5000398733983046	
0.9999997035474711	0.16675597941970255	0.9998236882003638	2.9093175287723993E-5	0.5000072900549261	0.5000179510762853	0.5000142145201708	0.49998640342101475	0.5000207531020447	
0.9999859695791877	0.16663259328387714	5.663414789073871E-4	0.9893256722318218	0.5000070519197305	0.5000167619957053	0.5000179015238316	0.49998287635810257	0.5000195766327605	
0.9999997190457176	2.3656264213152833E-7	0.5375918205960151	0.4326765069911153	0.5000050521945536	0.5000161673029685	0.5000178520874645	0.4999792216240275	0.500019440482489	
0.8333232806373421	0.9999979010228445	0.9999862830930734	0.9999976811626639	0.5000106133468198	0.49999528999426845	0.500016763515921	0.49999449535197443	0.5000196732914521	
0.8333192775309675	0.9999942204389458	0.9999989435452542	0.7999648409536864	0.5000054718530413	0.4999945425713689	0.5000135920828647	0.4999894063245285	0.5000200065877403	
0.8333173016087526	0.9999962630943151	0.9999999058532644	0.6001025512147026	0.5000078008641342	0.4999930147558001	0.5000169688292482	0.4999872702292782	0.5000201738461485	
0.8333338926280338	0.999999631696975	0.9999999477483016	0.4000022039732996	0.5000088335354365	0.5000180237250822	0.5000136001644876	0.49998721136773167	0.5000200547367876	
0.8332994882577933	0.9999938064937206	0.999991613206163	0.20001632973971817	0.5000096388975758	0.4999962708280952	0.5000166539781782	0.49998762812071473	0.500020418578702	
0.8333347731586463	0.999996897646261	0.9999981859653574	3.151494697212613E-6	0.5000107215540428	0.4999950264906635	0.5000197268102242	0.49997963594257794	0.5000208675816961	
0.8333365942008659	0.9999981223110941	0.8000000077236846	0.9999987215744456	0.5000078382124435	0.4999928953817583	0.500016766786057	0.49998405796395523	0.5000195997121979	
0.8332867985187262	0.9999993511447524	0.8000001114763616	0.7500335731610637	0.5000077867110256	0.4999929952245931	0.500013683021847	0.49998924474473844	0.5000209557354253	
0.8333258041388178	0.9999997983725007	0.8000011087255203	0.49992267548999114	0.5000088262307257	0.49999539783779906	0.5000126751429304	0.4999893411988	0.500020863870361	
0.8333256760529781	0.9999949040237499	0.7999466145969568	0.24992345202600486	0.5000040884434581	0.49999571175958546	0.5000101946783396	0.49998570260600794	0.5000191979540013	
0.833324371974058	0.9999950302841166	0.7999466139468587	3.1848615241133825E-6	0.5000102450450737	0.49999584791919266	0.5000138624440069	0.4999837349353158	0.5000210206710879	
0.8333705222454695	0.9999940880679082	0.5999868471027784	0.9999996813150116	0.5000078501537095	0.4999941328418864	0.5000122424930595	0.49998924082613183	0.5000376239347671	
0.8333655832259819	0.9999844565718664	0.5999875802458892	0.6667044496072441	0.5000068292634904	0.4999933779057531	0.5000098373049737	0.4999906779279882	0.5000211508332173	
0.8333243389366451	0.9999843542816373	0.5999629196271544	0.3333672688806573	0.5000056038584685	0.49999493143865303	0.5000097014832562	0.4999793210935508	0.5000234680675387	
0.8333178002114994	0.9999949804900237	0.5999615439886622	2.863009447693543E-6	0.5000096969506822	0.4999958396045245	0.5000126147846804	0.5000390074231289	0.5000200825333101	
0.8333730035580086	0.9999429298934875	0.4001690591160382	0.9995901862664649	0.5000089071299476	0.5000164383747089	0.5000122598525241	0.49999171044379814	0.5000391380843988	
0.8333254048647796	0.9999812824556693	0.4000008443839124	0.500060510047083	0.5000069246737768	0.4999950423814265	0.5000099202041053	0.49999185828863885	0.500021394028635	
0.8333177200573807	0.9999995323386253	0.40000124673632687	1.8387823644218894E-6	0.5000070910322237	0.5000184182991304	0.5000191602786286	0.49998150957269627	0.5000217892546203	
0.8333757238594269	0.9999999805334607	0.20008718473380904	0.9994672122256357	0.5000068986956769	0.49999492107483506	0.5000133698923748	0.4999785798183208	0.5000212050376521	
0.8333752580112429	0.9999702231141043	0.2001148932365257	1.732808188802224E-4	0.5000067802173022	0.4999947407180817	0.5000191511695364	0.4999813032136791	0.5000218115131732	
0.8333125693142178	0.9999964202770548	6.196180636179929E-6	0.5771608159952075	0.500006898630625	0.49999583215309695	0.5000138188763684	0.4999825735922238	0.5000217910465933	
0.8333204995365207	0.799986577436697	0.9999988545772333	0.9999998960989153	0.5000071260057523	0.4999952661977685	0.5000138074030662	0.49998932110865	0.5000196489723909	
0.833325774272262	0.8000129470938347	0.9999988476557649	0.7499383474935108	0.5000054097706017	0.4999952492824431	0.5000136008848776	0.49998939995868963	0.5000198434906107	
0.8333264309137658	0.7999393718849812	0.9999997479153597	0.5000013816766308	0.5000052910094304	0.49999442620985757	0.5000169753951776	0.4999893121288839	0.5000199973231403	
0.8333234698845505	0.8000131764974519	0.9999999978525511	0.249949194850077	0.5000071961080441	0.4999933237554253	0.5000165803571837	0.49998924098706415	0.50002013998575	
0.833323886025844	0.8000118098300406	0.9999970651688119	2.2223726374417292E-6	0.5000099915240119	0.4999959741492009	0.5000101879930343	0.49998705879811073	0.5000202678567746	
0.8333369150027241	0.7999872324148749	0.7500016445223296	0.9999998982288022	0.5000080837802078	0.49999427237677196	0.5000138002060457	0.4999837303028379	0.5000228906222532	
0.8333267897243927	0.7999874222511383	0.74993930956023	0.6667047410810778	0.5000055132050524	0.49999478162946	0.5000136008052224	0.49999476029668755	0.5000229586432344	
0.8333253334355939	0.8000125634044335	0.7499994420038842	0.3333699842980989	0.500003978817249	0.49999557819989077	0.5000131010528392	0.4999819609639883	0.5000212272296914	
0.8333388358934558	0.8000122245617511	0.7499994329432438	7.87218877752142E-6	0.5000076220708886	0.49999545233993326	0.5000135396359516	0.4999848112393358	0.5000205897721921	
0.8333260424766414	0.799987342276104	0.49999495740925415	0.9999998875374093	0.5000053707420844	0.4999946239154527	0.5000190116011692	0.4999831717470837	0.500019544025462	
0.8333234715162455	0.7999886182084412	0.49999787834842646	0.4999358912790583	0.5000078294871964	0.4999956895699504	0.5000089681937075	0.4999849463900353	0.5000211198469784	
0.8333239396538449	0.7999892314588114	0.5000348898173052	6.910615281422842E-6	0.5000071923316557	0.4999955299720531	0.5000134115110597	0.49998851835991187	0.5000211082547382	
0.833370245149656	0.8000118155613475	0.2501860577007886	0.9996550057265359	0.5000108722663396	0.499994971508171	0.5000168936318192	0.4999803165650012	0.5000210126037353	
0.8333702958236162	0.800011808041307	0.25018637345976835	4.2602351320766667E-4	0.5000108634135245	0.49999794932511665	0.5000182240993573	0.49998031517614283	0.5000210780571065	
0.8333707569091887	0.8000118476118702	4.7541054933695286E-5	0.9982092982825141	0.5000069395238604	0.5000180953376662	0.5000138518474327	0.4999916607079705	0.500026675227241	
0.8333337417710013	0.5999987833274738	0.9999995735557162	0.9999964224920347	0.5000107949850149	0.4999959985231939	0.5000178528806933	0.4999860703948028	0.5000253532218806	
0.8333263708630718	0.5999992401264039	0.9999967506554716	0.6666973859560567	0.5000088380845037	0.4999947811537732	0.5000141503443083	0.4999864520798528	0.50002084305145	
0.8333737234323011	0.6000025361847899	0.9999055879995439	0.333368822328397	0.500007027301837	0.49999581669895377	0.5000110660069218	0.500047772855854	0.500021367940906	
0.8333256654689682	0.5999834340452667	0.9999960534228636	2.269091491817223E-6	0.5000040170443205	0.499994960682301	0.5000139570055994	0.4999857077280988	0.5000210540212318	
0.8333284469552364	0.5999929409845317	0.6666466338294647	0.9999998102023141	0.500005747393619	0.4999977526812428	0.5000176124880039	0.49998399899449447	0.5000373809788886	
0.8333289531513932	0.5999929351439929	0.6667065092666591	0.4999358903006829	0.5000071904327351	0.4999954748074013	0.5000103688736043	0.499989288809224	0.5000207011309574	
0.8333324851560594	0.5999928497270054	0.6667065085422672	8.286649845864945E-5	0.5000078600954846	0.49999547457022187	0.5000171616925034	0.4999887105573091	0.5000207465915526	
0.8333259900796841	0.5999808287867112	0.3333766157456851	0.9999999682548121	0.5000056651286003	0.4999937788062355	0.5000133228866966	0.4999826296329294	0.5000212864883307	
0.8333259903395313	0.599980531373857	0.33337682706467303	1.1483495284309294E-4	0.5000055166807837	0.49999439164100684	0.5000104249561615	0.49997839663423077	0.5000183112006868	
0.8333325153507295	0.6001026961939594	1.7568537677296533E-4	0.5303928076544249	0.5000069930191067	0.4999935443975498	0.5000176028354305	0.4999881653023907	0.5000376075391508	
0.8333309300516838	0.40001985603878115	0.9999944765658133	0.9999965996681506	0.5000056574817057	0.4999939914864869	0.5000179684078263	0.49998587099021086	0.5000215053203082	
0.8333284622618023	0.40002862503488024	0.9999561274600312	0.4999587957840567	0.5000053557179246	0.4999967813611467	0.5000179224649013	0.49998267613399433	0.5000194671526079	
0.8333700194876102	0.4000278180175186	0.9999598503536001	2.0070322481916225E-4	0.5000078473905237	0.49999472752739765	0.5000176538068196	0.4999799225339852	0.5000398098912517	
0.8333308479919723	0.40002489623182147	0.500027047882405	0.9998156932712059	0.5000054084565317	0.4999939391436136	0.5000138411242735	0.4999913744151678	0.5000249316007761	
0.8333323522520035	0.40002489614819386	0.5002158356668224	3.447954696672195E-4	0.5000061936901602	0.4999942501620901	0.500017089288486	0.49998662768624735	0.5000189294661256	
0.8333323505963878	0.40002341915877204	2.5111012592314477E-5	0.5569550767659761	0.5000062597347927	0.49998918468233056	0.5000168395357948	0.4999883262574007	0.5000389142132512	
0.8333853773871804	0.20047178936003593	0.9994157605904301	0.9984957966155269	0.500009719177539	0.4999929259160086	0.5000177846881197	0.49998748466276094	0.5000392190430287	
0.8333853370458124	0.20047217729988676	0.9994171484115976	9.790792035343499E-4	0.5000050655486279	0.5000200545260524	0.5000141877811428	0.49998740876211073	0.5000202786312112	
0.8333883313819649	0.20047193410937755	0.0024729549918763027	0.5295364995036234	0.5000054087297734	0.49999407390930417	0.5000138396316813	0.49998661441851505	0.5000392869953202	
0.8333308120590509	4.082567110890928E-7	0.497428156487822	0.4623552258970137	0.5000053708258972	0.4999969791147572	0.500017914039116	0.49997736986530783	0.5000194373588936	
0.6666784264966638	0.9999906016047695	0.9999896790099941	0.9999920442484812	0.5000070071868838	0.49999306232002455	0.5000138739272312	0.4999944958058565	0.5000190836117682	
0.6666776659486355	0.9999936752890004	0.9999833317148837	0.7500102136429753	0.5000064591241015	0.499995856753605	0.5000131754779833	0.49998894398571003	0.5000232013944135	
0.6666779373043676	0.9999991748187351	0.9999831261010012	0.5000071213016231	0.500008827842227	0.49999531111126266	0.5000131376822201	0.4999872075159973	0.500021241428875	
0.6666609212533505	0.9999971829650061	0.9999999305786668	0.249989937742857	0.500007687667231	0.499994979111875	0.5000102694701033	0.4999795836328287	0.5000213348955218	
0.6666597200420656	0.9999936650882248	0.9999987925693973	3.975990110549805E-6	0.5000072053354416	0.4999955422592952	0.5000138914584763	0.49998165207137424	0.5000213389800864	
0.6666781848463607	0.9999902862400516	0.7500957413069259	0.9999920269967861	0.5000085120631624	0.4999930966212505	0.5000102306204118	0.4999907281356042	0.5000266977974338	
0.6666630164363712	0.9999962150120534	0.7499945563363818	0.666674674734236	0.5000053573453089	0.4999934091065807	0.5000101505642304	0.4999906153812821	0.5000264120799939	
0.6666626130078108	0.999992201132538	0.7499989866738742	0.3333550455093983	0.5000061826027421	0.49999497385444747	0.5000135515273656	0.49999202262765463	0.5000206317057814	
0.6666626130078108	0.9999936619529315	0.7499988707281409	3.9833294709623014E-6	0.5000061826027421	0.49999513724866296	0.5000135515273656	0.4999920681888468	0.5000206317057814	
0.6666628440910746	0.9999946426875044	0.5000310781902596	0.9999964783258635	0.5000099613064342	0.5000174569287275	0.5000124146610004	0.49998393490008064	0.500023292379553	
0.6666615588391965	0.9999990229863471	0.49999784216516546	0.49983697150777734	0.5000071221016569	0.5000218785969868	0.5000136548042141	0.4999799956658823	0.5000232903917888	
0.6666623992292162	0.9999985235808401	0.5001366338681603	4.008703934377513E-5	0.5000077186000554	0.4999971412863945	0.5000120941842756	0.5000451722463419	0.5000211530908533	
0.6666618262571805	0.9999992843980493	0.2499147200852935	0.9998869201304995	0.5000071416956835	0.49999434088744416	0.5000132772136279	0.4999917145162775	0.5000232062019265	
0.666661825771042	0.9999994883997358	0.24991603221203912	5.1236299556811074E-5	0.5000071376317969	0.49999402203459675	0.5000131002423718	0.4999819705632102	0.500023358536659	
0.6666795791658032	0.9999947291161139	4.150066061360948E-5	0.6777177473944143	0.5000071414946082	0.500022170716344	0.500012125129563	0.4999849777926775	0.5000231511392742	
0.6666637038307778	0.7500261189068498	0.9999998776437303	0.9999876582789995	0.5000052948582308	0.4999942352520489	0.5000192071011632	0.49998405252754385	0.5000199714466245	
0.6666802059427046	0.750025504527372	0.9999846984690264	0.6667097309701161	0.5000054412972516	0.4999902402133026	0.5000130537255822	0.4999854661212068	0.5000203642596079	
0.666658693463403	0.7501364364167968	0.9999837349716775	0.3336480034686008	0.5000064486756127	0.4999958592342631	0.500010290223638	0.4999888310881793	0.5000208011645566	
0.6667412105544605	0.750078618540753	0.9999294733673676	2.3678983359819603E-4	0.5000079156049717	0.49999680819232784	0.5000104138040397	0.49998037822302055	0.500020336953913	
0.6666648499717832	0.7500258316974152	0.6666638171938606	0.9999918005673009	0.5000099327478335	0.4999931578120332	0.5000123259277934	0.49998626647337935	0.5000147166330662	
0.6666657490868526	0.7500264323612755	0.666663822317303	0.499973276830793	0.5000063774055157	0.4999954413553749	0.5000102106660267	0.4999864699246445	0.5000202898255511	
0.6666624739035826	0.7500580767814491	0.666655433889543	3.8109827705752174E-5	0.5000066992044414	0.5000172389939864	0.5000135406942283	0.499991784124776	0.5000206154695139	
0.6666636970389003	0.7500569509911423	0.33337730251707476	0.9998478005947516	0.5000097401257977	0.4999913405741255	0.5000190991459631	0.49998370841645673	0.5000222971804422	
0.6666636599552673	0.7500569315497714	0.3333800086528821	4.313368733523595E-4	0.5000097402928465	0.49999137469547705	0.5000143379304302	0.4999780091528495	0.5000265567121225	
0.6666618298956554	0.7500580095738307	3.1829146071500906E-6	0.006252343953634554	0.5000083431696931	0.49999406056376394	0.5000130245441733	0.5000462490810863	0.5000233955673432	
0.6666762640526518	0.500012036075825	0.9999411091091531	0.9999922117580984	0.5000106048419282	0.49999357137859685	0.5000185853422271	0.4999859028760018	0.5000201539806793	
0.6666773333953198	0.5000347208753733	0.9999300335206496	0.49996299205520417	0.5000077104240096	0.49999551534843606	0.5000131034656141	0.49998211544990173	0.5000205463214766	
0.6666796583906197	0.5000347170054869	0.9999289134591444	1.1774411872088848E-4	0.5000077105002243	0.49999552302928485	0.5000131039917298	0.49998568833808915	0.5000204576636246	
0.6666796564329807	0.5000823961316564	0.5002038707167441	0.9997046600963864	0.5000053650969956	0.5000166215162847	0.5000099866484465	0.49998091290632163	0.5000236271812153	
0.6666805118105072	0.4999898298962432	0.5001807507993172	4.3376338327340085E-4	0.5000064334857391	0.4999969291014954	0.500010256688907	0.49998047533408424	0.5000210787786552	
0.6666804496187986	0.500011558701044	2.222744108299282E-5	0.49195437501009437	0.5000100533740512	0.49999562338699144	0.5000123465822581	0.49998043077580206	0.5000144637283799	
0.6666799622025176	0.2503636345504717	0.9999917554857203	0.9985781812804524	0.5000068193894827	0.4999957324366155	0.500020476837714	0.4999801486510442	0.5000390067210256	
0.6666792467480539	0.2503636345504717	0.9999978645089317	9.751100943047875E-4	0.5000068123025363	0.4999957324366155	0.5000122281721406	0.4999801486510442	0.5000207741857662	
0.6667465447975834	0.25047433374105493	0.0015608827365095504	0.625892408828784	0.5000100453488124	0.4999947544695871	0.5000123450324204	0.4999780570940796	0.5000203728315163	
0.6667094613205369	3.112390498778063E-5	0.3829833506266882	0.02991555916156452	0.50000626413186	0.49999421238361785	0.500017917881442	0.4999865917205923	0.500018937476681	
0.5000084692200549	0.9999909056014274	0.999956534840661	0.9999852981944605	0.5000070636916925	0.4999941007866655	0.5000170120670191	0.49998400489210293	0.5000222646997732	
0.5000314349250657	0.9999944294548847	0.9999517320636526	0.666706402868053	0.5000078836513174	0.5000209194170493	0.5000140549631672	0.4999893055113325	0.5000208572708731	
0.5000211978431651	0.999833131517904	0.9999997073739608	0.3333736737862362	0.5000100230786629	0.49999518598784326	0.5000117475828192	0.500047777576866	0.5000201334397526	
0.5001524099262009	0.9997708726550766	0.99998775030911	9.241828938200188E-5	0.5000076891685773	0.4999955712922094	0.5000102610770727	0.49997561718055783	0.5000212248454764	
0.5000313879132675	0.9999060474314694	0.6666633907263363	0.999999263864308	0.5000077266482684	0.49999505431070523	0.5000133993778586	0.49998646742199554	0.5000263325732346	
0.5000313121833345	0.9999685390745083	0.6666533812577599	0.49997528808919384	0.5000066173585799	0.4999951811798206	0.5000117160557533	0.4999816431089538	0.500020140244041	
0.5000214566981251	0.9998249679709428	0.6667127763574198	9.279167592239829E-5	0.5000070051101503	0.4999959240660127	0.500013350207171	0.4999815033999136	0.500026517376917	
0.5000291548157234	0.9999648867529821	0.3334265733364904	0.9999964042058227	0.5000056834213219	0.5000165163297928	0.5000133997285199	0.4999865080216431	0.5000262967125425	
0.500029601505563	0.9998345936245707	0.33363427071230045	3.8498844379747377E-4	0.5000057079134452	0.4999933522262895	0.5000133073529299	0.4999865915825262	0.5000266127289404	
0.5000313860233665	0.9999685438025184	2.659410998365754E-4	0.996358263018724	0.5000065631742981	0.49999518164496254	0.5000117394253099	0.4999816941414396	0.5000392329858215	
0.500009862601019	0.6667925872442872	0.9998488512490825	0.9999835995694242	0.5000070348213933	0.4999953678955672	0.500009605247214	0.4999913381941516	0.50002112348942	
0.5000098639082116	0.6667925872531758	0.9999460300149682	0.4999726710474828	0.5000078988782871	0.5000166576612854	0.5000096919484903	0.4999892909115015	0.5000210128128457	
0.5000540108613303	0.6667978640880532	0.9999481932990456	1.993986117693073E-4	0.500007824175569	0.500015225512845	0.5000104846218656	0.4999800176491551	0.5000207513464267	
0.500008225427269	0.6667930802706172	0.5001702555897404	0.9998472068926768	0.5000070364185908	0.5000170412054117	0.5000101140251216	0.4999799274789887	0.5000210227574416	
0.5000320893464442	0.6667932173544175	0.5001814214373078	3.0637099784922885E-4	0.5000068978476477	0.5000170238587034	0.5000102751017911	0.49998140994808243	0.5000214309677117	
0.5000320867082012	0.6667932080057813	2.6581370444563816E-4	0.5450794936164488	0.5000071008187682	0.5000225629679175	0.5000102679882346	0.49998142354521413	0.5000214713689021	
0.5002096694354068	0.33443991393851413	0.9989498226576563	0.9983075875306184	0.5000078329138531	0.5000170256596203	0.5000119615727509	0.4999799175718912	0.5000398439290032	
0.5004910138240519	0.3344400665659998	0.9991039471849804	0.002541141318827951	0.5000077514121583	0.49999566518716876	0.5000131557148436	0.4999864250955217	0.5000205981761674	
0.5000307336088018	0.3334119015022832	2.6601738893571985E-4	0.5521852508423621	0.5000092408760864	0.4999975829649497	0.5000099949150986	0.5000469471426582	0.5000204064270132	
0.5000654015888603	1.0399774958019803E-4	0.5013846862938092	0.9753391403832917	0.5000052855326584	0.5000227068624741	0.5000179627618954	0.49998953280030917	0.500021287511358	
0.33371506904516957	0.9996428113185514	0.9996700497165186	0.9992960255977724	0.5000070366628719	0.49999235037856943	0.5000132446609638	0.4999861459737742	0.5000208702823867	
0.3337150984855625	0.9996427935663886	0.9996632915270831	0.4999735589023701	0.5000077651105391	0.5000190878032399	0.50001015672873	0.4999864702540564	0.5000229595883108	
0.3337136848102618	0.9997644109103686	0.9996451606461101	8.946610786021395E-4	0.5000070484663771	0.4999931459065715	0.5000201619121604	0.4999852406012192	0.5000202977355657	
0.3332282629335046	0.9999892122860464	0.5001711023127289	0.9998474489058871	0.5000070459367515	0.5000196986042544	0.5000097180583329	0.4999889075741271	0.5000253172477258	
0.33371406175041113	0.999764402560669	0.5010319993651666	0.0025346103884758544	0.5000076770855524	0.49999570732652404	0.5000102659389656	0.4999851461835985	0.5000213677967973	
0.33371376681069814	0.9993734220255986	8.217779404547376E-4	0.5126431797090443	0.5000083285286019	0.49999427718306716	0.5000102826703017	0.4999899290912848	0.5000211559511214	
0.3337150669002592	0.5004596857036915	0.9996389355084091	0.9991256877852089	0.5000070361909718	0.5000183511118422	0.5000101507244882	0.49998556739703987	0.500022651071589	
0.33333910619963886	0.500468550167954	0.9996508832083102	4.5295035758866086E-4	0.5000070276772302	0.5000210747338084	0.5000099147172693	0.49998642715196406	0.5000234567022136	
0.3337150307816682	0.5004590888639726	0.001863974349021575	0.6200733872340269	0.5000065985260446	0.5000184316388047	0.5000099668428819	0.49998571860354285	0.5000400758229836	
0.33355179100266763	7.254029100757633E-4	0.5225842394939209	0.4999128352734808	0.5000068668449741	0.49999312716525895	0.5000098411941426	0.49998200841121654	0.5000203139706342	
0.16650833215217148	0.9999098876141218	0.9999456012489397	0.999847864258617	0.5000061547861429	0.4999949033221202	0.5000097501473433	0.49998931481594033	0.5000263376291085	
0.16649499643557464	0.999909260892266	0.999983825187664	3.794733786916709E-5	0.5000070413916481	0.4999958952706774	0.5000200061477283	0.49998472662369164	0.5000400229313503	
0.1674260804318011	0.9988949925347398	0.0018826299683280937	0.5058563104108871	0.5000071653059056	0.4999942761623779	0.5000097589517368	0.49998950207509224	0.5000235273706344	
0.16705924006461187	0.002181835845431982	0.5133596702836963	0.4486624606149272	0.5000070286403301	0.4999956336201315	0.4999641990040039	0.49998472726378707	0.5000265464397502	
3.377249815916805E-8	0.9996344843837637	0.004935493837802896	0.9920237397477658	0.5000061779744034	0.4999945597698674	0.5000126216744242	0.499977183588546	0.500026260287636	
