0.999998164688143	0.9999794648306499	0.9999986087361511	0.9999970331300102	0.5000003057168231	0.5000029543097078	0.5000075007961916	0.49999119573169454	0.5000006464856286	
0.9999929638815169	0.999987787969472	0.9999948602855883	0.8333169531767068	0.49999999054913813	0.5000019220675983	0.5000073684780653	0.4999913240100416	0.5000003487987507	
0.9999989031453246	0.9999933900492878	0.999973529335766	0.6667938190583433	0.5000003782677951	0.5000016792759586	0.500007272883813	0.49999188727735433	0.5000012037587096	
0.9999984449773957	0.9999970691482344	0.999974067101473	0.5000009271436776	0.49999935478162116	0.4999613304013669	0.5000037820549459	0.49998996247430405	0.5000011520206241	
0.9999966536765958	0.9999984987719371	0.9999802062969223	0.333319907765667	0.49999999382505117	0.5000024315547731	0.5000066580013938	0.49999286931716563	0.49999865165159	
0.9999987791629698	0.9999871388455382	0.9999954313262603	0.16664723615502153	0.5000005054749901	0.5000016582855467	0.50000668530925	0.49999127626260087	0.4999981222863205	
0.9999644303652759	0.9999952906920582	0.9999956757402266	2.577327613572622E-6	0.4999957988062544	0.5000043436202981	0.5000051770803995	0.49999132360148063	0.49999890591595725	
0.9999913290837299	0.9999877267309606	0.8333337582342317	0.9999894892157526	0.4999992750724025	0.5000070683165854	0.5000052760909025	0.49999223702630113	0.4999995687288785	
0.9999976626840156	0.9999770067008648	0.8332556754190453	0.7999940702149947	0.5000003385697914	0.500005865904843	0.5000052563697792	0.49999214512282913	0.5000036672896008	
0.9999928137331408	0.9999915164394169	0.8333337452683207	0.600019778145057	0.5000003770807482	0.500001652172834	0.500005328427072	0.499992170547726	0.49999840082859615	
0.9999970967788399	0.9999975763535461	0.8333420136381653	0.3999689127370834	0.49999987231276105	0.5000022521504482	0.5000066358959687	0.49999259933787915	0.49999818487722686	
0.9999973702636543	0.9999934686260405	0.8333420156275422	0.20000879847742445	0.500001386831289	0.5000010169177598	0.5000067080128402	0.49999266535307274	0.49999865755043293	
0.9999969974956817	0.999993312398016	0.8333302304200901	1.3161645809031377E-5	0.49999998050876837	0.5000008888000528	0.5000068194067503	0.49999271541328655	0.49999886526908693	
0.9999736711608661	0.9999732704396829	0.666555485519445	0.999999792044337	0.5000006187777041	0.5000055552593381	0.5000052531689267	0.4999924264233549	0.5000039281228703	
0.999997619260524	0.9999908780694065	0.6666579792388037	0.7499994018636991	0.499999961046739	0.5000023085563481	0.5000073842053521	0.4999921827026914	0.4999975339073632	
0.9999731575046741	0.999997779898813	0.6666573967210729	0.500013083094747	0.49999998267097195	0.5000022407094024	0.5000069478466325	0.4999902394816002	0.4999984277374068	
0.999998355790836	0.9999916632781788	0.6666784898330486	0.25002493955391314	0.4999996770801404	0.5000029544361582	0.5000067586827476	0.4999907791463246	0.4999986773400602	
0.9999879358482059	0.9999873406248578	0.6665266603847131	4.479594584739008E-6	0.5000002892287736	0.5000016574913	0.5000066891019044	0.49999059356081826	0.5000006943917404	
0.9999929069810147	0.9999857892432747	0.5000231825849727	0.9999320085515083	0.5000006721350657	0.5000021738725947	0.5000052356263998	0.4999901887578167	0.5000025305975104	
0.9999940836778346	0.9999965202207004	0.5000203960632353	0.6665964452929388	0.5000006175054279	0.5000022398833145	0.500005000608805	0.4999901747626269	0.49999942825913285	
0.999994083520319	0.999984570153328	0.4999812269745864	0.3332365155856808	0.5000005891576692	0.5000003282442789	0.5000050089570183	0.4999927242643782	0.49999952235863865	
0.9999818752357272	0.9999885794320666	0.5000067544215774	7.518533951530402E-6	0.5000002977298645	0.5000028210850896	0.5000048552062678	0.4999905976911502	0.49999837915602974	
0.9999913794700627	0.9999856451611141	0.3334586451293405	0.9999229994225395	0.5000002622480071	0.500003664246486	0.5000040451115808	0.499991836714578	0.5000022776359078	
0.9999789156592342	0.999981402015548	0.33347687651280317	0.4999446647582958	0.49999937592497823	0.49996178154948323	0.5000038817215453	0.4999912258159638	0.49999834499155815	
0.9999818848483195	0.9999948582694755	0.33346761643137246	3.20653573996188E-4	0.5000011733227628	0.5000023186734905	0.500003947259321	0.49999075492109346	0.49999956912156635	
0.9999991090629224	0.9999990863593256	0.1666489421707919	0.9998728314358821	0.4999998942421675	0.5000022542277782	0.5000033998818424	0.49999072752357127	0.49999903257961065	
0.9999985059545872	0.9999927323424738	0.16664894032729238	3.388172564354545E-6	0.4999992650859051	0.500000883100152	0.5000039088867826	0.4999908515981383	0.4999985472909883	
0.999994846904969	0.9999817721669676	2.772011814761402E-7	0.499185201837715	0.5000002279066423	0.5000002508961271	0.5000052925998832	0.4999912057618354	0.4999983540292171	
0.9999991116886715	0.8333773102687954	0.9999895693019057	0.9999656221698711	0.5000005679938256	0.5000041492851772	0.5000101696425786	0.499990593305879	0.49999859717617917	
0.9999975841649535	0.833348324188073	0.9999880604250506	0.7999938841414062	0.5000003248811729	0.5000059479858132	0.500006814273909	0.49999041068745714	0.4999996371740643	
0.9999965375834909	0.8333481489379122	0.9999948906989369	0.6000218408816794	0.5000007160439414	0.5000020866212112	0.5000068781145262	0.49999191702512036	0.49999965132689356	
0.9999992058322167	0.8333408944763727	0.9999948719194452	0.4000193254918115	0.49999975532919577	0.5000012247983154	0.5000051137677609	0.49999267353745136	0.5000028074194883	
0.9999992507350519	0.8333410054974838	0.9999954314757046	0.20000879078575393	0.49999998326100775	0.5000010192234904	0.5000066851212664	0.49999267458628477	0.5000001361268885	
0.9999917311165838	0.8333441428567079	0.9999351804944703	2.302262923085012E-5	0.49999973720580704	0.5000019744988946	0.500006611686906	0.4999905784797161	0.500000159551974	
0.999999472563394	0.8333409804424771	0.800006745205132	0.9999973742241018	0.500000296527518	0.5000024789144346	0.5000052530085415	0.499990781945407	0.4999998263720909	
0.9999929172165626	0.8333529011732785	0.8000065131115074	0.7500018829132862	0.5000000480971242	0.5000027377537872	0.5000052192009422	0.49999198404963546	0.5000011533021995	
0.9999992651533556	0.8333393837945072	0.8000074101042248	0.5000043486370805	0.4999999966418463	0.5000024746417266	0.5000052033320584	0.4999904226361861	0.4999998192213372	
0.9999988425441785	0.8333361240386061	0.8000171577066794	0.2500086035450922	0.4999992848968004	0.5000015556829845	0.5000033557330916	0.49999274544760863	0.4999987530261126	
0.9999984371454199	0.833344181918089	0.8000153887441344	1.1064788377241919E-5	0.5000001621680614	0.5000016144105998	0.5000065944099474	0.49999272417287766	0.49999887409830274	
0.9999920279148121	0.8333354296855275	0.6000145093093998	0.9999769828144223	0.5000017875094266	0.5000018815176015	0.5000073500902977	0.4999924067302828	0.5000042077316047	
0.9999985945435661	0.8333519436158192	0.6000091038099349	0.6666085099218024	0.49999907484018913	0.5000033613152177	0.5000072846848288	0.4999926868087523	0.5000022484172825	
0.9999945705053489	0.8333418751830016	0.6000125533183764	0.3332381062160248	0.5000017665287497	0.5000033619508057	0.5000051001788238	0.499991979638901	0.4999988860667869	
0.9999818937231172	0.8333450793943826	0.6000129116130881	2.0199605598843597E-4	0.4999999007276104	0.500002945305812	0.5000048877459267	0.49999258941604985	0.49999842861845256	
0.9999913471812785	0.8333634219406645	0.4000495014480701	0.9999341201933128	0.5000006188851333	0.5000055569107257	0.5000052357984892	0.4999923861000963	0.5000022962238373	
0.9999913401982855	0.8333455156324835	0.40008897818609773	0.49993385792708334	0.499999962576121	0.5000016044872312	0.5000033767736527	0.49999179987577136	0.4999990719467534	
0.9999939423242747	0.8333348816707846	0.40008842912643217	1.6055554216662778E-4	0.4999997485224862	0.5000035581883315	0.500005354731394	0.49999198201223816	0.5000029555345055	
0.9999913615950211	0.8332870978719401	0.20001099423699553	0.9999308388183699	0.5000013700914429	0.5000036703427655	0.5000033535061917	0.4999905481119384	0.50000225126817	
0.9999992534081078	0.833349871866816	0.20000034638488265	7.132325168064185E-6	0.5000013425787329	0.5000059774225082	0.5000040933997706	0.49999073294408936	0.49999890146649845	
0.9999987306370376	0.8333344393362397	6.740727328621476E-7	0.9999400390186564	0.5000006306399706	0.5000024250756936	0.500005287785174	0.49999185013307834	0.49999882832503506	
0.9999920447226308	0.6666155357868551	0.9999895405530784	0.9999663855438602	0.5000006335764388	0.5000041514134812	0.5000074170849255	0.49999212807413024	0.49999972824822486	
0.9999921263225543	0.6667104318866919	0.9999737645983306	0.7500018797057523	0.5000000107251205	0.5000030430505867	0.5000052329085057	0.4999918088475951	0.4999997544923968	
0.9999921585526585	0.6667370389038435	0.9999727020876645	0.5000043111914031	0.5000008327504674	0.5000015822752485	0.5000068360940025	0.49999222495832263	0.49999860875550617	
0.9999984814203036	0.6667363952445706	0.9999724520415861	0.2500474417119204	0.5000001350679132	0.5000004594146441	0.5000066652484373	0.4999908062257614	0.5000005008771009	
0.9999820502681145	0.6667370767302921	0.9999343486607966	8.342362362565244E-6	0.500000136620411	0.5000003075115994	0.5000059633784332	0.4999927170168411	0.500000167475538	
0.9999903532219759	0.6666166589592134	0.7499951497413574	0.9999766654603404	0.5000003094088706	0.5000066493833392	0.5000049476167426	0.49999209299402253	0.4999997026543633	
0.9999910349785359	0.6666142005320534	0.749997072240077	0.6665816977539915	0.5000023211967619	0.5000003002155701	0.5000043460864829	0.4999918096261974	0.49999952140109083	
0.9999922032865368	0.6666215393218043	0.7499954979922945	0.33335302910723896	0.5000000141465624	0.5000002984555079	0.5000064848743573	0.4999927123656479	0.49999887396883946	
0.9999823335102606	0.6667375606901834	0.7500623644365378	1.7797973492195176E-4	0.49999988630875986	0.5000035276432107	0.5000049445388836	0.4999911834470022	0.49999874578494924	
0.9999921455176581	0.6667091918270767	0.5000211574504997	0.9999771607533523	0.5000003664913819	0.5000010316948852	0.5000052480462958	0.49999226837241745	0.49999907678250227	
0.9999904405534722	0.6666197575217884	0.49999109809031195	0.49993385764246273	0.4999990871660461	0.5000033091670103	0.5000035583978676	0.49999267837109773	0.5000005965684772	
0.9999984505965064	0.666619755483891	0.49999124660657934	4.546084845551595E-7	0.5000025897790966	0.5000036160426208	0.5000036127681075	0.4999920128540536	0.4999982891042456	
0.9999897648555558	0.6667745111635056	0.25004083594620746	0.9999673528232701	0.4999993410378991	0.5000033100050513	0.5000067257959625	0.49999183969303934	0.4999983379074921	
0.9999924746855037	0.6667657585506455	0.25021885669892396	5.624796566352298E-4	0.5000013765531706	0.500003482529207	0.5000066903568505	0.49999133545873264	0.49999835397453873	
0.9999925031261332	0.6666294066843115	6.106648391358209E-7	3.960811770454299E-4	0.499999177909304	0.500000243896114	0.50000403709278	0.4999908254731285	0.5000076015337049	
0.9999904738125384	0.5000852208947909	0.9998971634275626	0.9998744969293674	0.5000001954422273	0.5000067324277483	0.5000051613040054	0.4999920835320472	0.4999994667353069	
0.9999922096161965	0.5000671220206782	0.9999518436262884	0.6667028706848661	0.49999994499479056	0.5000021631388755	0.5000053887141168	0.4999921329345038	0.49999981570035174	
0.9999637479252954	0.5001124744390022	0.9999725877723123	0.3333102296063925	0.4999999991091046	0.5000034748346195	0.5000054011877071	0.49999203399561093	0.4999988905651423	
0.9999642336492593	0.5001387144158868	0.9999338367823392	2.931545788294014E-5	0.5000001232780129	0.5000035132556917	0.5000058457114485	0.4999910593853331	0.500000186143421	
0.9999664298494142	0.5000835413294186	0.6667839841102499	0.99997667820009	0.49999908199075366	0.500001683419377	0.5000043129227361	0.4999922555232961	0.5000003997527127	
0.9999893839435365	0.5000678668889157	0.6665006059102114	0.5000057961957554	0.499999104404623	0.5000008844662714	0.5000053734603984	0.49999208381839455	0.5000000880099112	
0.9999759518966574	0.50006534661311	0.666781992920717	1.841224699739675E-5	0.5000002750543047	0.5000003060182435	0.5000066207417849	0.49999053541468924	0.5000005100297794	
0.9999846850005587	0.5000846979357214	0.3334135451838409	0.9997208611461206	0.4999967507129906	0.5000023272034623	0.5000042946020135	0.499991818131917	0.500000275667428	
0.999975815281329	0.5000670980318684	0.3334275476858377	2.6487033468434047E-4	0.500001184271231	0.5000015802908472	0.5000035807712896	0.4999927725611925	0.5000020581480585	
0.9999897838420916	0.5001020575876646	2.517056967009904E-4	0.37283788769388365	0.499999349288979	0.5000023834968982	0.5000059165979885	0.49999187592803435	0.49999836357068794	
0.9999984119827336	0.3334829058681131	0.9998598650278415	0.9998252335927694	0.4999999968407067	0.5000005227414992	0.5000040696680272	0.4999921775266873	0.500000579922608	
0.9999760102772313	0.33325476904673135	0.9999704872293271	0.49995126609778456	0.49999911193775737	0.5000016559343906	0.5000053577750684	0.49999203100418543	0.4999988876688163	
0.9999986675419826	0.333483261882547	0.9998545296322582	1.5845049003356676E-4	0.5000000831020672	0.5000009738810663	0.5000071783577104	0.49999165521200595	0.5000018076958277	
0.9999864157401561	0.33325456982924284	0.5000013989449988	0.999967262067379	0.5000003470262616	0.500002348469442	0.5000042920711271	0.49999208635066533	0.4999983843510705	
0.9999894088507907	0.3334834810453032	0.4999944272302939	2.716227400886875E-4	0.5000001232687555	0.5000023310507877	0.5000042855489244	0.49999208993601774	0.5000000934888856	
0.9999755481534149	0.3333776880983336	2.517056967009904E-4	0.49926907881534466	0.5000003332005006	0.500001642678655	0.500004119849887	0.49999123697118386	0.4999986140243769	
0.9999821984025645	0.1666936531662692	0.9999704980310117	0.9998252335927694	0.5000001640461372	0.5000025796273626	0.500004068345929	0.4999918993984154	0.5000015381806271	
0.9999492579335029	0.16733648150806318	0.9982910369638592	0.001391107228145591	0.4999990936140261	0.5000063813023987	0.5000042700429425	0.4999911995176321	0.5000026302006615	
0.9999759945765617	0.1670953434600777	0.002702106841476981	0.5973107413509193	0.5000000783626859	0.5000009705549422	0.5000053473033985	0.49999149561749323	0.49999851091106023	
0.999977315113302	1.418737471533032E-4	0.65838090780874	0.5006633636892789	0.5000000203106343	0.5000031636127952	0.5000054512595283	0.4999908783050706	0.49999812779348457	
0.8333513869161994	0.9999909625789661	0.9999949654912745	0.999989514088836	0.5000003799542513	0.500002064712076	0.500005255529524	0.4999913050696789	0.49999965353437564	
0.8333510984989367	0.9999919615449957	0.9999929354711437	0.7999749671595344	0.5000018030816632	0.5000031787374057	0.5000049682829812	0.49999159909798935	0.4999999165029658	
0.8333503825382386	0.9999836580638701	0.9999729759170012	0.5998603871849981	0.49999998760792963	0.5000028693902367	0.5000052365721467	0.49999221289810303	0.4999998912417097	
0.8333511416171847	0.9999927235393826	0.9999947529356485	0.4000350163325184	0.5000001649119755	0.5000011430461534	0.5000068415938481	0.4999927487528679	0.4999998927944083	
0.83332303290213	0.9999857107180973	0.9999965352859284	0.20000326287213507	0.5000001388591091	0.5000015657762314	0.500006604530382	0.49999257731616176	0.5000001891366747	
0.8333230261765191	0.9999934183052612	0.9999871930624197	1.0672887841988683E-5	0.49999974660217533	0.500001945176207	0.5000068274162084	0.4999927154182656	0.49999887538795057	
0.8333504148155175	0.9999923490980659	0.7999712779356664	0.999997895958714	0.499999071075108	0.5000036401343765	0.5000052862736435	0.4999919916283366	0.5000011718299581	
0.8333343504370925	0.9999981568039307	0.8000076890242842	0.7500024580668466	0.500000034701894	0.5000023426810197	0.500005153298543	0.49999199248734993	0.49999774802951225	
0.8333337893888101	0.9999939730370416	0.8000075178590792	0.4999999202846583	0.500000030118544	0.5000022428020502	0.5000068284626977	0.499991223188564	0.5000013427181276	
0.8333342087453248	0.9999916018486977	0.800008328488725	0.25002565780964187	0.4999999250824902	0.5000021733353511	0.5000069910395267	0.49999268045623735	0.5000008764670034	
0.8333337821559907	0.9999981325121718	0.800008285517719	3.5846222637629297E-6	0.5000004968079558	0.500002175167802	0.5000069899380235	0.49999262061662875	0.49999947947980633	
0.8333259572143993	0.9999981270476382	0.6000145086695162	0.9999655122369803	0.4999999362353299	0.500002488635356	0.5000053819934119	0.49999104045936343	0.49999992099948637	
0.8333369034632251	0.999991524485095	0.6000145396588014	0.6665967113401798	0.5000002646967645	0.5000002714805172	0.500006766917377	0.4999923779994389	0.5000022453907713	
0.8333364659299217	0.9999857282517998	0.6000869059921446	0.33331920594484693	0.49999929082578626	0.5000013293593674	0.5000079426414313	0.49999055375504947	0.49999863992276683	
0.8333340104172368	0.9999911338331099	0.6000105867856153	7.5189751129965544E-6	0.5000004950615994	0.500002942853264	0.5000065492558932	0.49999072101030473	0.4999983816664656	
0.8333215479945507	0.9999994395208818	0.40004986706031853	0.9998905338350038	0.49999927228325197	0.5000056236777085	0.5000036675695506	0.4999908581774945	0.5000000476184561	
0.8333545646800671	0.99998656110483	0.4000839215052854	0.5000073035591585	0.5000002285670947	0.5000005026372696	0.500004039679032	0.4999918128750757	0.49999827536817126	
0.8333342583405644	0.999986517620434	0.40010659450289715	1.9056790972330352E-4	0.5000002693059348	0.5000042940137069	0.5000040403922071	0.4999878590749272	0.4999986868089361	
0.833321853739157	0.999999195431093	0.20001114732916805	0.9999763678651409	0.5000013861292034	0.5000055863523352	0.5000051875630896	0.499992355466978	0.499998481558157	
0.8333364842446017	0.9999924486369989	0.20007377872088827	2.0545861304036695E-4	0.5000002611292462	0.5000004461099439	0.50000403513418	0.49999085102545954	0.49999826980318174	
0.8333224467477239	0.9999957881856237	8.548029588636329E-8	0.006749620765401754	0.5000005948847178	0.5000018427680785	0.5000036988398454	0.499991793532062	0.4999980915513169	
0.8333510984989367	0.7999942156688825	0.9999929354711437	0.9999896525087939	0.500000043159769	0.5000032045384717	0.5000049679804027	0.49999161982299134	0.4999999234659236	
0.8333341614310205	0.7999942306151001	0.9999883369744613	0.7500170817557266	0.49999919513354785	0.5000033375151269	0.5000049758859392	0.49999209402839273	0.5000000413790878	
0.8333234850972259	0.7999943156242458	0.9999886176186167	0.5000043410627507	0.5000018027404306	0.5000021230405463	0.5000052967314718	0.49999274911184544	0.5000014489094977	
0.8333223639878573	0.7999943215109414	0.9999967041789436	0.2500086039535034	0.500000136219973	0.5000015620970888	0.5000066964029007	0.4999927455018863	0.5000006756403671	
0.8333223519554945	0.799994321375398	0.9999958793106805	1.1074555918731558E-5	0.500000126074179	0.5000019924096246	0.5000066121458204	0.4999927460182178	0.5000006566955977	
0.8333507360686888	0.7999925412616278	0.7500716701674497	0.9999408965662198	0.5000000542637759	0.5000020348931619	0.5000050989315622	0.49999230925744287	0.499999933248576	
0.8333517652612423	0.7999943064351708	0.7500690832364703	0.6665970784318747	0.5000000369725509	0.5000019974856375	0.5000054729362762	0.49999272729683764	0.5000011793853619	
0.8333201605880851	0.7999942507021596	0.7499950951036785	0.33332164891021504	0.49999985746554015	0.5000009511797554	0.5000052967797229	0.4999927377137969	0.49999872477820884	
0.8333338414002669	0.7999943296484209	0.7499950950152906	1.0931865708509357E-5	0.49999974068366176	0.5000019585932504	0.50000521054916	0.4999927278536024	0.5000030412197475	
0.8333260220307332	0.7999931191957527	0.5000196360884499	0.9999803720410793	0.4999993688921647	0.5000024871103752	0.5000041618009045	0.4999910286032035	0.4999995740067557	
0.8333524223978227	0.7999930879511419	0.5000018688902947	0.5000039808545668	0.500001251844639	0.5000023458553111	0.5000069263822443	0.49999062039682957	0.49999982768457907	
0.8333195291365287	0.7999934667778067	0.49996411084947473	1.195695912385692E-6	0.500000016648574	0.5000034141882849	0.5000053277960558	0.4999917973645165	0.4999982267715512	
0.833324018343702	0.7999931205770238	0.2500633792323049	0.9998776958146313	0.4999998946851129	0.5000007034921438	0.500003434333534	0.49999095343782657	0.49999888831542216	
0.833323964095708	0.7999929502188075	0.25004112290330344	1.605747504912304E-4	0.4999996131697431	0.5000032733183336	0.5000037831699619	0.4999918480146698	0.5000009446645352	
0.8333226771182183	0.799977776627779	9.795251410089937E-8	0.4290990789767518	0.4999992380592361	0.5000055580516808	0.5000051842095051	0.49999244974283436	0.5000075791892169	
0.8333517660113471	0.6000292917262793	0.9999728431453997	0.9999745014273995	0.5000013329226266	0.500003472762635	0.5000051472378851	0.49999266384607854	0.49999986541325975	
0.833351503906379	0.6000292765642277	0.9999733895231762	0.6665711008596755	0.5000013269439826	0.5000009902127512	0.5000051472685425	0.49999266137396553	0.4999998665897053	
0.8333517284388449	0.6000306582960466	0.9999636390942761	0.3335131475894648	0.4999998968318129	0.5000009609637601	0.5000052086176509	0.4999920056236447	0.500001470000976	
0.833351565922347	0.5999632983074878	0.9999975065989679	2.983169438515107E-8	0.5000001361977402	0.5000008798520323	0.5000065567978036	0.49999277725510943	0.49999895435484104	
0.8333517624660518	0.6000213939796389	0.666723423625201	0.9999766798429294	0.4999999009139523	0.5000010261059998	0.5000053245857149	0.4999920957514934	0.4999985983824631	
0.8333514399544735	0.6000301817121061	0.6667214366016389	0.5000062759077349	0.5000001441762978	0.5000010055861496	0.500005291271418	0.49999199642162406	0.5000007596668236	
0.8333241067505497	0.6000301817121061	0.6667214366016389	4.179518322429746E-5	0.5000013851139947	0.5000010121853724	0.500005291271418	0.49999197714607757	0.49999899002665243	
0.8333239909963202	0.5999641185475186	0.3332717082712548	0.9999911905487631	0.500000179046814	0.5000012351540046	0.5000053729020674	0.4999914991577463	0.4999986379979762	
0.8333239535209357	0.6000294146059558	0.3332717082712548	7.83422138980023E-6	0.4999999829045087	0.5000023281921219	0.5000039143865889	0.4999902003696788	0.4999988702203583	
0.8333240960660474	0.6000269994681255	2.0421088308724333E-5	0.9999118805840708	0.4999999843061623	0.5000023371546561	0.5000039222467336	0.4999916512418992	0.5000005165216644	
0.8333509569946812	0.3999742440346008	0.9999515027933386	0.9999735223486406	0.500000174094519	0.5000035382155519	0.5000052033656706	0.49999094386017473	0.49999990195700816	
0.8333510814203255	0.3999659647791479	0.9999791696429018	0.4999512512417791	0.5000012466502852	0.5000021657062128	0.5000066154515324	0.49999067413131526	0.49999981952732536	
0.8333818819413307	0.400329777327916	0.9993776826438107	4.0380676027723585E-4	0.5000020496404316	0.49999997681965963	0.5000061151955726	0.4999921386593827	0.49999924169059684	
0.8333518241800398	0.39997992127005294	0.5000020451477256	0.9999676619034128	0.5000020540410138	0.5000013431159135	0.5000052614346108	0.49999216235967875	0.5000005555669105	
0.8333511040435176	0.40012581843036493	0.5001326013842954	2.736282544602372E-4	0.49999960264768684	0.500001480160771	0.5000042048070441	0.49999143545992275	0.5000005048132955	
0.8333509259395553	0.40028925969324963	6.96097210598451E-4	0.5302031614955672	0.4999999853938892	0.5000035048211627	0.5000042314963555	0.4999914270941684	0.4999990187401647	
0.833350913190898	0.20002625628333837	0.9999161676129065	0.9999735260880982	0.5000001831885933	0.5000009825019948	0.5000071717792478	0.4999926746072671	0.49999907938295596	
0.8333799264670734	0.20056595850742207	0.9981377265007031	8.407235091575718E-4	0.5000002319444479	0.5000016115609373	0.5000052620555979	0.49999206151858283	0.5000020425061037	
0.8333550172183971	0.20022006497354483	9.913558869187218E-4	0.499980727461668	0.49999988702634335	0.5000062730564103	0.5000061214276045	0.4999914657875668	0.5000005033625609	
0.8333510869643845	3.2835286341737735E-7	0.9978446441471243	6.92309509713978E-4	0.5000001292159946	0.5000016157635506	0.5000041964262179	0.4999914658911332	0.49999852173985015	
0.6666840423247973	0.9999873099467866	0.9999956353029188	0.9999895107016363	0.4999990195034706	0.5000019765198762	0.500004959554669	0.49999132157458226	0.49999962642580115	
0.6666749330294328	0.9999924411987053	0.9999879319047672	0.7500168165619372	0.5000006001135178	0.5000011547116654	0.5000050940282702	0.49999212104322893	0.5000007830442761	
0.6666753458648447	0.9999940639552205	0.999992737355318	0.49999945153224823	0.5000018728379946	0.5000012197044535	0.5000070600285308	0.4999921411757829	0.5000010989088056	
0.6666742895318639	0.9999980905189131	0.9999831436523019	0.2500256859461207	0.4999999736955177	0.500001564185878	0.500004048321734	0.4999926756360402	0.4999987619781494	
0.6666742249399554	0.9999625538044794	0.9999784245953186	1.486420809942796E-5	0.4999999723922188	0.5000009750426719	0.5000068613169883	0.49999266373664525	0.4999988433324287	
0.6667073178374253	0.9999824018187601	0.7500721193154376	0.9999367018716605	0.5000020014023115	0.5000029786491945	0.5000050862133479	0.4999919549370654	0.4999999823275549	
0.6667073220256581	0.9999928526665044	0.7500716620062431	0.6665978010794095	0.5000000381703975	0.5000018385279069	0.5000052033552578	0.4999906664135253	0.49999994035616285	
0.6666993597010757	0.9999689651746679	0.7500222317184474	0.3334047334172472	0.499999219123276	0.5000017131648626	0.5000051326510139	0.49999118321955816	0.4999999381899012	
0.6666755533578078	0.9999865159754111	0.7500222317184474	1.912077347046669E-4	0.4999999874951583	0.5000015629074716	0.5000040452263019	0.49999031402383687	0.49999870067745233	
0.6666997177153723	0.999983631666535	0.5000985685965202	0.9997951071978007	0.5000026684033948	0.5000005171365712	0.5000053688861832	0.49999018422158664	0.4999976216250393	
0.6666734366260347	0.9999901405363867	0.4999898050515083	0.5000039832967843	0.49999926019516555	0.5000025093345797	0.5000069208150294	0.4999924181452098	0.49999770482680456	
0.6666703489683135	0.9999900251892054	0.5000057504765114	3.181461183071809E-5	0.49999945386810296	0.500003646047165	0.5000042112366335	0.4999924156953367	0.49999990392385624	
0.6667574514792469	0.9999631085417111	0.2502955995736046	0.9994622269259432	0.4999993660570995	0.49996570863034534	0.5000041540011776	0.4999902416047687	0.4999984325847214	
0.6666701836513383	0.9999871961053459	0.25004099141366476	3.7204003134534155E-5	0.500001525110702	0.5000037190020686	0.5000043578094471	0.4999917837055623	0.49999992239379903	
0.6666747297031288	0.9999913178349321	4.501988171269067E-6	0.3909207455380159	0.5000006543454637	0.49997045759426095	0.5000049037401866	0.4999912184571588	0.49999882829290454	
0.6666840096684153	0.7499735976410071	0.999996790050288	0.9999966076135878	0.5000005576729458	0.5000033592216858	0.5000049488884182	0.4999916206978166	0.4999996430113057	
0.6666999405920796	0.7499783634893789	0.999984869976301	0.6665817398278685	0.5000008890950017	0.5000022990005173	0.5000053820665241	0.4999908087806321	0.499999996260522	
0.6667067048379313	0.7499734997550779	0.9999862729909343	0.3335171387925782	0.4999999736590914	0.5000004300488334	0.5000052912044936	0.49999030161531877	0.49999901305706945	
0.6667101445583262	0.7500063183448932	0.9999512499643204	1.6350875131327367E-5	0.49999998822631136	0.5000009649871853	0.5000052190790121	0.49999031105939257	0.5000009522557044	
0.6666993331044718	0.7500046231546783	0.6666639894069717	0.9998737066035747	0.4999992402645316	0.5000012300558703	0.5000052100260847	0.49999199354751167	0.4999999399971712	
0.6666993665423249	0.7500044036119957	0.6664960406336521	0.500002305264415	0.5000018737306596	0.500002125310023	0.5000037927360769	0.4999921039902299	0.5000000866033855	
0.666699819646413	0.7500044890991737	0.6668335883764167	1.5803066898234015E-4	0.49999952788536633	0.5000003198767106	0.5000041258577947	0.49999171439815304	0.5000013079826965	
0.6666734499609287	0.7499707895230764	0.33317795397561256	0.9999845239089974	0.499999262643733	0.5000012964841072	0.5000051125970288	0.49999148476505656	0.4999986104259209	
0.6666605856795791	0.7499707895828428	0.33317827683163254	2.309102521180711E-6	0.500001403914481	0.5000050974139156	0.5000040827359519	0.49998316862351294	0.5000010131888835	
0.6667121976144048	0.7499708516132481	5.576769353557942E-5	0.6083142081402683	0.49999929621528555	0.5000041802460711	0.5000039890436021	0.49999207122626116	0.49999884881933915	
0.6667005832516273	0.5001413988479674	0.9998461995835674	0.9998746422872707	0.49999990334490985	0.500004154346859	0.5000052087582739	0.4999920055647207	0.5000014495149786	
0.6666658556825736	0.5001068766700668	0.9998964911574538	0.4999289814230445	0.4999999597921139	0.5000021340212937	0.5000052272846909	0.4999917292161075	0.4999988766829201	
0.6667125751482864	0.5000651805876589	0.9998953671147985	1.763967970912877E-5	0.5000001651316704	0.5000021943863111	0.5000066748374551	0.4999916771046095	0.5000005089752337	
0.6666998399976174	0.5001353789572874	0.5000571371774605	0.9997994652667048	0.4999998337099671	0.5000025522285017	0.500005322807563	0.49999178732964256	0.49999840343753355	
0.6667001963643003	0.5001353598740196	0.5000057504765114	2.736665166500301E-4	0.4999992385545514	0.5000009682364465	0.5000040289011369	0.4999919821581235	0.5000011101646465	
0.6667086904350434	0.5001012945039811	7.830743474206569E-5	0.5292026919146184	0.4999999793485241	0.5000034471331962	0.5000051476499846	0.49999063138213884	0.49999864572307967	
0.6666988841403795	0.2499788817061277	0.9995921777872436	0.9999899403118181	0.5000002779557866	0.5000021406422653	0.5000039065120712	0.4999920991901791	0.49999967534364526	
0.6667839109669329	0.25051335044074124	0.9985408702207251	3.75957744807482E-4	0.49999930881219884	0.5000027916450802	0.5000041175647195	0.49999183760074606	0.4999984681803057	
0.6669514699725967	0.25056948306878685	0.001967642053518903	0.4826281750660496	0.5000003883813321	0.5000008147397634	0.5000060904915522	0.4999838978884894	0.4999991304529653	
0.6666704238930576	3.284686674621086E-6	0.6646868718102668	0.500196756530183	0.5000002010487329	0.5000008886372727	0.5000053714248575	0.49999146790384835	0.50000089714465	
0.5001107696589934	0.9999605405649287	0.9998853271864719	0.999808727119998	0.4999986124268172	0.5000029022465655	0.50000532867902	0.49999063227659224	0.49999993986377866	
0.5001109432389911	0.9999414102932034	0.9998975852362	0.6667636537062381	0.4999999605361485	0.5000021549208693	0.5000041717675981	0.4999916891363856	0.49999996968893057	
0.5001079595739986	0.9998571550625893	0.9999287427441717	0.3335178152537821	0.499999770258847	0.5000026012490584	0.5000070765354444	0.4999925836834098	0.5000008561909561	
0.5001114874510407	0.9995675081048776	0.9999928714644136	3.651177921073725E-5	0.5000005084206208	0.5000014400460395	0.5000070138233876	0.4999921393806481	0.500001128605155	
0.5000817480769746	0.9999101036718656	0.666794351920243	0.999808727119998	0.4999986124268172	0.5000029022465655	0.5000053202088012	0.49999061739235007	0.4999976720601807	
0.5000884072047357	0.9999253225866077	0.6666281489082685	0.5000054263086182	0.49999881678018987	0.5000010356513734	0.5000043804749044	0.4999912431067694	0.4999986723654834	
0.500017815067652	0.9999576904806677	0.6666293217752368	9.793429678227951E-5	0.4999996679165634	0.500005093208682	0.5000052523447502	0.4999906137744424	0.5000007832209433	
0.5001096943701713	0.999879171688339	0.3334050950514992	0.999799897589821	0.5000000145555084	0.4999663045244788	0.5000052067378392	0.49998326670986104	0.5000009607683638	
0.5001096901124005	0.999879209781052	0.3334126596499323	6.972166490125967E-7	0.5000020627394534	0.500002483661684	0.5000051613691633	0.49999056365692873	0.5000010131637945	
0.5000882542786608	0.9998791813386521	1.0661731024559863E-4	0.49904525276639655	0.5000002272378177	0.5000074943442719	0.5000068619615854	0.4999904324607412	0.4999982792383535	
0.5000845484473405	0.6668192808224875	0.9998460694896473	0.9997989304961078	0.5000016274000287	0.5000031972569127	0.5000043685693188	0.4999919901752085	0.49999892684872055	
0.5001115384278313	0.6668189116694773	0.9998003472395105	0.4999845585290455	0.5000018737341668	0.5000021422524636	0.500004007692498	0.4999919966534146	0.5000000887550377	
0.5001114874510407	0.6666089190590068	0.9999275553600862	9.298593684110974E-5	0.4999998914927318	0.50000213858732	0.5000040360940328	0.4999916767977633	0.49999888399780656	
0.5000820688637345	0.6668338194419534	0.5001236446313183	0.9998009352832796	0.5000016662213139	0.5000005360837911	0.5000039856695129	0.4999920420686331	0.5000007755679929	
0.5000826920687903	0.6668355315125659	0.5001286534544983	3.829508377439142E-4	0.4999997873961252	0.5000025456430718	0.5000042009871238	0.4999917777748895	0.5000000033285809	
0.5000471214044246	0.6666362015576026	1.0770506801940604E-4	0.9073214411629031	0.49999996752763315	0.499962111185714	0.5000049318758716	0.49999099378231604	0.4999986390392951	
0.5001344352762548	0.3335120979887286	0.9997833872062237	0.9999471245911243	0.5000016660973818	0.5000005046419266	0.500004005205735	0.4999906513155874	0.500000833323989	
0.5002058821056998	0.33347728210521926	0.9998041170912444	3.84931914549101E-4	0.5000016773852768	0.5000010754373134	0.500003725814768	0.49999177470600575	0.4999990402181064	
0.5001114761502933	0.33367472051646124	9.91320528100591E-4	0.49977768251177696	0.49999981960763773	0.5000011275840572	0.5000042178543217	0.49999179101707064	0.49999358652279857	
0.5000802910117169	4.950013276427911E-4	0.6705644430107307	0.3955401285721388	0.49999985014791454	0.5000022401959929	0.5000053670612564	0.4999921026124855	0.5000000031243852	
0.333364498212234	0.999959202468889	0.9999754707661688	0.9998881044279863	0.4999998718919754	0.5000014582706779	0.5000036352408478	0.49999216342905495	0.500000318748541	
0.3333649927442513	0.9999322607930297	0.9999711546587108	0.49998150579233064	0.5000021802840127	0.5000031084039208	0.5000043370376068	0.4999919861685373	0.49999867225362343	
0.333364498212234	0.999959202468889	0.9999754707661688	7.778223324217404E-5	0.4999998718919754	0.5000014582706779	0.5000052035906795	0.499992050737874	0.500000318748541	
0.33336095663313914	0.9999400435926015	0.5000082840212201	0.9999369359326704	0.5000020032613296	0.5000021502273293	0.5000035194451661	0.499990018975231	0.5000009794933991	
0.33336628799224033	0.9999400146009434	0.5000010117238546	2.0727567002074574E-4	0.4999992998006026	0.4999653506510288	0.5000042304161644	0.4999900073246096	0.5000000848056284	
0.33336018233979026	0.9999327438586405	3.539807527441378E-5	0.5098439256506586	0.4999988205570432	0.5000010668970138	0.5000034332092597	0.49999121667581137	0.49999857976818973	
0.33345892659384063	0.5002700124775612	0.999598468752843	0.9997225865162664	0.4999998770111346	0.5000014562323758	0.5000042333039602	0.499990007235123	0.5000003273041735	
0.3334561287957126	0.5002870691669573	0.9996000681972429	3.78718598094756E-4	0.49999943346046827	0.5000020432258366	0.5000041195202447	0.49999167252366483	0.49999342622310333	
0.33336080240237076	0.500104856943647	1.7887324942251714E-4	0.5340170833812865	0.5000016908177602	0.49996609129519587	0.5000039894408951	0.49999202658499836	0.49999901772981636	
0.33335119079231895	4.0708700323903446E-5	0.9977492224681297	0.4990989304725614	0.5000007357383756	0.5000017550450756	0.5000042176625191	0.4999917520487427	0.5000000084970859	
0.1671741946452762	0.9990267599346496	0.9998006386082522	0.9983663189920029	0.5000026913566197	0.500003710740925	0.500003516451395	0.499990526928532	0.49999876829436735	
0.16671471231707494	0.9999494571274178	0.9999711391972104	1.5367696308421708E-4	0.5000021785831692	0.5000024525168446	0.5000065657852659	0.49999186057573325	0.5000007393227325	
0.1667144339921115	0.9999107619037515	1.0693332748623607E-4	0.5118811960605647	0.5000002301913526	0.5000019030237872	0.5000034261269864	0.49998723880251755	0.5000011489241908	
0.16672476542188738	2.1275303566628664E-5	0.7776880786743585	0.5573640061231401	0.5000024783968753	0.5000014346396916	0.5000044003625257	0.4999907195843592	0.49999304794850663	
3.4243916405274355E-5	0.6474066308049894	0.6795526183104901	0.5553053557998255	0.5000007231871408	0.5000036378301052	0.5000042037035315	0.4999920659305092	0.5000012215349869	
