0.9999979947119477	0.99999942002974	0.9999961406195269	0.9999691886582603	0.49999906837270375	0.4999994027825153	0.5000717095731271	0.5000000058354237	0.4999992275077102	
0.9999962898468117	0.9999927213556321	0.9999799002866954	0.8333197210847617	0.49999731790300184	0.49999958840285136	0.5000717184370691	0.49999993572500384	0.5000017058403868	
0.999978211485536	0.9999302262706045	0.9999941602915656	0.6666535101246384	0.4999990969575247	0.4999997127937887	0.5000717054591377	0.49999339721197467	0.49999965764468907	
0.9999959966097856	0.9999927103938858	0.9999858266574594	0.4999856042373152	0.4999942548115842	0.5000011374304077	0.5000715221516914	0.499993321393868	0.5000023390844932	
0.9999923592909729	0.9999966388155886	0.9999888569080392	0.3334427980214878	0.49999355277170476	0.5000005993313269	0.5000714463601528	0.5000000778115965	0.5000006575796616	
0.999997332049359	0.9999981326378448	0.9999914101996226	0.16670819909911033	0.4999945685403576	0.5000007355198572	0.5000717967325635	0.5000000731988893	0.500000719349912	
0.9999941089344431	0.9999937683347203	0.9999983057926566	3.856961326066758E-6	0.4999914762282986	0.5000012530235527	0.5000710131138159	0.49999981173097435	0.5000029758053524	
0.9999939458615961	0.9999969736996384	0.8333508791644747	0.9999865824921021	0.4999991605456143	0.5000007942646517	0.5000716357624649	0.4999998498253312	0.5000004253975349	
0.9999800373944674	0.9999962274164922	0.8332927063334424	0.8000066760458242	0.4999974515908343	0.49999966481205704	0.5000717195539205	0.5000001733996592	0.5000017536787836	
0.9999970105037731	0.9999893345946471	0.8334031744741692	0.5999919672929449	0.4999994122842345	0.4999978220789879	0.5000069258136162	0.4999996390781624	0.5000003552258168	
0.999994157374098	0.9999963894868922	0.8332966913689287	0.4001200599620879	0.4999944601817328	0.5000004753903908	0.5000709385214243	0.5000000853121789	0.5000007217859519	
0.9999937882640335	0.9999980483601865	0.8332833928020096	0.2000694701202967	0.49999449138694413	0.5000010717097371	0.5000151754030308	0.4999998936738146	0.5000017009515241	
0.9999942494764181	0.9999937659480703	0.833289470976761	1.5540260464993768E-5	0.49999149220642825	0.500001253469762	0.5000718114034299	0.4999998107602782	0.5000031608962884	
0.9999962912070299	0.9999964095968932	0.66666582249979	0.999994308409621	0.4999973697370044	0.5000005180627379	0.5000716272005973	0.49999993173669754	0.5000016195705429	
0.9999776987686769	0.9999791950323137	0.6667574532173758	0.7499724385477405	0.4999972434674868	0.5000005398291965	0.5000716341084005	0.4999964988937001	0.4999994191805988	
0.999972442241026	0.9999905061350576	0.666646927561083	0.5000064633563958	0.4999941622853024	0.49999724745509894	0.5000685049716199	0.499996712073535	0.4999995537997598	
0.999997243852964	0.9999941814027007	0.6666468951335127	0.24999185504614851	0.4999929480247337	0.5000006036720569	0.5000119919746497	0.4999962143590839	0.5000006257364932	
0.9999941416656764	0.9999980871734289	0.6667019919681636	2.2054920644654285E-5	0.49999484364462093	0.5000007554797841	0.5000027818980456	0.5000000468702351	0.5000004600909603	
0.9999930553497698	0.9999964101814638	0.4999689585065032	0.9999952779137805	0.4999940571754485	0.49999778076918344	0.5000717028124048	0.49999973918150853	0.4999993500972642	
0.9999995096612395	0.999996974956589	0.5000057990221412	0.6666586668389731	0.4999944244122813	0.5000008409169332	0.5000709323265764	0.4999997977326994	0.5000004529182039	
0.999995639411039	0.9999902739884263	0.5000379122051158	0.3334022881758399	0.49999386998300976	0.5000008327051406	0.5000709290924242	0.499996506724018	0.4999992041497516	
0.9999956868519609	0.9999904025876671	0.5000375709017497	6.711322668490847E-5	0.49999388300660663	0.5000005841477836	0.500019299423904	0.49999642573062264	0.49999869834825567	
0.9999942383933723	0.9999912459958333	0.33336010962976936	0.9999607082738698	0.4999975409732351	0.4999994377558361	0.500068450442506	0.49999643348106787	0.4999989390470046	
0.9999965804188119	0.9999828172676402	0.333373784913019	0.49996931119175225	0.4999949111294564	0.5000004579468335	0.5000140102940892	0.4999963965402776	0.4999986656739886	
0.9999944194985305	0.9999912530675373	0.3333601799733212	1.931969097799921E-4	0.4999973931407705	0.5000018900514093	0.5000709150787681	0.499996473935995	0.5000006912101019	
0.9999943350396557	0.999991295999617	0.16671727130009534	0.9997743477076435	0.49998831340400524	0.4999996350372959	0.5000727051393024	0.4999984612676436	0.500000610733024	
0.9999946838772975	0.9999632083736844	0.16684661857035013	2.6341973547225404E-5	0.4999924580250401	0.5000023074902826	0.5000170697382332	0.4999986692098801	0.5000006084355232	
0.9999986421656064	0.9999923502141314	7.180350584461568E-6	0.9741636276198791	0.49999748891882423	0.49999964575734246	0.5000716746507883	0.499998382141676	0.5000009988846276	
0.9999915010830192	0.8333018000971818	0.999999513914829	0.9999999147847396	0.4999931823590049	0.4999995873875263	0.5000716058834643	0.5000001626037809	0.49999940208723925	
0.9999774895658199	0.8333652059138982	0.9999594282755652	0.7998933473776614	0.4999992698477726	0.4999996482834009	0.5000715873745466	0.49999998359028774	0.49999940841438756	
0.9999986762480682	0.8333081090457762	0.9999913071717597	0.5999918159009444	0.4999943816795264	0.49999959068171906	0.5000716953628762	0.49999596788395023	0.5000010137019605	
0.9999956381642191	0.8333081107872203	0.9999986119220228	0.39999999953707166	0.49999718386432823	0.5000010782403094	0.5000715129456186	0.4999999177285743	0.5000010318542593	
0.9999941448416161	0.8333078472518695	0.9999967047073617	0.20005667247895384	0.4999946141091179	0.5000005923420653	0.5000041354930665	0.5000000108595198	0.50000045248402	
0.9999932476253195	0.8333081817617737	0.9999991961939191	1.5054506710030456E-7	0.4999948214486611	0.5000006917710044	0.5000715434855184	0.5000000507343303	0.5000012423518373	
0.9999943828066248	0.83336126434283	0.8000040421828074	0.9999718024197622	0.4999933635557142	0.4999996526531269	0.5000715961382651	0.49999860485818837	0.5000017513736319	
0.9999976474661773	0.8333616782887328	0.7999840217125377	0.7500177173270499	0.4999945408794621	0.5000005146851754	0.5000720422895969	0.49999955473469126	0.5000006323853698	
0.9999950968174057	0.8333078474355217	0.7999847354745717	0.5000049446563987	0.499996513152248	0.5000005385286642	0.5000709585927733	0.4999965562753082	0.5000003079259048	
0.9999941574766696	0.8333078474049251	0.7999847354145075	0.2499560957191046	0.4999978894024811	0.5000004086187156	0.5000709970361555	0.5000000853090213	0.5000029114080299	
0.9999939969522774	0.8333081816368934	0.7999848124182356	3.3741821733278003E-7	0.4999948548717224	0.5000006951190917	0.500071546278353	0.5000000475747526	0.5000012377045058	
0.9999944146291762	0.8333065571517768	0.5999629929520723	0.9999819328601116	0.49999777168573667	0.49999966231507015	0.5000709587292136	0.500000126234085	0.5000006613209912	
0.9999961273451722	0.8333647738197187	0.5999895086718515	0.6666395394211011	0.49999771865925097	0.499999337353168	0.5000709776092015	0.49999648648407535	0.4999993645832881	
0.999981469952364	0.8333078471915301	0.5999709899873379	0.3334295610386063	0.4999980593015464	0.5000009689981714	0.5000710022189869	0.4999986757062122	0.5000028865189067	
0.9999944128029418	0.8333101750998855	0.5999689097751997	3.1253222044112066E-6	0.499994456234756	0.5000004846059257	0.5000717146261662	0.5000000594827098	0.5000009031961168	
0.9999952805590117	0.8334820736658395	0.4000674593689767	0.9998947798481184	0.49999935824944153	0.49999971397829746	0.5000097873749231	0.4999963345503171	0.5000014453286675	
0.9999976255733605	0.8333644224419802	0.4000664602179029	0.5000085694036823	0.49999452345263995	0.49999946004462464	0.5000112980860175	0.49999870589749856	0.499998934087092	
0.9999941657385825	0.8333644708664474	0.4001618460152117	3.015893325572897E-4	0.4999965372080763	0.5000004173831778	0.5000709362744864	0.4999964277590825	0.49999883771778464	
0.9999943358543876	0.8333061960163344	0.1999870107857966	0.9999803362664804	0.4999947950240434	0.4999996636318886	0.5000709124957964	0.4999964524548361	0.5000006134177346	
0.9999948445821147	0.8333247373181165	0.20006534057510958	2.0612445938738227E-4	0.49999229610387347	0.5000005430014597	0.5000133541700676	0.49999642088510104	0.4999987103594099	
0.999980496005166	0.8333986980786235	5.6386094569593135E-5	0.5020001765843936	0.4999976866272515	0.499999606373824	0.5000716394984654	0.49999845886696265	0.5000000898480139	
0.9999868724428633	0.6667387275575947	0.9999332164066344	0.9999656782725217	0.4999999201035282	0.4999977799378183	0.5000717325942379	0.4999994834109288	0.5000006205508348	
0.9999984450989792	0.6666901917466457	0.9999752461017563	0.7499628212429679	0.49999964943194375	0.4999977701648834	0.5000717149427886	0.4999997826045441	0.5000017551226056	
0.9999995596603579	0.6666899965222419	0.9999698497935674	0.5000266559830541	0.5000002862807621	0.49999777016221586	0.5000714964336859	0.49999979549278734	0.5000017813267832	
0.9999891318139721	0.6666788411606647	0.9999877680176641	0.25008654178134604	0.5000005491953968	0.5000005535518277	0.5000714965248747	0.5000000814185455	0.5000009939106854	
0.9999962396649045	0.6666846342410123	0.999997921499493	2.6591717717710835E-5	0.4999980160182579	0.5000004093753021	0.5000709968309606	0.5000000908484995	0.5000004771372117	
0.9999892000888366	0.6667387264779866	0.7498827032496097	0.9999707735073027	0.49999943871787034	0.5000006074781834	0.5000717021708458	0.49999999245447113	0.5000008148629609	
0.9999967793388579	0.6667388600213575	0.7501013732427397	0.6665482852590511	0.4999970904625168	0.5000005643153626	0.5000718356176039	0.5000001899696179	0.4999993341499937	
0.9999962368774185	0.666689896515941	0.7500730162596381	0.3332134680678651	0.4999995451338983	0.500000573593745	0.5000716878019267	0.4999988127642311	0.49999863954017365	
0.9999688029414384	0.6666895517876243	0.7498676717515081	1.3193755625206746E-4	0.49999668118605733	0.5000005732577096	0.5000715207825651	0.49999621297899866	0.49999808251286465	
0.9999961778540326	0.6666038476275076	0.5000370521581263	0.9999933471537462	0.499994622512073	0.5000005453308257	0.5000716114609836	0.499998803630465	0.5000005515208176	
0.9999964852988805	0.6666893873832112	0.5000364276331156	0.5000084023373521	0.4999993771186016	0.5000009784581827	0.5000125207017194	0.4999987763160102	0.5000014507068234	
0.9999956734102485	0.6666896142021969	0.5000366359253627	1.3080694488394414E-4	0.4999994032545668	0.5000005727114927	0.5000716083309242	0.49999514695248387	0.5000008524232149	
0.999996381679404	0.6666732889006155	0.2501459162542041	0.9998250835167656	0.49999266768537665	0.5000010990018529	0.5000105920121676	0.49999895387473225	0.500001473730839	
0.9999946110041086	0.6665535305726271	0.25014588771269936	3.615477615855362E-4	0.499994753125138	0.5000010900025144	0.5000128590760381	0.4999964151053754	0.5000007136986945	
0.9999946638960889	0.6666043280361954	5.432419767460128E-7	0.012764946038557573	0.4999947974960586	0.5000005476467901	0.5000096641690559	0.4999964179042797	0.49999871277731517	
0.9999964214345815	0.5000400573914277	0.9999466606365309	0.9999919483674707	0.49999399697341257	0.5000011107584335	0.5000726603284196	0.49999977954002	0.49999931986499313	
0.9999909436198277	0.5000444335229445	0.999948230566996	0.6665771274170248	0.49999900375500117	0.5000005542765836	0.5000715224740049	0.49999978228130965	0.5000009475892987	
0.9999911582180885	0.5000399227630588	0.9999466369314567	0.333260959559897	0.5000000826961063	0.49999981449636777	0.5000715214863297	0.4999997848243754	0.4999988697073968	
0.9999512130111086	0.5003366141300677	0.9995647777598675	3.44026206912148E-4	0.49999815323593344	0.5000005480578515	0.5000720869425858	0.4999995215539333	0.4999983196994641	
0.9999958687038388	0.5000398067115964	0.6666891210433161	0.9998711005282377	0.4999939962418615	0.5000010859043582	0.5000718006371343	0.4999983373008704	0.49999884165056674	
0.9999955279272512	0.5000347840112072	0.6667560560564093	0.49986949780448187	0.49999351932449404	0.5000005662889866	0.5000127808995669	0.4999995284000083	0.5000007206290251	
0.9999977899268472	0.5000277825755994	0.666684447330494	2.1111063623152626E-4	0.4999994269708644	0.500000566803758	0.5000717123028541	0.49999864278431405	0.4999988536019408	
0.9999837102392102	0.5000398081810777	0.3334726773970376	0.9995072483207635	0.49999314443131554	0.4999994775587618	0.5000061921613932	0.49999579115919374	0.5000014556908162	
0.9999836683839369	0.5001285496099453	0.3334727979492737	7.98624686723316E-4	0.4999932596924675	0.5000011932777341	0.5000720883631546	0.49999864423510054	0.5000001002279995	
0.9999880109450444	0.5000705300572822	2.60764482950023E-4	0.46569461606094925	0.4999986970092574	0.5000012123245019	0.50007155313199	0.49999885491688184	0.5000014537489416	
0.9999830732611341	0.33361710521490984	0.9995378847732399	0.9995192758989405	0.4999990919320442	0.49999981510118807	0.500071980834996	0.4999994835520741	0.49999884076860457	
0.9999964014058321	0.3334167012230656	0.9998697390993996	0.5000721436996861	0.4999994228536335	0.49999976293341125	0.500072002374078	0.4999997811760516	0.5000008143543982	
0.9999972340999034	0.3333395766477217	0.999953475446372	8.154733274819516E-6	0.4999990438894479	0.5000005748944566	0.500070620834828	0.49999948254354626	0.49999882008856905	
0.9999963106074856	0.3332892400439207	0.500035175792794	0.9999607985003136	0.4999976121767172	0.5000011206857911	0.5000115432871485	0.49999623877249416	0.5000015007285582	
0.9999972340999034	0.3332893393627125	0.4999725003631905	4.407389539922949E-6	0.4999990438894479	0.5000005748944566	0.5000706102400388	0.49999948254354626	0.49999880470819125	
0.9999909468358066	0.3332893393626807	3.2807598172797684E-6	0.44584098920067333	0.4999995976713974	0.500000576382668	0.5000701578509577	0.4999989785059973	0.5000006725514938	
0.9999377410008176	0.16710073866709932	0.9995214026902605	0.9994842014785209	0.5000001458977081	0.4999997979737368	0.5000719924442735	0.4999994933156801	0.4999988550803311	
0.9999910424896671	0.16668098932297432	0.9998677302466328	3.4089647200298486E-5	0.4999998909705929	0.4999998845142188	0.5000715452057608	0.49999610246101583	0.5000011856118031	
0.9999962676320432	0.1667016026313104	2.0524719595402816E-4	0.9964667096593334	0.4999999874726093	0.5000007105893972	0.5000120454498198	0.4999962667238689	0.5000014993822726	
0.9999967865857032	2.4326333475377382E-5	0.9397085541212878	0.49158298823889107	0.4999994569090395	0.49999989089732483	0.500011640065566	0.49999839587910083	0.49999753091768484	
0.8333367041982255	0.9999994518961464	0.9999904586834683	0.9999953820899142	0.4999943988812005	0.49999958270071604	0.5000717180787072	0.5000001796360153	0.4999991077752863	
0.8333355464614625	0.9999979516379477	0.9999994788003463	0.8000051258244522	0.4999974497324845	0.49999964666343566	0.5000716287625993	0.4999999520869638	0.49999897180867703	
0.8333367044911154	0.9999990703142386	0.9999973647061301	0.5999923969182147	0.49999864554687545	0.4999994694433729	0.5000073685681324	0.49999964607819447	0.5000026868781268	
0.8333301630391236	0.9999966974523549	0.9999927285173729	0.39997496684474587	0.49999354797990836	0.5000006609159973	0.5000717450192997	0.5000000924997409	0.5000016940001079	
0.8333306501536751	0.9999939863163412	0.9999975974001704	0.19997114729955232	0.499997099242512	0.5000006918058266	0.500071543842064	0.5000000918104328	0.5000007789990836	
0.8333243193554111	0.9999992267287576	0.999997582915585	1.8182819443890957E-5	0.4999946001716936	0.500000753153375	0.5000005285262507	0.49999333434984666	0.5000008417261476	
0.8333311769098223	0.9999994082453064	0.8000054511980434	0.9999995904058862	0.499994597848527	0.4999995536292835	0.5000716914144193	0.4999997222105883	0.5000009926779572	
0.833331394619104	0.9999983590092505	0.7999838287017316	0.7500146824063717	0.4999989506291589	0.4999995788482813	0.5000715841846428	0.4999957971315275	0.4999992493080242	
0.8333291144961958	0.9999957031732677	0.7999849888501789	0.5000073738371846	0.49999889569332295	0.4999995294565295	0.5000716278810511	0.49999635616236887	0.4999998319182681	
0.8333313119477883	0.9999950521262859	0.79998721426253	0.250069853339037	0.49999477900549794	0.5000009473679001	0.50001184042665	0.4999983591614522	0.5000007908357507	
0.8333289700772537	0.9999995111700033	0.7999849738352803	3.863969460865408E-6	0.49999277345767745	0.5000006003547941	0.5000714450190422	0.5000001665462183	0.5000006257881012	
0.8333340941680508	0.999995799829421	0.6000333531652561	0.999963515406533	0.49999362333465325	0.49999913848219496	0.5000709537050947	0.500000143487423	0.5000006304144137	
0.8333341221168732	0.9999910990981132	0.5999709859273687	0.6666559660279926	0.4999974133316743	0.5000005458035764	0.5000716323128487	0.4999998516297203	0.5000005748142932	
0.833322083968061	0.9999910766301608	0.5999712707416079	0.33327288867623367	0.49999453442496583	0.5000006149696865	0.500071956871078	0.49999371293393097	0.500001980223397	
0.8333233102529728	0.9999964431958849	0.5999987966363569	4.931946198988164E-6	0.499994502453058	0.5000007032001857	0.5000709365747209	0.5000000863551284	0.5000006536364227	
0.8333538555854278	0.9999891106821281	0.40006872948635036	0.9999238999510914	0.4999975683743457	0.5000008624824778	0.5000684152646134	0.49999645621883265	0.49999956236460463	
0.8333300161672782	0.999993796011632	0.40006655684111064	0.5000085634580718	0.4999944451422356	0.5000008631201309	0.5000099630529344	0.49999868598875996	0.4999989563233884	
0.833329177341586	0.9999995248955009	0.4000706252667225	2.947112709536237E-4	0.499994451545677	0.5000022619636105	0.500014199150307	0.49999644005260163	0.49999875694266527	
0.8333132866903731	0.999999035094811	0.19998453379146156	0.9999959406722582	0.49999931820139537	0.49999957216901597	0.5000708801080787	0.49999633412367317	0.5000006688889467	
0.8333307645625718	0.9999990005050865	0.19999956680608472	4.598392858512837E-7	0.49999441527589156	0.5000008400338052	0.5000099001420821	0.4999997373925397	0.49999870628798504	
0.8333300159729776	0.9999939408697377	2.297887332403617E-5	0.5186819776149946	0.499994419556971	0.5000008379499984	0.5000101365862096	0.4999986861522698	0.5000006189189078	
0.8333311811960508	0.8000095519995711	0.999997334682999	0.9999940630503743	0.49999727620560525	0.49999964630877425	0.5000716321909956	0.49999994133655984	0.4999993440737209	
0.8333354831069449	0.8000094958498407	0.9999985709157116	0.749964882851644	0.49999949196884946	0.5000008892644261	0.5000715794483803	0.5000001655046252	0.49999931114679563	
0.8333313524531517	0.8000194269583919	0.9999877815741044	0.5000274701526898	0.4999947503758686	0.5000005564008163	0.500071522116994	0.49999636165173034	0.5000007390017898	
0.8333313951786454	0.8000088643961026	0.9999890181442477	0.2500718896361538	0.49999432211436395	0.5000009464703579	0.5000035625209764	0.5000000751582326	0.5000007847164354	
0.8333309468473453	0.8000207821577362	0.9999890565123888	1.629322659621779E-5	0.49999813635578727	0.5000009458482535	0.5000709930705641	0.500000074067674	0.5000007860771716	
0.8333340594702988	0.8000081689250065	0.7499985060769232	0.9999934599571637	0.49999728400291044	0.49999967596631273	0.5000716337893046	0.4999999999809379	0.5000005046907983	
0.8333303696506831	0.800008216090789	0.7499985073571189	0.6666585542088118	0.49999654337639243	0.4999993400653631	0.5000709792098534	0.49999628971285454	0.4999993477943257	
0.8333310155414508	0.8000082104788048	0.7499998559040704	0.33343223969609775	0.4999976213197675	0.5000006778023877	0.5000709983403441	0.5000000161738856	0.49999832074497635	
0.833330994398337	0.8000207269584723	0.7499965321393821	1.6279899249515805E-5	0.49999720128177944	0.5000006907954251	0.5000715786798773	0.5000001661981823	0.5000006254000556	
0.8333300137370144	0.8000095517567424	0.4999739273313499	0.9999969826928466	0.49999904803908884	0.49999964841131844	0.5000709941755369	0.49999621925245114	0.49999963497813976	
0.8333300284575024	0.8000083140339799	0.5000351942674719	0.4999693376237382	0.49999444600412596	0.5000009447357134	0.5000036463307383	0.4999986486877203	0.5000020447449084	
0.8333307565694887	0.8000078738789207	0.5000352987042219	6.818185102180778E-5	0.499994504195593	0.5000009447045561	0.5000713450798432	0.49999854386409454	0.49999887742554905	
0.83333079241466	0.8000076796967002	0.25012788094528704	0.9996685432251811	0.49999732532771113	0.5000004586639254	0.5000687188304136	0.49999653709456193	0.4999987002629293	
0.8333307433754672	0.8000078585311717	0.25012789567784055	1.7025807817072847E-4	0.4999945256179329	0.5000008498798393	0.5000112769643853	0.4999951059039623	0.49999892000782814	
0.8333307849401331	0.8000078598874036	2.5984613482021857E-5	0.5805050388187352	0.4999973624069876	0.5000008560163459	0.5000705109925269	0.49999640111273796	0.49999892217353864	
0.8333310626851591	0.6000304078636881	0.9999316526932459	0.9999849173480333	0.4999999163447978	0.49999936830516983	0.500071832623683	0.49999868774196504	0.49999936639377046	
0.8333283901815092	0.6000744405198692	0.9999325887878193	0.6666567715571593	0.4999936318720728	0.49999808257320333	0.5000720904431315	0.4999986878309153	0.5000007429085064	
0.833330205902082	0.600071824783396	0.999889362025226	0.3332161833803987	0.4999999309926188	0.5000013612270011	0.5000715638420943	0.5000000966365284	0.5000007505986309	
0.833330205902082	0.600071824783396	0.999889362025226	2.6612769648215462E-5	0.4999999315897735	0.5000013544169246	0.5000715626382556	0.49999613468633763	0.5000007852567249	
0.8333310605345243	0.600031719377317	0.666686549751934	0.9999440071315264	0.49999875566056534	0.5000013017016963	0.5000715732975395	0.4999961526689933	0.5000017647627542	
0.8333306987753997	0.6000309883959191	0.6666824013401289	0.5000272854086641	0.4999988248953575	0.5000011529895552	0.5000715505437091	0.49999953877740777	0.499999339740239	
0.8333299294050311	0.6000269707227719	0.666684447330494	2.9352939600761497E-5	0.49999954248869904	0.5000005676752128	0.5000718363083677	0.49999629050584776	0.49999808682751423	
0.8333303806504792	0.5999374329670507	0.33347430648972015	0.9996839658853487	0.49999865239084584	0.5000009446359384	0.5000708863209204	0.49999853031007924	0.5000019083268524	
0.8333412893509732	0.5999331760100693	0.33347427139308944	2.5960583851585895E-4	0.499998717473886	0.5000012426584768	0.5000026336435291	0.49999997579762046	0.5000018779664694	
0.8333125452530828	0.5999337397234611	3.653166553538621E-8	0.4645031132920644	0.49999937415799395	0.5000012465299623	0.5000708734769239	0.4999963379323413	0.5000006918131609	
0.8333485689561391	0.4001001390774995	0.9998238595013867	0.999920183085722	0.5000001632867359	0.5000006377547959	0.5000715424460057	0.49999869998936003	0.5000016614620532	
0.83334751386493	0.4001001406597621	0.9998697504052508	0.5000244083922463	0.4999994395156313	0.4999994345582635	0.5000705746060896	0.4999984792223322	0.5000008207354708	
0.8333493688667073	0.40011292959863615	0.99988899336985	2.880806785557474E-4	0.500000076569736	0.49999974071056136	0.5000715380353263	0.49999606614507186	0.49999839870557444	
0.8333475828959743	0.40010016339924576	0.5000512264620304	0.9998388236674555	0.49999943582895423	0.5000005507411044	0.500070634518315	0.49999863343435547	0.5000008031199936	
0.8333410681390496	0.40010255988046994	0.500051226434663	2.0519304270773727E-4	0.4999991359389547	0.49999969807987205	0.5000715625532487	0.4999999610853496	0.5000007852589458	
0.8333467692473809	0.4001001087731418	2.6671184824254255E-4	0.41271163019261614	0.4999994057730201	0.5000007180206921	0.5000709856021418	0.4999998382337166	0.5000005816850059	
0.833347513426706	0.2000304213503328	0.9999263310000014	0.9999437583739894	0.49999890213039955	0.5000005919756546	0.5000719281358559	0.49999848528107604	0.5000008300734893	
0.8333408038291381	0.20005882641537834	0.9998886807312537	1.5075876634650266E-4	0.4999990207953494	0.5000010383136333	0.5000715356521944	0.4999956417573381	0.5000010412267505	
0.8333469250982583	0.2001145970682312	5.074262993608812E-4	0.479038727121313	0.49999882350429725	0.5000005895283153	0.5000715570202526	0.49999951081414845	0.5000009116049509	
0.833346881815194	8.445650101823114E-6	0.4962529634484929	0.6371877458105236	0.49999907405355215	0.5000007608865082	0.5000717523950284	0.49999626162695354	0.5000007367628312	
0.6666704133450636	0.9999983623659945	0.9999978976305576	0.9999858121522646	0.49999962781627155	0.49999938566111785	0.5000716375508099	0.49999647319352075	0.5000028940913852	
0.6666699283953119	0.9999982526132145	0.9999928727682913	0.7500105658811405	0.4999989892167568	0.5000006627517346	0.500071627487112	0.499999826255705	0.5000016799700856	
0.6666716642547779	0.9999928666947558	0.9999981077827357	0.49999121452223994	0.4999986579994554	0.4999994678041299	0.5000715386396519	0.49999951025759864	0.5000016985962675	
0.6666744164354689	0.9999885799095851	0.99998908969659	0.2500698870688296	0.49999804713551466	0.5000010577706149	0.5000715310394882	0.49999837955779236	0.5000016488325976	
0.6666708557325515	0.9999967180077477	0.9999942000820999	4.271992397483692E-6	0.49999279137920505	0.5000009284648941	0.5000710204340127	0.5000000919097783	0.5000004842661899	
0.66666015009842	0.9999985580906495	0.7498900529411778	0.9999997759818284	0.4999945414428928	0.49999955188471923	0.5000716932996817	0.49999944374528615	0.49999937709252257	
0.666670149899148	0.9999970623432735	0.7499968051970124	0.6666559660406277	0.4999946230836124	0.5000006244312454	0.5000715784463318	0.49999829722294153	0.4999993077023508	
0.6666713390307666	0.999993522591977	0.7499962316109647	0.3334285882054878	0.499997589950461	0.4999994838854942	0.5000717373623375	0.5000001333747776	0.5000023682686388	
0.6666709517158312	0.9999966909184689	0.7499978605547408	4.273187894382818E-6	0.49999275900230367	0.5000007001169453	0.5000717261521401	0.5000000918824553	0.5000006594642578	
0.6666712327036695	0.9999995834868388	0.5000391724531685	0.9999458804062603	0.49999791227161705	0.49999940723848635	0.5000716484802177	0.4999958610051859	0.5000001096379831	
0.6666699207293046	0.9999955556211122	0.5000391374356085	0.5000066609242717	0.4999967936165157	0.5000006573043644	0.5000716251452391	0.4999984197879276	0.5000005642852349	
0.6666716347162688	0.9999906335647387	0.5000411063804683	1.552842795278148E-5	0.4999946041704068	0.499999519004291	0.5000717179513695	0.5000000984661815	0.5000012099359734	
0.6667048167524272	0.9999651510053936	0.2501278756500528	0.999688645628465	0.4999941336194511	0.5000005385979768	0.5000684554879616	0.4999964043127207	0.5000002649991977	
0.6667060409703229	0.9999881623267574	0.2501278786790471	3.264747304642974E-4	0.4999974967213055	0.5000009170711393	0.5000716740894428	0.49999848156140336	0.5000020570156322	
0.6666469721977326	0.999992228658315	5.5533836464546836E-5	0.0074175650385420455	0.4999995521197939	0.4999995478303868	0.5000171645970488	0.4999986666290304	0.4999981232556603	
0.6666704201505256	0.7500478333831061	0.9999726976256516	0.9999598211610661	0.49999785201645597	0.5000002451050726	0.5000716490848514	0.5000001025256773	0.4999993787765352	
0.6666811274533906	0.7499697019434997	0.999978061697903	0.6665278831488314	0.49999457815764214	0.4999997117016374	0.5000717169592718	0.49999966063817114	0.5000002855264949	
0.6666809657963442	0.7500399035574697	0.9999771007568911	0.3334325416613663	0.49999744676452984	0.5000005815705851	0.5000710691611733	0.49999979936541183	0.50000061271429	
0.666680822471853	0.7500133010612563	0.9999520073668278	6.246453547912727E-5	0.49999427476045066	0.5000013347145068	0.5000716987295457	0.4999987608336856	0.5000005599010618	
0.6666699487775424	0.7499978456947598	0.6666824057952976	0.9999914551550352	0.499993680453623	0.5000004339887445	0.5000720895873628	0.4999985735029509	0.5000005738622023	
0.6666719991157282	0.7500131451205723	0.666682405825646	0.4999899369544553	0.4999941969053873	0.5000012500668303	0.4999987120326522	0.4999926491237351	0.5000005856131357	
0.6666704438057767	0.7500131733403399	0.6666831322573998	8.318279848971742E-6	0.49999766400821966	0.5000005786628887	0.5000710173577093	0.5000001038565907	0.5000007067331008	
0.6666699146584701	0.750006523987005	0.33332926806204527	0.9999510070740181	0.4999985885510631	0.5000009698231436	0.5000718602122453	0.4999996753226286	0.5000006343614464	
0.6667106254823043	0.7500472375225503	0.3335494856547076	9.003609230832292E-4	0.4999985730147524	0.5000042272232808	0.5000715360961859	0.4999995951972567	0.5000006177805753	
0.6666697224677262	0.7500066090273896	5.568256077663697E-5	0.5440538357952401	0.49999418196874257	0.49999953942225783	0.500070998099933	0.4999986603089873	0.4999987888129508	
0.6666704426784802	0.5000708400403111	0.9999642052192061	0.9999035389257445	0.4999974371417885	0.5000015347631003	0.5000717046716721	0.49999926651664	0.5000004981591467	
0.6666704304175296	0.5000383690127678	0.9999590640793746	0.4999924366218771	0.49999883260582484	0.49999971778446745	0.5000716149310502	0.49999839891882447	0.5000008072871488	
0.6666810416467354	0.5000708293210449	0.9998785260555418	1.301185716277888E-5	0.49999434545899146	0.49999960373218566	0.5000716985324996	0.49999638416432507	0.5000026766296003	
0.6666719951184421	0.5000708400893383	0.5000512532187313	0.9997289760776231	0.499999443273927	0.5000005083805742	0.5000717037182769	0.49999835309691865	0.5000004975067326	
0.6666719951184421	0.5000708400893383	0.5000552136040152	9.882290349932914E-5	0.4999974297366062	0.5000005871918928	0.5000715504203227	0.49999949233103563	0.5000009093381365	
0.6666719951184421	0.5000708400893383	2.2666534072207645E-4	0.5064903798987974	0.4999994424820355	0.5000005083805742	0.5000716252290276	0.49999835309691865	0.5000005853075954	
0.6667650163051562	0.2504188486679886	0.9997402114706733	0.9992163801476622	0.4999994402623157	0.49999944229034515	0.5000715114719348	0.4999994780873591	0.5000008164665497	
0.6666718189946014	0.25002272828360295	0.9998713582447287	9.8850325845814E-6	0.4999989884286585	0.5000005869569105	0.5000715328462556	0.49999626682152915	0.5000008843896372	
0.6667721699032576	0.2505491696971749	0.0013859068159281056	0.5032133516397297	0.49999905755709567	0.5000007214028547	0.5000716267892531	0.4999997794289363	0.5000005832850182	
0.666674372650358	7.5598677110599866E-6	0.9481141030674209	0.4991506648807114	0.4999994447288879	0.5000006385235348	0.5000709721829313	0.499998545802483	0.4999981127512527	
0.5001054354124782	0.9998355152140386	0.9999257276963552	0.999940805722762	0.4999980973734314	0.5000004734687113	0.5000716476266646	0.4999984946457764	0.5000017012445723	
0.5000830288438395	0.9999361122250001	0.9999985288606682	0.6666535261862653	0.499994695357311	0.499999495229465	0.5000716993362564	0.5000000339918834	0.49999945027226245	
0.5000275061840321	0.99999784320996	0.9999361076673534	0.3334285832099278	0.4999977049554647	0.5000007753360667	0.5000710637631506	0.5000000733252203	0.5000006161317347	
0.5001031148196159	0.9999848368235658	0.9999759800214013	6.241682967625895E-5	0.4999944875890683	0.500001314366432	0.5000716573271679	0.5000000738117932	0.5000028222182175	
0.5000830612514544	0.9999391417140636	0.6666634628686637	0.9998751718122929	0.49999469540100816	0.5000005456941538	0.5000717096817906	0.4999985520829434	0.5000002387328838	
0.5000638617897374	0.9999390748933088	0.6666624763964984	0.500008225945228	0.49999858349370074	0.5000012331353012	0.5000710533785478	0.5000000933518468	0.5000000538963749	
0.5000265499209632	0.9999768041968454	0.6666370722905555	5.1361256299851966E-5	0.49999466514678204	0.5000010282896047	0.5000710567888028	0.49999986359666637	0.5000007807282414	
0.5000845397449091	0.9999928680110963	0.3335351639036764	0.999577774423178	0.4999986858701086	0.5000006594638233	0.50007166565505	0.49999721671522884	0.5000002443510047	
0.5000823604103092	0.9999877334632866	0.33353729247728425	0.0013913109881598384	0.49999868263704667	0.5000010141578161	0.5000715343218267	0.5000000976559288	0.5000000993811031	
0.5000451541606105	0.9999460762254939	7.331757345364098E-5	0.4732215700865181	0.49999502354876313	0.500001015461706	0.5000716456148763	0.499998484455077	0.4999980687044561	
0.5000304798343859	0.6667945443333102	0.9999133088872394	0.9998688008741611	0.4999984348040363	0.5000013258749387	0.500071571701518	0.4999984638361935	0.5000003097981897	
0.5000218982127118	0.6667945444409166	0.9999451520730335	0.49999287963632	0.49999846548147764	0.5000013367429029	0.5000717166744104	0.5000001453624506	0.5000003049551601	
0.5000751894734049	0.6667957019185651	0.9999197988820325	1.7300759453171794E-4	0.49999819403039386	0.5000042012392809	0.500071629745988	0.4999995406583958	0.5000005969216536	
0.5000217907926509	0.6667928799272352	0.500045081997811	0.9998722456555827	0.4999945127195499	0.5000005493041054	0.500071657728787	0.4999964885407523	0.5000002716893391	
0.5000212931104004	0.6667939730452271	0.5000552002323492	1.1936423710593899E-4	0.4999985907103409	0.5000005736549923	0.5000709855306001	0.49999977944069796	0.5000005565074072	
0.500069958403317	0.6667935953715385	2.6013838667226927E-4	0.48912347269165696	0.49999780674430194	0.5000009913953622	0.500071673834666	0.49999594190004315	0.5000000646238301	
0.5000735151835811	0.33360803330046707	0.9997551371755974	0.9995594219878344	0.49999390694702905	0.5000012031845114	0.500071725516124	0.4999953837786789	0.5000028212180033	
0.5000713784816192	0.33360803330046707	0.999754079502502	2.5244686105864423E-4	0.49999417248498057	0.5000007786554275	0.500071692522097	0.49999533085383485	0.5000027959716755	
0.5000463698329217	0.33359298143670313	0.0012105221202538263	0.5407823112271045	0.4999941210400015	0.4999993351885816	0.5000003505254709	0.49999271574385734	0.500000343319586	
0.5000213461545163	5.6634201021017066E-5	0.6982080664658066	0.4860041336161275	0.4999999093216029	0.5000013333750651	0.5000715330351534	0.4999957277375501	0.5000003605686717	
0.33338514643027733	0.9999568192043294	0.9999575495678369	0.9999468659414898	0.4999939075561478	0.5000002504821494	0.5000709818040082	0.49999838862641655	0.5000003068150718	
0.33354727427226694	0.9999575981136786	0.9996929550547684	0.4999710546170247	0.4999977805580337	0.5000005423866007	0.5000716576484329	0.500000238228703	0.5000012954497143	
0.3335365101667778	0.9999801864188551	0.9996897645774648	2.806598526313937E-4	0.499994468489146	0.5000009885768493	0.5000716622391266	0.4999958777443582	0.5000001436498384	
0.3333583783441529	0.9999559014410444	0.5000393721072763	0.9999113413881977	0.4999974340353251	0.5000002649417424	0.5000716776287474	0.4999958514325789	0.50000023079507	
0.33335876118974983	0.9999771635271062	0.5000450807995557	9.875362079245532E-5	0.4999976210833438	0.5000007583612672	0.5000716769157079	0.4999999054527341	0.5000002672463856	
0.33335785273961693	0.9999576381763822	1.8445334642283048E-5	0.5696328704781862	0.49999793445499785	0.5000005227370762	0.5000710488710225	0.4999960153005821	0.500000711054462	
0.3333833238276408	0.5001050962912198	0.9998465245138507	0.9999891975836395	0.4999986032856099	0.5000005259250113	0.5000718254233093	0.499998300565567	0.5000001982618604	
0.3333833238276408	0.5001050962912198	0.9997653806215469	1.1938595460031809E-4	0.4999986032856099	0.5000005259250113	0.5000718474451954	0.49999828889162495	0.5000001982618604	
0.33335784520828243	0.5000563356479244	1.6700753837006754E-4	0.5281381824456002	0.49999452098952923	0.4999995078131444	0.5000710304003124	0.4999958647948099	0.5000007179358303	
0.33335778340615324	1.0020541325944654E-4	0.49696494321871426	0.5533914867039942	0.4999988214925139	0.5000007583472391	0.500071564234532	0.49999996293787025	0.5000002252011243	
0.16658441243457922	0.9999956159426847	0.9999439334621247	0.999518701598114	0.49999880849351874	0.49999990686778517	0.5000715727801259	0.4999999255256492	0.5000012272454262	
0.16658441243457922	0.9999779370556774	0.9999985086447214	3.401896510196243E-5	0.49999455932073167	0.5000012818961475	0.5000711500779764	0.49999987081068936	0.5000002133769781	
0.16697052527188724	0.9996510274996223	0.0012138214332135674	0.5640327841212452	0.49999784866778063	0.5000015648196844	0.500071639197638	0.49999441758928026	0.4999988300336633	
0.16716923538729572	0.0026770528598134523	0.5668633497778801	0.4941638920399779	0.4999935147126529	0.5000002473407187	0.5000718694942599	0.49999531730720287	0.5000003597961422	
6.663473146262255E-6	0.9573386092558428	0.4823779630806304	0.511991500056006	0.49999396936956325	0.5000008521831278	0.5000718842862226	0.4999953039186009	0.5000004579751937	
