0.9999985423105271	0.9999990551015887	0.9999964613028582	0.9999985952461343	0.5000005161835557	0.5000302406441788	0.500002483026893	0.5000025064682057	0.49998523562887837	
0.9999727921825757	0.9999838680518366	0.9999803328581897	0.83320848474304	0.5000000779991256	0.5000301756259905	0.500003127999605	0.5000035826440377	0.49998551974692784	
0.9999929828922318	0.9999995907447283	0.9999930217248364	0.6666532315827053	0.5000000781962818	0.5000301395659957	0.500002561076713	0.4999993019747899	0.4999858199883557	
0.9999931698891431	0.9999923865089455	0.9999897425530354	0.5000139781032209	0.4999998072295343	0.5000301361295179	0.5000004623672994	0.4999993418442517	0.4999854725200161	
0.9999923136135482	0.9999951899947093	0.9999859603185889	0.3333543437820238	0.500001104837715	0.5000312160883563	0.5000014004395766	0.500000977745337	0.49998543927556244	
0.9999818222871893	0.9999190033286633	0.9999393053473229	0.1669788504114042	0.4999982953906986	0.5000310626042349	0.5000004681899398	0.5000002225996111	0.49998527176927177	
0.9999825977826317	0.9999947540339151	0.9999926850738501	1.8723287435776058E-7	0.5000011435135047	0.5000312189646675	0.5000032435156844	0.5000010150155382	0.4999853042130818	
0.999999713841717	0.9999992194653773	0.8333298010166936	0.9999922405498313	0.5000002860826306	0.5000314922413581	0.500003303979759	0.5000016977325424	0.49998585614870483	
0.9999821133225048	0.99999866273665	0.833339218159791	0.7999780561726468	0.5000003257835856	0.5000301716839146	0.5000032685640972	0.49999911979786654	0.49998549387125285	
0.9999829981622281	0.9999964600958404	0.8332523362922928	0.6000278985223775	0.4999989558953453	0.5000313510116768	0.5000014123902693	0.5000002069860804	0.4999858034602903	
0.999990635380646	0.9999909681211491	0.8332489214367607	0.40005627778596065	0.49999982067718973	0.500030231201165	0.500000634453363	0.500000235445655	0.4999847069644906	
0.9999942961399721	0.9999941062600652	0.8332508132589285	0.19995372685234675	0.5000001751563424	0.5000302243571672	0.500000268086626	0.5000010972202402	0.4999854590167841	
0.9999812488350998	0.9999762603024587	0.8331794767506387	2.0299660590809474E-6	0.4999983037995919	0.500031056679792	0.49999970696408763	0.49999967686145463	0.49998525511296943	
0.9999822738346894	0.999976528003725	0.6665848774434082	0.9999999266413149	0.5000001052028318	0.5000302031432862	0.49999861900950754	0.5000026634039701	0.4999851851112392	
0.9999822031167287	0.999977088145046	0.6665848774434082	0.7500458981896637	0.5000000815418232	0.5000300837821641	0.5000014050743667	0.5000000579713579	0.4999851854099563	
0.9999892725891619	0.999994251104692	0.6665848774434082	0.5000354570790059	0.4999998359069153	0.5000302256447757	0.5000004091332808	0.4999994052125891	0.4999853103749784	
0.9999942954443053	0.9999940975333399	0.6666783600093988	0.2499122479459698	0.500000179404627	0.5000301799597352	0.4999993101838277	0.5000002394069603	0.49998528728601715	
0.9999924129116392	0.9999970326419254	0.6666292139706386	2.690564962720289E-6	0.5000003323889257	0.5000311632011142	0.5000004240721231	0.500001005108722	0.49998545339638595	
0.9999955352643434	0.9999976540059669	0.500049421577242	0.9999416846092927	0.5000000641122319	0.500030085781326	0.5000014051737826	0.500000100535474	0.4999852252934369	
0.9999960542349371	0.9999950338173794	0.5000039856325678	0.6666199351866687	0.4999998353677409	0.5000298478813063	0.5000002033339048	0.49999992674199717	0.4999853518287527	
0.9999892699505235	0.9999948225594747	0.500000289393961	0.3332038590907493	0.49999961464349246	0.500030194124976	0.5000002089078263	0.49999992659169157	0.499985787250546	
0.9999990461216378	0.9999948791445611	0.5000000161296069	8.327810268302657E-6	0.500000353804782	0.5000302918326543	0.5000002473043534	0.500000313318804	0.4999846272136422	
0.9999876872138244	0.9999885981488976	0.33344217404349596	0.9997693157536283	0.4999988317362712	0.5000298618501243	0.49999922734698204	0.4999991507898123	0.4999852151992828	
0.9999930733877808	0.9999886429226592	0.3334310950819659	0.5000217566567386	0.4999995928926829	0.5000298309300782	0.5000002585798786	0.49999986029960175	0.4999857995101359	
0.9999874433840518	0.9999901046829123	0.33339195433208973	1.362114034674908E-4	0.49999884286973506	0.5000301928788129	0.5000002178763117	0.5000028493850999	0.49998526311614705	
0.9999919605055947	0.9999772250252168	0.1667507563116575	0.9999306277612414	0.4999988446156471	0.5000300821398876	0.5000002913508866	0.4999994938943348	0.49998522932762307	
0.9999917444759947	0.9999889203595045	0.16672996854418914	1.4064081069057233E-4	0.49999982192238823	0.5000302841159884	0.5000002460821266	0.4999995193576822	0.49998526341968436	
0.9999860703376611	0.9999887529361984	1.2084171755017301E-5	0.01765698775292085	0.49999873969019354	0.5000302355460488	0.500003674087275	0.5000027202453393	0.49998521242596355	
0.999993578347157	0.8332718189114583	0.999972071238526	0.9999955329880369	0.5000002998045971	0.5000298725765199	0.5000025021713997	0.49999928101388486	0.4999858551886804	
0.9999927224615314	0.83329391844737	0.9999939683871186	0.7999414987801852	0.49999965010728203	0.5000302414071374	0.5000028529460239	0.4999995435193542	0.4999858383017959	
0.9999927504490991	0.8332938158711779	0.9999980712400125	0.6000324114286204	0.4999998204449704	0.5000311830326046	0.5000012858890004	0.49999935565998643	0.4999854987414826	
0.9999760646327152	0.8332929333349174	0.9999930353731231	0.3998645844367683	0.49999992550848543	0.500030247994321	0.5000004413877571	0.5000010140143117	0.49998582304092815	
0.9999910634520306	0.8332953814637177	0.9999718468787692	0.20002801273605983	0.5000011662177108	0.5000303834464236	0.5000004336263884	0.49999934239271526	0.4999855047938105	
0.9999918209472219	0.8332899709835014	0.9999720048209833	7.156467821559651E-6	0.500000249191077	0.5000311623655028	0.4999996064127089	0.5000011278162667	0.4999852105833419	
0.9999946464031264	0.8332940160563425	0.8000161872588927	0.9999955462691599	0.500000626614877	0.5000299850959916	0.4999983855233504	0.5000001218439296	0.4999859495928067	
0.9999947587941849	0.8332940940314865	0.8000162048022407	0.7499868118712779	0.499999752599385	0.5000299265022637	0.49999873716243665	0.5000001260887991	0.4999858331459676	
0.9999927961858842	0.833298567539887	0.8000180463414335	0.500016860950079	0.4999996894591937	0.5000299741912548	0.49999895316685744	0.5000003459465694	0.49998521013402897	
0.9999883070506106	0.8332984196222984	0.8000180449260457	0.25000179142094275	0.4999996897494725	0.5000299446319758	0.5000004762590541	0.5000001639614938	0.4999851380244901	
0.9999936233078435	0.8333006873540437	0.8000162121151099	1.9175237980170038E-6	0.5000002267234165	0.5000299462554445	0.5000018930961648	0.500001071079287	0.49998521651350125	
0.9999949635384022	0.8332866662667394	0.5999483198298595	0.9999973734541769	0.49999972978618906	0.5000295938720078	0.4999986324853502	0.5000028290580234	0.49998582984424	
0.9999995151449247	0.8332960266836216	0.5999546616249727	0.6666778120024336	0.49999973190736685	0.50003041704972	0.49999934158490217	0.5000011266636298	0.4999847400066786	
0.999982597689819	0.833297918919941	0.6000585948592211	0.3332011325895785	0.5000001191716296	0.5000311665889053	0.49999922339430525	0.5000003597960455	0.49998550403667336	
0.9999823795794404	0.8333007264199225	0.6000584885878218	4.565185400074195E-5	0.5000003328366395	0.5000304154496643	0.49999918183354397	0.5000011271250298	0.49998465057306263	
0.9999955375598742	0.8332928452043671	0.40004465392481076	0.9999884464511146	0.5000000888586951	0.5000298325341948	0.4999985552663559	0.5000001014089405	0.4999852067044047	
0.9999945374771183	0.833297914125996	0.4000035919845459	0.49998705258888226	0.5000001176450855	0.500030178282996	0.5000000290235649	0.5000002782489361	0.4999855157325235	
0.999994542194389	0.8333570705325895	0.4000035919915092	1.3620672051142813E-6	0.4999998363125224	0.5000301961028771	0.4999993077998006	0.4999994042288029	0.49998531202669494	
0.9999931652588412	0.8332899416696553	0.20003980193744922	0.999893806393644	0.49999957877280143	0.500030083647215	0.5000002689393255	0.49999985113771667	0.4999857951357461	
0.9999861236704574	0.833297928754676	0.20003360146866375	7.398417144164394E-5	0.49999984588901514	0.5000302332885425	0.500000034828547	0.4999994294300359	0.49998528330674064	
0.9999890069026216	0.8332973637880652	3.8651940324516995E-5	0.500070042434149	0.5000000302333184	0.500030122067404	0.5000035941855396	0.4999998596343165	0.49998525804483096	
0.9999998171376407	0.6666689089189117	0.9999990887746579	0.9999984547668507	0.49999910994315055	0.5000299824817094	0.49999866271862187	0.5000000413351497	0.49998585942603935	
0.9999560883607538	0.6667203392753673	0.999991488543964	0.7496688963197325	0.4999997728982973	0.5000302500346385	0.500000519767979	0.5000031797894957	0.4999857609420948	
0.9999904901618664	0.6666814568562782	0.9999996244852934	0.5000525117620636	0.500000658674051	0.5000298344767763	0.500000668412055	0.5000021526038275	0.4999860490256378	
0.9999990243661112	0.6666660984250546	0.999987002193339	0.25000294790229866	0.5000000209124598	0.500031162519333	0.5000005117323378	0.5000011039484954	0.4999851406973633	
0.9999995319558428	0.6666650957201069	0.9999826035662804	3.074729995820985E-5	0.500000020864505	0.5000304950907539	0.5000005056742286	0.4999997582963571	0.4999851390308184	
0.9999990058110255	0.6666671653884264	0.7499752150698197	0.9999994797816405	0.5000006199418507	0.5000299385045104	0.4999986622093839	0.5000016229928025	0.49998585959614145	
0.999999018108386	0.6666667584714724	0.7499734556269924	0.6666723584681318	0.5000005368242402	0.5000299319531487	0.4999987503205102	0.5000000304213534	0.4999852071131321	
0.9999927321429147	0.666682804657763	0.7500050907154974	0.3334208643416974	0.49999872917811733	0.5000313902879182	0.5000000238290832	0.49999919253489494	0.4999842299567119	
0.9999992163990943	0.6666665555085083	0.7500050290889378	3.6301436463624195E-6	0.5000002246463636	0.5000303860831846	0.5000005128264793	0.4999997110373632	0.4999852445276873	
0.9999996151037029	0.6667198598599219	0.5001340867123345	0.9991901363850308	0.5000006986647412	0.5000300790360912	0.49999873409908885	0.5000030063601002	0.49998387766671093	
0.9999664120918874	0.6667200561516172	0.5001362362960188	0.4999610677343135	0.49999831831662966	0.5000296824124689	0.49999861285923347	0.49999993248073016	0.49998582128650176	
0.9999945431536476	0.66667523739248	0.5000799144285031	1.4865068452466163E-4	0.49999836053691576	0.5000301950538791	0.4999996870386285	0.4999999354484409	0.49998577897170954	
0.9999945103151453	0.6666698823947969	0.2500298435580215	0.999590738802566	0.49999974241918405	0.5000298519521452	0.5000009341448093	0.4999994998974765	0.499985199308529	
0.9999945021676081	0.6666723505784957	0.2500428681640892	2.25723793636522E-6	0.4999997508823758	0.5000297639303356	0.49999874201638045	0.49999949977099495	0.49998521396013906	
0.9999890256567137	0.6665871674944559	2.8214805398261976E-5	0.36956276395003956	0.5000000295400611	0.5000300858632584	0.5000006777518953	0.5000003056832142	0.4999852373655993	
0.9999885331260256	0.49994843727048605	0.9998572438845806	0.9999915062814205	0.49999914792695327	0.5000300973198311	0.5000001969543504	0.5000031869706663	0.4999858144803386	
0.999976030808222	0.5000393653815667	0.9999568660290649	0.6668728857794576	0.5000005326300977	0.5000300789129886	0.4999982208771171	0.500003979246684	0.4999858007409446	
0.9999882723572041	0.49994007342562446	0.9999905465879195	0.33338969882571823	0.5000002387550511	0.5000300268595292	0.4999993143525011	0.500001220054776	0.49998580366910766	
0.9999738959711866	0.5002335528139511	0.9997987447935826	4.31038209265372E-4	0.500000321811509	0.5000299834359808	0.5000008098474111	0.49999746034254655	0.4999840347802991	
0.9999870095759893	0.49993421034869445	0.6667558799909685	0.9999963631000571	0.4999992306175119	0.5000300235104672	0.4999989241056467	0.5000006553015837	0.4999852461946368	
0.9999942943185246	0.4999473937488244	0.6667693041918655	0.5000537753523792	0.49999975101027927	0.5000296806323032	0.4999986543080197	0.500000188521288	0.499985212277647	
0.9999862563912649	0.49980537501363953	0.6667693348468364	1.913216821178844E-6	0.5000005067444393	0.5000317022815863	0.5000003445027642	0.4999995720419368	0.49998595719714756	
0.9999862670092289	0.5000386597261882	0.33370599219586206	0.9991376573271765	0.49999839667182444	0.5000311540789347	0.5000003107859853	0.49999930238914503	0.4999846885072178	
0.9999875087337294	0.5000332443980712	0.33333093451253537	9.67695722406544E-7	0.5000009245884507	0.5000316717707982	0.4999961782285849	0.49999916357802815	0.4999844042350536	
0.999986278309816	0.49998903007158435	1.9090155321175174E-5	0.5236344346051957	0.49999835488946864	0.5000303520026192	0.49999824766136425	0.4999999996411012	0.4999852649794169	
0.9999780661521522	0.33347774403736413	0.999865743005843	0.9997611505190114	0.5000002911117911	0.500031149751803	0.5000005153661581	0.49999943900418564	0.49998470589653404	
0.9999838293093737	0.33335380099402556	0.9997247381269002	0.5000549903915014	0.5000002215323835	0.5000300516812933	0.49999926278633566	0.5000001660384502	0.4999852363526994	
0.999985317696584	0.33347774909175293	0.9997899302506078	2.1085180894702803E-4	0.5000002270334399	0.5000301507328404	0.49999923696267984	0.5000000301987453	0.49998408570364744	
0.9999807414637532	0.3334777445017682	0.500130716905565	0.9995717872748884	0.4999996602452304	0.5000300410436785	0.4999991909386213	0.5000000028903447	0.4999846910810184	
0.9999755455478612	0.3334777492538951	0.5001305429347861	5.600552913590574E-4	0.500000698033366	0.5000300787246164	0.4999987335743018	0.49999915259026245	0.4999851838735062	
0.9999755457334654	0.3334773281524286	4.6003908723080134E-4	0.5034609179545673	0.49999884281233037	0.500029844386457	0.4999993408266593	0.49999950515701785	0.49998537974546353	
0.9999612785155967	0.168018196167917	0.9946437844332091	0.9992951068500419	0.4999988742763519	0.5000302269950943	0.4999992276216462	0.5000070035474559	0.4999852678257085	
0.9999751756265665	0.1680179957138975	0.9997828669836198	0.004864190211265779	0.5000002727015307	0.5000301249762942	0.4999991986153637	0.49999938449355286	0.49998518174941153	
0.9999858611114735	0.1666330026947224	1.2123398054029587E-4	0.503417749320092	0.4999997231461921	0.5000298435539077	0.5000006724629615	0.5000000295570501	0.4999840883288748	
0.99999635447785	3.3990361660320823E-6	0.8459768456621216	0.9998644558560197	0.5000005336747612	0.500030465595166	0.4999989642115014	0.49999925534198586	0.49998391442901846	
0.833323134811312	0.9999998742296599	0.9999958303779856	0.9999987375585531	0.5000000652006841	0.5000297827552507	0.50000304792367	0.4999995439984917	0.49998584010633484	
0.8333243910711615	0.9999999488874498	0.9999956904378354	0.7999791107182673	0.5000002926174547	0.5000297800070502	0.49999786260350315	0.4999997855327769	0.49998552253090855	
0.8333199737630156	0.9999763299201898	0.9999860026271992	0.600149216139827	0.5000000868257862	0.5000301024892067	0.4999980282512517	0.49999975116618334	0.49998517011587873	
0.8333246473447713	0.999999634691877	0.9999859898947642	0.3999781472947729	0.5000011683013571	0.500030197189776	0.4999985405024978	0.4999995340330142	0.49998518192655794	
0.8333246964813166	0.9999951560583332	0.9999930739094205	0.20002263707468929	0.5000006033983355	0.5000302229702333	0.5000004258285894	0.4999996320480521	0.49998594199728585	
0.8333220562359469	0.9999970140212263	0.9999860564232345	4.1265695715485024E-8	0.5000004039777426	0.5000310726630424	0.4999998885932305	0.5000010351133496	0.4999854186510871	
0.8333238484946669	0.9999998728407378	0.8000161916433148	0.9999933876538779	0.5000002189176398	0.5000299851629547	0.5000025442259995	0.4999995965811699	0.49998594096391624	
0.8333243720261486	0.9999996322700088	0.8000007777189712	0.7499882147425418	0.5000001166086314	0.5000301725482138	0.5000024863322845	0.4999995325233374	0.49998524479236145	
0.8333274681982117	0.9999997509031187	0.8000180468352964	0.5000169871137792	0.4999989404325533	0.5000302294319605	0.5000004143267672	0.5000003248951067	0.499985206349092	
0.8333274705716401	0.9999997504249362	0.8000180457125239	0.24998235731925775	0.5000004105676618	0.5000302517891181	0.5000004143207368	0.5000009836611157	0.4999852018843355	
0.8333163720691924	0.9999948279398772	0.8000844615561312	4.292018250215573E-5	0.5000011636329538	0.5000298798353465	0.5000002442938577	0.49999972638004325	0.49998458883989627	
0.8333242536345021	0.9999996213869804	0.599966266672379	0.999999983470198	0.4999992274782379	0.5000301243726126	0.5000013224173191	0.49999857599326053	0.49998582095345173	
0.8333258702754651	0.9999964358465736	0.5999662666616161	0.6666769919258271	0.5000000920817882	0.5000301066534134	0.5000013248867244	0.5000000602318316	0.49998550993175983	
0.8333230062712952	0.9999948247881404	0.5999579451620481	0.33321267936137455	0.4999995689480281	0.5000298435181891	0.5000002323744924	0.49999967313184535	0.4999858965093232	
0.833316351449636	0.9999947488773118	0.6000617312350707	4.292256781895096E-5	0.5000003481029933	0.5000300287504097	0.4999992667856567	0.4999996664919376	0.4999852991071525	
0.8333226269438434	0.9999982970057915	0.40001260706979813	0.999993128540141	0.49999966724294154	0.5000301231058282	0.5000002671076567	0.49999998203452023	0.4999855364820431	
0.8333226331493792	0.9999998808656845	0.40001115757666106	0.5000215943185424	0.4999996689200017	0.5000301245932511	0.4999995274165544	0.4999993858883007	0.49998526324113546	
0.8333232248924998	0.9999997405242422	0.4000111714581003	1.456282943833096E-5	0.49999948370434555	0.5000302697400033	0.4999995195121003	0.49999994118702135	0.499985224717199	
0.8333227835375522	0.9999923446129999	0.20000349038637305	0.9999399253442176	0.5000000729527728	0.500030191963327	0.5000016214368687	0.4999993448903807	0.4999852152197913	
0.833323109053061	0.9999921171401688	0.2000042056576294	4.869230396729917E-6	0.4999994983292804	0.5000302368592218	0.5000016938773223	0.4999999546104845	0.4999852340369599	
0.8333231025473063	0.999992310739901	2.9768124656433705E-6	0.47659814928512184	0.4999999844885978	0.5000300835784725	0.5000003271165867	0.4999999208228267	0.4999852190664306	
0.8333238482672068	0.800013318593294	0.9999949794853261	0.9999948204051844	0.5000005235097179	0.5000299668185868	0.49999938436424085	0.5000020415798262	0.49998582320409474	
0.833325911168026	0.8000133082944525	0.9999991598755269	0.7499861552175566	0.5000001560540468	0.5000298081857568	0.5000006907294997	0.4999992323898663	0.4999858452806916	
0.833324774126341	0.8000121819002899	0.9999948805350959	0.5000088901340439	0.5000002637199025	0.5000300341578947	0.49999934676787644	0.49999938634260727	0.4999847926048064	
0.8333247851998273	0.8000132573143232	0.9999955582875738	0.2500016516988045	0.49999974946607695	0.5000300311047928	0.5000004792086987	0.49999946275705415	0.4999847603364941	
0.8333247788372334	0.8000121651932759	0.999994933363804	8.179951706140291E-7	0.5000002592560266	0.500030050396276	0.49999836921432456	0.49999973705268336	0.4999852250179247	
0.833323848373803	0.8000133146698059	0.7500458519445248	0.9999690824656936	0.5000006275016803	0.5000299559040162	0.49999926182192816	0.5000001690291436	0.49998584527070233	
0.8333258505855335	0.8000122048731192	0.7500459880830352	0.6666769725147519	0.49999971017094924	0.5000298349908661	0.4999986096976455	0.499999190389751	0.49998550522633783	
0.8333162669571833	0.8000195814077325	0.7500813748180787	0.33341035206813746	0.4999995041192783	0.5000325870260964	0.5000001956148907	0.49999876856610415	0.4999859355474688	
0.8333156474786988	0.8000134524070546	0.7500818238737019	1.565449617555842E-5	0.4999997536096863	0.5000301381614037	0.5000002467914029	0.499999615378388	0.49998594201936497	
0.8333183602859765	0.8000132806928422	0.500009522825669	0.9999825977624791	0.5000006130536395	0.5000298354674417	0.49999925201882733	0.49999930546997357	0.4999859426459001	
0.8333257007791753	0.8000122042873835	0.5000005424091678	0.5000195319746756	0.5000006331962468	0.5000298352729929	0.4999992674692176	0.5000001763185264	0.4999859362146646	
0.8333213280290805	0.8000122037722102	0.49999966328781636	1.5195009819434727E-5	0.499999553178439	0.5000298379791304	0.4999992577999505	0.5000009563804276	0.4999857963625216	
0.8333230519006343	0.8000190797253941	0.25003003767841564	0.9995908672449852	0.4999996235207576	0.5000298519942159	0.5000002789928298	0.4999993538235186	0.4999859341038083	
0.8333232098101063	0.8000246091009758	0.25005000931468974	2.585236006732962E-4	0.49999873181976595	0.5000301280403129	0.5000002941312293	0.4999993663047344	0.4999859183789273	
0.8333223398893917	0.7999152180667197	3.750221133476625E-5	0.4855103375503988	0.5000000171407825	0.5000301157331695	0.5000000340315575	0.4999993539433542	0.4999852626162185	
0.8333238377640104	0.6000709242185461	0.9999172826774695	0.9999974274757403	0.5000005381231263	0.5000299563253686	0.4999993417013998	0.5000015407902131	0.4999858241688092	
0.8333835953059523	0.6000709273282803	0.9998295461630321	0.6668406421900065	0.49999914406838974	0.5000300594998756	0.4999986638864952	0.5000012910390241	0.4999858211853342	
0.8333499435376741	0.6000851267895175	0.9999380150152468	0.333390039337889	0.49999970951220557	0.5000303092772876	0.49999863500857455	0.5000010822085875	0.4999854962487888	
0.833320036930086	0.6000588472388386	0.9999373602254334	3.2249764491872153E-5	0.4999983709236452	0.5000311651594513	0.4999992643478207	0.4999999422953329	0.4999852131593779	
0.8333466691964728	0.6000376382940789	0.6667693972560009	0.9998235871304983	0.49999950917340336	0.5000312562737705	0.5000013375384661	0.4999987954617777	0.49998610655028075	
0.8333484516237384	0.6000717392368727	0.666769397393525	0.500036846645438	0.5000001946884945	0.500030047040598	0.4999997370931407	0.5000012855998965	0.4999840914130387	
0.8333171414228394	0.6000588081456067	0.666728114791096	7.00651638173565E-5	0.49999841543460116	0.5000311821117204	0.49999975638244876	0.49999993404102044	0.4999852474067824	
0.8333225838036777	0.6001077262428033	0.33350214629932734	0.9996034629805103	0.4999992567777651	0.5000298468609459	0.50000032816763	0.49999937044164794	0.4999858394457753	
0.8333834397562131	0.6001081012047054	0.33350214629932734	3.7915090810686225E-4	0.49999929284552075	0.5000303961540518	0.50000037487902	0.4999993198253318	0.4999855111567761	
0.8333624046759909	0.6001072013339894	2.655251251909304E-4	0.5230515519115788	0.4999999200427409	0.5000298317892748	0.4999993054692963	0.49999999840117154	0.49998595424032305	
0.8333237624452242	0.400064765045587	0.9999053012963207	0.9999699930509631	0.5000005165131908	0.5000297785702958	0.49999932194540647	0.5000021604142254	0.4999853952210222	
0.8333486479063436	0.40006431071249215	0.9999568140483566	0.5000534254764495	0.4999992112849325	0.5000300533304037	0.4999992621998495	0.500001278558721	0.49998579775749374	
0.8333209007295657	0.4000643444416466	0.9999378368538135	1.0593251958074604E-4	0.5000006650859709	0.5000300754088699	0.5000014525779564	0.4999995067900888	0.4999852843398125	
0.8333207930046275	0.400064765045587	0.5001314352058135	0.9996000847291348	0.49999963161847294	0.5000300847800092	0.5000005149480753	0.5000000057323493	0.49998470535687906	
0.8333474339524438	0.40006434446012795	0.5000136594170462	1.4423810817719516E-4	0.500000658108985	0.5000301370797964	0.5000001225946759	0.49999995503680533	0.4999859332235005	
0.8333620766702804	0.40006435099944776	1.7117978408021095E-4	0.5296443086578979	0.5000006708262839	0.5000301160011079	0.5000000906421435	0.49999927639016156	0.49998527559283157	
0.8333284746949339	0.2001483197975139	0.9998020591512873	0.9997241317384852	0.4999992433815371	0.500030038318495	0.4999990199369219	0.49999927555462026	0.4999852723818603	
0.8333289896536796	0.20014833137094107	0.9997248643376608	9.485211813131882E-5	0.5000002955565944	0.5000311503826762	0.5000001450727379	0.49999923647058364	0.4999859026940487	
0.8333619651862973	0.20037121939571603	0.0015256471317838301	0.5010067642507711	0.4999992155307	0.5000298688525604	0.5000008080656982	0.5000002048162705	0.49998478873002866	
0.83333118354419	3.5026573172405087E-6	0.48169747935904106	0.5000878375305025	0.5000006766964833	0.5000302777150979	0.5000006782852743	0.5000001736902201	0.4999852906334019	
0.6666931616508194	0.9999623316984793	0.9999943443125147	0.999993425133722	0.5000001081222678	0.5000313352997728	0.49999861836672754	0.49999961989042835	0.4999849459914304	
0.6666926814663102	0.999999314980933	0.9999923796535619	0.7500536239495036	0.5000000745575017	0.5000298166118178	0.5000024574490354	0.49999951506665047	0.49998578828310447	
0.666751079865184	0.9999566890149623	0.9999193316099569	0.5000105410563647	0.5000001008442756	0.5000301305123334	0.500000519696872	0.4999993639822963	0.49998584849690425	
0.6667525466852419	0.9998930827422975	0.9999947965555257	0.25000126220425534	0.4999995681449522	0.5000300689432814	0.5000005319470949	0.4999994554442295	0.4999847607385503	
0.6667462427007073	0.9999935987356732	0.9999898710316161	5.786872695726203E-5	0.500000288902307	0.5000311992652969	0.49999942006941195	0.5000028622263175	0.4999854506202873	
0.6666895595702884	0.9999968785646892	0.7500580252741124	0.9999720563968962	0.5000003682368999	0.5000301110183825	0.5000022145452532	0.49999912319986506	0.49998578748861516	
0.6665469444875219	0.9999988760433624	0.7500466714873202	0.6666824812747236	0.49999971915906677	0.5000302259173774	0.5000000824656449	0.49999899905724576	0.49998550893189614	
0.6666695274536084	0.999990782061837	0.750074313473817	0.3333901212088469	0.5000005434425117	0.500030177565707	0.4999993172203235	0.4999995063852259	0.4999852003178023	
0.666752153885841	0.9998893836815291	0.7500378712896341	1.449430905211593E-4	0.49999949470621396	0.5000299123792326	0.4999985368650168	0.49999879307944806	0.49998594226096027	
0.6666980258144991	0.9999863516966999	0.5000043592744261	0.9999801563690974	0.49999929100509766	0.5000298477639236	0.49999788685499896	0.4999993460206889	0.4999854300817457	
0.666695977796513	0.9999745284859728	0.4999991515102891	0.5000190522679716	0.5000001497715434	0.5000302162950656	0.5000012610217888	0.5000000396233953	0.4999852825370844	
0.6666738882061954	0.9999375629947305	0.4999999623956282	1.577190298719929E-5	0.49999956199105194	0.5000306215542325	0.500001601890661	0.4999994901605428	0.4999852825056571	
0.6666973214640008	0.9999923411705668	0.25028928922255256	0.9992569329030563	0.4999998293336036	0.5000302206937688	0.5000002472958756	0.4999993538776698	0.4999853291997429	
0.6668265643947265	0.9998579055649411	0.2500790490939878	1.4312999141425633E-4	0.4999998234496667	0.5000301731645765	0.5000002474339255	0.4999994317414991	0.49998528230665057	
0.6667342834673783	0.9999746007649829	1.1996470027342024E-4	0.49988208987627564	0.5000001050890353	0.5000301798935914	0.500000245131393	0.5000003256109123	0.49998551120991735	
0.6666198655470854	0.7499859116786394	0.9999729708011088	0.9999839291938271	0.5000005435731754	0.5000301226800352	0.5000024833816483	0.5000032844531366	0.4999850871514638	
0.6666931725049918	0.7499890670315353	0.9999867527344006	0.6666479302151866	0.5000000803535135	0.5000317348374702	0.4999984414978319	0.5000015569896091	0.4999847336553164	
0.6666948861390071	0.749998475482159	0.9999848017640391	0.3333901776641811	0.5000005101146203	0.5000302026638883	0.5000018924352168	0.49999950735169263	0.49998523020290303	
0.6666454344298303	0.7499928057517438	0.9999949312493107	8.136912696687267E-7	0.5000002577423311	0.5000300464510362	0.49999836857094515	0.4999997562756019	0.4999858395329083	
0.6667464621815647	0.7499858555719902	0.6666944273562555	0.9997938737016858	0.5000005309204129	0.500030137829707	0.4999982435440029	0.49999915487441515	0.4999858224219924	
0.6666914814880162	0.7499986531888521	0.6666266752540524	0.5000415995178964	0.49999907641177804	0.5000298259633866	0.5000002095752442	0.49999918490016354	0.49998579457839176	
0.6666097226481679	0.7499986531126622	0.6666266516700737	1.0874787120310188E-6	0.5000000243682223	0.5000301437983751	0.5000001998939454	0.49999918224385614	0.49998522704619147	
0.6666702996053311	0.7499890739644043	0.3333480679114905	0.9999995584569361	0.4999995870575927	0.5000298417619055	0.5000002514324191	0.49999966208283086	0.49998579370984775	
0.6666695183602054	0.7500467496016376	0.33335119420126846	5.7980739213208884E-5	0.5000005775624835	0.5000301751850232	0.5000002146078909	0.4999994833905952	0.49998579127530157	
0.6667476750681773	0.7500491835681368	2.6899943065666974E-4	0.5405061450035237	0.4999989739819763	0.5000298433904871	0.4999993262844869	0.49999992339840044	0.49998595379738064	
0.6666939775841735	0.5001354984735645	0.9998525728723835	0.9997952756373818	0.50000009103416	0.5000301524200865	0.4999982154360045	0.4999994333582589	0.4999847834842615	
0.6667698186416096	0.5002053948142485	0.9997892148406096	0.5000289159148548	0.500000297932901	0.5000302085977775	0.5000000833451179	0.4999991582188652	0.49998495389117387	
0.6666456840143957	0.5001379283526259	0.999817476683768	1.044175606819595E-4	0.49999989625714786	0.5000303054980203	0.49999932434205935	0.5000012376650593	0.4999858562506077	
0.6666957764178517	0.5000287547156036	0.5001272063067218	0.999564131201884	0.5000004096900175	0.5000300154311685	0.5000003206032501	0.49999947538777795	0.4999854504976069	
0.6666647689370535	0.5000327177141317	0.5001244056175905	5.3730891859255293E-5	0.5000004061054506	0.5000300521016682	0.5000014933405043	0.4999995124988576	0.4999852980310933	
0.6666678612758313	0.5000346325533633	2.2733169634500672E-4	0.5022659584467548	0.4999995098473849	0.500031903275052	0.5000005186066344	0.5000010178540418	0.4999855649077893	
0.6668084763349881	0.25041183457178606	0.9990201025159781	0.9994049094282257	0.49999840354058656	0.5000302820208506	0.4999989759772351	0.5000025915462902	0.4999852530808735	
0.6668117094599305	0.25041183457178606	0.999031346618417	5.873224882092295E-4	0.4999984026631009	0.5000302808082812	0.4999991999868738	0.499999226703783	0.49998525210469585	
0.666772230042583	0.25041179691183374	0.0015460177943690677	0.5291054593320593	0.5000006547882421	0.5000301074489902	0.5000000781123517	0.5000028947007612	0.499985262979122	
0.6666675599310081	6.141225009091486E-6	0.5046885070482883	0.4752412067338402	0.5000009097160224	0.5000302994141835	0.4999989733107935	0.49999937263351746	0.49998519430149824	
0.500091212449434	0.9999612097053618	0.9998731583934207	0.999903078393231	0.5000001526025448	0.5000301723898247	0.5000025052763915	0.5000025423694154	0.4999850612057603	
0.49999862871881173	0.999997363798793	0.9999963971039164	0.6666478764656096	0.5000000631995578	0.5000300830483562	0.5000001150298795	0.4999994130974557	0.4999850837833095	
0.5001138509475896	0.9999983678792227	0.9999710886271896	0.3333736192886363	0.4999991049083859	0.5000300651170914	0.5000000712381578	0.500002672947153	0.4999857907540358	
0.5001174299548824	0.9999587476027004	0.9998169556350861	1.4883244639854644E-4	0.4999999356284395	0.5000300846550387	0.500000418311056	0.5000021109474712	0.499984852109083	
0.5001298875978925	0.9998565380729278	0.6666907997185225	0.9997941325463037	0.49999910965870553	0.5000301825821707	0.5000027561153807	0.4999997937770913	0.49998550275227555	
0.5001057865146026	0.9998945265000674	0.6666253582565728	0.500010546135511	0.4999999515260238	0.5000301789504691	0.5000013910827971	0.4999993482596868	0.49998585178161165	
0.5001070922440984	0.9999149939848787	0.6665371758689889	1.1129746841044829E-4	0.4999999441852662	0.500030180346316	0.5000004339170645	0.5000021517281387	0.49998544291809527	
0.5001035905927383	0.9998968280644784	0.3333525746376962	0.9999294524459705	0.4999997304386589	0.5000302042376334	0.5000024586067867	0.49999918460239706	0.4999849592155808	
0.5001304218746366	0.9998566781341762	0.33335117429983674	1.5919743168489868E-4	0.49999813665701903	0.5000298479812644	0.5000002387058478	0.49999948820854445	0.49998553041357285	
0.5001226747690226	0.9999745340390203	3.7158743659946377E-4	0.5136963113604476	0.49999994784106416	0.5000298461108144	0.5000016140842166	0.5000020630975126	0.49998519284472764	
0.5000908526068075	0.6669028293672433	0.9996593633316478	0.9998074046720009	0.5000002350574427	0.5000301585362312	0.49999774337795644	0.4999992034906119	0.4999857579330362	
0.5000909461463582	0.6667808477367461	0.9998295247804655	0.5000175443771075	0.4999991086794982	0.5000325834697467	0.5000000416592044	0.49999969073931727	0.49998550387892393	
0.5001183067528949	0.6669079724498849	0.9994647546014128	1.4701767889326741E-4	0.49999977549356367	0.5000304511703969	0.5000001083048459	0.5000026740068709	0.4999847437572918	
0.5000974767610946	0.6667825405293787	0.5003821045077754	0.9988708159250171	0.49999992394869575	0.5000302018802667	0.5000003335908526	0.499999961269796	0.49998580041576024	
0.5000938002131853	0.666709495711558	0.5001241898620469	5.5232582362425104E-5	0.49999896679404604	0.5000298621558258	0.500000329820896	0.4999991903439069	0.49998586395635836	
0.5001255687718855	0.6667818432157095	7.712640770976256E-4	0.5024174544232729	0.49999910958733856	0.5000300819598128	0.5000004922457781	0.4999994123395873	0.49998543658391525	
0.5001311120250378	0.3339514456599074	0.9997892118044361	0.9997450377887027	0.5000002884112957	0.5000300406834473	0.5000002902243021	0.5000013809181036	0.4999850749631009	
0.499861908549038	0.3335344837428458	0.9999449679473854	1.4883244639854644E-4	0.4999997517116205	0.5000308888984227	0.5000001159782327	0.4999994599188245	0.49998484030213386	
0.500096110767018	0.33353495730701643	7.124560990326052E-4	0.495685229639378	0.49999975587525947	0.5000302379890248	0.5000003079992605	0.5000035588993813	0.49998484318366854	
0.49987542378759764	9.123400047459373E-4	0.607373908208157	0.019423089507879854	0.5000004902509373	0.5000303107597324	0.4999996745672659	0.5000035702510046	0.49998419170801317	
0.3335498975850138	0.9998503913061173	0.9999130012411892	0.9995365531734608	0.5000003998259643	0.5000299529672413	0.500000158914096	0.5000008827419894	0.4999847450821205	
0.33340308034634175	0.9999978221912458	0.9998448230161807	0.5000170961554389	0.49999977042946936	0.5000298498785388	0.5000014956030939	0.5000021941223598	0.4999857493698664	
0.33363730875856257	0.9997643744211105	0.9995970838534638	3.9036718847353243E-4	0.5000003949636428	0.5000299416037812	0.5000003257616856	0.4999995272753332	0.49998576536182027	
0.33335419932355725	0.9998564043433055	0.5000603512152071	0.9999785963151068	0.5000003935801385	0.5000299490423092	0.5000001602377532	0.500000892444193	0.4999858004795094	
0.3333542807418526	0.9999968062315095	0.5000657695155833	5.3175760731370074E-5	0.5000002857879787	0.5000298351587764	0.499998519295122	0.49999919048580055	0.4999858163254654	
0.3333476357585035	0.9999745492644359	1.813122025794255E-5	0.4711134412532977	0.5000002941731758	0.5000299640869207	0.5000003285782469	0.4999985014738233	0.4999850941904294	
0.3335379260522283	0.5002478796872464	0.9997824025492097	0.9991411319190338	0.5000000748547269	0.5000304825133249	0.5000024303375857	0.4999997477876521	0.4999858647240709	
0.3333554335450283	0.5001688367236747	0.9997795887723736	1.4305314252544717E-4	0.5000002957200379	0.5000297314674225	0.4999999439475585	0.49999990568109076	0.4999858048296821	
0.3333482852068003	0.49997120516395077	6.969711765399502E-6	0.6260323103447201	0.4999991005127143	0.5000299595916468	0.5000003148779445	0.49999848549317716	0.4999854494326664	
0.3335483629556403	7.09869833120047E-4	0.666575092706944	0.4989875849079783	0.5000003691128344	0.5000325271220463	0.5000015628490702	0.4999995289230786	0.49998544993209426	
0.1670602637787138	0.9997716824420788	0.9996278957769069	0.9986535215565655	0.5000000714627211	0.5000296906614291	0.5000005450505272	0.4999993667902905	0.4999858664665279	
0.16719191793406113	0.999754357863583	0.99959702769533	3.9025711560850495E-4	0.5000002959732228	0.5000296711812189	0.5000036278182861	0.5000100258936753	0.49998594922503703	
0.16705536272858418	0.9999799374072756	0.0017921477965415211	0.49784886648062954	0.499999937621336	0.5000299633957392	0.5000001087676834	0.5000020851924059	0.4999857573827469	
0.16758611349072747	0.007220927759000018	0.6678970069506486	0.4999459865469187	0.5000000745358237	0.500029945273535	0.5000013846799854	0.4999983727778419	0.49998585140648155	
4.6521200466942414E-5	0.6712256077092718	0.6777463080576636	0.500752277839695	0.5000002932827068	0.5000305283117604	0.50000032468397	0.49999856180154567	0.4999858533682176	
