0.99994465611274	0.9999749974294895	0.9999999925059768	0.9999688100709622	0.5000039896874291	0.5000085946236814	0.49999940057181397	0.499959713389795	0.5000230952609122	
0.9999996345179172	0.9999966392143699	0.9999982937245411	0.8332555127090919	0.5000037357432947	0.5000092393909935	0.4999994507408727	0.49995976983422713	0.4999698308203006	
0.999978232149932	0.999973074777888	0.9999768264801925	0.666582486332145	0.5000040063808714	0.5000095274447087	0.5000035291843967	0.4999594969970356	0.49996851697195444	
0.9999985447505383	0.9999963494402334	0.9999984505685032	0.5000169042306635	0.4999974032972939	0.5000085067740682	0.5000016330895719	0.499959740415789	0.5000222402453941	
0.9999973639542591	0.9999983911362946	0.9999995379111207	0.3333640265870124	0.4999970613862917	0.5000086723573258	0.5000016175042672	0.49995966096111727	0.5000226887326781	
0.9999987288104718	0.9999979586418513	0.9999933276799309	0.1666732288932553	0.49999731782556694	0.5000107236690374	0.5000009943789933	0.4999602605758154	0.4999711038008321	
0.9999933571936754	0.9999968935110942	0.9999974461570176	8.100410251785624E-6	0.5000046654070242	0.500009299119763	0.49999718134320853	0.49995970283773616	0.4999757960886697	
0.9999824980044985	0.9999862780130679	0.8334541740683167	0.9999199518267606	0.5000030682796753	0.500009518773622	0.5000018090451581	0.49995969440510624	0.5000226761550802	
0.9999879740097875	0.99999919151892	0.8332972353319766	0.8000475832386449	0.5000040986252531	0.5000095223539814	0.5000010285679315	0.4999602357387297	0.50002499496096	
0.999988627408166	0.9999892315787468	0.8333162685281019	0.6000404891627953	0.49999771157459716	0.5000098927691267	0.5000010251137127	0.49996008768283523	0.5000239688183322	
0.9999858782863569	0.9999859360670476	0.8333091667077178	0.3999857422520683	0.4999971385493102	0.5000097709597513	0.5000009010992155	0.49996011165270865	0.5000213593885232	
0.9999887034682787	0.9999924830760998	0.8333041274803207	0.20000725942006625	0.4999960720139312	0.5000094839332558	0.5000008085598743	0.49995963323871945	0.5000163781384068	
0.9999987471409664	0.9999926027034628	0.8333089341071189	4.433380038988383E-7	0.4999970913670776	0.5000085532041305	0.5000015822354638	0.49995994004459077	0.5000211689566212	
0.9999889042266344	0.9999856353153657	0.6665863093032449	0.9999996493657335	0.5000039841769952	0.5000095556520201	0.5000013557207211	0.4999601079668882	0.5000274214415297	
0.9999989200704781	0.9999982768206153	0.6667631965548354	0.7497883227266818	0.4999981953397841	0.5000070362299912	0.5000006256289297	0.49996035110516196	0.49996971403333856	
0.9999878644131799	0.9999942739148275	0.6665870289301224	0.4999584707135716	0.5000035264961383	0.5000068060259975	0.5000009909525711	0.4999600618453549	0.5000234483878846	
0.9999935681207202	0.9999970318132358	0.666629010441533	0.24995653661944675	0.5000037761342702	0.5000095211950965	0.5000008146382492	0.49995941815352185	0.5000226237286131	
0.9999938984002333	0.9999727322914959	0.6665843489737612	1.993431368965968E-6	0.5000033277501429	0.5000092562734129	0.5000011091177112	0.49995961956418655	0.5000179721793669	
0.9999894655012557	0.9999471885534096	0.5000980830150826	0.9998478019232995	0.49999795821507487	0.5000069473583442	0.5000006441574676	0.49995971104899334	0.5000295222046891	
0.9999984602297309	0.9999860491793583	0.5000622785121849	0.666782671361967	0.5000030682395517	0.5000091926570339	0.5000011862433493	0.49995923082764354	0.5000204981088888	
0.9999887181067092	0.9999942740298629	0.500015273223564	0.3331748277287472	0.5000035140648689	0.500009262845613	0.5000024199627158	0.4999600725829949	0.4999679984566427	
0.9999988238338818	0.9999994299954335	0.4999860192079023	4.215608528160885E-7	0.5000024569561115	0.5000097718806666	0.5000009046495898	0.49996024492118946	0.49997011799910385	
0.9999686877847054	0.9999031321396789	0.33367124290130196	0.9992303852969461	0.5000030697692678	0.5000071964853268	0.5000005077014065	0.4999596643315604	0.4999696912633399	
0.9999971535486956	0.999972474034605	0.3335422000517502	0.5000913157580729	0.500003182680226	0.5000092764876936	0.5000011845298243	0.49996018505667766	0.49996976634511947	
0.9999599277444369	0.999970608280266	0.3335366797750302	4.730242521675407E-4	0.5000035210696221	0.5000076048173705	0.50000033575663	0.49995941308811837	0.49996840410274856	
0.999997157388657	0.9999721933489529	0.16682986156985252	0.9995685174102751	0.5000057293298343	0.5000073670111559	0.5000005088864137	0.4999596644800812	0.5000153480489775	
0.999968277795567	0.9999966853254495	0.1668210689225881	4.584599405950938E-4	0.5000030101592339	0.5000091895319049	0.5000016215801162	0.4999598232741765	0.4999689955259282	
0.9999900223858162	0.9999981416228215	1.2159842729320101E-5	0.49772134774965204	0.5000030239662261	0.5000092674754905	0.5000013486661027	0.49996004527893484	0.49996798343380955	
0.9999952674987636	0.83334022920022	0.9999984686372525	0.9999969928343982	0.500003158169389	0.5000092705848209	0.5000003499558988	0.49995969957611724	0.49996979938401576	
0.9999952075446069	0.8333391579544202	0.9999907104700396	0.80004484512779	0.5000040446491563	0.5000096190443603	0.4999971148573968	0.4999597371950604	0.4999742617658743	
0.999994946948568	0.8333402083070355	0.9999983637621501	0.6000405865142139	0.5000030218067911	0.500006636835102	0.5000013599278333	0.49996012112575755	0.5000167734306741	
0.9999887474598438	0.8333255161858588	0.9999864416974222	0.39989355001051385	0.49999660976446986	0.5000101365783899	0.500001511874586	0.4999595203561816	0.5000258062294111	
0.9999986271230755	0.8333256336574048	0.999998627943838	0.2000071771539307	0.4999969181226869	0.5000071593939035	0.5000009946605515	0.49995938657970546	0.5000222378798287	
0.9999964806922381	0.8333256339700265	0.9999998876979882	3.490951847815311E-7	0.5000037804525893	0.5000086552492508	0.5000014062587012	0.49995968456773915	0.5000226153274049	
0.9999942674445451	0.8333234657358913	0.8000121381658609	0.9999943581173341	0.5000031414229041	0.5000092413282605	0.5000016574308573	0.4999601038903641	0.49997284256191005	
0.9999942110477799	0.8333395614411685	0.8000132567985184	0.7499690288713422	0.5000031254235843	0.5000091428454161	0.5000018093093914	0.4999597454589953	0.4999727145192583	
0.9999986023584233	0.8333395555266754	0.8000145876402602	0.5000082759963699	0.5000032690481475	0.5000092555235299	0.5000014413218523	0.49995976121964153	0.5000284082174293	
0.9999986387564005	0.8333256777942296	0.8000194079805183	0.2499723943668742	0.5000043348521636	0.5000086426722096	0.5000009422748422	0.49995939605713635	0.5000220477003466	
0.9999965508715655	0.8333256355766514	0.8000194066866391	8.208689990158884E-6	0.5000037810707868	0.5000086875850055	0.5000009940749655	0.49995969794692774	0.5000234177861733	
0.9999942760454676	0.8333234926225075	0.6000550912358218	0.9999127418831978	0.500003141958061	0.5000070731687902	0.5000003258379052	0.4999596957199558	0.49996966189528036	
0.9999933625104508	0.833322812251559	0.600055207506484	0.6666167048953298	0.5000030946139938	0.5000070195358223	0.5000024838306449	0.4999602825496006	0.4999756589116137	
0.9999996134064187	0.8333257862561756	0.6000562306574325	0.33337864355435665	0.4999972359899678	0.5000065332930129	0.5000011805965972	0.4999601171859446	0.499970808958372	
0.9999972662787511	0.833325686230073	0.6000557270552404	5.54633489971832E-5	0.5000024459342064	0.5000092568332154	0.5000009417901214	0.4999600745480309	0.49996982820700114	
0.9999956102319949	0.8333228057188203	0.40008223374113905	0.9998937858656147	0.5000044199762912	0.5000099947762213	0.5000016519628889	0.4999599908724298	0.49997491939370325	
0.9999971357737117	0.8333225187633451	0.4000673290012566	0.4999422607036828	0.5000030234047423	0.5000092730291384	0.5000011761556709	0.49996018663891356	0.4999697660809344	
0.9999987227236788	0.8333226651485958	0.4000391771029938	7.169391577258346E-5	0.5000029428023223	0.5000090447057397	0.5000003727378095	0.4999593931262963	0.5000256459143588	
0.9999942590577307	0.8333228127726493	0.2000368403371945	0.999859366157487	0.49999689356538585	0.5000065976825688	0.5000016154304872	0.49996011596351625	0.5000279889390706	
0.9999971427430413	0.8333227265245141	0.2000368403371945	7.206938785616555E-5	0.5000035244118414	0.5000064095480153	0.5000016068957402	0.49995983050391163	0.4999689501407508	
0.9999967985839835	0.8333228133391819	2.2679547923259984E-5	0.5054661907614444	0.5000035252625658	0.5000066616976526	0.5000003943641685	0.4999600245843583	0.49996897385079747	
0.9999890961633416	0.6667218760690525	0.9999662429431403	0.9999713114564951	0.5000017637853285	0.5000095533387118	0.5000013546190805	0.49996018171323886	0.4999697613010685	
0.9999887845723872	0.6667218760690525	0.9999822927557933	0.7500136466666174	0.5000030208977558	0.5000091526676562	0.5000013848952611	0.4999602157173783	0.4999746976793194	
0.999998474026876	0.6666478347905745	0.999974529235755	0.4999748319976714	0.5000037883117524	0.5000073902443176	0.5000008267589214	0.49996022953256847	0.4999726354392017	
0.999999536043259	0.6666447785356059	0.9999880727106508	0.24997348513642415	0.5000038025987404	0.5000091673879147	0.500001139412817	0.49996033940134915	0.500022065108865	
0.9999994633275876	0.6666306582703413	0.999999300161037	1.3954758910762863E-5	0.5000041784209989	0.5000086564607166	0.5000009797261502	0.49996034076731033	0.5000220625220165	
0.9999942719001454	0.6667055180310397	0.749940354868679	0.9999709677416648	0.5000016006767931	0.5000092397170811	0.49999961729103115	0.49996027423726147	0.4999744392134826	
0.9999954699462693	0.6667055180291098	0.7499403633570308	0.6666203220720534	0.5000015948849535	0.500007324469533	0.5000004887945262	0.4999604088156434	0.4999758727192328	
0.9999801391853202	0.6667042807758773	0.7499589596590864	0.3334925208550318	0.5000043192475617	0.5000086575141546	0.5000009379077403	0.49995968575289723	0.4999738436102238	
0.9999871944440727	0.6666433154123094	0.7499589585905102	5.735461535643159E-6	0.5000037808996459	0.5000086581506327	0.5000011109523983	0.4999596854451323	0.500022074583908	
0.9999892249269485	0.6667554137355546	0.5000476395901283	0.9997927597001945	0.5000031597650703	0.5000093900030412	0.5000013107846831	0.499959827853439	0.4999745599520542	
0.9999995828186421	0.6666505502306947	0.5000476395890756	0.4999198127104486	0.5000028783222317	0.5000100152744013	0.5000006414500227	0.49996036002247796	0.4999697182199165	
0.9999879132225697	0.6667478182059208	0.49998581535194503	2.4239787624750667E-5	0.500003296692721	0.5000092573763486	0.5000011773173357	0.49995968036522775	0.4999697349914477	
0.9999998546617207	0.6667268496544307	0.2501237257374607	0.9987447224899525	0.5000025008978144	0.5000098481643124	0.5000006778725832	0.4999596755611995	0.4999750277413658	
0.9999954626545412	0.6667271582973704	0.2498181016439236	7.293507788298376E-5	0.5000025019292975	0.5000122850281821	0.5000005169212336	0.49995975102554174	0.4999770500315515	
0.9999994073687951	0.6667560540583568	6.388493129158402E-5	0.5629878324001422	0.5000031028867619	0.5000070544408736	0.500000306452587	0.4999602040546938	0.4999688899122412	
0.9999993266183541	0.5000981663614863	0.9999859368994876	0.9998139169351792	0.5000040817752945	0.5000115018738659	0.500000861407604	0.49996047552091893	0.5000260178578506	
0.9999822092201828	0.49996794312659676	0.9999963402949174	0.6668462481218982	0.5000037625119895	0.5000085494790505	0.500000538328432	0.49996024667623457	0.49997452392553315	
0.9999986525873978	0.4999924085605516	0.9999744887461408	0.33341122489739333	0.5000038093027367	0.5000086246522433	0.49999875844983327	0.49996033230164383	0.5000213719646802	
0.9999904179685732	0.4999629186746758	0.9999880361921373	3.527760968366291E-6	0.5000044670366703	0.5000085119635415	0.5000002356555683	0.49996036244985914	0.49996957275543163	
0.9999993340496128	0.49999197342970025	0.666619856985465	0.999999493360793	0.5000015722452689	0.5000088402415146	0.4999996841414796	0.49996044055103767	0.500020456456716	
0.9999993917418807	0.49998920491480503	0.666631003094734	0.49997618228913354	0.5000045063382416	0.5000088467237747	0.5000018753104265	0.49996044034044673	0.500027411069106	
0.9999869443214311	0.4999954335993775	0.6665435839149347	4.548605820889715E-7	0.49999734092820813	0.5000086712934556	0.500000703251864	0.4999602361321881	0.4999709774660026	
0.9998848506196066	0.5003599608882375	0.33400716210907466	0.9984205916636275	0.5000032035616374	0.5000093461118092	0.5000003170950048	0.49996005212594474	0.4999709810150864	
0.9999886902868794	0.5002360479420892	0.33386095275099964	7.324278841422254E-4	0.5000024370858128	0.5000085445590026	0.5000012411840573	0.4999602705205212	0.4999695773033362	
0.9999890746847592	0.5000409675734638	7.295826938318687E-5	0.002483383770910924	0.4999970048485083	0.5000083090223126	0.500000663261042	0.49996022279024266	0.4999697708903055	
0.9999979208646674	0.33335111981608856	0.9999670967848796	0.9999997568441125	0.499996535741142	0.500008413729554	0.4999993570259571	0.49996024261777844	0.5000193318223025	
0.999972571021374	0.3333544540052434	0.9999639935030514	0.4998508571318001	0.4999981200309226	0.5000084322702357	0.5000006280528408	0.49996025845933034	0.4999753552987126	
0.9999966565758779	0.3333476807693827	0.999967115769881	1.422992840766392E-5	0.5000031268452253	0.5000084126503883	0.4999993705824516	0.4999603571242667	0.5000195441935775	
0.9999993643281487	0.3333511523467886	0.4999991903221815	0.9999996344617467	0.5000034754789581	0.5000092964208239	0.5000012298540586	0.4999603743769097	0.5000219317611965	
0.9999982145213155	0.33334698633571463	0.499999049155945	1.2440220855999687E-5	0.49999795714921164	0.5000122987325175	0.5000006149352946	0.4999603584648636	0.49996732477041855	
0.9999718276647711	0.3333511837043108	7.281194141441527E-5	0.49384625146102323	0.5000031360163941	0.5000122987608047	0.5000017956198002	0.49996022826407555	0.5000281921343912	
0.9999921178009015	0.16727272958149253	0.9988344346575891	0.998478077432267	0.5000033035014098	0.5000092426531183	0.5000003760938604	0.4999602526029685	0.49996939398952017	
0.9999771868113307	0.1667365689266063	0.9998760999766508	0.0012341039790954792	0.4999973427485977	0.5000086236482574	0.49999874692090296	0.4999603616801427	0.4999694834409217	
0.9999776114165511	0.16654991282204357	2.029136698490652E-6	0.9966829161086856	0.4999966556387349	0.5000121644624079	0.5000006387061615	0.4999603783423842	0.5000222200355036	
0.9999955471335149	2.088901033768074E-4	0.668052287808489	0.5965159332465911	0.5000031909663657	0.5000116292099679	0.5000037424369487	0.49995981907439574	0.499967343728816	
0.8333387588303438	0.999999583231812	0.9999994221775795	0.9999970304565692	0.5000039768553012	0.500009843788029	0.4999994089257623	0.4999601343811508	0.5000240296958802	
0.833337902666306	0.9999990540672409	0.9999933173238624	0.8000448451768224	0.500003137752371	0.5000096853015599	0.4999995186313995	0.4999601083712374	0.49997424525827666	
0.8333291906364226	0.9999999154051529	0.9999933189721643	0.6000354354684463	0.499996581819615	0.5000085881237306	0.5000015546276699	0.4999602525304196	0.5000209205509365	
0.8333383184045203	0.9999976611787866	0.9999759487534473	0.39998429869509045	0.49999732524199064	0.500009480631354	0.5000009303642442	0.49996010485243314	0.5000223590728652	
0.8333295668849561	0.99999702320606	0.9999986240708117	0.20001018048066882	0.4999971366616526	0.5000094883904835	0.5000016154946232	0.49996010173465455	0.5000229843071455	
0.8333182469463762	0.9999935896695836	0.9999998846950208	1.4372585521773204E-6	0.5000031895824306	0.5000064175197203	0.5000006360869974	0.49995913543269715	0.5000209274628268	
0.8333398174457411	0.999996447555793	0.8000133660429581	0.9999970789602639	0.5000031734496448	0.5000075264009706	0.4999995286777601	0.49996013464427974	0.5000240793130774	
0.8333379575457358	0.9999857232033964	0.8000134008310646	0.750070079815568	0.4999969820047786	0.5000097600501745	0.5000010043862998	0.49996010040806454	0.49997016197921734	
0.8333379575457358	0.9999857053470005	0.8000133870712615	0.5000073338190644	0.4999969820047786	0.500009757690634	0.5000009188604373	0.49996010040806454	0.4999701538184345	
0.833329354483389	0.9999942783266103	0.8000170676503401	0.24997575184407128	0.49999715208854906	0.5000087029607682	0.5000008407573527	0.4999596429731295	0.5000165455328508	
0.8333290390996172	0.9999999758158872	0.8000169107640823	6.471988954055029E-6	0.499997499463279	0.5000088332364561	0.5000015464064839	0.4999597413721048	0.5000220965145726	
0.833337873512343	0.9999996875565368	0.6000544582440748	0.9999716688791366	0.500004187412968	0.5000074353944685	0.5000015010136659	0.49996011214270214	0.4999698486377645	
0.8333378369175797	0.9999987145715038	0.600061325256028	0.6666161512452543	0.5000038105535431	0.5000100800114756	0.5000014858171703	0.49995966929047797	0.49997525794279596	
0.8333287220990552	0.9999976155323654	0.6000204427114239	0.33336941813172694	0.5000038449105695	0.5000092630623587	0.5000008427699123	0.49996009981070133	0.4999701393807687	
0.8333374939229166	0.9999982880179501	0.5999720746614846	6.084098809522711E-7	0.4999972735177606	0.5000092325519049	0.5000014202500281	0.4999599538465968	0.5000259552924875	
0.8333379814257833	0.9999826151961805	0.4001005217320977	0.9999678836268044	0.5000041494620536	0.5000071160583046	0.5000024915705111	0.4999601056171472	0.4999695868079982	
0.8333501261792926	0.9999856582619598	0.40008606306795724	0.4999425717733263	0.5000031527642195	0.5000091457474638	0.5000005945696349	0.49995990333593576	0.5000207427127012	
0.8333510147668031	0.9999935881177873	0.4000840884449286	1.8457802634535455E-4	0.5000038842039574	0.5000064537735878	0.5000009132885028	0.49995960174023046	0.500020367457703	
0.8333288755705495	0.9999979116713876	0.2000371711921566	0.9999734617105048	0.5000030845332255	0.500007342337823	0.5000024370846926	0.49995998882904	0.5000144168148226	
0.8333489237348924	0.9999933518910611	0.20003715976045933	9.613791503514224E-5	0.5000039468099655	0.5000092747809141	0.5000031108845818	0.4999600361996296	0.5000173739021072	
0.8333371864507708	0.9999985869296927	1.1949797378008054E-6	0.003323161830417365	0.5000035315195079	0.500006526486925	0.5000003543045398	0.4999598488045707	0.4999689580976602	
0.8333277995499805	0.7999959441065833	0.999998302282891	0.9999991240252661	0.5000039813056575	0.5000095921977106	0.49999948556317125	0.4999597450738659	0.49996983626326413	
0.8333387589660259	0.8000117714451993	0.9999933028443942	0.7500110902926778	0.5000040535124473	0.5000090678309018	0.500001356223095	0.49996023165403547	0.5000150533489874	
0.8333385373972549	0.7999940548398037	0.9999929629655047	0.500019595909265	0.5000029128094396	0.5000087927707697	0.5000013377614637	0.49995994387368675	0.49997433857695006	
0.8333384929305573	0.8000119231413708	0.9999990688453895	0.25001320508215885	0.5000035169413823	0.500008644335289	0.500001238070699	0.49996022143648255	0.4999697306970074	
0.8333384989391471	0.7999986609220346	0.9999844785708761	3.953427633337691E-6	0.5000037801813697	0.5000085189930346	0.500001476146687	0.4999599659382774	0.4999698081666056	
0.8333291274928106	0.7999950048948377	0.7500400381253891	0.9999709849387344	0.5000042225410628	0.5000074536937291	0.4999994883784184	0.4999602370084748	0.49996985244575953	
0.833339667581988	0.799995759767167	0.7500328661681896	0.6665821387340377	0.5000031816691871	0.5000094984716168	0.5000018434404473	0.4999599394199636	0.500015751341805	
0.833328810747998	0.7999376086458075	0.7499566731153604	0.3333776509413854	0.500003860848806	0.5000092595859459	0.5000009091898412	0.49996007767311323	0.5000160969061471	
0.8333377806371433	0.8000675144035807	0.7499585198511568	4.100088020418724E-5	0.500003806653814	0.5000085542104417	0.5000014770010132	0.49996012376815346	0.5000242157193989	
0.8333287282975409	0.7999950112734981	0.5000478446831489	0.9999104274333673	0.49999682909332466	0.5000073152137333	0.5000014159056236	0.49996023824304164	0.4999697048309304	
0.833350616616253	0.8000046755264015	0.5000464207119335	0.49995953694817197	0.49999691884633984	0.5000070579535943	0.5000012790235556	0.49996012996109523	0.5000238194842408	
0.8333292597717749	0.7999959869789587	0.49999531677029213	4.037339598559573E-5	0.4999972988936874	0.5000075710684063	0.50000142336669	0.4999601373013756	0.4999674260469751	
0.8333282471291699	0.7999952564377398	0.25010471275807944	0.9998641924052353	0.4999970731661224	0.5000073718834612	0.5000013721883997	0.49995973999464655	0.5000153613922841	
0.8333278657350779	0.7999959696934427	0.24993321230458082	1.298188027779097E-6	0.5000043703021462	0.5000091812440299	0.5000014233645167	0.49996013926103033	0.5000238945047635	
0.8333363631220366	0.7999953846527753	1.0905840375886275E-6	0.5400391979183914	0.5000025000565481	0.5000069773533693	0.5000007227847975	0.4999602013853178	0.4999694578326735	
0.8333389784667293	0.600015449030626	0.9999862313893548	0.9999956706957761	0.5000029977648345	0.5000094675481893	0.5000004817069968	0.4999603907891505	0.4999743472066773	
0.833338544845187	0.6000154292417622	0.999993538423421	0.6666503781315694	0.50000376474504	0.5000074295076642	0.5000008238805707	0.49996025877079875	0.49997517676426834	
0.8333274623667292	0.6001008645842479	0.9999635287867689	0.33341122304305354	0.5000030246553456	0.5000074435425451	0.5000012467311071	0.4999605283972093	0.49996966273278903	
0.8333383936600595	0.6000008821134023	0.9999686095151699	4.007249429876722E-6	0.5000041304451942	0.5000085515108983	0.5000037618040442	0.49995995930016107	0.5000229598393472	
0.8333388411531714	0.600015058783609	0.6666156363476782	0.999971355853136	0.50000303371842	0.5000074499832607	0.5000007607860837	0.49996025756972085	0.49997117940803054	
0.8333390676485685	0.6000064829907925	0.6666310050494344	0.49997639072721695	0.5000031022094229	0.5000108501320575	0.5000007320187992	0.4999602544448322	0.499969634209671	
0.833322236254367	0.6000027379202351	0.666719039583126	4.060068697598988E-6	0.500003183593729	0.5000075450987184	0.5000036940440284	0.4999598561528398	0.4999756836646533	
0.8333278612206292	0.5999371112484903	0.33318358737630294	0.9999980707916089	0.5000028630669795	0.5000075226980714	0.50000185729426	0.49996025501131397	0.49997312528520216	
0.833327902488663	0.6000006919224993	0.33318358737669107	4.064649279140132E-6	0.5000035066847694	0.5000075456432646	0.5000006172802273	0.49995984834736734	0.5000195835525443	
0.833336351636639	0.5999853824615711	5.0327207097949413E-5	0.6796182282121564	0.5000028636333725	0.5000107895081124	0.5000034814816192	0.49996030918379436	0.5000137060364288	
0.8333316296038632	0.3999872054555594	0.9999936319796375	0.9999981081665916	0.5000029896948281	0.5000088141615106	0.5000004860319487	0.4999603961798284	0.5000181827628393	
0.8333319033007075	0.3999888328242984	0.9999987421677143	0.4999757607960086	0.5000032982282628	0.5000091397738056	0.5000005784998693	0.4999605184344005	0.49996974459879145	
0.8333318937505878	0.39998883263964974	0.99999848021966	2.0207167704546564E-6	0.5000023735789435	0.5000091426873188	0.5000005873122114	0.4999605039528704	0.4999711385970524	
0.8333316446349937	0.39998883259876306	0.5000018159013232	0.999997765789453	0.5000033158732279	0.5000087972325367	0.5000017130044843	0.4999604381858906	0.5000180683218864	
0.8333316795687374	0.39998878080642025	0.49999988631670034	5.659871086425449E-6	0.5000025263925376	0.5000087971898528	0.5000006781718525	0.499960255674617	0.5000206238039175	
0.833371371788382	0.4001393827354045	3.8274933177572695E-4	0.4988236523866929	0.5000028447355065	0.5000075567533087	0.5000035127177561	0.499960354046893	0.4999694746752479	
0.8333765534360024	0.2004749693358553	0.9995546004982963	0.9987055927983659	0.5000033268216819	0.5000084297812487	0.5000038578986783	0.4999604289409328	0.49996926687897086	
0.8333772651282615	0.2002262348020034	0.9989359550292486	9.766285802835734E-4	0.4999974540480334	0.5000122759106758	0.5000017901382774	0.49996022534091694	0.4999711993916413	
0.8333760328417265	0.2004749693358553	0.0019607876855810558	0.5030553374137625	0.5000033195695154	0.500008859499339	0.500003746372762	0.4999603564319133	0.4999749306804252	
0.8333327325555662	6.947111297478381E-7	0.8975359940039981	0.5533428361355607	0.49999754625875326	0.5000087862797685	0.5000006746623762	0.49996025911841846	0.4999749294969432	
0.6666765709285362	0.9999993968538978	0.9999975008596396	0.9999970235646458	0.5000031707760009	0.5000100601878498	0.500000368070792	0.4999601373049243	0.5000247284167496	
0.6667330971634938	0.9999452321107735	0.9999946450874009	0.7497895080386799	0.5000035437891082	0.5000091835849507	0.5000025622952752	0.49996022779983434	0.4999697621215928	
0.6666841882621293	0.9999919516646973	0.9999871908199095	0.49996992895259645	0.5000035153258795	0.5000098640105846	0.5000015748016469	0.4999591084873874	0.5000233009715057	
0.6666844872849684	0.9999948275537549	0.9999868338238828	0.25002202560084363	0.5000041042454658	0.5000085216482952	0.5000016185356533	0.4999596908117279	0.500022979798747	
0.6666844872849684	0.9999948275537549	0.9999934625889356	8.814289775044387E-7	0.49999709800404474	0.5000085237322668	0.5000012370902778	0.4999601030541166	0.49997110565891884	
0.6666765779397879	0.9999849996745036	0.7500410149822602	0.9999854155652034	0.500003003525201	0.5000095003776283	0.5000018210233423	0.49995963667639826	0.4999727741542035	
0.6666840942316347	0.9999849724365083	0.7500391521340319	0.6666284459775349	0.5000032645660527	0.5000095671712811	0.5000033142029778	0.49996021499290744	0.49997419332664617	
0.6666842367597239	0.9999845873477785	0.7499696681326394	0.333322024343313	0.5000038799070821	0.5000097123419663	0.5000009264898094	0.49996014977738135	0.4999725978662384	
0.6666827523205885	0.9999812792698904	0.7499702500320689	1.8369833288942225E-5	0.4999969723900058	0.5000086094491211	0.5000023941826857	0.4999599612372574	0.5000199697010389	
0.6666741366715173	0.9999850105432674	0.5000914978733254	0.9999826299064225	0.5000053758277986	0.5000125203641755	0.5000012219393073	0.4999594102656232	0.49997088989175686	
0.6667002962223597	0.999980777163813	0.5000485916450661	0.4999434777747912	0.5000038114845655	0.5000100839019876	0.5000014177446961	0.49995967230948835	0.5000218066912386	
0.6666867305594689	0.9999812700759491	0.5000485782880243	1.5136697080835585E-5	0.5000044473570564	0.5000101367337	0.5000023943778117	0.4999601877782525	0.49996976599662935	
0.6667281249849542	0.999987472058702	0.2503428808534961	0.9991190282703507	0.5000035394282736	0.5000071252489721	0.5000007987068957	0.4999598737422016	0.499968932319654	
0.6667008869269462	0.9999776129636919	0.25010520418206167	2.8649018279420266E-4	0.5000029330905924	0.5000092025504562	0.5000005201059662	0.4999594045551434	0.4999701357617373	
0.6667006354791166	0.9999968914953152	5.3322710541627484E-5	0.49207328618091417	0.5000032086586628	0.500009206501985	0.5000005008284522	0.49995942203490334	0.4999701222629133	
0.6666759869712142	0.7499960592287728	0.9999933910233159	0.9999810655206453	0.5000040572226165	0.5000073665269518	0.5000007479145074	0.49996011586316946	0.4999723615763964	
0.6666840025212197	0.7500482045884762	0.9999665322690114	0.6666025563764229	0.5000032086246448	0.5000095636477411	0.5000016480490008	0.49996023634385556	0.49997430583965313	
0.6667028399179482	0.7499782438470611	0.9999868512103967	0.3334033265237686	0.5000035343208551	0.5000092538960681	0.5000009083852803	0.499960241346683	0.49996976116538067	
0.6666841391266921	0.7499950345698271	0.9999933498457275	3.078207749119964E-5	0.4999974924533194	0.5000119983354163	0.5000008709595964	0.4999601406221269	0.4999712338848937	
0.6666754859106918	0.7500494504615982	0.6666511042398428	0.9999814337302934	0.5000056683951172	0.5000075778657327	0.5000016561738775	0.499959768361646	0.49997203384731986	
0.6667247015678784	0.7499952595477467	0.6666557014912455	0.49992329511312344	0.5000044444286794	0.5000092083454852	0.500000939076261	0.49996025061119304	0.4999735804763912	
0.6666828341856337	0.7500065672118572	0.6667127479403452	3.547682156361351E-5	0.5000024491169238	0.5000096793665413	0.500000906842627	0.4999596171501484	0.5000212206603878	
0.6667295759645415	0.7500004144508066	0.3336431903943592	0.9990466760548341	0.5000032455038674	0.5000098390758617	0.5000005908875513	0.49996018501922806	0.4999697310924433	
0.6666844701588022	0.7500065600471041	0.33343792877323	2.05955011174692E-4	0.5000029757807026	0.5000076028172766	0.5000024625884667	0.49995991238631954	0.4999727111860935	
0.6666828237833178	0.7500063947379909	2.7334585788693248E-5	0.49258252089487337	0.5000025577594056	0.5000071447316655	0.5000013065057314	0.49995990405501234	0.5000291261892171	
0.6667016256882672	0.5005190946310545	0.9992783383028576	0.9993239453026509	0.5000034176870506	0.5000093029678593	0.5000022279450379	0.4999595857144205	0.49997129500815	
0.666695462870265	0.5001182440610386	0.9998905972604203	0.500037910911723	0.5000031393771606	0.5000098007845991	0.4999988263889733	0.49996027039004176	0.49997146408920373	
0.6666831087254333	0.5001090105279892	0.9999936453860347	4.767593769660113E-5	0.4999970857346216	0.5000102138192031	0.5000010402937026	0.4999601463684387	0.49997138697413207	
0.6666994735912183	0.5001134556679806	0.5000289434673654	0.9998327369597179	0.5000029752938009	0.5000076311211445	0.5000024922026031	0.49995957502396327	0.49997270553129497	
0.6666956829505669	0.500116072840004	0.5003631662708083	4.79126105328845E-4	0.5000031848322195	0.5000091460014147	0.500001944582548	0.4999594980799995	0.4999711958542767	
0.6666999031363682	0.5001138422519993	2.1352274239316545E-4	0.5339591204339071	0.4999973809363574	0.5000071943729409	0.5000006003753175	0.49996018309852147	0.4999679591150523	
0.6666954088343082	0.2497263218653722	0.9999888010630403	0.9999975337330271	0.499997227749663	0.5000087192254259	0.49999880471684865	0.4999602704528574	0.4999670888879847	
0.6669772735770426	0.25074867950968743	0.9997869551954545	0.0013495720710830347	0.500003211398086	0.50000755539269	0.5000038384891853	0.4999602046014012	0.49996956992070246	
0.6668189265745441	0.2507929185133835	0.002787980072072301	0.49821276083382554	0.49999702858710116	0.5000090827239546	0.5000019276809631	0.49995966069795245	0.49997159232501664	
0.666695535542826	6.895414584211042E-5	0.6334530596531687	0.5020472437384536	0.5000034457372354	0.5000091365252727	0.5000006866963764	0.4999596965338858	0.4999714524047168	
0.5000472018442139	0.9999513339297529	0.99996731074468	0.9999763585955213	0.5000045210040914	0.5000097180678496	0.5000033112258165	0.49996015056523774	0.4999695913415697	
0.5000442545062797	0.9999641130670901	0.9999671589002216	0.6666030551387242	0.5000031171525562	0.5000097938249165	0.500001586264623	0.49996017772694396	0.49997120638845205	
0.5000430843270999	0.9999726403281277	0.9999619389422225	0.3332938835120902	0.5000036077198244	0.5000085905833195	0.5000009196197128	0.4999599397278992	0.5000211133168267	
0.5000436259149721	0.9999857059443699	0.9999692036980816	3.463637666800569E-5	0.49999713728762246	0.5000092952469465	0.5000008842293171	0.49995988805048575	0.4999713907874101	
0.5000406968267961	0.999985063000018	0.6667379023456402	0.9999821873405277	0.500003149964304	0.5000100843422874	0.5000038027856393	0.4999598673818177	0.4999701466990162	
0.500040936455932	0.9999850606823679	0.6667379023456402	0.4998716880219893	0.4999971544579918	0.5000083474522143	0.5000006972698436	0.49995992401519185	0.49997138034995847	
0.5000408997678297	0.9999851859653175	0.6665217449109819	8.156385037135714E-6	0.5000036035605039	0.5000104033197316	0.5000009053073218	0.49995967170934585	0.5000198129109078	
0.5000728307789157	0.9999891507998357	0.333597566365085	0.999494958595927	0.5000034865997051	0.5000092052858179	0.5000013669514989	0.49995991803497236	0.4999701358330337	
0.5000727977105344	0.9998974430651644	0.3334439530151975	4.4274471473951016E-5	0.5000029713253791	0.5000092066275902	0.5000037764203623	0.4999599220317133	0.49996960078061337	
0.5000782811034128	0.9999858699671748	6.285615038759129E-5	0.4346199887025585	0.5000032832605577	0.5000091511468955	0.49999933269247704	0.4999594843865456	0.49996990825439763	
0.5000491523471855	0.666728819368459	0.9999155336913296	0.9999284622609704	0.5000046649769838	0.5000095578375151	0.5000005629556071	0.49995962854859305	0.4999695810000794	
0.500042829596374	0.6666678337577637	0.9998922074784687	0.5000369501561873	0.5000031776135272	0.5000085157110626	0.5000010754585473	0.4999598438144225	0.49997111706429836	
0.5000430308494488	0.6666683027919676	0.9999268760373169	5.618279197172724E-5	0.5000043780318283	0.5000085902209259	0.500001065115453	0.4999599368472641	0.5000230715165785	
0.5000420445962543	0.6666871668426538	0.5000234521304775	0.9998615078432802	0.500002979353818	0.5000076484030421	0.500002564086659	0.49995986665406245	0.49997123570849006	
0.5000417357134056	0.6667057829983908	0.5000513181374261	4.492650024621195E-5	0.5000032511803091	0.5000084073453707	0.5000015974313748	0.49995987119637925	0.49996975535519284	
0.5000420453818112	0.6667414386793074	1.5398680517469954E-4	0.1578032470459876	0.5000032727250254	0.500008424478986	0.5000008860065365	0.499959498333055	0.49997471954881323	
0.5003707048277648	0.33413076206811454	0.9978992943287466	0.9999802964982266	0.500003125895041	0.5000092051232269	0.5000013850326561	0.4999599184778718	0.4999696613840457	
0.5003255180336114	0.33429595562688286	0.9998374653503196	0.0013493334148776735	0.5000031858901963	0.5000085100228657	0.5000017637358177	0.4999602048468617	0.4999712052002095	
0.5003376232845805	0.33412297777047795	0.002411751997210416	0.48421071704446317	0.5000031950333509	0.5000091720692224	0.5000013689133962	0.4999602462252227	0.4999711913660566	
0.5003399314551396	0.0010192675469154477	0.6800918460730323	0.48437052485939797	0.5000036562234976	0.5000075591302857	0.5000017050907146	0.4999602076304448	0.49997120731166883	
0.3335036760679245	0.9997844172624222	0.9999966906661616	0.9997880545080464	0.5000031990440202	0.5000100616758566	0.5000015364789313	0.49995921133101384	0.4999707295382553	
0.33350409067666903	0.999804754435481	0.9999139056207453	0.49993766866122136	0.5000024404139396	0.5000100722365349	0.5000015378925747	0.4999602016713986	0.4999727630244258	
0.3335036760679245	0.9997908131459853	0.9999376755203986	3.5872551449591186E-4	0.5000030514857382	0.5000106220725715	0.5000015374580952	0.49995921148304945	0.49997066429832504	
0.33350305050914575	0.9999158707218836	0.5004859496319377	0.9989238326749814	0.5000028868057819	0.500008393375077	0.500001525467373	0.49996019258664814	0.49997121128992	
0.33350303965323413	0.999813348140707	0.4997062511700629	9.158331657707262E-6	0.5000056231993948	0.5000119527282574	0.5000016417720783	0.499960215561799	0.49997132274632544	
0.3333279769255796	0.9999719171405809	6.066737428910144E-5	0.9466588611407998	0.5000031749667389	0.5000101872662049	0.5000014125527705	0.4999594781963136	0.49997254060188256	
0.33350372369736175	0.500570856002758	0.9991243960895645	0.9999525884762206	0.5000029128168981	0.5000094890896667	0.5000008294189865	0.4999601745666687	0.49997055677186386	
0.33350403975267917	0.5004338462956898	0.9993744457930152	3.156725418752845E-4	0.500003023086528	0.5000083720630609	0.5000015902368204	0.4999592432376189	0.4999708348862585	
0.33350373745649586	0.5001178896804748	3.360375501096913E-4	0.9085462070164947	0.5000035541179183	0.5000085382407919	0.4999988064786949	0.49995987845917766	0.49997289023746655	
0.3334290315384249	2.7443131418006174E-4	0.6214294679103634	0.47002386875075464	0.5000032157845322	0.5000084472063071	0.5000017861631059	0.4999602115655967	0.4999712761292564	
0.1668708458480999	0.999672185821849	0.9994215374188713	0.9996049867233824	0.5000024909945207	0.5000091952003981	0.500000622428531	0.49995997243286944	0.4999729218012789	
0.16690825428067232	0.999805481218762	0.9999140967005201	0.0011088163666671813	0.5000043718243214	0.5000100721939923	0.5000015645314018	0.49996020706344974	0.49997044848376815	
0.1669076879271046	0.9998236826954968	0.0012555626360258587	0.5096602297113754	0.5000023820294033	0.500009135452338	0.5000015646662183	0.499960209855631	0.49997108724085454	
0.1669350024754493	0.001327161768943319	0.5722006429004295	0.4475216327051895	0.5000037690130349	0.5000086094515186	0.5000009253267113	0.49995997240993323	0.4999705894192932	
4.0481496170474696E-6	0.5235649869670183	0.6678848269941994	0.4858891760359959	0.5000038146361545	0.500008408099579	0.5000014176530942	0.4999599368416656	0.4999727351437656	
