0.9999993264190268	0.9999921154119517	0.9999945182859769	0.999993781502402	0.5000008514763318	0.49999958555520535	0.4999971875626296	0.5000030617748129	0.4999807435392437	
0.9999324453223027	0.9999789095743952	0.999976674339743	0.8331079605703157	0.5000004633929377	0.499999506323656	0.49999617079059183	0.5000037049336777	0.4999816872018324	
0.9999875239521547	0.9999866651790331	0.9999743049224439	0.6664952557747617	0.5000005439926402	0.5000013629414339	0.4999975865329051	0.49999964123676655	0.4999860803780312	
0.999989347633896	0.9999940499266692	0.9999968757263534	0.5000454725222656	0.5000008126156892	0.500000101500724	0.4999974306999653	0.5000000874142038	0.49998950137809095	
0.9999856483883974	0.9999926168797425	0.9999901631691357	0.3332370504511228	0.5000004100898974	0.500000436341942	0.499997416082608	0.5000037241749846	0.4999894944212809	
0.9999887125974122	0.999992548639775	0.9999900905039878	0.16673686350301062	0.4999993855407879	0.500000019076358	0.49999743537304037	0.49999985684952564	0.499988273359698	
0.9999921399664928	0.9999925272548654	0.9999961420328322	8.379789014212963E-7	0.5000023464604288	0.5000032083186012	0.49999690194942825	0.5000001860034158	0.49998818854750976	
0.9999875481608358	0.9999971149762117	0.8333754974496262	0.9999892324885253	0.5000008924890639	0.4999991806231543	0.4999977160534552	0.5000002002432901	0.49998129405158453	
0.9999875100824627	0.9999871619946886	0.8333754954894993	0.7999728328818453	0.5000002947337239	0.5000004418368957	0.49999762240867657	0.5000029751266376	0.4999812420816545	
0.9999949017123022	0.9999983677643972	0.8333062932082964	0.6000100589690428	0.5000007779216185	0.5000001045971457	0.49999722246189343	0.49999967669897954	0.49998862440277325	
0.9999885139258144	0.9999934814496603	0.833369942935321	0.4000798995705996	0.5000006931540147	0.49999930351418514	0.49999716717713305	0.49999962238329204	0.49998188720892883	
0.9999952591387866	0.999995809958048	0.8333044631044965	0.1999975970589135	0.4999999739270601	0.4999990738828011	0.4999971915388752	0.4999998576235099	0.4999888224145452	
0.9999921003223547	0.9999927279447504	0.833304409892227	1.152018618922609E-5	0.5000022482044011	0.4999990623225664	0.49999715658769456	0.5000036411585446	0.4999890485074778	
0.9999935409267328	0.9999982030577933	0.6666665555138191	0.9999973820640279	0.5000002940097358	0.5000013989792209	0.4999976235724308	0.5000029690878953	0.4999807771504971	
0.9999941114995466	0.999993461671663	0.6666657161705841	0.749990972307228	0.5000007879498927	0.49999920158267996	0.4999971973654155	0.5000031685833002	0.49998120641282606	
0.9999921108199438	0.9999929664603903	0.6666674852738851	0.5000392421889116	0.499999710342539	0.5000001333993137	0.49999755364226806	0.5000033040021634	0.49998749954628857	
0.9999950630115625	0.9999984822434298	0.6666657217700616	0.24998641445230352	0.5000005331849458	0.49999910963797456	0.49999739656764297	0.4999996444286561	0.49998186731796773	
0.9999887793399631	0.9999896712665265	0.6664227995388	1.913662935128593E-6	0.5000004091632378	0.5000032068108541	0.4999969021412337	0.5000001486393746	0.4999888982779185	
0.999993602793348	0.9999923961497046	0.5000653204119839	0.9999690750151238	0.5000004823928555	0.4999991188311568	0.49999726267085526	0.5000030520564884	0.4999865230131745	
0.9999878393345932	0.9999675008347126	0.5000378770731407	0.6666360986738622	0.5000005381878826	0.5000005986295649	0.49999755322740064	0.500000753972124	0.49998752243285915	
0.9999877394147073	0.9999957365172768	0.49998742341765917	0.33337064384644344	0.5000004675693518	0.4999991519276372	0.49999756717751936	0.5000030717761784	0.4999866166793025	
0.9999979899589836	0.999998224260865	0.49998833281844	2.2184691841439677E-7	0.4999999035293113	0.49999917937071253	0.49999740468077025	0.5000002118403296	0.4999884828812414	
0.9999875522053883	0.9999938196863627	0.33340086096122135	0.9997671921324142	0.500000549568246	0.4999994999009689	0.4999976003042967	0.5000029105098871	0.499988585963946	
0.9999914780501188	0.9999921037316476	0.33340175988181114	0.5000211421225512	0.5000007067975273	0.49999906182813564	0.49999737276205103	0.4999997194552272	0.4999824290251085	
0.9999798913502248	0.9999952912178998	0.333533022855316	7.018664590541532E-4	0.4999993428292061	0.49999938580855435	0.4999976036825703	0.5000032575129012	0.4999790340580919	
0.999984714687925	0.9999848660347622	0.1667373932013723	0.9997531907834949	0.4999993323905908	0.5000001969898117	0.4999975454993761	0.5000049914754169	0.4999878317294195	
0.9999750343361892	0.9999843905892927	0.1667373932013723	4.928268438975092E-5	0.500000474522811	0.5000001983037045	0.4999975702120705	0.5000030648937945	0.4999878317294195	
0.9999970844065963	0.999998313734939	3.7079435583481826E-6	0.428722945918121	0.5000007443123188	0.5000009540033425	0.4999976033163867	0.5000033122863904	0.49998689919096434	
0.9999921659674802	0.8332890353163815	0.9999980307352363	0.9999951773402315	0.5000008096904665	0.4999976494715531	0.49999758541304873	0.49999964176185746	0.4999810482234215	
0.9999992693061314	0.8333341754548498	0.9999768126517105	0.7999729062549226	0.5000008255747834	0.49999933376398836	0.49999758585408005	0.4999996198405705	0.49998667688429316	
0.9999994894838397	0.8333358322235304	0.9999981125765721	0.6000100511390326	0.5000003163636942	0.49999922639165456	0.49999758210902306	0.5000033769018694	0.4999810521262347	
0.9999809365668964	0.8332723244186498	0.9999999130045396	0.39983773650388016	0.49999952761266775	0.5000001049966913	0.49999722329782204	0.5000028930706316	0.49998861517489235	
0.9999968457505725	0.8333121163820187	0.9999999679504114	0.19999760543865527	0.5000018305537927	0.49999910007473525	0.49999717112279873	0.5000029611784371	0.49998859705538923	
0.9999954043592337	0.833312158413044	0.9999983179779487	4.085018179237564E-6	0.500000538548664	0.5000010497187449	0.49999722343468966	0.5000029157461867	0.49998860839134934	
0.9999991330851102	0.8333341613833216	0.799997920200203	0.9999951912211222	0.5000008016012497	0.5000003225826731	0.49999758541296363	0.4999996378613853	0.4999823416313747	
0.9999997424821214	0.8333358317197836	0.7999977161511976	0.7499877877655668	0.5000007543161654	0.5000003682250908	0.4999971685994925	0.4999996834839093	0.49998841623065954	
0.999992153715777	0.8333821319856377	0.7999975331278919	0.5000325108517828	0.4999997411592214	0.4999990830808169	0.49999739424866546	0.4999996104880564	0.49998008523861565	
0.9999968600473748	0.8333358408848491	0.7999881590287535	0.24998783371753813	0.4999994044631795	0.4999993463661228	0.4999974259629048	0.49999985989940304	0.4999886265388223	
0.99999954549396	0.8333372647093378	0.7999902250615529	1.7999950380153863E-6	0.4999995342460178	0.4999991297439135	0.4999972835325249	0.5000002087858156	0.4999890862091544	
0.9999921293658542	0.833331672091345	0.600070943361751	0.9998882423609248	0.5000007812846935	0.5000010704756581	0.49999758167307135	0.49999965899349197	0.4999863438857809	
0.9999961468312683	0.8333366936338641	0.6000684434820703	0.6665251496682638	0.5000002950941212	0.5000011654923606	0.49999755268455626	0.4999997361224918	0.4999875586138315	
0.9999990044783853	0.8333372647303794	0.6000777930784191	0.3333708436114662	0.5000003793622443	0.49999894074210655	0.4999970783331942	0.5000028391305203	0.49998843233673557	
0.9999941578344288	0.8333362046890738	0.6000526442304343	3.414179976407562E-5	0.49999953765209865	0.499999477034625	0.4999972204310825	0.5000007542744229	0.4999875624935812	
0.9999874298818293	0.8333390000622368	0.4001576574130339	0.9997291868127339	0.5000002950099373	0.5000011574518484	0.4999967706587907	0.4999998084166548	0.49998835021040816	
0.9999915343539868	0.8333381088637557	0.4000198622018574	0.5000317955194563	0.5000004895330035	0.5000002183071707	0.4999967817737384	0.49999951593648295	0.49998842741671473	
0.9999940867634516	0.8333387472354219	0.40001392813289993	2.124848090530263E-6	0.4999990712001914	0.4999994369252719	0.4999967824065275	0.5000050375323818	0.49998677774142536	
0.9999871209358299	0.8333381489263744	0.19990017682677072	0.9999956769572104	0.5000006546734377	0.4999994980153872	0.49999757600979494	0.4999996367517198	0.4999884592411625	
0.9999872104791956	0.8333358655977742	0.19989980023880655	2.558554090966582E-8	0.5000004738331639	0.49999899515060253	0.49999753201467806	0.5000030787521247	0.4999874117941968	
0.9999930986337606	0.8333389184264889	4.179979262837494E-7	0.9734424781564228	0.499999563746067	0.49999948477535333	0.4999975370578241	0.5000040569502927	0.49998843466386184	
0.9999976762973468	0.666667021566207	0.9999993997080343	0.9999926203324025	0.5000005091719559	0.5000003191396674	0.4999972693867803	0.49999985864949054	0.4999880660296259	
0.9999992693924505	0.6666650375499195	0.9999952131883183	0.749986766261933	0.500000825210646	0.5000001078148426	0.4999975312557183	0.500003578979753	0.4999881062350454	
0.9999951205353679	0.6666642716256834	0.9999991631294419	0.5000326188624914	0.5000007567855062	0.49999897306412217	0.4999973875212315	0.5000000906228075	0.4999843814563954	
0.9999954857248888	0.6666642691531108	0.9999998540452707	0.2500007561593119	0.500000530345373	0.49999882396618317	0.4999974208560686	0.49999980903884816	0.4999894938347548	
0.999985506261068	0.6666516143100187	0.9999903497869903	5.026850904177875E-6	0.4999994526950955	0.4999999277286977	0.49999728405421684	0.5000029347893259	0.499989086844718	
0.9999997620931871	0.666664326299948	0.7500225138953303	0.9999872042809173	0.5000008534991954	0.4999992189895791	0.4999975731992151	0.49999959959719076	0.4999885223946803	
0.9999969175974518	0.6666562259530572	0.7501055427138044	0.6665867149696535	0.5000005250324467	0.5000002852788137	0.4999972615316012	0.499999897805418	0.4999882208004318	
0.99999601701512	0.6666655904673173	0.7499366960828593	0.33337377939780044	0.5000004332772382	0.5000010869576846	0.4999970187635115	0.49999960031581403	0.4999879754960573	
0.9999950686077274	0.6666655877274544	0.7499366960828593	3.470375344652443E-5	0.5000005316620284	0.49999882843235754	0.49999742759675797	0.5000030153611051	0.4999879754960573	
0.9999895717081955	0.6666626618073447	0.49995467283832923	0.999992656459024	0.5000005064267694	0.5000002014704319	0.4999972662010248	0.5000004552222457	0.49998801213164445	
0.9999898726768762	0.6666564241485682	0.49999455822409383	0.5000326602891138	0.500000850344371	0.4999989145462922	0.4999970748082594	0.5000000603311788	0.49998810855869585	
0.9999874842322922	0.6666655763902932	0.500406551925819	3.5740965480236754E-4	0.4999995078972627	0.49999935620657826	0.4999972592535887	0.5000051171496827	0.4999879799476101	
0.9999689132094747	0.6669619794218948	0.25088819106780164	0.9974589520699586	0.5000007939382148	0.49999917903211594	0.4999971974106536	0.49999991981442715	0.49998954894741593	
0.9999994421027334	0.6666389615918663	0.2500364290518674	1.275450181085679E-5	0.5000008507963938	0.5000006613921206	0.4999971223064183	0.4999996925633844	0.4999871469170183	
0.9999988934078841	0.6666590291252098	9.749943903722847E-11	0.9378259492265429	0.49999937987310145	0.4999990504211614	0.49999679276894987	0.49999995039647327	0.4999886404922119	
0.999978052407215	0.5000698526132182	0.9999790469308674	0.9998955068371693	0.5000020012947816	0.4999992258310098	0.4999973003257759	0.5000003650462831	0.4999894208919979	
0.9999895284653387	0.5000644905508989	0.9998980301300286	0.6666843818215562	0.5000005545221778	0.49999933108474637	0.4999975789061145	0.4999996421764243	0.49998778656843534	
0.9999956329783859	0.500064599986559	0.9999763033941649	0.3333905263916147	0.5000004281561183	0.5000001095760932	0.4999973974392992	0.5000034015049345	0.49998812461211184	
0.9999951394468487	0.5000334700449243	0.9999770968667709	2.725458671329416E-5	0.5000007527374344	0.4999992164399112	0.49999738608774613	0.4999994853186457	0.49998907192018155	
0.999986663038399	0.5000672960892772	0.6667703891424109	0.9996700751358096	0.5000006926212005	0.5000002349161211	0.4999977814215867	0.49999990449793963	0.49998110292397413	
0.9999970678005737	0.4999921258672516	0.666631653104334	0.5000265708967782	0.5000005241256633	0.5000007206702811	0.4999979576975202	0.5000001372892371	0.49998928450363966	
0.9999854094111674	0.5000645026109556	0.6665772196331022	2.6244510089883975E-5	0.49999997365457427	0.49999881487457	0.49999362028141686	0.5000029844566181	0.499988101143338	
0.9999872471049596	0.49992255560607907	0.3335083607331118	0.9994751109047647	0.5000002983500038	0.5000000697036588	0.49999799041870047	0.49999967552563895	0.49998247726865197	
0.9999694178935218	0.5000643193212542	0.3336882002284843	8.555320221103772E-5	0.4999999780599968	0.4999991647841362	0.4999972002926602	0.4999996107025527	0.499989440308055	
0.9999905432815287	0.5000661483869224	1.0482139222277592E-5	0.5367463601745663	0.4999989922668524	0.4999994275230238	0.4999962285734401	0.500000167567804	0.4999894223587664	
0.9999892814507129	0.3335116923883736	0.9998294306365608	0.9997275207448947	0.5000001729981209	0.5000006913135826	0.4999973104333623	0.5000004378495796	0.4999878585642002	
0.9999894259119539	0.3333424657014774	0.9999770790477512	0.5000313661544891	0.49999939848131253	0.49999945360148496	0.49999731011553245	0.5000001376305817	0.4999880822113498	
0.9999894200418578	0.3333744384638883	0.9998988823042074	1.3590402587235423E-5	0.49999943552426424	0.49999723808877633	0.49999725176129817	0.5000004673116053	0.4999878229354995	
0.9999963468508553	0.3333454083107314	0.4999951271753106	0.9999971738102443	0.4999995912780272	0.4999991936032898	0.4999939130022175	0.5000031009084561	0.4999894531586831	
0.9999963056389538	0.3333424839296027	0.5000001202318076	1.3615874731900656E-5	0.5000002398025801	0.5000012477807029	0.4999973871912803	0.5000000356337304	0.49998908806983433	
0.9999859820307101	0.33334262227963435	5.730906513791392E-6	0.4986933258031009	0.5000002887057097	0.49999917964514845	0.49999765501868726	0.5000001301635094	0.4999880853935263	
0.9999834185741143	0.16679597422316345	0.9998134013124358	0.9997308429715586	0.49999941172824264	0.49999944429459725	0.49999737638749725	0.500000370003139	0.4999877842994344	
0.999988086828997	0.16679564453089793	0.9999725681144981	5.757811575762273E-4	0.5000004791075331	0.5000003059301799	0.49999709288490035	0.5000001799143666	0.49999083258001104	
0.9999859028735498	0.16677540872097812	5.993420699577303E-4	0.5067214722182996	0.49999957986978194	0.49999939896081624	0.4999977538318511	0.5000003270292943	0.4999894517272328	
0.9999876055303981	2.0842250386256082E-6	0.11491137973234128	0.1644584267882871	0.5000001150156864	0.5000007202568397	0.4999973755438517	0.5000001623371866	0.49998935535444816	
0.8333252777336069	0.9999997838353989	0.9999944095612929	0.9999987557857205	0.5000007906625964	0.5000006472869327	0.4999975657610768	0.5000001948585805	0.4999804961478417	
0.8333246260992796	0.9999897551813695	0.9999960300461397	0.7999728932348332	0.5000003108562516	0.5000003424146865	0.49999753092128313	0.5000001603581555	0.499985874072498	
0.8333253741783557	0.9999983728504808	0.9999961967688092	0.599998091374717	0.5000002933262571	0.4999994975753557	0.4999972726367837	0.5000034060398447	0.49998587959500806	
0.8333252446777463	0.9999971284077563	0.9999994418624062	0.3999949873171232	0.5000004206438986	0.49999918311000774	0.4999971887579693	0.49999975218469356	0.49998185251369387	
0.8333253686972311	0.9999944870742776	0.9999997295855854	0.19999804859255016	0.5000018385733092	0.49999950904500984	0.49999727363897006	0.5000030570291123	0.49998220701282214	
0.8333254234554285	0.9999937174922947	0.9999996687778138	1.5449794698149327E-6	0.4999995311867562	0.5000010531046185	0.4999972204826357	0.5000029630907721	0.49998879235066257	
0.8333252059593134	0.9999998059495995	0.7999989544426768	0.9999995897940029	0.5000007589923116	0.5000003107301705	0.4999972298337279	0.4999997191728358	0.4999861001989457	
0.8333426126897906	0.9999996556144352	0.7999989619241324	0.7499877887689086	0.5000003149995248	0.5000003416427579	0.4999975309317098	0.5000033278599599	0.49998654950979143	
0.833324980314482	0.9999925018912069	0.7999151104464487	0.5000450289031657	0.5000005387630494	0.5000001508965316	0.4999971711646256	0.4999996258499827	0.4999882087095591	
0.8333418630364609	0.9999909655178482	0.7999900990044658	0.24998811211192623	0.4999995947445528	0.49999948535738575	0.49999719265888215	0.5000030912495805	0.4999885354280498	
0.8333253663929581	0.9999937113657154	0.7999861831698692	1.6218146752775332E-6	0.5000003629604226	0.4999994754454922	0.4999974552520786	0.5000030514584489	0.49998850267172806	
0.8333424474240043	0.9999903221954346	0.6000683521512652	0.9999150890412242	0.5000007785193122	0.5000002806056327	0.49999753494624793	0.5000000165254024	0.49998611744737054	
0.8333424468067905	0.9999944110937078	0.6000683521512652	0.6665318088475165	0.5000001776087462	0.4999995165099626	0.49999756833784076	0.500003072708868	0.4999884514451525	
0.8333247002926184	0.9999955400653207	0.6000683633185069	0.3333177552808492	0.4999994716970202	0.49999928841124913	0.49999757714898224	0.500002845174611	0.49998843409896176	
0.8333249268820645	0.9999922276071407	0.60007809129089	5.5676190367824484E-5	0.5000005273669921	0.49999951272094806	0.49999726352422347	0.5000030341956223	0.49998858157667575	
0.8333424444519889	0.9999845258106025	0.4001842808958302	0.9996461572369806	0.4999993266063457	0.5000002478395416	0.49999757836630404	0.5000030770188019	0.4999859702499852	
0.8333232444938063	0.9999909430316977	0.3999442797951904	0.49994472908173787	0.5000007123288034	0.5000002531433249	0.49999757891328034	0.5000031365152453	0.4999884335318562	
0.8333215116622985	0.9999944016118184	0.40001988669328614	1.3606156397943775E-5	0.5000003539786518	0.4999990842202975	0.4999962852712706	0.4999999627400417	0.49998863589109466	
0.8333410309429938	0.9999845371894511	0.20009734559271605	0.9999396546221534	0.5000006741961613	0.5000002530253731	0.4999975789268177	0.5000031337821955	0.49998598045673903	
0.8333414095194532	0.9999844633043399	0.20009785588142945	7.324216305535004E-5	0.5000007280513576	0.5000008362875793	0.49999757836904213	0.5000033081738232	0.49998803358418825	
0.8333410748295372	0.9999960078033695	3.698341528666089E-6	0.43650588470806306	0.5000007635459471	0.5000008721861797	0.4999975798161696	0.5000007886001198	0.499987818510502	
0.8333253009990594	0.8000198708347919	0.9999870121395951	0.9999887587629773	0.5000008154436483	0.4999989478995195	0.4999975321583434	0.5000000341872173	0.49998641880181716	
0.833325247181708	0.8000354179915466	0.9999756817518842	0.7499878337625798	0.49999972788252295	0.4999991855630204	0.4999974311696816	0.500003087451426	0.4999882073007436	
0.8333253140064841	0.7999982421902909	0.9999902950922585	0.5000487532253317	0.5000005328585273	0.5000007575585225	0.499996755030263	0.500002923312506	0.49998842950396566	
0.8333416217945507	0.8000009200906263	0.999992278776727	0.24998784891360115	0.5000007023173263	0.49999956290149167	0.4999972788485351	0.5000000081034527	0.49998840555965546	
0.8333254013976379	0.8000012726084044	0.9999933726614589	2.774236712409437E-6	0.5000007100944583	0.49999992809762017	0.49999737517919407	0.500000059439473	0.49998848094809434	
0.8333250984544527	0.8000242630281066	0.7500126963506947	0.9999764768608491	0.49999950373456775	0.5000003065232062	0.49999725964765024	0.4999996090837293	0.49998822655047814	
0.8333250986132545	0.8000244934028715	0.7500148437323565	0.6667095404489872	0.500000537529996	0.49999932551906606	0.49999753704794364	0.5000032546376912	0.4999882248895516	
0.8333262715854666	0.8000250215389112	0.7499921125380056	0.33331711464756164	0.500000558482326	0.4999995586871478	0.4999974211305561	0.5000000363715794	0.4999887532299605	
0.8333225454073162	0.8000008017058348	0.7500530571739917	3.391866784046721E-5	0.5000004609561659	0.4999990311595531	0.49999729870428206	0.5000029486690085	0.4999887519402258	
0.8333231697755462	0.8000244370336597	0.4999877709192927	0.9999995026930595	0.5000004312059779	0.5000011381916352	0.4999975674462816	0.5000039692173456	0.499988215649125	
0.8333255673808323	0.8000227160153945	0.49998759602500203	0.49992688160719334	0.4999994097711225	0.5000003124306877	0.4999975358453925	0.4999998523676489	0.49998866211126225	
0.8333255710033933	0.8000004024445205	0.5000734455698628	1.1351243223411647E-4	0.4999994034762775	0.4999990927065384	0.49999737240899333	0.49999985683394993	0.49998867129039304	
0.8333255861647986	0.8000237351454214	0.25002100124697263	0.999938716192498	0.5000006569990962	0.49999949920985515	0.499997590537918	0.4999998160570381	0.4999859470993434	
0.833341735820931	0.800000405870345	0.2500210012469712	7.332415256930533E-5	0.5000007492163402	0.499999456835936	0.499997565636748	0.5000000275390866	0.49998866430526634	
0.8333259824324949	0.8000004062365444	3.894544021556377E-6	0.047991313919037576	0.5000006366246068	0.5000009286386775	0.49999766199842094	0.49999994554128874	0.49998792918429025	
0.8333246292917098	0.6000118707007245	0.999994525939072	0.9999888083712916	0.5000008082675866	0.5000003416206682	0.4999975309252367	0.5000000994901238	0.49998636337981583	
0.8333252879902174	0.6000107955534404	0.9999951615094959	0.6666817681988818	0.500000331728953	0.5000000703441937	0.49999757532956646	0.499999670023569	0.49998824068294345	
0.8333140724730063	0.6000117112910008	0.9999993788686782	0.33331349067540356	0.5000004275921714	0.5000001063299072	0.4999975959123545	0.5000032476248385	0.4999880771323987	
0.8333254240583854	0.6000703516382926	0.9999007656850039	3.0249671783591084E-5	0.5000003982087637	0.4999987798478915	0.49999719244265084	0.5000005210016545	0.49998843739712884	
0.8333399721609084	0.6000118092071826	0.6666619854443393	0.9999886319969173	0.49999956795940925	0.5000002821927502	0.4999972596837955	0.500003336777186	0.49998810083292894	
0.8333416640694474	0.6000107308856949	0.6666510709535003	0.5000265240379395	0.5000007324580804	0.5000011498808563	0.49999742208570974	0.4999998056812936	0.49998755829903035	
0.8333420082055357	0.6001816516261909	0.6666433466781657	2.908256227806908E-4	0.5000004256778248	0.5000006960958958	0.49999728086705714	0.49999997356829134	0.499988671967861	
0.8333416751242354	0.6000312047838738	0.3335107678070256	0.9998760883801646	0.5000006749444303	0.5000001604995835	0.4999977389977065	0.5000034876475484	0.4999880704720177	
0.833341677935289	0.600031229445971	0.33350061658265134	3.2686960168649775E-4	0.5000004169553143	0.5000010260242531	0.4999975567518923	0.5000027185292866	0.49998823218719624	
0.8333256891550112	0.6000117398689693	1.1894174575515263E-5	0.5016495695644011	0.5000002300395301	0.49999934183652245	0.49999755421011133	0.5000030546824221	0.4999823888688431	
0.8333355279204145	0.40008799106938575	0.9999950494965922	0.9998746424097061	0.5000005044754404	0.500000308163243	0.499997888658468	0.5000033371881538	0.499987819954275	
0.8333170748502319	0.39996284813095395	0.9999993771517359	0.49997833046346796	0.49999956763367986	0.49999954863169077	0.4999976535882558	0.5000000854819099	0.49998873307036934	
0.8333175171716263	0.3999628481306048	0.999999960188381	3.895677153727289E-6	0.5000004474986772	0.4999987831173208	0.4999971915621745	0.5000001429187405	0.49998868438505945	
0.8333354995336291	0.399962834140976	0.49999477386196206	0.9999993529412774	0.4999997789545574	0.5000003088932266	0.49999718649132935	0.5000032521525831	0.499990762545986	
0.8333171259082909	0.3999628462725328	0.49999466123145087	2.8438498058202497E-6	0.5000005030898818	0.5000006212443753	0.4999979022489132	0.5000001692208541	0.49998936472685485	
0.8333259868071731	0.39996303681196305	8.396931174416761E-7	0.01895612489370982	0.5000006775291824	0.5000002647254772	0.49999766605548673	0.49999981565029616	0.4999880692663722	
0.8333258897811336	0.2001960777514305	0.9995921675936174	0.9996660208874968	0.5000008085594593	0.5000003095313952	0.4999970906077028	0.5000001963924525	0.49999076548456145	
0.833338406723871	0.2001980058914295	0.9998973485646059	6.911735502264915E-4	0.5000004898406901	0.5000003953357792	0.4999975713865419	0.5000001941672794	0.4999876821872709	
0.833318838884525	0.20007771437481492	2.6042050342352946E-4	0.49081286954761305	0.4999994648090853	0.49999938591526955	0.49999756864751943	0.5000002044302776	0.49999077186516894	
0.8333361219516732	1.9371700352826597E-6	0.5020770366643766	0.5315265306749306	0.49999942256140556	0.49999940879769084	0.49999427887259906	0.5000003700298475	0.4999894129666429	
0.6667156572392567	0.9999651070407097	0.9999765733387792	0.9999604104225237	0.500000853299899	0.4999994885999322	0.4999972112519628	0.5000030849059597	0.4999801477069646	
0.6666991994978206	0.9999364910566342	0.9999756902546111	0.7499878337622731	0.5000008686865073	0.4999994121981008	0.49999721261170776	0.5000038632685421	0.4999812265383448	
0.6667018584367193	0.9999351682545773	0.9999742911351619	0.5000399063712848	0.5000004757504436	0.4999993343249617	0.4999974432763319	0.5000032797459953	0.49998363804670976	
0.6667018348054287	0.9999924981104126	0.9999891605025788	0.24994584651799748	0.49999969984818354	0.5000009637921868	0.49999737729191795	0.5000034697784631	0.4999846606650412	
0.6666995221074834	0.9999477023591246	0.999990332976739	1.1477954986061964E-5	0.49999948840924313	0.49999943237744965	0.4999973479268923	0.5000036476747401	0.4999882451250021	
0.666727991726684	0.9999370894223825	0.7500144184502404	0.9999178447673966	0.500000853763575	0.49999925342245444	0.49999755278391056	0.49999957482215257	0.49998825633188904	
0.6667103340212085	0.9999669219895188	0.7500151597496082	0.6666318696719647	0.4999997385174118	0.5000006057227272	0.4999974334218241	0.5000032616000708	0.4999879995662281	
0.6667016970059151	0.9999673241378013	0.7500583190974746	0.3333739343081984	0.5000004789423227	0.5000005440031163	0.49999744383589106	0.500003281077323	0.4999800995114821	
0.6667107371481371	0.9999452978655214	0.7500602871183395	1.1442058545683463E-5	0.4999999815631907	0.4999994226760727	0.49999737727137455	0.500002967652189	0.4999885408542503	
0.6667026786765045	0.9999877692459183	0.5001210985452815	0.9997581846962242	0.5000003877366884	0.49999886782255426	0.4999977092835561	0.500002808054899	0.49998377991214016	
0.6667052497877249	0.9999842079851257	0.499984020517709	0.5000652579571611	0.5000003035412545	0.49999920592596847	0.4999974321935822	0.5000006524989041	0.49998810092130036	
0.6667060944111283	0.9999949499015859	0.5001077337637516	3.204790748354391E-4	0.5000001615944172	0.49999751524139413	0.4999974230459424	0.499999944241961	0.4999878170884018	
0.6667023167721646	0.9999825950967619	0.25002100124686666	0.999955725005285	0.5000004629560582	0.49999906701755514	0.4999975697972866	0.5000030487754608	0.4999896115699651	
0.666706502912222	0.999963536937264	0.2500199281407864	3.1854078292264005E-4	0.4999991219653023	0.4999975666685903	0.49999742919384127	0.5000035473419813	0.4999726614620979	
0.6667020701666652	0.9999634268827411	1.8753904759787586E-5	0.42550157082561296	0.5000004616710099	0.5000002230478567	0.49999760072037086	0.5000032069951371	0.4999885952959423	
0.6666967149549936	0.7500459580984886	0.9999762669747755	0.9999888477598236	0.4999997374735421	0.49999852872743955	0.4999972388403948	0.5000032753717726	0.4999882838363629	
0.6666986162193461	0.7500454632059825	0.999975815970897	0.6665492077938991	0.49999974142026116	0.49999925794010497	0.49999745370691556	0.5000033756967813	0.49998277552598236	
0.6666990485033533	0.750047841755593	0.9999933152349171	0.3332460539390468	0.4999999743598322	0.49999993602768306	0.4999974435790371	0.5000029918342177	0.4999836606029995	
0.6666994993813793	0.7499503289324998	0.9999747933467211	3.4779840384549046E-5	0.5000005158514743	0.4999988834811057	0.49999740280570676	0.5000034475146962	0.4999846889898521	
0.6666991579538207	0.7500460967535795	0.6666238783038009	0.9999771313755947	0.5000008073409697	0.49999955015199626	0.49999756338137424	0.49999999362139813	0.499986148379492	
0.6666982152532966	0.7500462530556494	0.6666429186942732	0.49997784146702223	0.4999994821608308	0.4999992953625845	0.4999974532415363	0.5000000000428592	0.4999884325384583	
0.6666982162625608	0.7499475157142953	0.666642581731928	1.151302509001653E-4	0.5000001742423443	0.49999842521319093	0.49999742992403445	0.49999987609664254	0.49998875129143777	
0.6667487087105471	0.750064587366406	0.3337611780641357	0.9988962243392796	0.5000005129034722	0.49999945973259174	0.4999970760460061	0.5000000247828013	0.499982644267888	
0.6667487135737376	0.7500645876761904	0.3335115553642561	3.2862871868195295E-4	0.5000002309341469	0.49999945657325334	0.49999731248789775	0.5000005834060057	0.49998416614013186	
0.666702048270211	0.7501064131884132	3.375102458656663E-4	0.594657050800953	0.5000001711395128	0.4999994229907377	0.49999710727000163	0.5000036498891264	0.4999841942127778	
0.6666986441511231	0.5000362462244609	0.9999756910624006	0.9999782044736645	0.49999974724526636	0.49999935667431744	0.49999745276888635	0.5000033783945004	0.49998837147026354	
0.6666982021773411	0.5000352971839107	0.9999836030158807	0.4999784009718731	0.49999974028849087	0.49999853370936426	0.49999724718261246	0.5000032654579591	0.49998839178388016	
0.6666991433762325	0.5000336908450724	0.9999757965196152	2.6232105963255167E-5	0.5000005069338693	0.49999881982082073	0.4999974040488175	0.5000033454203082	0.49998422871302606	
0.6666991266348635	0.5000411645502575	0.5000103477646045	0.9999728676384506	0.4999997324049419	0.49999848760551086	0.4999975464362374	0.5000036553155587	0.49998971805093123	
0.6666991340418492	0.5000330928264196	0.5000902514565204	1.533253570279596E-4	0.49999973999418984	0.4999984559657177	0.49999750923789354	0.5000006644119024	0.4999885353695645	
0.6666991337675547	0.5000330935164591	1.6408557656872878E-5	0.4976361851692645	0.4999998321636679	0.49999934517254546	0.4999975778861111	0.5000000629114056	0.4999822531321454	
0.6667166495058067	0.2501795490814532	0.9996719773971066	0.9996715312676576	0.500000501685573	0.49999947664092337	0.4999971427942254	0.5000000734748712	0.49998234490559834	
0.6666975149278295	0.2502362394523609	0.9993342382461132	4.931306149743803E-4	0.5000004546423309	0.49999829173549903	0.499997223146465	0.5000028571702829	0.49998981261517605	
0.6668692716252071	0.2502360403452801	0.0011425682860276383	0.497291372571513	0.4999997404944699	0.5000008588063181	0.49999693883831753	0.49999998661080447	0.4999898840393544	
0.6667233655478564	1.1568898154983609E-4	0.5078045530361277	0.6722550475199078	0.50000047196351	0.49999927130967764	0.4999975415861334	0.5000004626893702	0.4999896846644306	
0.5002161964228217	0.9999730681669491	0.9997707112901624	0.9997989015809209	0.5000008581006218	0.49999948418946377	0.4999974694394529	0.5000037376186157	0.4999827869066922	
0.5000603804395267	0.9999364919763073	0.99996738463596	0.6666347452419166	0.5000035535985935	0.49999939127949156	0.49999750924513486	0.50000325073683	0.49998357363385526	
0.500210365090042	0.999778746330644	0.9999538871176593	0.333247695372582	0.5000004241362227	0.4999991722665476	0.49999737739295524	0.49999963605167597	0.49998830539604716	
0.5000993789498445	0.9999453195795902	0.9998847301139959	3.7055437404426295E-4	0.4999999977955958	0.4999988795291606	0.499996639348194	0.5000036476106023	0.4999745358067016	
0.5000972280460189	0.9999284412408398	0.6666113508192092	0.9999003900803394	0.500000026703736	0.4999970559512841	0.4999978607613827	0.5000031103165866	0.499985921093416	
0.5000933220133559	0.9998752121200493	0.6666434660262123	0.5000605536261976	0.49999948609549083	0.49999941233043793	0.49999745739643126	0.5000007636028666	0.4999884682802234	
0.5001745327966731	0.9998947540892243	0.6662529933410462	9.704338412172732E-6	0.49999980947129796	0.4999993045532797	0.4999973691927748	0.5000029832651134	0.4999883567527981	
0.5000978224996001	0.9999321453356105	0.3335587996648938	0.9994853865918745	0.5000005572843058	0.49999771448920854	0.4999959627388246	0.5000036553043251	0.49998360648646883	
0.5000993789498445	0.9999332909428493	0.33355879955893775	3.7055437404426295E-4	0.5000005581395318	0.4999990869727648	0.499996639348194	0.5000036476106023	0.4999836463388265	
0.5000993689855674	0.9998194149230731	9.263069149444876E-5	0.610706404176514	0.5000002198933144	0.49999960274766925	0.49999594386741125	0.5000036476203477	0.4999860269059618	
0.5001685608523649	0.6667251931789522	0.999777214318098	0.9997980997071533	0.5000008583211074	0.4999993073790688	0.49999717005444494	0.5000037318517453	0.49998276784452284	
0.500076406359032	0.6667257656886683	0.9999547805238724	0.49997506290151367	0.5000004799578881	0.49999834099388	0.4999973651290842	0.5000005724294007	0.49998612002718423	
0.5002100247079233	0.6671056820494319	0.9996616276841337	6.538945185626077E-4	0.5000000113916765	0.49999955927249534	0.4999965564818812	0.5000037000095275	0.4999884195803408	
0.500165201236648	0.6667251825131646	0.5001199786105016	0.9995677846072545	0.5000003121413066	0.4999993605205814	0.4999971295683077	0.4999998820081902	0.49998832615657046	
0.5000677618401267	0.6669368275653631	0.5001033713438624	4.3823748938122067E-4	0.5000001694390089	0.4999984237247629	0.49999710743696507	0.4999998814528121	0.49998419174778413	
0.5001037785699396	0.6667256249698807	2.9400892250112313E-4	0.0027532226197033195	0.5000001058608908	0.49999996053554574	0.49999745413752855	0.49999985529651586	0.49998619212656414	
0.5000640586283119	0.33351397961226653	0.9997524326644223	0.9995797663310038	0.5000003126529098	0.49999932674750375	0.49999723944761426	0.5000032700141414	0.4999883082356636	
0.5001053404772955	0.3334968440322017	0.9996323475500617	1.690361751042737E-4	0.5000004262984573	0.4999984009481825	0.4999971154233089	0.5000006990436591	0.49998829744401835	
0.5000759689124807	0.3334955416686484	0.0010032180301516869	0.5218236524880046	0.5000004306729394	0.5000010541022942	0.49999367110358794	0.4999999758826092	0.4999895854089174	
0.5000759641429882	2.9682147428233027E-4	0.6338252118026282	0.4978298308377555	0.5000004464753124	0.4999999735100906	0.4999975824390395	0.5000000345216264	0.49998236677618163	
0.33346944887509317	0.9997632145388018	0.9999429982295669	0.9998290778073522	0.5000000108356211	0.4999997478118601	0.4999973752859934	0.5000050149720648	0.4999858677779841	
0.3334693879201714	0.9998747538191498	0.9998868156052464	0.5000639448054226	0.5000001765339567	0.49999946139710055	0.49999781651394687	0.5000034788821541	0.4999883597030655	
0.3334705866304629	0.9998841754063152	0.9997766040041103	1.003666664157454E-4	0.49999990123886107	0.49999931683126747	0.49999732828930515	0.5000005085795495	0.4999831539324205	
0.33346814053444307	0.9998747324504099	0.5001192315344027	0.9996299911727229	0.5000001772612492	0.4999994551904113	0.49999732795096435	0.5000040974608276	0.49998407679477425	
0.3335094800001368	0.9998841934924486	0.5006577611306638	0.0010617526333873057	0.5000001674115269	0.4999983014259798	0.4999973278247869	0.5000001061475046	0.4999842156399843	
0.33341541853297524	0.9998948062628595	8.686748411198285E-5	0.4983232102758046	0.4999997598034108	0.4999983009943131	0.4999973278116574	0.5000001146818323	0.4999883645071889	
0.3334172866389235	0.5001347808651329	0.999647476275641	0.9995392029698711	0.5000003863591916	0.49999935116835403	0.4999971555671735	0.500003520162223	0.4999836046773887	
0.3334162699446548	0.5000311854425592	0.9997659576757922	9.851948900344433E-6	0.5000001918688177	0.4999983912032836	0.49999744929742823	0.5000005958994178	0.4999884714347832	
0.33341738142630817	0.5001292687802977	8.115344736951951E-5	0.5004162115210635	0.5000003860783421	0.5000003142753965	0.49999744978963795	0.5000005958518163	0.49998361053185314	
0.33341528021809075	2.0110112409301025E-4	0.6939329498251899	0.5001540444489564	0.500000386261781	0.4999993176913468	0.4999974322943152	0.5000034240824408	0.4999830560669547	
0.1680802398305952	0.9984664849601212	0.9980403617291504	0.9945456310906953	0.49999942956144183	0.49999946271134627	0.49999724589931477	0.5000035929816568	0.49998400779840674	
0.16808024189660095	0.9958312071114828	0.9980403480320638	0.0021226288632962276	0.49999938096765073	0.49999928244369335	0.49999779090715196	0.5000034547754176	0.4999806975838876	
0.16735864727532312	0.9992974110734818	0.003330279782306378	0.5002187038456198	0.5000003845798965	0.49999925558639535	0.4999972508790949	0.5000035992604143	0.4999841333789973	
0.16714580408804094	0.002216101165546547	0.6594950233097497	0.534076447676616	0.5000034310454806	0.49999927137679423	0.4999972425072649	0.5000034801597685	0.49998307848476553	
2.1347262281562474E-5	0.007721062454341704	0.794887508720775	0.45191976652112437	0.5000032382704689	0.49999926798748145	0.49999778974011755	0.5000035767164281	0.49998360504949046	
