0.9999903480745643	0.9999986428219898	0.9999931602090141	0.9999984058689404	0.4999847359235894	0.5000007417820098	0.49999934516455913	0.5000302169204098	0.49999134010643453	
0.9999952835453925	0.9999832810168923	0.9999881610406244	0.8332053042025729	0.49998462837000196	0.5000007796125684	0.4999980841226921	0.500030334542637	0.5000092254726936	
0.9999927405801539	0.9999461478730614	0.9999927548595622	0.666425604359355	0.49998463992019776	0.4999999993092666	0.49999841056466926	0.5000302787590006	0.5000088864847596	
0.9999999330784523	0.9999696897181257	0.9999931523326062	0.49995684186970124	0.499984631968933	0.49999980030811203	0.4999991812153541	0.5000302633439798	0.5000087509146387	
0.9999990984113577	0.9999896823484782	0.9999973344507189	0.3333167808322425	0.4999849832004101	0.4999997945552384	0.4999992441095991	0.5000299732704918	0.5000087279515428	
0.9999979999850935	0.9999403614164253	0.999996123542739	0.1669180306102029	0.49998560326386854	0.5000005950020674	0.49999915555994384	0.500030506078792	0.5000130224346103	
0.9999997788294694	0.9999882166465983	0.9999927514134854	7.405561054150936E-6	0.49998408987366205	0.49999985878498787	0.4999993711029908	0.5000300505384194	0.5000102024699639	
0.9999951826212123	0.9999900974616939	0.833363043576476	0.999983903043927	0.4999846041083036	0.5000008173403417	0.5000035516288159	0.500030065602677	0.49999286909886226	
0.9999957231609748	0.999985858990966	0.8333419943769663	0.8001144016679044	0.49998479326867434	0.5000009551829554	0.4999997070131124	0.5000300873721406	0.500008674104426	
0.9999946755843114	0.9999898580594013	0.8333452104762753	0.5999533651226587	0.4999801140653472	0.5000007066465086	0.5000014317327974	0.5000304862537737	0.5000089906716798	
0.9999867086709355	0.9999858039546218	0.8333574871512919	0.4001016223164575	0.49998460463601735	0.5000008762826537	0.49999921894210175	0.5000300749424438	0.5000092331935031	
0.9999940659996955	0.9999976782873691	0.8333111796335572	0.1999974823816759	0.4999849781080189	0.5000000360153162	0.4999992448643987	0.5000302621574273	0.5000083070437003	
0.9999869914982669	0.9999960661067926	0.8334131858450661	1.6254550210647266E-4	0.49998472442115904	0.5000008516621143	0.49999541862036406	0.5000318367075826	0.5000101804896903	
0.9999956589015612	0.9999977715579416	0.6666858631455309	0.9999984017261516	0.4999847143450909	0.49999930218454847	0.4999992648157697	0.5000303635040128	0.4999928885393442	
0.9999968522974667	0.9999976565009995	0.6666858631455309	0.7500117264339348	0.4999845944825731	0.5000007160337457	0.49999949139772665	0.50003036012768	0.500009309808322	
0.9999935694948695	0.9999968202781822	0.6666889646106293	0.4999550414815844	0.49998480846196974	0.49999987847458544	0.4999997223577936	0.5000302391780527	0.5000090039109073	
0.9999981516247214	0.9999951555351717	0.666689178405214	0.2499914930647925	0.49998490023839615	0.4999999658922145	0.5000035766030093	0.5000333525605832	0.4999907527321085	
0.9999981424141982	0.9999968897663328	0.6666890362763587	6.466958827915313E-5	0.4999850480452818	0.49999997422209086	0.499999168896489	0.5000302391815826	0.49999098513606566	
0.9999946775349229	0.9999730747752194	0.49973444987361765	0.999989933367927	0.49998478826187653	0.4999991191557093	0.4999985381543641	0.5000301020637589	0.5000090701756879	
0.9999944066015886	0.9999924732406482	0.49999299811148185	0.6667467684116068	0.4999848447744907	0.4999993329588077	0.499999163665235	0.5000301105964065	0.5000090904005738	
0.999995683666062	0.9999907710018597	0.5000469890082014	0.33341139382885726	0.4999849176591717	0.49999921926380814	0.4999995585145366	0.500031401571285	0.5000090756972742	
0.9999956759331462	0.9999975176931658	0.5000469890082014	4.214577538514007E-5	0.49998489320431333	0.5000004517167631	0.49999999612855367	0.5000314625852468	0.5000094991825523	
0.9999977306537773	0.9999975400774025	0.3333281062104643	0.9999981895162057	0.4999842235467335	0.5000001875573029	0.49999926619438256	0.5000300156439828	0.49999299951878073	
0.9999909297104921	0.9999967357313724	0.33332774297062	0.4999575396306295	0.49998411772261725	0.49999956056662964	0.5000001293979404	0.500030242578642	0.5000091906183658	
0.9999991585030719	0.9999995420052997	0.33332775852503027	2.0123775136264457E-7	0.4999848922540544	0.5000004251230554	0.49999762122563485	0.5000302004069828	0.5000107579985392	
0.9999889783654509	0.9999812550808547	0.16673173332687005	0.9998203311418589	0.4999846323090092	0.4999991636104291	0.4999990992650559	0.5000318465580539	0.5000090751192109	
0.999988994272028	0.9999830472430917	0.16673173332687005	1.9156236975908538E-4	0.4999842951920715	0.4999991790684897	0.49999940092881046	0.5000318454517041	0.5000090639643195	
0.9999977816324166	0.9999969342746535	1.8398918331105813E-7	0.4998833112723214	0.49998422824864736	0.4999996470093285	0.49999706247062065	0.5000305899152299	0.4999935172574443	
0.9999957009395973	0.8333133093363262	0.9999995131927891	0.9999995124523429	0.4999847867074263	0.5000009598393664	0.49999864661262405	0.500030361969994	0.5000086776813344	
0.9999869286720886	0.8333134397467501	0.9999922084923822	0.8001006006992152	0.4999847354343707	0.5000008888861754	0.4999984129676654	0.5000301476920777	0.49999180287427236	
0.9999978586949886	0.8333109905912405	0.9999973173784598	0.5999533829537397	0.49998498667358243	0.500000880492399	0.499999245320084	0.5000303294875267	0.5000087288341761	
0.9999947214152433	0.8333452399025633	0.9999939834628901	0.40005205649270115	0.4999846670029344	0.5000005811383056	0.49999920335215764	0.500030273001981	0.5000090155700964	
0.9999981339114565	0.8333449718475788	0.9999977594485407	0.19999952549924052	0.49998490613991436	0.4999991752183375	0.4999987358766931	0.5000303838760485	0.5000083807745516	
0.9999941579109485	0.8333452000916471	0.9999927537051998	7.089406996973773E-6	0.4999848958025669	0.49999857628084493	0.49999885960654933	0.49999943620070786	0.5000083228614097	
0.9999958179489824	0.8333136687304592	0.7999986122752876	0.9999915398169942	0.4999847846661092	0.5000009806321698	0.49999937616506507	0.5000301728418047	0.5000085762676266	
0.9999953704891832	0.8333484522912065	0.7999986685190177	0.7500705754493	0.49998479155472303	0.49999999778993465	0.49999942141014514	0.5000301661721608	0.5000085685600799	
0.9999968954581197	0.83334853995159	0.7999986671251009	0.49996858021660384	0.49998447087596315	0.5000000148005981	0.4999992058774241	0.500030461322337	0.4999895772899884	
0.9999952718735283	0.8333451470066416	0.7999986541336025	0.24991446232423642	0.4999856155589612	0.499999007349386	0.5000018170592092	0.5000300939712208	0.5000072219178736	
0.9999981321290441	0.8333495764273244	0.8000024550455823	7.092060136681448E-6	0.4999849061306489	0.5000000393563975	0.5000034766813821	0.5000302624080237	0.5000091807667555	
0.9999968157026661	0.8333593731421277	0.5999764512686674	0.9999991464079998	0.4999847143225152	0.5000000306235773	0.5000018303776727	0.5000300780006481	0.5000091352977096	
0.999990740798379	0.8333541193459526	0.5999820606043214	0.6667041269217239	0.49998476466672614	0.5000007486555944	0.49999942513426676	0.5000302622120355	0.5000084499833453	
0.9999889592925731	0.8333486586854197	0.5999077314616335	0.3333250225035574	0.4999846370746	0.5000005551011155	0.4999992645930268	0.500030691383262	0.5000086927005323	
0.9999907071491827	0.8333495917829605	0.5999816245719837	2.8832820719138853E-6	0.49998481880693724	0.5000004826684822	0.499999033236192	0.50003189523728	0.5000083164453851	
0.9999953725390235	0.8333487410920363	0.4001099306003155	0.9998122029029065	0.4999848467449999	0.5000000236638601	0.4999993492100913	0.500030425203176	0.5000087375109776	
0.9999944207486853	0.8333593429471107	0.4000575732899572	0.49996474431049365	0.499984358149004	0.5000000280548876	0.5000026129660746	0.50003045691508	0.5000084278966443	
0.9999992864179535	0.8333499105850145	0.4001102593173897	1.835359232688582E-4	0.49998491118491556	0.5000005669599664	0.4999992639932492	0.5000318395483208	0.5000119194686449	
0.9999931350663349	0.8333528149985671	0.19998738341764466	0.999949842834615	0.49998485290004596	0.49999993673786586	0.4999993566179008	0.500030125395129	0.5000126745081906	
0.9999960831558204	0.8333538039098585	0.19998747259164443	3.7378563803348728E-6	0.49998483700044555	0.5000004415889037	0.5000026696017232	0.5000300795011299	0.49999445816142685	
0.9999975689841168	0.833343065843099	5.744642104549066E-7	0.7447569992120046	0.4999848980072184	0.5000001079833152	0.49999941625391625	0.5000318485656716	0.49999391190361286	
0.9999899010098509	0.6667203267127721	0.9999833876649763	0.9999936671259546	0.49998473732321536	0.5000009017455616	0.4999994344241593	0.5000301474237736	0.5000095231543711	
0.999995447361798	0.666670898262221	0.9999881637735024	0.7499658439764437	0.49998462752755424	0.5000001445049328	0.49999804387692126	0.5000303529303104	0.5000092223149809	
0.9999985189394824	0.666613290574573	0.9999995326658517	0.4999734724755072	0.4999839794151697	0.5000008802214578	0.49999959790454296	0.5000007594476094	0.5000088124929657	
0.9999980773839411	0.6665825160288704	0.9999998524607913	0.24994948287996535	0.49998483231412105	0.5000008027575058	0.49999936015373037	0.5000003084150949	0.5000090341948709	
0.999999286833129	0.666665771077211	0.9999983916773609	7.025897079449875E-6	0.4999855734925106	0.5000007793093253	0.4999987926855153	0.49999916714987835	0.5000083036004472	
0.9999954729286623	0.6666668114804957	0.7500130121536138	0.999985934139649	0.49998477065746616	0.5000009104103434	0.4999984059276005	0.5000304441854055	0.5000088954089436	
0.9999899958173195	0.6665650857350808	0.7499314058375333	0.6671931187670694	0.499984808347053	0.500000276522955	0.500002473711348	0.5000301848230432	0.5000117923932887	
0.9999975399663138	0.6666685273552747	0.7502018555155284	0.33337620264963846	0.4999852109468972	0.4999991059637335	0.49999929655125525	0.5000301754282599	0.4999872509468942	
0.9999892378283883	0.6666689106629451	0.7502209785163275	1.529030042710029E-4	0.49997833736910036	0.500000049241117	0.5000030588765172	0.5000302615835521	0.5000093989186145	
0.9999987148143952	0.6666702636660188	0.5000864721253502	0.9999988276898671	0.4999841901668269	0.5000001663497348	0.49999853767644226	0.5000304229682736	0.5000089248947582	
0.9999887628475446	0.6665680275902355	0.4999960994558939	0.4999529595623488	0.4999844514150735	0.5000009921623279	0.5000020542197252	0.5000299277513932	0.49999327713623337	
0.9999964849129268	0.666656176157035	0.4999963049687608	2.9089926980312606E-6	0.4999782621179501	0.5000005405801927	0.5000059404518485	0.5000319516787268	0.5000124085271025	
0.9999885529130639	0.6667488656321299	0.25019539087223264	0.999812578006611	0.4999846364484693	0.500000997846412	0.4999995193713756	0.5000301587112359	0.49999604523212765	
0.9999851892496391	0.6668862218098772	0.25047400068160797	0.0011606817093883922	0.4999846534775144	0.49999959195249055	0.49999896466712956	0.5000311173003722	0.4999940064696457	
0.9999972203292247	0.6666403055437595	2.006411627932463E-7	0.0010596036038081555	0.4999843600269518	0.4999999495453647	0.4999993328084501	0.5000301231747311	0.4999947253821636	
0.9999808912191254	0.5000361931727221	0.9999833114979351	0.9999384989331994	0.49998460235826636	0.5000009493852403	0.49999956856056765	0.5000301364907271	0.4999901425695217	
0.9999972887752813	0.5000221762896753	0.9999983124406989	0.666635675761362	0.49998435932194496	0.5000005564530864	0.5000028850984155	0.49999998092806297	0.4999915599469674	
0.9999981447318009	0.5000224140983587	0.9999958686669138	0.33337430911120153	0.4999842178694738	0.5000001242521895	0.4999993170882274	0.5000302244827867	0.5000103446855533	
0.9999969928060047	0.49999806746610004	0.9999962555174834	6.645756077290659E-5	0.4999841569943529	0.5000007292836934	0.4999996063869694	0.5000311155774146	0.500012207503982	
0.9999975627286354	0.5000221806706792	0.6666429234314043	0.999514850497909	0.4999841687898044	0.5000000143072052	0.49999920230526046	0.4999986834994143	0.49999634840642304	
0.9999975636403879	0.5000221806706792	0.6666242245776948	0.49997094665838254	0.4999841821327236	0.500000157058249	0.5000029024612842	0.5000301500797174	0.49999605026955635	
0.9999931875464176	0.5000249365592616	0.6666242408526365	2.2314167391993126E-5	0.4999842833976673	0.49999881295357546	0.4999988092431429	0.5000325570286988	0.5000115496015014	
0.9999886678317612	0.5000578306372151	0.33334941982420957	0.9999245529204339	0.49997947183457336	0.4999998046847146	0.49999957809649404	0.5000321421546212	0.49999034357730826	
0.9999949797533185	0.499990323370042	0.33323093702203704	1.3366374173061459E-5	0.4999842841108595	0.4999988029630435	0.5000033133282104	0.5000296875748471	0.49999428180560634	
0.9999888169915968	0.5002307378033084	3.562120880362951E-4	0.49538414547619264	0.4999846378935295	0.4999991784003691	0.49999869197973645	0.5000299879358951	0.4999963608853525	
0.9999930575812237	0.33337890836943934	0.9999422001908497	0.9999939564645773	0.49998435158979004	0.4999992122030508	0.5000028277876802	0.5000303986916919	0.5000085732752887	
0.999997211671396	0.3333780463839171	0.9999556766720696	0.4999687152866015	0.4999842926185555	0.499998887195835	0.5000030133965606	0.4999997687864075	0.5000071057347678	
0.9999886910514189	0.3333785933853273	0.9999424499291425	7.080643766421037E-5	0.49998423086559074	0.499998864078224	0.5000029980539411	0.5000311186085075	0.5000085840296656	
0.9999997717446633	0.3333785751060432	0.500029778271604	0.9996979197183191	0.49998432349608896	0.49999822207833655	0.5000022999021293	0.4999987865121597	0.5000080845651049	
0.9999951392834004	0.3333785916337465	0.5000292806616943	1.717271222844526E-4	0.4999841583315251	0.49999815894944644	0.49999950130846754	0.5000314742795642	0.5000082283159272	
0.9999941350936238	0.33337857510576285	4.1337064410703605E-5	0.444423141732952	0.49998393238826844	0.5000001837358482	0.500000957417711	0.4999983717741642	0.5000093263610856	
0.9999886987649812	0.1668789461231021	0.9992210797597593	0.9999258348532141	0.4999845270594738	0.49999920571557704	0.4999996006861784	0.5000300671668196	0.5000081991941756	
0.9999920492580983	0.16669302034268746	0.99994699408169	8.119214644426435E-5	0.4999843020009769	0.49999905547913776	0.5000040034684438	0.5000324941136335	0.5000082032731255	
0.9999905046681659	0.16800905358642385	0.006643177306255077	0.5604864950149003	0.49997686185839824	0.4999991139088931	0.4999991352565768	0.4999991275100098	0.5000111646494666	
0.9999905050399653	1.3254548542012007E-5	0.5418054327267898	0.5166077124615303	0.49997677068472063	0.49999981959469014	0.5000016940214882	0.4999993470700846	0.5000115459894122	
0.8333336598394873	0.9999979784702605	0.9999888260096533	0.999995243316599	0.4999847360810812	0.5000009653829585	0.49999869507828115	0.5000303625603874	0.5000089292539368	
0.8333336955872872	0.9999696012321382	0.9999927390877843	0.8001775340273479	0.49998464114157554	0.4999999543249358	0.49999867812868914	0.5000302800207003	0.5000101646199533	
0.833334530954958	0.9999955588088073	0.9999944975315582	0.599966378592344	0.4999848119507925	0.49999895945908973	0.5000017162219688	0.5000005756477367	0.5000090823509019	
0.8333218603036053	0.999989525942179	0.9999944285945148	0.40008420143301954	0.4999845645754234	0.4999989693050747	0.5000019500202793	0.5000302827215634	0.5000114358948836	
0.8333348095458543	0.9999997810773559	0.9999985843967737	0.19999952605100074	0.4999850021804299	0.49999886099223934	0.4999994609175222	0.5000303890119697	0.5000089905940122	
0.8333339440056923	0.9999966557215111	0.9999989546858391	5.508425376581907E-7	0.49998519374176686	0.5000000847404572	0.49999933185111667	0.5000302152510265	0.49998676153756394	
0.8333328576598552	0.9999997802773448	0.7999986119358762	0.9999983771227517	0.49998402046890794	0.5000009643894414	0.500003221059663	0.5000303589141594	0.5000089266705945	
0.8333328838408371	0.9999894069138663	0.7999946118655162	0.7500759219452433	0.49998464888820837	0.4999989723837555	0.49999961242915597	0.5000300779448977	0.5000070126329688	
0.8333332761612957	0.9999895257618645	0.7999983251480137	0.49997616352531765	0.49998456757079945	0.49999814143595284	0.5000019563249567	0.5000302590628761	0.5000108904878945	
0.8333198918131113	0.9999982960708104	0.799999059539978	0.24991534606768737	0.4999852567154275	0.49999900156429783	0.4999992037044243	0.5000304856659634	0.500007254424786	
0.8333342464495246	0.9999976866561079	0.8000023432591263	6.282535511297029E-7	0.49998501060777206	0.5000000247524193	0.49999916144153717	0.5000314540924178	0.49999036028949717	
0.8333327398956915	0.9999976801360161	0.5999805068645266	0.999993364672583	0.49997894205369675	0.4999963785748398	0.4999996980844618	0.5000304886906712	0.4999921920154976	
0.8333350996332478	0.9999942437098024	0.5999802161767375	0.6666684575386097	0.49998525143369404	0.49999964511037465	0.49999914554763875	0.5000303942454292	0.5000091266494298	
0.8333346197228784	0.9999892592312484	0.5999741293639229	0.33346014031629545	0.49998461650783244	0.4999989727646422	0.4999992551691613	0.5000304873118455	0.5000089979418741	
0.8333348621294973	0.999994254125192	0.5999802122077889	1.409871937739824E-6	0.499983973563105	0.5000004332681205	0.4999996682105824	0.5000300353662456	0.49998874561857654	
0.8333346019813548	0.9999925583989013	0.4001128125959492	0.9998656964484037	0.499984852773455	0.49999933510803646	0.499999267595242	0.5000304837955196	0.499992596664155	
0.8333339490227117	0.9999897423476023	0.40005759695596343	0.4999645373335857	0.4999852434985196	0.49999922883351144	0.49999916353090146	0.5000303978604165	0.5000088575655365	
0.8333491630522701	0.9999873626712804	0.4001195835966281	1.8324621844292507E-4	0.4999837432182381	0.4999992699406757	0.49999941096309203	0.5000318465197975	0.5000119094512622	
0.8333339743781193	0.9999974330918061	0.19998980623949134	0.9997353850507275	0.49998524775958353	0.5000000296805042	0.49999729833496603	0.5000317116152956	0.49999446715900997	
0.8333333352186356	0.9999996193022049	0.19999740201733163	2.0215415125027258E-6	0.4999848951634159	0.4999998553810719	0.4999999959026894	0.5000320259292648	0.5000094091550373	
0.8333333283765008	0.9999992806060083	2.3564229083044614E-7	0.32554465628557205	0.49998489589799244	0.49999989383100346	0.49999933274050196	0.5000304649127382	0.5000094004091225	
0.8333336593887845	0.7999845996691973	0.999997090428212	0.9999944666181876	0.4999839759048192	0.5000009671371268	0.4999986880223421	0.5000303924414506	0.5000094978498449	
0.8333230552041357	0.7999854141852402	0.9999935314440327	0.7499635152077557	0.499983968122583	0.4999998944342586	0.4999995250317709	0.5000302639925233	0.5000101627458016	
0.8333331918583681	0.7999848131128683	0.9999976334304546	0.4999761685237495	0.4999848117551039	0.4999980775275806	0.499999445723687	0.5000302637893913	0.5000090912807463	
0.8333339107696369	0.7999864054294359	0.999997328986718	0.24994859830711452	0.49998497536026565	0.5000046813755409	0.49999969858315924	0.5000311456366389	0.5000094036968021	
0.8333363927182015	0.7999889447659613	0.9999585711602996	8.06037963536736E-6	0.4999848616908115	0.49999855827990597	0.5000031534763818	0.5000008070310463	0.5000104369478139	
0.8333323556432228	0.7999821298750192	0.7499643030032166	0.9999797573723597	0.4999847001665935	0.5000007439756228	0.499999286028233	0.5000302639519196	0.500008427610014	
0.8333329535034127	0.7999897365417684	0.7499645918438352	0.6667040770966421	0.4999848992833636	0.49999982317327957	0.4999996569143251	0.5000302601584813	0.5000094690930617	
0.8333331105998426	0.7999893296658335	0.749953872296608	0.3333298264169648	0.4999842436368123	0.5000004526003128	0.4999992558335855	0.5000299848572681	0.5000071161715692	
0.8333199210504891	0.7999890581247192	0.7500834998129122	3.263357102736873E-5	0.4999842932756346	0.5000000431299568	0.5000018693519171	0.5000302623617321	0.5000072557318175	
0.8333603288160054	0.8000497193720257	0.5000914545903903	0.999769808477217	0.49998483300858587	0.49999985993851986	0.4999985398877415	0.5000301328080816	0.5000084292359988	
0.8333406337491764	0.7999931273201965	0.49999609885382	0.4999704933835558	0.4999843085337399	0.5000001165989452	0.49999899771619466	0.5000299414586836	0.5000101051552086	
0.8333207087321316	0.799993224250801	0.5000452209341658	5.7900811865121136E-5	0.49998429073307005	0.5000000247811104	0.5000018678740287	0.5000317686237294	0.5000072698281656	
0.8333609052302665	0.8000503365330894	0.25024154772206164	0.9992307730215728	0.4999848592523225	0.4999992376582203	0.49999937194989486	0.5000303729167866	0.5000088725122765	
0.8333506712884413	0.8000513599588384	0.2502415477204578	5.752909890883946E-4	0.4999841930264977	0.4999992563397589	0.500001914492486	0.500030283845044	0.4999939581239451	
0.8333330744125746	0.7999931968570382	1.082290915539263E-6	0.501929015331686	0.49998471813688206	0.4999989400595764	0.500000156525661	0.5000299939451955	0.49999675483230205	
0.8333351251759596	0.6000269473897772	0.9999832740434627	0.99997960147812	0.49998459993417466	0.5000009176776804	0.49999935492780484	0.5000302927608326	0.4999904695173044	
0.8333229612841887	0.6000148151782274	0.999981978928724	0.6667829572746018	0.4999848961423592	0.49999901416334946	0.49999948253084026	0.5000303067310988	0.5000069694619714	
0.8333228908731196	0.6000145037132097	0.9999973790678609	0.3334040867310344	0.49998490112357213	0.49999887035999335	0.4999992211654601	0.500030390824165	0.5000069551280052	
0.8333229491528223	0.6000570057843886	0.9999973706076579	3.5713448450057676E-5	0.4999848470795959	0.5000047262749825	0.5000033140358638	0.5000303907879614	0.5000094372891173	
0.8333330921494652	0.6000269524858192	0.6667537544104386	0.9998264797076661	0.4999847192876042	0.5000007748746762	0.4999996636563557	0.5000318918973613	0.4999924441616248	
0.8333333780824763	0.6000146669059453	0.6666356467389503	0.49997025738773654	0.499984638615573	0.4999988962551563	0.49999945828146447	0.5000324637941359	0.4999892163139656	
0.8333421728113581	0.6000145055545776	0.666635661865774	6.758985161407743E-5	0.4999846709168911	0.49999886089952217	0.49999945723062356	0.5000303858841053	0.5000102225890052	
0.8333600552514646	0.6000295349615711	0.3332381062993888	0.9999302539373679	0.4999794805758345	0.49999940118578684	0.5000048237111215	0.49999981483703404	0.49999027434690824	
0.8333356688088235	0.600050806479251	0.3334739027111951	6.220482303729476E-5	0.4999836822270827	0.4999987155987807	0.5000032930286791	0.49999634596217907	0.5000090511432724	
0.8333353898984194	0.6001088300051781	1.9471848965250298E-4	0.5084563413660894	0.499983614249264	0.4999990909509477	0.4999991578940971	0.5000308474768322	0.49999302943032775	
0.833341070430377	0.4003798734117581	0.9992992056893096	0.9998299046272772	0.49997820269313326	0.5000001718521148	0.5000018865920615	0.499998711563017	0.5000122583441653	
0.8333424797237802	0.40009130421518907	0.999959848708549	0.4999688189079959	0.49998499546950786	0.500000138505751	0.4999994126964488	0.49999972648779584	0.5000094048908733	
0.8333424802404577	0.4000492169452704	0.9999596867151916	6.752178288995548E-5	0.4999855724228931	0.5000002288763357	0.49999969457055327	0.4999995160651888	0.50001026262211	
0.8333408455043178	0.4001200105343388	0.5000843690283645	0.9996995902192495	0.49997812115106505	0.5000004273176136	0.5000028360682457	0.4999983105593745	0.500012465513312	
0.8333426412777009	0.4001233012415491	0.5000292951099514	2.1658939300589643E-4	0.49998446038689276	0.5000004096382328	0.4999989518956944	0.49999875107935743	0.5000090240590612	
0.8333350664073957	0.4001227983020638	2.9094053916385744E-4	0.5088167693895705	0.49998424922336576	0.5000001939589083	0.5000040420184132	0.499996615330202	0.5000093076945602	
0.8333402418340307	0.20024281943844052	0.9996793488597063	0.9995722870301634	0.4999822796558286	0.5000004289212648	0.4999996306964595	0.49999974969850075	0.49999179161050855	
0.8333348356151118	0.200242817048739	0.999636497842543	3.4631748494411905E-4	0.49998456568551464	0.4999991115096112	0.5000039574577265	0.4999979060446334	0.4999924965521128	
0.8333423886375034	0.20009476380204516	4.1001351783748197E-4	0.4928241754190302	0.49998410709883506	0.500000401581624	0.5000018767394926	0.4999997658039591	0.4999906367355866	
0.8333408688159891	4.026631615160085E-6	0.49613799944682363	0.5020161106744689	0.4999844852238111	0.5000004025427239	0.5000010368786981	0.49999545641765786	0.5000093029877118	
0.6666764828010935	0.999997671579118	0.9999999816835791	0.999983354872676	0.49998478696197896	0.5000009062853774	0.4999996097640628	0.5000303611097862	0.5000090112058281	
0.666676506417132	0.9999895117734483	0.9999999993492587	0.7500734500786564	0.49998465063117653	0.5000001469063396	0.4999996098456521	0.5000303023326276	0.500008998258735	
0.6666771653754681	0.9999893794400718	0.9999949206297388	0.49994704498374587	0.49998481254463345	0.5000009393795204	0.4999995940225855	0.5000303521414984	0.5000078353887596	
0.6666740546792962	0.9999978275381909	0.9999583115770881	0.24994880662166521	0.4999846489627623	0.49999887389905	0.4999960131898125	0.500030254544742	0.5000069602293138	
0.6666706307203732	0.9999968540501014	0.9999965577579387	7.070245260325662E-6	0.4999783106954172	0.49999887792325054	0.4999992589766525	0.5000306217459287	0.4999867880575616	
0.6666764690880888	0.9999976738317314	0.7500161386572031	0.9999928316109737	0.4999847338697011	0.5000001579838571	0.4999996197528315	0.5000303557716553	0.5000078444622496	
0.6666793089042553	0.999982278124894	0.7500155100369572	0.6665929628134717	0.49998602708151135	0.4999964347847387	0.49999967639083187	0.5000314041610817	0.5000078911052759	
0.6666793083860549	0.9999832963478613	0.7500155100369572	0.33332804279569167	0.49998620970942953	0.4999989683196614	0.49999955276344005	0.5000311966417171	0.4999896287146101	
0.6665914519905998	0.9999967308049216	0.749947033784013	6.014596775738486E-6	0.49998454833064004	0.5000000311306896	0.4999988765318798	0.5000301847194214	0.500010019438558	
0.6666743631927381	0.9999977651663264	0.49998540347845044	0.999907193238818	0.49998463611933514	0.4999996302251069	0.5000034464964644	0.5000317420563075	0.49999024235040385	
0.6665297112613183	0.999999825265696	0.4999935124631275	0.4999559566153578	0.4999847599132913	0.49999997449799555	0.5000018642397679	0.5000306158438947	0.5000093890151835	
0.6666704366181969	0.9999976590125836	0.49999377422314006	5.739016523886956E-5	0.4999783787609295	0.500000022426049	0.49999949334891675	0.5000299248755421	0.4999905125124947	
0.6666745909918157	0.999999501128421	0.25017712003022713	0.9992492935144645	0.49998495188092007	0.49999963260211944	0.5000003282980567	0.5000317152502017	0.49999503083289015	
0.6666708213408331	0.9999994611461522	0.25024322872663085	6.056158677166651E-4	0.49998494219494627	0.49999960016084494	0.5000025353009788	0.5000302885672245	0.499995224069923	
0.6666646445922607	0.9999983424168881	1.955903839524811E-5	0.489270768405403	0.49998434988208124	0.4999996043176858	0.5000000210991685	0.5000314128253812	0.5000094203113533	
0.6666791867642857	0.7500160789147372	0.9999951795112639	0.9999848244829955	0.49998477788278983	0.5000001498263298	0.5000030375651093	0.5000304706127205	0.5000156761784312	
0.6666156113157679	0.7500160763900574	0.9999940516366211	0.6667768215549532	0.49998502695957026	0.4999994402291547	0.4999999375615049	0.5000303768117956	0.5000087647644968	
0.6666742289222212	0.7500162779143987	0.9999666666378951	0.33332918275677154	0.49997911828526576	0.5000002976748912	0.49999972558187267	0.5000303896037444	0.5000094737504874	
0.6666744412637398	0.7500242711674784	0.9999666176673072	1.971553208385015E-6	0.4999846430238799	0.49999936674496065	0.4999992721835104	0.5000289134843285	0.5000094004341951	
0.6666799410329385	0.7500206845595866	0.6666105864087561	0.9995693617456368	0.4999861591404068	0.49999943419118165	0.49999995624221927	0.5000303802843106	0.5000090661105051	
0.6666750212833823	0.7500159183992682	0.6666306361736689	0.4999655418446635	0.49998463433494145	0.4999993426087823	0.4999982007108472	0.500000766851265	0.5000093778344625	
0.666674437942799	0.750016744575813	0.667024426832178	3.2558943176523645E-4	0.4999789476503308	0.5000005480057396	0.49999879611277925	0.5000303727250479	0.5000118622451211	
0.6666773065571886	0.7500410506258777	0.33392670887479087	0.9990390992436698	0.4999840730285758	0.49999925328613115	0.49999754995184564	0.4999982120029123	0.5000125193522863	
0.6666710957670099	0.750041237454023	0.3333278084868833	1.7083968994057624E-4	0.49998521475134616	0.49999909964384054	0.5000010991313638	0.5000304018799501	0.5000093122897995	
0.6666697482178963	0.7500422926837468	8.479762717745488E-5	0.5041599358816973	0.49997916912606694	0.4999996187466206	0.49999950145621097	0.5000317513537446	0.4999865512536246	
0.666677758943807	0.5000235622475819	0.9999584362415563	0.9999833765747667	0.4999847437339079	0.4999965525413251	0.4999996391387438	0.5000302323411833	0.499992376248195	
0.6666764361044705	0.5000226073026619	0.9999564022716159	0.4999702672974661	0.499984358154982	0.5000010236868646	0.5000027572262647	0.5000300817262011	0.49999232793573295	
0.666674911077316	0.500006508854623	0.9999827027724384	2.605466878350328E-5	0.49998401004685983	0.5000033872479619	0.4999975737874253	0.5000311428981793	0.5000118347975537	
0.6666776608937173	0.5000235599813709	0.5000839495972097	0.9999509591051181	0.4999854653441116	0.5000009763673033	0.4999975206951116	0.5000302311318933	0.4999927073077581	
0.6666699194117756	0.5000216944936331	0.5000473727298741	3.2324442125251656E-5	0.4999838402332764	0.4999990818502382	0.5000018258184133	0.5000316295608067	0.5000099838855402	
0.6666696957218767	0.5000228616452562	8.47970961013355E-5	0.4935948249955784	0.4999844287101541	0.500000648096407	0.49999971462081055	0.4999995294291478	0.4999864259500079	
0.6666258106355116	0.2504880249765896	0.9990061021651893	0.9990484478910134	0.49998346914167136	0.4999993768107102	0.49999805767679556	0.5000311675076622	0.5000093134217338	
0.6666387784432661	0.2504849549492693	0.9992807964770447	0.0011115662076329668	0.499983535704687	0.49999937702533453	0.5000017068833477	0.5000338919836586	0.5000092030513038	
0.6666387687236608	0.2502788887962099	6.481311328237482E-4	0.4726430378981095	0.49998513606026806	0.49999937645572795	0.5000017321769653	0.4999986705126476	0.49999693221161895	
0.6666755176650601	3.259425377763318E-6	0.4910423706359571	0.47446916628852903	0.4999851474441713	0.5000003763230397	0.49999768955302	0.4999979144088924	0.5000091958056855	
0.5000875519422011	0.9999319427414978	0.9999944130208573	0.9999849303440023	0.4999857519240022	0.4999999660026739	0.5000030157112019	0.500031888920365	0.5000100961960638	
0.5001389568787998	0.9996456756034401	0.9999261001468295	0.6667770008435875	0.49998427035995746	0.4999997689579183	0.5000030181556807	0.5000303515627063	0.5000100890113006	
0.50014150694032	0.9999897305718709	0.9998652991244181	0.3337275659847112	0.4999784101799307	0.5000002745387311	0.4999962518815199	0.5000324618389564	0.4999886821940866	
0.5001441486073176	0.9999999801226809	0.9999087212453585	2.67471158237463E-4	0.4999784287999772	0.5000002726450901	0.49999605330671726	0.5000323390559411	0.4999894033582548	
0.5001607669198671	0.9999527778041923	0.6663435529965008	0.999963291377081	0.49998414834610216	0.4999999904404959	0.4999987960669884	0.5000303110791937	0.5000086553191079	
0.5000724364138603	0.9999321948845747	0.6670977621479697	0.5000010706056769	0.4999860285031637	0.5000030089137624	0.5000010207630912	0.5000303523733111	0.5000091384489688	
0.500169980101931	0.9999583122401865	0.6670863813857594	3.444607171969506E-4	0.49998437174166466	0.49999889873224096	0.5000025284645593	0.500030454524445	0.49999270212667807	
0.5000662484781422	0.9999346595181838	0.3333986314870442	0.9998068100500831	0.4999776244148678	0.49999743628138177	0.5000024851815715	0.5000312432774062	0.500008478629863	
0.5001612433344638	0.9997278181505024	0.333332405552214	8.973060656268972E-5	0.49997921966299097	0.499999496377553	0.4999994432314622	0.5000318720988675	0.500010969500155	
0.5000666256711528	0.9999012975807808	9.562616568900449E-5	0.9181101969739747	0.49997769144756227	0.49999986514727146	0.5000029511642964	0.5000317234151838	0.500009697371441	
0.5001598602580631	0.6667088892880435	0.9998063166452436	0.999806785874497	0.49998510934908613	0.49999977709017523	0.500002454573622	0.5000312556248626	0.5000084883349598	
0.5000704819233363	0.6667088825597072	0.9999564667150539	0.4999069629919797	0.49998584208824737	0.4999999598274553	0.5000025112999417	0.5000303600629808	0.49999302837464776	
0.5001394540158238	0.6667088869623058	0.999861027850467	1.711036568124158E-4	0.49997757536979515	0.5000032404665121	0.49999754048265727	0.5000318879288552	0.5000104305329716	
0.4999994521671896	0.6667089282589008	0.5002028539127454	0.999737472686243	0.4999795199263779	0.4999998255815198	0.5000024955485763	0.5000312275590563	0.5000095469504274	
0.5000722904311768	0.6667089267142938	0.5002027376071982	3.442424359381745E-4	0.4999843874383086	0.49999995784721246	0.5000025109661101	0.5000312431168666	0.49999278983303636	
0.49999090147833386	0.6666292873917475	1.6187293335854345E-5	0.9300192042683992	0.4999852809323195	0.49999986267520813	0.5000032590555881	0.5000304245803792	0.5000099349449215	
0.5000764748035145	0.33336016175463284	0.9998792194248219	0.9996712489224139	0.4999861717868837	0.49999938526903476	0.5000028910184962	0.5000318684575804	0.5000088409166266	
0.5001396379694413	0.3339811432507495	0.9991884442954786	0.0014540852113921548	0.4999841786055879	0.49999995564157146	0.5000002578103379	0.5000318640412327	0.5000095862139923	
0.5002104714020019	0.3339816332401963	0.0018042966756145384	0.48586346039881123	0.49998432898174405	0.500002999376666	0.49999756223823283	0.5000318640428877	0.5000094922389148	
0.5000766207298838	1.6758053463931922E-4	0.6704098632136892	0.5025593074104091	0.49998500450495625	0.5000004804808349	0.5000016104682541	0.4999981245716933	0.5000119122940495	
0.33370361104173396	0.9996210799270954	0.999787136777379	0.9995595064076488	0.49998511113284966	0.5000004266556693	0.5000019931542924	0.5000318799035727	0.5000120947750184	
0.33359521423931227	0.9999170643243757	0.9995342635596778	0.5000010893515475	0.49998591249732377	0.4999996010372164	0.49999999079037205	0.5000303552237825	0.5000090932634904	
0.3335576523456528	0.9996473661297905	0.9997815587334007	2.529744847870087E-4	0.4999801261274308	0.5000005095456032	0.4999980336784131	0.5000311808987438	0.4999886468230763	
0.33355430025947264	0.9995000846357267	0.5002678265337772	0.9995673241837317	0.49998595496786347	0.49999954914902234	0.49999995591463103	0.5000318712230051	0.5000109329743062	
0.3335630035539063	0.9996614086013511	0.5002557049657104	8.75323104870475E-4	0.49997928090888466	0.5000006024532385	0.5000063774369772	0.5000324067279908	0.5000112732963137	
0.33333742690632034	0.9999907313675577	1.60492471476452E-5	0.9650824677827885	0.49998520303970606	0.49999986261832025	0.500002998427277	0.5000318843159466	0.5000078449960524	
0.33370361791366593	0.5003066163462507	0.9993423909901987	0.9992187544220339	0.49997888006221636	0.5000003880172311	0.5000035183723363	0.5000319226607094	0.5000121517332429	
0.333564153558629	0.500320714293169	0.999816271426721	5.309765150006058E-4	0.49998330080389375	0.49999986333523766	0.5000024590501051	0.5000312534643164	0.5000090724142983	
0.3333453895740927	0.5000431377354426	2.2897604547787584E-5	0.5059848040988525	0.4999766881260479	0.49999998124424855	0.5000001443711178	0.5000318846016983	0.5000078948117771	
0.3333509519094688	1.495742074127948E-4	0.9960873496120031	0.4721610424015545	0.49998472125765725	0.49999946406314233	0.5000025688128142	0.5000284424261322	0.5000119967569888	
0.166973190995326	0.9993744733265625	0.9995137197647029	0.9994319363209325	0.49997934833869234	0.5000025705927075	0.5000028373027783	0.5000318035934661	0.49998807641866433	
0.16697589960398185	0.9996599919083282	0.9994944766867676	8.993054204690654E-4	0.49998335413250233	0.500000653041392	0.5000063336569683	0.500032397131941	0.4999888203017165	
0.166891069201554	0.9996525976964917	8.572172344566142E-4	0.4976223965146321	0.4999835369653024	0.5000004896072011	0.5000039098020279	0.5000318299661619	0.5000111974773123	
0.16689107013235663	0.0014248108222889022	0.6637206201559815	0.5000148934321171	0.4999790647435069	0.5000004138601359	0.5000025675629596	0.5000305481000175	0.5000092524700432	
2.1269969955328705E-6	0.46479502722598826	0.5755541750135753	0.5097360500383368	0.4999852071062202	0.5000005909385069	0.500001986017971	0.5000315018512597	0.5000107350106453	
