0.9999841790477145	0.9999990409958623	0.9999994050799291	0.9999968364097276	0.50000138376247	0.5000226503347798	0.5000150731546047	0.4999959994214469	0.49991375183583286	
0.9999842054273863	0.9999809065055703	0.9999814882319954	0.8334495766964417	0.5000013773862408	0.5000226570907536	0.5000146561068277	0.5000031795843156	0.49991432685099374	
0.9999832523856491	0.9999817076196134	0.9999979524310714	0.6667751564008166	0.5000013969518786	0.5000230689623598	0.5000144759130669	0.5000003849837318	0.4999148666894374	
0.9999913241671774	0.99997421055438	0.99997022464827	0.5000192293981726	0.5000015989350003	0.5000234766700052	0.5000144460688128	0.4999929601939518	0.49991445980812776	
0.9999992779255624	0.999997587461605	0.9999847820359182	0.3333662277287678	0.5000022137732232	0.5000223893164492	0.50001471134083	0.4999990848051063	0.4999147970580252	
0.9999920356232442	0.9999909324815474	0.9999838580596079	0.16674407553142348	0.5000022092164483	0.5000230440468624	0.5000147358319276	0.49999711803234104	0.4999143971207932	
0.9999963194183096	0.9999992090887382	0.999992566472768	5.593519220133219E-6	0.5000054954384829	0.5000230357173442	0.5000147227527073	0.49999865713801944	0.499914858730372	
0.9999918726029978	0.9999932540931868	0.8333661646256809	0.9999900838241707	0.5000014274296707	0.5000230649144813	0.5000145980809789	0.5000036818400294	0.49991453390591817	
0.9999844591604174	0.9999847420488	0.8333660123283136	0.7999040060704461	0.5000007983442211	0.5000223228263105	0.5000145153115565	0.5000030074792318	0.4999143290444553	
0.9999924620035262	0.9999862017017841	0.8333471740802878	0.6000355706619078	0.5000007412774917	0.5000223326614852	0.5000144379392769	0.5000006719645911	0.4999147986401757	
0.999998917005943	0.9999978777952373	0.8333510262027443	0.40001953609106705	0.5000040455969639	0.5000226845526482	0.5000147258186205	0.49999904221424574	0.4999149233356922	
0.9999831812250658	0.9999945875909533	0.8333474888238055	0.1999689174083269	0.5000018418414497	0.5000233337427156	0.5000144271770082	0.4999990276897204	0.4999148722554589	
0.9999927018748425	0.9999783646241925	0.8333579742318393	1.002790130929653E-6	0.500005887041569	0.5000221682293152	0.5000148344133757	0.4999970848106896	0.4999146944946653	
0.9999990600514524	0.9999818274690914	0.6667135318214789	0.9999670367451667	0.5000013979038251	0.5000222866682379	0.5000147601211216	0.4999989389916418	0.4999143191527551	
0.9999896968505682	0.9999818280769179	0.6667210775472027	0.7500155401553144	0.5000005012809234	0.5000227548634819	0.5000145839947862	0.4999991758943326	0.4999316832342275	
0.9999847659225731	0.9999750340243068	0.6665184014068051	0.5000201001630689	0.5000012297234527	0.5000222954554868	0.5000144584698223	0.5000006328616668	0.49991474279363074	
0.9999833591427024	0.999967279352132	0.6665186421530218	0.24983725810897234	0.5000012344059681	0.5000223183767065	0.5000147256852685	0.5000007002265687	0.4999146137976556	
0.9999823283944217	0.9999976698607927	0.6667333243857808	6.624022306870983E-5	0.5000010710792147	0.5000222200330195	0.5000147190321179	0.49999981802356336	0.4999144840678516	
0.9999941509020329	0.9999870051012975	0.5000832088085361	0.999966912816516	0.5000013402265148	0.500022337053007	0.5000145124942794	0.5000028047858334	0.4999145123597453	
0.9999958706546596	0.9999909240131314	0.5000343426051373	0.6667023860862524	0.500000198546919	0.5000232903196994	0.5000144491907924	0.4999991271221683	0.4999145252298032	
0.999991871833699	0.99999282462906	0.5000492526754456	0.3333741021498248	0.500006480382089	0.500022276492901	0.5000145711110172	0.5000015466714164	0.49991479857959464	
0.9999921498888354	0.9999955635796796	0.5000492526754456	1.5153953867524939E-4	0.5000008090535013	0.5000233475272602	0.5000146951331018	0.5000015231892909	0.49991465481212055	
0.9999969826462218	0.9999922800434135	0.33330152756212117	0.9999895667822694	0.5000055220892312	0.5000222222747214	0.500014552358523	0.5000003371205849	0.4999143589284257	
0.9999500993215308	0.9999943134326346	0.33330158853893943	0.5000465007539752	0.49999985932036234	0.5000232985637146	0.5000145706830862	0.49999351460175034	0.4999395743887307	
0.9999491965873839	0.9999053742950146	0.3336245251137304	0.001050204900598878	0.49999872215122354	0.5000233913294755	0.5000142809255408	0.5000034770542048	0.4999325953552401	
0.9999921045208806	0.9999926347149363	0.16664212602840844	0.9999680276847792	0.5000053092094591	0.500022278918714	0.5000146277817679	0.5000015680730355	0.4999142971220361	
0.9999995358427912	0.9999925112649607	0.1667693201932683	3.4953921977197634E-4	0.5000005951935299	0.5000222744879079	0.5000145183705715	0.5000032614314703	0.4999142957410012	
0.9999973964538033	0.9999038772182668	1.8226282865610056E-6	0.07791095872361353	0.5000051185953553	0.5000230949852421	0.5000145662175395	0.5000015388238971	0.4999325048060513	
0.9999942962095908	0.8333309854824693	0.99998944535332	0.9999957672087533	0.5000022392471586	0.5000226521959351	0.5000147872080811	0.499994166748612	0.4999148600914108	
0.9999922823286098	0.833330489172417	0.9999581639915763	0.800098487133307	0.5000022392174008	0.5000222990338121	0.5000147962148662	0.5000031226029417	0.49991485931647595	
0.9999922611358776	0.8333293904598656	0.999989359145152	0.6000454493152001	0.5000013093825306	0.5000226534838841	0.5000145809409191	0.5000020187398841	0.4999149594050053	
0.9999919419722442	0.8333292345898725	0.9999697261170336	0.4000195151008531	0.5000006803061035	0.5000230277545842	0.5000147279266832	0.5000020234008602	0.4999147233401925	
0.9999921721503983	0.8333275866817662	0.9999775562476233	0.1998816748168726	0.5000021792893083	0.5000224017631661	0.5000150767405354	0.49999873885191326	0.4999148791726124	
0.999992484726327	0.8333307078588545	0.9999925739645822	1.7442699636463767E-6	0.5000033256382143	0.5000232589030724	0.5000147761965692	0.4999970467897561	0.499914592851643	
0.9999942857559848	0.8333295210084841	0.7999502056046326	0.9999996896002474	0.5000020884904834	0.5000227059543143	0.5000145986194837	0.49999919660732906	0.4999145315015332	
0.999991982425624	0.8333295064050823	0.7999502056046157	0.7500634269887562	0.50000208781978	0.5000226980013761	0.5000145759278877	0.49999941010573296	0.49991453062659563	
0.9999919999743521	0.8333302895043861	0.8000271668461485	0.4999778832399732	0.5000012976961536	0.5000223933464713	0.5000145760412773	0.5000026047067667	0.49991460016511785	
0.9999988773206433	0.8333302905002278	0.7999483400995917	0.2500167159087727	0.5000007214826766	0.5000230564623092	0.5000146640964105	0.5000015837449163	0.4999148027911022	
0.9999961879181498	0.8333302062743643	0.7999571269547453	6.666267894552367E-6	0.5000011032131829	0.5000231598800308	0.5000143843499423	0.4999998133125046	0.4999147286662224	
0.9999969661047566	0.8333295219992751	0.5999816025573551	0.9999973194322664	0.5000021232684354	0.5000230341312816	0.5000145931865718	0.49999933443119193	0.499914531835019	
0.9999997522478261	0.8333293332894367	0.5999817878378909	0.666685912273731	0.500002120641638	0.5000230130565859	0.5000144155599945	0.5000033971763983	0.4999142961404953	
0.9999962109719148	0.8333293180569896	0.599981606697764	0.3333769233746115	0.5000006032156639	0.5000230516815566	0.500014569182198	0.500000606304336	0.4999333345939458	
0.999996160976797	0.8333302957094221	0.5999699073463955	7.340688585453522E-5	0.5000020240812231	0.5000224122127026	0.5000151169510233	0.5000038073406857	0.4999144947854499	
0.9999970167313961	0.8333303386721499	0.3999783349014225	0.9999957583629184	0.5000035611859811	0.5000233085841566	0.5000144683574386	0.4999990250720447	0.4999336271547977	
0.999989721330507	0.8333293050601108	0.40000708822322334	0.5000399728146364	0.5000007558234358	0.5000222979845906	0.5000144648027031	0.4999993471395404	0.49993350959289073	
0.9999921600671207	0.8333292954695033	0.4000060718543304	8.828410557508953E-6	0.5000007618321645	0.5000228761941323	0.5000144627167331	0.49998936901073876	0.499933479894244	
0.9999998308107538	0.8333309230235225	0.20000053747306867	0.9999490185982979	0.5000021698745553	0.5000232902317544	0.5000142101882852	0.4999976667528774	0.4999143045278205	
0.9999938916235263	0.8333314501159577	0.20004342224135155	7.5968036382849424E-6	0.5000006801034931	0.5000223504100424	0.5000151044435497	0.500002282281794	0.4999335841116439	
0.9999926851483834	0.8333316559380118	1.4895588556759761E-5	0.511236661869386	0.5000007380166519	0.5000222842246561	0.5000151149026718	0.5000035066082967	0.49991437447444226	
0.9999843110217799	0.6667647805520706	0.9999076888070213	0.9999556309084182	0.5000013706505045	0.5000226527683419	0.5000146515298585	0.5000031376854043	0.4999144834192408	
0.9999985832500684	0.6666596615245531	0.9999974212185343	0.7499927472994854	0.4999756606342954	0.5000227166583397	0.5000148687894858	0.4999989423283	0.49991433175273087	
0.9999987408262613	0.666660710633132	0.9999737496853873	0.499942960610122	0.500001484837849	0.5000234848223775	0.500015338429882	0.5000009714786015	0.49991489139923456	
0.9999919766170599	0.6667115414777499	0.99995704111274	0.2499831274123913	0.5000021460269821	0.5000230433433912	0.5000148005982026	0.49999952312227636	0.4999148642914823	
0.9999928779618705	0.6667115132201463	0.9999570339797146	6.124716573502418E-5	0.5000033250464707	0.5000230378040377	0.5000147748412587	0.4999995235404051	0.49991425513969845	
0.9999950443711954	0.6666577744774199	0.7499662769696869	0.9999935334289817	0.5000057138899958	0.5000223407229318	0.5000144533414261	0.5000002460563333	0.49991509605168644	
0.9999961146265667	0.6666540521445269	0.7500182748034496	0.666687175100833	0.5000012001647345	0.500022341725118	0.5000144144539194	0.5000025229759525	0.4999144478807941	
0.9999958955367617	0.6666868150157482	0.7500032333443525	0.33336560818650923	0.5000007617025757	0.5000230483264104	0.5000144917675496	0.5000034300304712	0.49993312545218466	
0.9999924645059829	0.6667116122021892	0.7500139539972613	1.1267105483725757E-5	0.5000068004841045	0.5000234570453077	0.5000144734220141	0.499999193888816	0.49991485198952845	
0.999997098214197	0.6666574943289874	0.5000536605863695	0.999997706753893	0.5000016821146452	0.5000222372703013	0.5000145957638171	0.5000000852278972	0.4999396763213307	
0.9999896961564236	0.6666531879864277	0.500013902526026	0.5000374510049765	0.5000004931483618	0.5000223714206443	0.5000145249258572	0.5000040676461458	0.49993314580845605	
0.9999900731685107	0.6666528030969915	0.49995408259726276	6.670910748140809E-6	0.5000004799365224	0.5000223106938315	0.5000150985829918	0.5000040676107131	0.49993332600737206	
0.9999970189500947	0.6666551532320747	0.24999715442926812	0.999997742753901	0.5000023979804873	0.5000229613103612	0.5000146324537921	0.4999931634032041	0.49993937473392913	
0.9999995020930738	0.6666554463157768	0.24999717739491967	5.640762396539489E-6	0.5000013221792456	0.5000231387788558	0.5000146215185983	0.5000003488920318	0.4999394163021677	
0.9999919546209258	0.6666551532320747	2.3425420064342096E-7	0.5004241565536109	0.5000004904915416	0.500023150226586	0.5000146439966987	0.500001569053545	0.4999400710876055	
0.9999910167257074	0.5000527932382209	0.9999098245729388	0.9999255427868516	0.5000030460658629	0.5000227506681049	0.5000173806861885	0.4999948216755939	0.49993285080472694	
0.9999971814345635	0.5000822246785417	0.9999527132816954	0.6666282734975859	0.5000019721516746	0.5000227312043272	0.5000153912841604	0.499998978951383	0.4999369727142691	
0.999988086857217	0.5001015956623526	0.9999527266780405	0.3334495003231736	0.5000021650073432	0.5000229844879307	0.5000145665090973	0.49999887427926626	0.49993727921429093	
0.9999891072355899	0.5001046223282053	0.9997889373582458	1.705965576526265E-4	0.5000008242401606	0.5000230857377941	0.5000172323910762	0.49999890505954	0.49991469099752434	
0.9999910874940179	0.5000824873424684	0.666556509711927	0.9999092570267148	0.5000030705104581	0.5000226531815138	0.5000173865330299	0.49999933254129414	0.49993345765028296	
0.9999970130729039	0.500082633206962	0.666556509711927	0.5000488630582257	0.5000018883397586	0.5000232735500396	0.5000144599409748	0.4999990006848787	0.4999375473811329	
0.9999899997872075	0.5001046224418165	0.6666486665045678	1.671838182735314E-4	0.5000017019978686	0.5000230063511654	0.5000144872750287	0.5000003967858299	0.4999148062418248	
0.9999806663221958	0.5000886434643339	0.333709275019898	0.9991336483142593	0.5000003398495427	0.5000234144029372	0.500014513432882	0.500000089380296	0.4999362871030605	
0.999980113786506	0.500106028543485	0.33319102568969666	1.1547815256775447E-5	0.5000013232747232	0.5000223100301713	0.5000159945738004	0.5000007325257885	0.49993908300367385	
0.9999656124002897	0.5001062483960456	2.219900590572088E-5	0.03809487626524216	0.5000023282093268	0.5000222158872412	0.5000145330388353	0.5000021910357052	0.4999394076268803	
0.9999889404421363	0.3334740684286339	0.9998121268194774	0.9997938263111116	0.5000072346681393	0.5000230074523817	0.5000155556312805	0.49999485814365424	0.49993309592620894	
0.9999883301585563	0.3334689348437859	0.9998081433423512	0.5000592908480944	0.5000056433350903	0.5000223513751797	0.5000144430593327	0.5000003769564869	0.49993483837000935	
0.999990112803457	0.33354527971019093	0.9998244347345112	6.706478942079765E-4	0.5000054255082705	0.5000232990693904	0.5000145157504858	0.5000003819882821	0.4999127798561789	
0.9999891013677775	0.33346898279091713	0.5000327810651023	0.9996713702739978	0.5000017094388244	0.5000232051198132	0.5000144486335146	0.5000012497299494	0.49991481620866696	
0.9999901588328656	0.3335472120950077	0.5001670704149961	2.4375248932243508E-4	0.5000016307406349	0.5000232526955383	0.5000144081664256	0.5000005775740348	0.4999370441691863	
0.9999882603228905	0.3334746830886678	6.927813115476979E-4	0.46831333964213073	0.500001709040322	0.500023203965288	0.5000147029842663	0.5000013059669388	0.4999378347566362	
0.9999732787192191	0.16678760476308488	0.9998100051520397	0.9996489762157624	0.4999988118802139	0.5000227675702091	0.5000144569021013	0.5000027475331001	0.4999325015981515	
0.9999893717717615	0.16667179766666712	0.9999519166592274	2.111515745740286E-5	0.5000007226869351	0.5000227127113038	0.5000142341297414	0.500001314111376	0.49991468170406583	
0.9999991426713353	0.16678732889309839	6.842079340053455E-4	0.49798792568562306	0.5000028550275072	0.500022717338151	0.500014441914085	0.5000025943883604	0.4999386798476644	
0.9998408152311059	1.6943050564469844E-5	0.6396353672136101	0.4984947786548731	0.500001438240704	0.5000231827903084	0.5000144239887098	0.49999927574741804	0.49993631615708	
0.8333568268932018	0.9999818819933679	0.9999862549711618	0.9999667082146343	0.5000014079808668	0.5000226395783125	0.5000144892858494	0.49999867439094736	0.49991445212537267	
0.8333570221357298	0.9999818170033115	0.9999938371504902	0.8000388696906676	0.5000017307198792	0.500022629911644	0.5000146395345408	0.4999992820605364	0.49991445517878236	
0.8333595268850693	0.9999817449225634	0.999986905612441	0.6000464636466031	0.5000016327176368	0.5000227683927635	0.5000146908134308	0.4999990873894661	0.4999145993935437	
0.8333628748605844	0.9999861647642897	0.9999887992223947	0.40001953743447444	0.5000022509916193	0.5000232334769327	0.5000144561989425	0.5000006702187941	0.4999146844887585	
0.8333572824898617	0.9999787362266046	0.999983844491431	0.20009975157815288	0.500001439618737	0.5000223316838469	0.5000145454622529	0.5000019827901139	0.49991470257791504	
0.8333575424276184	0.9999811725787535	0.9999863797031222	1.7930490414805844E-5	0.5000046032315557	0.5000230271244969	0.5000147256806159	0.49999716133785244	0.49991449848065583	
0.8333293123531831	0.9999755798461927	0.7999484324119184	0.9999970387440945	0.5000005653612469	0.5000232104936166	0.5000150712881025	0.5000059735454717	0.4999150449080787	
0.8333568854373965	0.9999818825112585	0.7999511538631436	0.7499946096758572	0.5000017263746032	0.500022635828168	0.5000144922594815	0.5000010527922417	0.49991455670589996	
0.8333595979832527	0.9999813968495487	0.7999485216721008	0.500019945057464	0.5000016683419326	0.5000223841773558	0.500014492192609	0.4999929389943703	0.49991451201266507	
0.8333571018457043	0.9999943968040184	0.7999582475267843	0.25001402828999475	0.5000007310403323	0.5000233097027709	0.5000144361416968	0.49999902425429726	0.49991474225429416	
0.8333564697454712	0.9999670500514016	0.8000080869880378	1.7529056023178983E-5	0.5000022498699889	0.5000222948903296	0.5000144593322009	0.4999972135220767	0.49991445498056086	
0.8333576580737876	0.9999855590271045	0.5999672844495357	0.9999988581594922	0.5000022064241659	0.5000222608275452	0.5000146143589089	0.49999984233859274	0.499932664058267	
0.8333575955222169	0.9999855515057737	0.5999672845756681	0.6667036904024628	0.500003497268951	0.5000222654200076	0.5000149029414962	0.4999998554159847	0.4999335938138493	
0.8333568670251746	0.9999854234182046	0.5999872971188067	0.333376925771953	0.5000006142227288	0.5000229828656598	0.5000145587059335	0.5000005991460235	0.4999335996694292	
0.8333565051039967	0.9999948483122232	0.5999699073462909	1.750765982918623E-5	0.5000020328155016	0.500022203953837	0.5000150887691267	0.4999970585526524	0.4999144946001379	
0.8333647593205128	0.9999686944984323	0.40018476812020365	0.9998408419210674	0.49999991067134897	0.500022286885568	0.5000146118142721	0.5000041537656291	0.4999327386129388	
0.8333568209608714	0.9999861039311941	0.4000070414695007	0.5000401721366701	0.49999980022225243	0.5000223056783024	0.5000144387473243	0.49999965868716273	0.49991486554023634	
0.8333375477934796	0.99999284319696	0.40001327739914727	2.0089332229047486E-5	0.5000022056529841	0.5000233108800874	0.5000150438274092	0.49999888998143477	0.499939479863901	
0.8333606544843644	0.9999939335247545	0.2000133532176479	0.9999483346458053	0.49999887204616333	0.5000222742587492	0.5000146071121491	0.5000034266539757	0.49993361020493654	
0.8333368749951227	0.9999926651698243	0.20003706652454908	3.5513501283835106E-4	0.5000053809196681	0.5000223515776713	0.5000146399124518	0.5000014991459866	0.499914297121043	
0.8333087442161272	0.9999943012873195	3.5735701612246963E-7	0.5081360263186988	0.4999989427927983	0.5000222741982342	0.5000146055083752	0.5000033386374338	0.49991445708403287	
0.8333597100066575	0.8000334923497172	0.99996032558065	0.9999658701354556	0.5000013807871417	0.5000226939359343	0.5000144698886771	0.5000002634813872	0.49991433127837304	
0.8333580519510325	0.79996787419904	0.9999862170784094	0.7500155309037173	0.5000014060912021	0.5000223802280592	0.5000144553209673	0.500002101864753	0.4999146759688376	
0.8333588157005549	0.7999756089475337	0.9999910606036397	0.500019239669409	0.5000015239085502	0.5000223617235057	0.5000144464282421	0.4999990667628569	0.4999144547741685	
0.8333595262768105	0.8000510823118113	0.9999853918052479	0.25001413512462417	0.5000021791879754	0.5000230401075129	0.5000145876863122	0.49999871550014147	0.49991472373055285	
0.8333078566191483	0.8000510823044092	0.9999867250251858	2.2335035820753433E-5	0.5000044163421735	0.5000230506945871	0.5000147374768583	0.4999986665134961	0.49991472373565893	
0.8333580126912108	0.7999686736874019	0.7500010627817725	0.9999955411646809	0.5000017995135831	0.500022260954755	0.5000150708972037	0.500000252436161	0.49991506785531875	
0.8333575972417505	0.8000260688329114	0.7500010616527397	0.6666777274668411	0.500001103887928	0.5000227159161749	0.5000144672760921	0.4999990476520266	0.4999144688718479	
0.8333588119150088	0.8000264523095562	0.7500033438947258	0.3333798832078399	0.5000007944673304	0.5000221759879835	0.5000147255146555	0.49999905431205993	0.4999146139602189	
0.8333051673803624	0.8000342518885535	0.7500121917100768	2.819450184132864E-5	0.5000011840003964	0.5000223962774518	0.5000145035812429	0.4999998045984743	0.49991492072254967	
0.833356972115623	0.8000275330016082	0.5000600411753008	0.9999566885322904	0.5000015991532898	0.5000222743775893	0.5000145845937806	0.5000000206775269	0.4999335795561435	
0.833357133735736	0.8000268317466634	0.5000602672290541	0.5000373248936797	0.5000032959124885	0.5000222743468314	0.5000145845106088	0.5000004000353104	0.49993359749588046	
0.8333046843952351	0.80002691039322	0.500060281512421	3.257281180780138E-5	0.5000020264653385	0.5000222752024618	0.5000145844980124	0.49999699972448225	0.4999149267010171	
0.8333576692898381	0.7999771022948851	0.24999225138772624	0.9999848750120888	0.5000057488723038	0.5000223196466672	0.5000144985068031	0.5000023962511686	0.4999145436905929	
0.8333603658262603	0.799977001945528	0.24999272396714217	8.115657587287157E-6	0.500000362153721	0.5000222975108256	0.5000145114905122	0.5000000072969348	0.4999396209534892	
0.8333137622294103	0.7999792936745458	2.054815056395454E-6	0.9951880048805224	0.49999857754185145	0.5000221580683023	0.5000145809117679	0.5000024254587507	0.4999145741010548	
0.8333585639477946	0.600083913628337	0.9999072324303729	0.9999038255396065	0.4999760858002936	0.5000223622857063	0.5000144811779658	0.5000021200033706	0.49991530262704054	
0.8333573071715382	0.5999972826091504	0.9999076942303673	0.6666699870515201	0.5000056608768024	0.5000227208974558	0.5000147982891554	0.5000032105474285	0.49991487656537703	
0.8333602006524072	0.6000028514034094	0.9999762841095818	0.33331343329750546	0.5000107423389046	0.5000230309470739	0.5000144704716009	0.4999990605060294	0.49991479999224997	
0.8333142266323564	0.5999981492986186	0.9999875308513001	8.264069202651436E-6	0.5000034568483357	0.5000231160284697	0.5000147263093744	0.4999991413199104	0.49991480053079457	
0.8333592617484828	0.5999968922125015	0.666716866943134	0.9997703099536801	0.5000017961618379	0.5000227498150751	0.5000144965067415	0.5000012180051915	0.49993312328840683	
0.8333585911317177	0.5999969307618647	0.6667191426775066	0.5000487220973249	0.5000103213982723	0.500022749807449	0.5000144908472588	0.4999989753245982	0.4999331240345142	
0.8333593774435538	0.6000287917818549	0.6666048137018314	3.344373396033378E-5	0.5000029739650821	0.5000231516267389	0.500014332936398	0.500000364429944	0.49991480591066856	
0.8333131972221205	0.5999990774389571	0.33336021238166785	0.9999760083417466	0.5000018783244743	0.5000227665007966	0.5000146206326744	0.5000025776878735	0.4999400902569732	
0.8333134723509338	0.5999989629718739	0.3333661379353388	6.22762311828784E-5	0.5000106884015414	0.5000231161061693	0.5000144000555621	0.5000026301573728	0.4999405682670181	
0.8333133323365488	0.5999988158071052	4.950015468229392E-6	0.07284926050751206	0.5000016926405779	0.5000222199278379	0.5000145305356349	0.49999942385812934	0.499915449348713	
0.8333586379824561	0.4000750811703506	0.9999219228558023	0.9999925473318035	0.5000021181727797	0.500022712645311	0.5000151001326048	0.5000033359360182	0.4999336672724347	
0.8333586585881364	0.40010020016166636	0.9999218806591162	0.5000480168484981	0.5000031049504842	0.5000231310913575	0.5000144633631203	0.5000003615832262	0.4999345081218503	
0.8333593289510433	0.4000750811703506	0.9999197718568893	1.1841715404944645E-4	0.49999883318140087	0.5000227143949536	0.5000147997720077	0.5000010349424404	0.4999148754809741	
0.8333602055264834	0.40007511736616397	0.5000634882583568	0.9996712963922658	0.5000016213593629	0.5000227543791049	0.5000144690606896	0.5000028622647518	0.49993791259345916	
0.8333593713238696	0.4000751173950229	0.5000662302289048	2.454245854086274E-4	0.5000030517893826	0.5000232629328082	0.5000144550915622	0.5000003733328023	0.4999362712023837	
0.8333589605103552	0.40007358760113454	1.775184987878888E-4	0.5044569618615664	0.5000035772169283	0.5000231814406266	0.5000146033951832	0.500000373136867	0.49993464439786867	
0.8333814167912464	0.2000087593650643	0.9999958264547976	0.9999569832894073	0.5000030600376096	0.5000231401232695	0.5000144584908364	0.5000026218285686	0.4999344954134071	
0.8333602267310555	0.20009339129447956	0.9999077039851684	1.725239132988332E-4	0.500005719429635	0.5000230065201022	0.5000151042131994	0.5000027650848082	0.49991482613340776	
0.8333589705566482	0.20000829285780006	2.9385719854670058E-5	0.073662395501216	0.5000015080804129	0.5000229921621251	0.5000145171322964	0.5000026873787924	0.49994171528014125	
0.8333598644551535	1.7871504540277605E-5	0.630503502307659	0.48983323352455194	0.5000028548195794	0.5000227194650098	0.5000144420474543	0.4999991547073047	0.4999359408854371	
0.666735104248739	0.9999748839472249	0.9999149363149776	0.9999935116018956	0.5000026119296287	0.5000226520226935	0.5000146361000419	0.500003164478597	0.4999159587451391	
0.6666591577321912	0.9999820118415536	0.9999467752459626	0.7500531622737194	0.5000057449382356	0.500022345676544	0.5000144835099526	0.49999871042077904	0.4999146080073528	
0.6667064136636205	0.999983010029392	0.9999466247774923	0.49995963799038484	0.5000000693118917	0.50002316410221	0.5000142328198164	0.5000003516046019	0.4999156304698415	
0.6666569915436111	0.9999695156916459	0.9999853667018113	0.25010506632352303	0.5000021883587237	0.5000199235418543	0.5000145876489974	0.49999871386840516	0.49991472343894344	
0.6667811787282704	0.9999671574339525	0.9999366004291309	6.623246066570998E-5	0.5000027007675293	0.5000221659439027	0.5000147196908669	0.5000015980221022	0.4999149313662589	
0.6667099970423301	0.999969813198331	0.7500057589154868	0.9999995389589009	0.5000021756309732	0.5000227359900339	0.5000144665213581	0.500001063248015	0.4999145540598757	
0.6667126270154089	0.9999643398774388	0.7500031920701871	0.666634207055406	0.500002227675714	0.5000222123127833	0.5000147190365674	0.500000347385238	0.49991468887806473	
0.666713541360646	0.9999660231022227	0.7500123780213048	0.33337769999666755	0.5000013202286563	0.5000226385900095	0.5000145762816166	0.4999971489512881	0.4999145344561556	
0.6667068633674418	0.9999702363967403	0.7499937019373746	2.8194187397191116E-5	0.5000021798724178	0.5000223738690034	0.5000145451747379	0.500001938905404	0.4999145900789363	
0.6667067450349063	0.999964063647096	0.5000660408782565	0.9998384553299813	0.5000044741275951	0.5000230358531973	0.500014717064151	0.5000041785396371	0.4999145236939598	
0.6666810636532625	0.9999433527804242	0.5000368550923439	0.5000011195956025	0.49999974205365944	0.5000231707753421	0.5000144014972214	0.5000002199032082	0.4999155768290563	
0.6666795282379843	0.9999980057221258	0.5000657359844172	1.2554260530417416E-4	0.4999998565897146	0.5000233918224938	0.5000144421373084	0.49999349715889363	0.49991543380930137	
0.6666171058641894	0.9999992308719311	0.2499917246491158	0.9998401396177485	0.49999883258007277	0.5000222688911862	0.5000144879796968	0.5000034553000762	0.49991455918471994	
0.6665899807034104	0.9999980393223896	0.24999159359106263	1.3569076942479324E-4	0.5000022641273834	0.5000231138757892	0.5000142803336107	0.5000026301317294	0.49994120746205206	
0.6665705370162646	0.9999914524031316	9.04872625161522E-6	0.4877708707535846	0.4999987157582805	0.5000222383997545	0.5000145662161184	0.5000015469110813	0.49991481040328173	
0.6666607960166178	0.7500277329976254	0.9999261287898367	0.9999655328024326	0.5000026447303972	0.500022685531251	0.5000146347375429	0.4999939706277154	0.49991596795442145	
0.6666224557802	0.750027795072476	0.9999958767105437	0.6666778546993886	0.5000009955351896	0.5000227367192979	0.5000150048232467	0.5000003446747845	0.49998421197108284	
0.6666584954811505	0.750032408020125	0.999986906888172	0.3333146550213342	0.5000016304103173	0.5000197803723416	0.5000145878505236	0.49999913266166324	0.49991380465009344	
0.6666586776510841	0.7500323939341084	0.9999867041235803	1.2008138845121636E-5	0.5000020573031515	0.5000230445067072	0.5000145579521259	0.5000007506415133	0.49993439098825454	
0.6667064327217068	0.7500324090209846	0.6666518831471885	0.9999614587238583	0.5000091709598316	0.500023043175802	0.5000144921362646	0.4999979734490584	0.4999146063091368	
0.6666583180185139	0.7500325009948918	0.6666267517081594	0.5000514944702665	0.5000009974259202	0.5000223905211872	0.500014488324571	0.5000021238129563	0.4999329196920882	
0.6667060793960466	0.7500323704707114	0.666718216830043	1.6706575966440353E-4	0.5000020573273651	0.500023044506735	0.5000145467250461	0.49999685967771446	0.4999327899170254	
0.6666578431435951	0.7500277628534004	0.3333671336349539	0.999801550629354	0.5000048173695009	0.5000235538859757	0.5000142393468472	0.500002279338358	0.49991621239676554	
0.6666583337719888	0.750027718635338	0.3333671624790681	3.0239638894446618E-5	0.5000021251062027	0.5000226475588403	0.5000142187025772	0.5000003597538849	0.49993406687971037	
0.6666107238674522	0.7500347998952717	1.2973901952294237E-6	0.5378048507045117	0.5000007015299256	0.5000221598185611	0.5000142825862249	0.5000022136668718	0.49991453592424	
0.6668741413321568	0.5000562871100132	0.9996688241290267	0.9999049783433126	0.5000088445619426	0.5000230046027532	0.5000144809589573	0.5000021913378813	0.4999144467429421	
0.6668741651627187	0.5000497445796522	0.9996597322936398	0.500065996471878	0.5000019855138966	0.500022211476205	0.50001455274812	0.5000003543071594	0.49991383587226096	
0.6666573930431466	0.5002022203103944	0.9999872502696994	1.7165498220294233E-4	0.500002002132395	0.5000230463177645	0.5000143166713626	0.5000003983662963	0.4999343365933467	
0.666608373588973	0.5000602625294999	0.5000669988923045	0.9998940851276858	0.5000004915072067	0.500022313242386	0.5000145523633274	0.5000022422496379	0.49991385422696044	
0.6667730499742774	0.5000473846907781	0.5000661899481328	1.859310642436704E-4	0.5000020830255041	0.5000232816989493	0.50001455247124	0.5000004317751152	0.4999137138190002	
0.6666601081443226	0.5000494040264991	7.88142462977981E-5	0.7639279297600781	0.5000000030339826	0.5000232530575088	0.5000144753973834	0.5000002906058999	0.49991458991522725	
0.6666111917012462	0.2500417870224989	0.9999768264713939	0.9996808088614588	0.5000083746414471	0.5000231349196239	0.500014458342019	0.4999988844522482	0.4999345037288482	
0.6666555778733277	0.2500417870224989	0.9999926769761821	2.1102766990210853E-4	0.5000016779097132	0.5000222067835818	0.5000145481971247	0.5000002864121893	0.49993439328924794	
0.6670037840024845	0.2513543713989258	0.004068251715695715	0.5437997562293416	0.5000035668151349	0.5000226449690797	0.5000142258870951	0.5000022148458886	0.49991503810527377	
0.66669892506915	4.078282052935589E-5	0.6956282431885092	0.9346242243455855	0.500002000628825	0.5000231775993568	0.5000155515978199	0.5000030015664225	0.49991680642592395	
0.5003047709331262	0.9997260360200093	0.999616985537064	0.9998012195000148	0.5000045855611095	0.5000234870474579	0.5000147183652148	0.5000024969686999	0.4999121851610225	
0.5003520020997865	0.9996380622589522	0.9997459981611657	0.6666534521180277	0.5000015859659415	0.500023043220992	0.5000147386451224	0.49999859817810605	0.49991455250696215	
0.5001647781565361	0.9999048281427774	0.9997206160260531	0.3334467697561159	0.5000018810729334	0.5000224019940946	0.5000148981504297	0.5000008753731511	0.499914610827167	
0.5001648406861784	0.9999397057235415	0.9997591356508645	1.5468504268548693E-4	0.5000048144302204	0.5000198830529107	0.5000148071693	0.4999990732576563	0.49991426988926135	
0.5001294505716096	0.9996525054588739	0.6667821277505382	0.9999393479796671	0.5000003542319456	0.5000234601933415	0.5000145768321426	0.5000050843342533	0.49991434713406085	
0.5001656125400764	0.999826693644501	0.6667719542853014	0.5000007545265666	0.5000017796075488	0.5000223940015296	0.5000143584272377	0.5000003143174679	0.4999143324472467	
0.5001649027193721	0.9998595057879766	0.6665787412736555	1.5424085522498134E-4	0.5000023191718378	0.5000232128684121	0.5000147434240043	0.5000003324727288	0.49991459772371805	
0.5001651859264192	0.9998720116981026	0.33347351498829986	0.9995279999565564	0.5000044599275592	0.5000229680709496	0.5000145695554369	0.49999959437852054	0.49991458417978074	
0.5001651711255866	0.999952116606158	0.33347447359008053	2.315739555906478E-4	0.49999980507188263	0.5000232518833446	0.500014847013669	0.500000363965654	0.4999148556296	
0.5001181861014917	0.9999066044227629	1.9314364341313506E-4	0.49762504368858385	0.5000004640801858	0.5000232395250606	0.5000143673286757	0.49999850111692207	0.4999146604551588	
0.5001286461389615	0.6666594066621068	0.9996252610025641	0.9999654667400376	0.500002649379262	0.5000235009655748	0.500014631679972	0.5000011573483112	0.4999143409813248	
0.5001620144529504	0.6667371736043538	0.999679975835378	0.5000077591608649	0.5000017677264441	0.5000229679616732	0.5000143398339444	0.4999985666861495	0.49991433256794443	
0.5000670086376003	0.6667363232723093	0.9998511414033877	3.9854700948282497E-4	0.5000023511946409	0.500022405115896	0.5000148863069773	0.5000025267866967	0.4999341948884238	
0.5001161883309541	0.6666714922859338	0.5000705047518457	0.9999209592961364	0.5000017179645021	0.500023241029552	0.5000143658414015	0.49999854497060214	0.4999143378423798	
0.5001164686918924	0.6666714854165721	0.5000712086018677	3.4263074967968987E-4	0.5000016966861851	0.5000232381169514	0.5000142059733255	0.49999859523662055	0.49991466669796947	
0.5001638992886973	0.6667884672255893	4.248488757658264E-4	0.499888748718768	0.5000044482582963	0.5000229940590164	0.500014628064435	0.49999899581304447	0.4999145066394473	
0.5001286461389615	0.3332129273673844	0.999617098209349	0.9999544539433479	0.4999989485681264	0.5000234752505519	0.5000144824595113	0.5000002325600467	0.49991433768725946	
0.5001692023114712	0.33323035835379394	0.9995378650585169	9.583061081373453E-5	0.5000041359003915	0.5000234883107996	0.5000142322872315	0.5000024949447415	0.49991441000395603	
0.5005706602037733	0.33430207798806744	0.0035026556869840915	0.6018273059994962	0.5000031010861556	0.500023154006399	0.5000142390299923	0.4999989559077454	0.4999345719401149	
0.5001639231006422	3.23083369492716E-4	0.5161531079537285	0.490353403955089	0.5000021396467322	0.5000230126062719	0.5000145521145776	0.5000003003700805	0.4999144761085506	
0.3334218251003639	0.9999488821883389	0.9999020863745235	0.999897567774167	0.5000006943020547	0.5000223823653043	0.5000144962545242	0.5000013575118909	0.4999142521074215	
0.33342258833275124	0.9998297533203792	0.99999987336735	0.5000077591608649	0.5000001752084734	0.5000229747942282	0.5000142393994943	0.5000021690601297	0.49991425301840936	
0.33342344927513834	0.9999423046489934	0.9998572105158348	1.476136133826459E-4	0.5000016834342709	0.5000230446717956	0.5000142488954916	0.500000722913842	0.49991390858624796	
0.33342272363826136	0.9998279576129059	0.5000711910022719	0.9999139670910245	0.500002579973929	0.5000223877936383	0.500014873634912	0.5000013152954228	0.4999146057834508	
0.3334140573938986	0.9999483214843908	0.5003212841077912	6.00365403146623E-4	0.500001719003238	0.5000223113929546	0.5000147606241129	0.5000008651829622	0.499914552241538	
0.3336788818563446	0.9996434591283233	6.782908604836441E-4	0.46980534018805575	0.500000805456696	0.5000223677715965	0.5000142403910639	0.4999974687963697	0.4999145917679738	
0.33342258272330283	0.5004962170419913	0.9995413137489355	0.9996274894019774	0.5000017154920434	0.5000223790806637	0.5000143667270912	0.5000008263889637	0.49991433724075734	
0.3335224947223858	0.5002004575584383	0.999714129438552	6.035931020076487E-4	0.5000028570437787	0.5000223791655236	0.5000142458019895	0.5000008264113067	0.4999145283096429	
0.3334155046707709	0.5001941000091362	3.824473481143273E-4	0.5120085924409007	0.5000002243841011	0.5000223415865512	0.5000142298991241	0.5000008365247763	0.49991455059067336	
0.33341544422018105	8.34003866543191E-5	0.4032429243726395	0.4658265605809647	0.5000047483104955	0.500022336815857	0.5000142298616702	0.5000008358085235	0.4999145286326082	
0.16753759383596187	0.9983322121821904	0.9994615876892935	0.997387959315048	0.5000082260524877	0.5000231452201536	0.5000146382937428	0.5000004411032621	0.4999146058634693	
0.16674235495945294	0.9999427017697131	0.9998553884272032	1.4677892242106702E-4	0.5000028566630441	0.5000223958488619	0.5000147604569909	0.5000008244243964	0.4999146989915149	
0.16667986009046162	0.999970830255526	1.6998093509367894E-5	0.4900579586112196	0.500004946835267	0.5000223371494558	0.5000144674677564	0.5000041566099052	0.4999138350883238	
0.16673897053386774	3.236793783801857E-4	0.6705771102434275	0.6003017160229799	0.500002137301281	0.5000229978638835	0.5000142896077642	0.5000003717134885	0.49991394881404466	
4.6443951034896847E-5	0.7802284494464798	0.5929706482462396	0.5115403222262243	0.5000025178995895	0.5000222383088638	0.5000147179310475	0.5000038383924005	0.4999146067987086	
