0.9999945586976297	0.999966451249602	0.9999968943067744	0.9999625077445491	0.5000002672941602	0.49999626224755495	0.4999992254434845	0.4999983620075146	0.5000025659355499	
0.9999953783871235	0.999965394036623	0.9999967299537789	0.8330977802752895	0.5000003985827018	0.49999550542611043	0.4999997743748848	0.4999983726866178	0.5000026539563227	
0.999977723158173	0.9999644195833305	0.9999729457246732	0.6665082068790324	0.5000039090533563	0.49999493260744293	0.5000002371159976	0.5000002298765595	0.500006451240598	
0.999995827709626	0.9999825643193528	0.9999981281930603	0.4999984297304674	0.5000108731260193	0.49999404242653056	0.4999992672504869	0.49999980980799413	0.5000031209033864	
0.9999808241410997	0.9999869697840665	0.9999943174457439	0.33340946513491454	0.5000009263791709	0.49999639023402714	0.49999796376007716	0.49999951723602454	0.5000002412679112	
0.9999919380883191	0.9999932426068813	0.9999912454517131	0.16665491640065638	0.5000022776604178	0.4999963853901144	0.4999996678361414	0.5000000029827817	0.5000019732070696	
0.9999945247408966	0.9999931079256176	0.9999910650805381	1.385367585512912E-5	0.5000017140547275	0.49999636050997637	0.4999984770445444	0.4999994280498692	0.5000065466608895	
0.9999903795439053	0.9999956397559013	0.8333353704039607	0.9999907239651056	0.5000003538413974	0.4999939089257603	0.5000001452348445	0.5000011159988234	0.5000026530756316	
0.9999905325929386	0.999996481968083	0.8333170327715561	0.8000279504126726	0.500000429221597	0.4999959768201834	0.49999973636005296	0.4999997072320518	0.5000020311328813	
0.999998907904548	0.9999759256700084	0.833340040246357	0.599783452232133	0.5000021382900481	0.49999565037513155	0.5000000543841563	0.5000009186134918	0.5000024391964051	
0.9999864931273011	0.9999782251207292	0.8333480028506712	0.4001724445988014	0.5000011598988012	0.49999577681755875	0.5000001886262511	0.5000002319337747	0.5000031000911042	
0.9999981789867253	0.9999991302249942	0.8333479999399871	0.19999721637103257	0.5000011742834687	0.49999631060320415	0.5000001724825442	0.49999959075871453	0.49999977845962934	
0.9999947616814068	0.9999877398485976	0.8333464058280358	3.024933628545911E-6	0.5000005838649128	0.49999501340082053	0.4999995459395248	0.49999959513630715	0.49999844391349646	
0.9999903875993642	0.9999957147874747	0.6666378899083052	0.9999901635266178	0.5000078865390619	0.4999958196038829	0.5000000067077723	0.4999983441108219	0.5000026542466638	
0.9999904649104752	0.9999781558171894	0.6665399012205215	0.7499891045850895	0.5000063945381217	0.49999599910635795	0.49999933493678655	0.4999996710244529	0.5000080461730122	
0.9999971497180873	0.9999887627443934	0.6665420304392308	0.5000000013868596	0.5000031870399146	0.49999628598747325	0.49999949546246675	0.4999996852227836	0.500006693759967	
0.9999916493043352	0.9999883478114289	0.6667923893998032	0.2499846095021885	0.5000007040785477	0.49999588031068803	0.4999995773691427	0.4999996712777284	0.5000019112724641	
0.9999917081376936	0.9999880271120414	0.6667999194936824	2.2277535397922932E-4	0.5000002297385762	0.4999953707134727	0.49999956968838805	0.49999967133783296	0.5000019564096215	
0.9999900165562036	0.9999962439432081	0.5000122865596666	0.9997764067635712	0.500007981038201	0.49999680854903006	0.49999923917424005	0.5000011029758699	0.5000082468714462	
0.9999799939205042	0.999996294205215	0.4999364914371654	0.6668065565212116	0.5000011020950358	0.49999590537862565	0.5000001527679845	0.5000020485618866	0.499999365270504	
0.9999913320303365	0.9999930917763546	0.5000468535086	0.3334104346151966	0.5000001360828812	0.49999681353055836	0.4999995687978433	0.49999973856167973	0.5000055119641994	
0.9999934000723284	0.9999990199412359	0.5000427894248183	1.4625199710125139E-5	0.500010092595518	0.49999677803729936	0.4999983873784486	0.5000001195686559	0.5000020739637945	
0.9999488084519307	0.9999980325487754	0.33337979194181017	0.999841023120646	0.49999984754483856	0.49999691426530696	0.499999271263744	0.4999983256725274	0.5000081277092251	
0.9999893456739921	0.9999985576539117	0.33334575597120275	0.49997301874386924	0.49999983059062286	0.4999968120026793	0.4999995723562058	0.49999972846025237	0.5000018924816075	
0.9999968175128623	0.9999989483375485	0.3333457985730336	2.6021615431667613E-5	0.5000007466781883	0.49999676909665075	0.49999837008266773	0.5000001093924435	0.5000000867174405	
0.9999498276820168	0.9999822686898565	0.16682091625200865	0.999240612646296	0.49999635037215484	0.4999959828238752	0.4999996274156017	0.5000001147949681	0.5000085390463727	
0.9999984285628568	0.9999832041878378	0.16680518849961729	6.120411527762916E-4	0.49999553411344794	0.4999959798023364	0.4999996220634964	0.49999736716732096	0.5000085659724568	
0.9999990259397737	0.9999981680366437	3.660553605186176E-6	7.420868485470133E-4	0.5000032078951985	0.49999551698814854	0.4999986610196488	0.4999999666652965	0.5000002423145232	
0.9999993488670526	0.8333369474906351	0.9999960671641765	0.9999901936767235	0.5000002265284189	0.4999960113902617	0.4999993492391724	0.5000009604278838	0.5000096703933077	
0.9999993240448948	0.8333167163815414	0.9999969989167548	0.7999072395193032	0.5000006088204563	0.4999961250633901	0.5000001916680628	0.49999842671482936	0.5000096721211438	
0.9999959440491536	0.8333369465446742	0.9999909497038798	0.5999685034039183	0.5000006066022868	0.49999570305037927	0.5000003193903059	0.49999992600369403	0.5000019869630009	
0.9999902081505128	0.8334110456485313	0.9999907752155167	0.400084258201284	0.5000010454109066	0.4999954260403883	0.4999999775092307	0.4999998438786486	0.5000020151741951	
0.9999835365378793	0.8334107646139062	0.999991213056609	0.20001644036144772	0.5000020343670369	0.4999961989200396	0.49999984297387096	0.4999998017680037	0.49999974963697463	
0.9999996348994956	0.8333420832065691	0.999994285399835	4.32743130920087E-6	0.5000021424548267	0.4999963767105014	0.4999998552750045	0.49999981305020114	0.5000064850579503	
0.9999927859197926	0.8333372776772288	0.8000294952176584	0.9999843941269695	0.5000062944303122	0.49999611172474984	0.4999992281514373	0.49999839450759787	0.5000025796951433	
0.9999946075027373	0.8333369433155488	0.8000335183165679	0.7499894178725468	0.5000006065972354	0.4999959946331016	0.5000003194341582	0.500000282967358	0.5000024286388184	
0.9999935211465707	0.8333415951463503	0.7999879091512624	0.5000296088301396	0.5000001676777243	0.49999523449529626	0.49999958745417156	0.49999965659702705	0.5000095750093083	
0.9999918333838587	0.8333372314447025	0.7999838830580313	0.24988836523064845	0.5000011486587472	0.499996184630253	0.5000000994153444	0.5000002358741864	0.499999684956874	
0.9999944694916304	0.8333419350244263	0.7999850337943908	5.353650275600627E-5	0.5000007268873443	0.49999592481736616	0.4999998985151425	0.5000001351869037	0.5000034728094775	
0.999994467789944	0.8333381461598413	0.5999554571754355	0.9999970135621558	0.5000003790014994	0.49999594823861704	0.4999992327972437	0.49999837210920167	0.5000080334361375	
0.9999888594557588	0.8333373467488303	0.6000807033093979	0.6666270500217405	0.5000010459285601	0.4999958990833981	0.49999910808788817	0.5000035623327154	0.5000078458892823	
0.9999998599767806	0.833336724193215	0.5999724504671834	0.33341038619309815	0.5000001674160223	0.49999603214966754	0.5000000827850971	0.5000002364731245	0.5000025516669018	
0.9999998731564776	0.8333310606229217	0.5999821872409175	4.9768353081371E-6	0.5000027395212883	0.49999554735902935	0.49999948143516326	0.4999997163051761	0.500005126847597	
0.9999913552748462	0.833347398020942	0.4000761612101934	0.9999002220380692	0.5000041727133318	0.49999679878742054	0.4999995687633824	0.49999974573433625	0.500002164904715	
0.9999947852925442	0.8333474948872814	0.4000540657268049	0.500028927456742	0.5000006136725279	0.49999678863128144	0.49999970721784	0.500001856326248	0.49999936718319216	
0.9999951704059746	0.8333467180659364	0.4000911467923856	1.5811540515487388E-4	0.5000000815123952	0.4999953607940777	0.49999966595608	0.5000003294530411	0.5000049061732518	
0.9999949948773078	0.8333425427874553	0.2000142161268541	0.9999373281520038	0.5000064617074739	0.499996315585199	0.4999992555123391	0.4999993690672771	0.5000022832696909	
0.9999985991354193	0.8333424755666688	0.20001506608741226	2.2301019305020028E-5	0.5000026734369718	0.4999955300924872	0.4999983700793036	0.49999996747984876	0.5000018533510688	
0.9999985991354193	0.8333424755666688	3.3412306493724755E-6	0.0021620110507735157	0.5000014779872238	0.4999956632203354	0.4999983700793036	0.49999994300627715	0.4999999574249064	
0.9999974731042629	0.6666743428123301	0.9999909541027101	0.9999920885795403	0.5000023822971889	0.4999962957186569	0.5000025613784003	0.5000010682444743	0.5000020310661839	
0.999997353772569	0.6666749542550979	0.9999723500049166	0.7499837619832648	0.5000001928329693	0.49999660040312527	0.49999841100866793	0.5000016794873468	0.5000024967808679	
0.9999972151756643	0.6666735566105971	0.9999924426617356	0.49999948518329845	0.5000010745047608	0.49999546641327275	0.5000020589397323	0.5000015352513348	0.49999945055161826	
0.9999934820548836	0.6666735535817883	0.9999924158242103	0.24994769585006643	0.5000068510717729	0.49999615636351646	0.49999984261842984	0.5000015358254817	0.5000094241669053	
0.9999998314107852	0.6666685439975185	0.9999910433090041	7.050379450136043E-6	0.5000039662801988	0.4999953179412704	0.49999836974217865	0.4999999989370147	0.5000022427664439	
0.9999905117818387	0.6666741930357538	0.7500950450216711	0.9999366588183952	0.5000003661253719	0.4999965220640553	0.49999485249953757	0.4999996737346895	0.5000065265835216	
0.999996377495613	0.6667034014870332	0.7500901814356742	0.6666130515346226	0.5000008044049997	0.4999958182997852	0.5000003377229504	0.5000011041716046	0.500001143731856	
0.9999966526019987	0.666668575066803	0.7500886423011047	0.3334119096283943	0.5000020428382946	0.49999609084542945	0.49999946902187764	0.500001514590507	0.5000073362218316	
0.9999904343452715	0.6666685388752956	0.750088733729093	7.434142782646486E-5	0.5000025968643006	0.4999950906803232	0.49999848038174705	0.5000015035178949	0.5000074057514464	
0.9999807902478455	0.6667045342319541	0.5004670140462937	0.9994928045968958	0.5000005812833941	0.49999539440247104	0.49999844940723676	0.5000002330592319	0.5000026818598761	
0.9999993525956274	0.6666711975256763	0.5000107388786804	0.5000679972877962	0.5000007817207232	0.4999958978664541	0.4999997486411389	0.4999998783668449	0.5000009950586262	
0.9999991372821238	0.6666682257641013	0.5000125653764033	2.340867463554355E-6	0.500003608879167	0.4999954650408297	0.49999838220563325	0.4999997946473243	0.5000029411596805	
0.9999993623308782	0.6666742523338034	0.25005048136732394	0.9999130001322866	0.5000075761579594	0.49999631433985975	0.49999925808741813	0.4999993690501436	0.5000036432354903	
0.999991428140397	0.6667368021662669	0.2502996381858851	7.67701901477535E-4	0.5000025420849494	0.4999962880969597	0.4999991753078039	0.5000001947107602	0.49999948999271654	
0.9999995179798633	0.6666741451556598	3.3419704648896768E-6	0.4865868723549686	0.5000014063964682	0.4999956671655989	0.4999996105820745	0.4999993925857983	0.4999998250431693	
0.9999964912231901	0.49999719342550974	0.9999984875830398	0.999982432236282	0.500000690539403	0.49999652373912423	0.5000027623944581	0.4999997362900002	0.5000094906192557	
0.9999973834022371	0.5000012527188824	0.99996503141357	0.666614551456627	0.5000020835652076	0.4999961095203153	0.5000003660363704	0.4999997186179383	0.5000011053506114	
0.9999947780300567	0.5000024269865512	0.999970492968367	0.3334256178767746	0.5000020609507948	0.49999633469435967	0.49999990054994536	0.4999997927500126	0.5000005000900731	
0.9999999137148493	0.4999854887868985	0.9999945571172529	2.9582725590263006E-6	0.5000021367056319	0.49999513383640903	0.4999997325886218	0.5000022500112561	0.500000506460421	
0.9999915987338623	0.49998886604261406	0.6667283542113452	0.9999641856642646	0.5000034010714064	0.49999519304872003	0.4999982541878494	0.49999970088049567	0.5000090939192381	
0.9999976678200306	0.49998729996893615	0.6666940307303981	0.4999997176020523	0.50000216869188	0.49999612684590633	0.499999140388425	0.4999997009262157	0.5000023362301791	
0.9999966136686094	0.49998728484801463	0.6667305692228823	9.545599915746243E-5	0.5000020403470048	0.4999960946520083	0.49999968792023997	0.49999985685352066	0.5000076025382629	
0.9999813753933884	0.5001430065173408	0.33361709683367774	0.9993224813838167	0.5000020072339685	0.4999958150199655	0.5000003793259161	0.4999995813772715	0.5000047250797315	
0.9999607358120645	0.5001562354176315	0.333355379162515	1.5638291992026138E-4	0.5000035494217236	0.4999966927793836	0.4999983549664568	0.49999967477505025	0.5000020209844004	
0.9999822442740259	0.5000001603601995	1.4955994243490687E-5	0.5034929556869242	0.5000067798706257	0.4999948649780347	0.49997370430027144	0.5000017771276416	0.5000089842029732	
0.9999973631393467	0.3333542736283039	0.9999805373217256	0.9999789709698425	0.5000026180917941	0.49999652087693336	0.5000021440290281	0.4999997495131127	0.5000092652374439	
0.9999996967566255	0.33335430759474677	0.9999577149534224	0.5000037975987396	0.5000003594854068	0.499995673273694	0.4999997403746841	0.5000015205013023	0.4999995859032609	
0.9999977427387987	0.33380553987512157	0.9992710755507832	0.0010412420964713742	0.500002617874432	0.49999513315852456	0.5000019546677469	0.4999997556767483	0.500008644884011	
0.9999905127681533	0.3334141053961554	0.5000569866802069	0.9997922472063657	0.5000021077748366	0.49999564411221664	0.5000003538587846	0.49999970138851974	0.5000023470286452	
0.9999912781106366	0.33341163582173067	0.500015355822766	1.2716582039732553E-4	0.5000005819679301	0.4999961163929389	0.5000017538968672	0.5000001936382767	0.4999995539455071	
0.9999904806363106	0.3334098003544026	1.4116229459532818E-4	0.9967975155403804	0.5000020980865183	0.4999956586793542	0.500001900134319	0.4999997885496115	0.5000098600937082	
0.9999616941823088	0.1668368649599962	0.9995428215292389	0.9997269379608111	0.5000075626293443	0.49999657430522537	0.49999846084513416	0.4999995290007514	0.500009268473271	
0.9999915928664155	0.16683901507370938	0.999896307031462	8.332606694520507E-4	0.500002329264204	0.49999506864074117	0.4999996881306353	0.49999970208668565	0.5000096842627402	
0.999992711454721	0.16680922379458815	0.0012528532245386081	0.5203628001198126	0.5000023504539203	0.49999656663243297	0.5000011745471376	0.49999959356843354	0.5000033424949674	
0.9999687864168939	1.8593273999176207E-4	0.5074143172478386	0.4818536523472776	0.49999363424738313	0.4999960591799637	0.5000017220739499	0.4999998640552541	0.5000097892036031	
0.8333482609145251	0.9999962833645948	0.9999905101149514	0.9999841548829046	0.5000009845012185	0.49999655008223404	0.5000000511245954	0.49999965170355204	0.5000096419203997	
0.8333415038715071	0.9999652749003475	0.9999912584699411	0.8000040644439373	0.5000006492491531	0.49999630135175754	0.49999804177958457	0.5000009703080556	0.5000020280751858	
0.8333414847278909	0.9999659470620216	0.9999912601847396	0.5998124199574345	0.5000006497026689	0.49999483030268876	0.499997965194269	0.4999987448459468	0.5000032768533398	
0.833341566338927	0.9999869112655531	0.9999942407851323	0.40009123392907164	0.5000009262805255	0.4999963902486474	0.4999979634204642	0.4999995609134505	0.5000002581244763	
0.8333417516533279	0.9999932260633696	0.9999914000564223	0.200004975264036	0.5000005195380893	0.4999963658086501	0.5000002002835933	0.5000000014218734	0.500003036614329	
0.8333414494430542	0.9999884550910204	0.9999942883976269	5.661997381603636E-6	0.5000007113248437	0.4999960957657635	0.49999965480534203	0.4999995613930097	0.5000024744532064	
0.8333417939744252	0.9999817704635814	0.8000294800839646	0.9999876748540636	0.5000078873392663	0.49999630686746926	0.4999992427189526	0.4999983350023725	0.500002406826831	
0.8333417939744252	0.9999817704635814	0.8000578328728217	0.7499037048705938	0.5000034670066874	0.4999963112476425	0.4999992427189526	0.5000007771902574	0.5000024105200489	
0.8333471235105137	0.9999931453565947	0.7999858698996213	0.49998617785574845	0.5000008825707669	0.49999578910716386	0.500000049326681	0.49999990014613854	0.5000010465235416	
0.8333413071670996	0.9999952262625541	0.799983922118819	0.24994835036752094	0.5000001957059965	0.49999554805720187	0.49999989032554426	0.49999989866853733	0.49999991979764524	
0.8333471198766111	0.999993109482202	0.7999839130472174	3.318844109491139E-6	0.5000011491158373	0.4999961789368974	0.5000000401059038	0.49999989779871984	0.49999980827625046	
0.833341439120123	0.9999929331162444	0.6000630279196718	0.9999008366487812	0.5000032900680081	0.49999566036890786	0.49999924363901865	0.4999980148734984	0.5000021221874382	
0.8333516223591423	0.9999838807878247	0.5999518509336266	0.6666116417580102	0.5000034430217173	0.49999601622981826	0.49999950642880975	0.49999814967527967	0.5000020289578466	
0.8333412827010059	0.9999886396256903	0.5999582380051388	0.33332957755654447	0.5000032056208895	0.4999968787956564	0.49999946694940506	0.5000015055118097	0.49999947223834934	
0.8333415764207496	0.9999883601428258	0.6000667673891968	8.669423449772723E-5	0.5000007921051551	0.4999955318669501	0.49999965558297454	0.4999997164925229	0.5000024813423697	
0.8333217918729255	0.9999408634267521	0.3997304555812822	0.9999985258116336	0.5000079754794108	0.4999959262747037	0.49999951375457197	0.49999954241741607	0.5000022515480753	
0.8333516853206733	0.9999885822008006	0.40009254760001617	0.49998876279488885	0.5000013418164875	0.49999672237589127	0.49999792504584745	0.5000019456692603	0.5000022455971089	
0.8333404423448993	0.9999887500453704	0.4000960345100105	1.3656592976211425E-4	0.5000006676155522	0.49999559756845185	0.4999996381685814	0.4999996723657801	0.5000001388954168	
0.8333500057727036	0.9999784365877659	0.20001421616960063	0.9998936491773139	0.5000026603453619	0.49998649874377427	0.49999986272734104	0.5000020465920121	0.5000018384956041	
0.8333225728693658	0.9999900870734886	0.20001421209873885	2.2916464849233222E-5	0.4999961079103302	0.4999917909514853	0.4999995154426213	0.5000001227911098	0.5000084754643523	
0.8333264447751912	0.9999996495379995	2.4525658041449045E-6	0.9294987638563462	0.5000003926176175	0.4999955285944263	0.4999994793926913	0.4999993290515165	0.500002250348794	
0.8333410858408823	0.7999942337135503	0.9999911737699794	0.9999962276431025	0.5000006849371424	0.4999961855476656	0.5000026806076918	0.5000002621718305	0.5000020126767745	
0.8333410962965996	0.7999942061147737	0.9999912603206685	0.7499883713284178	0.5000006957732344	0.49999614474596993	0.4999995851813541	0.49999966169101784	0.5000020143209899	
0.8333470174760726	0.7999993807938739	0.9999941490941239	0.5000005590589839	0.5000005869579598	0.4999968147430879	0.4999994703610086	0.5000001936912245	0.5000027007717052	
0.8333409745814743	0.7999490046435906	0.9999978026741728	0.2499488066276811	0.5000005866322076	0.49999619116551236	0.49999952985110874	0.5000013584971184	0.49999960292935597	
0.8333480737211099	0.7999978216488697	0.9999914890201015	7.081820126804222E-6	0.500001978526972	0.49999619122998995	0.49999957451751087	0.4999998636686263	0.49999960292948226	
0.8333407096124569	0.7999928593029848	0.7499883138934725	0.9999969154061051	0.5000001223207938	0.4999961917996029	0.4999996271094367	0.4999996711914016	0.5000027404304412	
0.8333410665373769	0.8000041133436651	0.749922517680058	0.6666198112491775	0.5000034864654921	0.4999961931300598	0.5000000160736069	0.5000014031324008	0.5000026638808638	
0.8333409828541336	0.7999994202310993	0.749922155237234	0.33332932312522146	0.5000006782326176	0.4999968166275339	0.49999946679247725	0.5000001940183821	0.499999465933222	
0.8333407389649158	0.7999990689864414	0.7501030724427918	1.212166112006644E-4	0.5000021434382981	0.4999955877922794	0.49999946498881176	0.5000001752559248	0.49999996377218886	
0.8333407202486097	0.8000722357694859	0.5000019584381282	0.9999960543738559	0.5000021871114123	0.4999960066713886	0.5000001005320852	0.5000002269555287	0.5000076663427442	
0.8333648309132438	0.8000654081178341	0.49998250777705394	0.49998833799020254	0.5000036340446218	0.4999961461382323	0.4999997456213571	0.49999989887590784	0.5000085131472903	
0.833341148552096	0.7999989377679919	0.4999829645443207	4.3668956589248835E-6	0.5000027131550532	0.499995849906167	0.49999946145485175	0.49999990003060324	0.5000012923631575	
0.8333526305233635	0.8000663463937682	0.25021141088104853	0.9995170614619725	0.500001538397881	0.49999545377034016	0.4999997415818001	0.4999997473268596	0.5000021870718707	
0.8333518529995434	0.80006650163578	0.2502941716526209	7.761382779319047E-4	0.5000015378185323	0.4999955293866277	0.49999952048700036	0.4999999344260798	0.5000022284172859	
0.8333262439315593	0.8000166683645381	1.2217016122388982E-5	0.9930130790194798	0.5000006926989122	0.49999680999516566	0.49999967680206353	0.4999998627655305	0.4999992605895537	
0.8333412065720215	0.6000074829184294	0.9999766500827024	0.999996245868079	0.5000006728728283	0.49999578788913296	0.4999994889896325	0.5000014044393956	0.5000032540925899	
0.8333402510801099	0.600005985944155	0.9999767614659465	0.6667430626583377	0.5000035209502264	0.4999957252884739	0.5000000381702324	0.4999998849209484	0.5000064644437963	
0.8333673897167801	0.6000089361921603	0.9999757626836859	0.3333599634576381	0.5000041951911591	0.49999617519843625	0.4999995398570876	0.4999997534618445	0.4999995478519383	
0.8333416512399155	0.6000091524206513	0.9999914858663108	9.235156966681964E-6	0.500000371878035	0.4999964306648841	0.4999997327095512	0.5000014815763065	0.5000059714705481	
0.8333342741485814	0.6000062674269601	0.6666941665736673	0.9999761957735283	0.500002620029464	0.49999585611555947	0.49999948517017445	0.49999824500556245	0.5000030532150666	
0.833347566813401	0.6000059774536596	0.6668778002340178	0.49998582103402517	0.5000003832169947	0.4999962733117054	0.4999997472426225	0.5000015328258527	0.49999954331132274	
0.8333414782364479	0.6000055150818198	0.6667092239300856	3.632437717886969E-5	0.5000006619171119	0.49999575919093425	0.49999959736566224	0.4999999059731739	0.5000031864193492	
0.8333346214860984	0.6000062686936374	0.3333287470108394	0.9999961173079327	0.5000012191047855	0.4999962837952135	0.49999824788420105	0.49999818360219184	0.5000082990943233	
0.8333349195652338	0.6000045686070583	0.333355575591495	4.8993652656976325E-5	0.5000026847836107	0.4999967962675178	0.49999893143770857	0.49999923809065283	0.4999996218513755	
0.8333401769745523	0.6000190692937913	1.6493623446669344E-5	0.5286757334748086	0.500002558410023	0.4999960817387075	0.4999998311255818	0.5000030861486594	0.4999993237025938	
0.8333764377644352	0.4004495143612886	0.9995050043730513	0.9993809457293272	0.500000084597051	0.4999961725341421	0.5000000866108057	0.4999999426124789	0.5000021700152812	
0.8333402695979075	0.40007766611850365	0.9999411975875804	0.4999998220596273	0.5000025552778723	0.4999961805487708	0.5000013203132903	0.49999972913862006	0.500011547440454	
0.8333400567208967	0.3999969935191149	0.9999913786649496	6.434692234052114E-5	0.5000025628621984	0.4999957861455211	0.4999997702706503	0.49999974875859604	0.5000118212460696	
0.8333405723975094	0.40008473519460813	0.5000564856573404	0.9996239033210914	0.5000005590532919	0.49999622854073394	0.5000017945451545	0.4999997551397293	0.49999938215901624	
0.8333353141843743	0.39997388790471605	0.5000672938443369	1.5773238752312123E-4	0.5000020253018169	0.499996741565412	0.4999994465694553	0.5000016525502495	0.5000015866141505	
0.8333404738082966	0.40008787107195987	6.134543580234797E-5	0.5231442119460825	0.5000020713677286	0.4999961835130996	0.49999964413881426	0.49999967572690307	0.4999993238383022	
0.8333673727027071	0.2002881234221024	0.9995425445409134	0.9992966907899826	0.5000034895951674	0.4999962603650461	0.500001859091981	0.49999733373405736	0.5000037974541955	
0.8333673989767657	0.2002881234221024	0.9995532597121404	4.031037285400378E-4	0.5000025424025574	0.4999961487432018	0.4999984663587358	0.4999997574780462	0.4999994156989566	
0.833339382438066	0.20009744383237546	7.790863569139766E-6	0.18105683957405788	0.5000026685938583	0.49999657192301533	0.4999984506680331	0.49999965190872003	0.5000018014465798	
0.8333390035212224	1.3409187141735817E-5	0.4603471793881976	0.9818723149895714	0.5000022023986926	0.4999961756071153	0.49999974885734555	0.49999974000226033	0.5000037686047542	
0.6666981771712868	0.9999651485743704	0.9999949332493553	0.9999842168939461	0.500003379376673	0.4999954454378716	0.5000001700667742	0.5000004854968767	0.500009480734154	
0.6667066329756397	0.9999652900583486	0.9999684634670919	0.7498843498592207	0.5000035967907753	0.4999948881892112	0.49999975622350984	0.4999997663883662	0.500002204363569	
0.6666934490843449	0.99998286878981	0.9999872048168327	0.5000249865994344	0.5000003530026693	0.49999576809156554	0.4999985036975017	0.5000011556705698	0.500001171699906	
0.6666910132136243	0.9999224810648734	0.9999911434132368	0.24994880566888195	0.500000947315575	0.49999619040408055	0.4999997665293063	0.5000014505475215	0.5000015919968147	
0.6666980481018789	0.9999810856527868	0.9999913884856756	1.1973742841415903E-4	0.5000006037966042	0.4999961148910248	0.5000002978727578	0.49999998899371545	0.5000015919404954	
0.6666934404810163	0.9999878998612131	0.749913649005465	0.9999964588908222	0.5000003269543167	0.49999577058216105	0.5000001698271654	0.4999995944755772	0.5000042193109464	
0.6666951645513225	0.9999839114441845	0.7500732819031177	0.6666185126665851	0.5000035373115006	0.4999954318047415	0.4999997031847006	0.500001741938134	0.5000023588681145	
0.6666931426071318	0.999983873218153	0.7499321265943024	0.33331774422767085	0.5000006782333376	0.4999955383663954	0.49999969590173277	0.5000003522546247	0.5000023608243002	
0.6666230145817147	0.9999933818823733	0.7499186535767213	8.61100854882681E-6	0.5000007062421395	0.49999635762018285	0.4999995545642305	0.5000003160451496	0.5000031923876987	
0.66673847510831	0.9999463947427827	0.5001701071102367	0.9997769245187557	0.5000041131726665	0.4999911986597848	0.4999991559549228	0.5000000422587683	0.5000032557902967	
0.6666497165264582	0.999953057727906	0.49995002571713176	0.4999820364432503	0.500004121334373	0.49999553812874753	0.49999977456556594	0.500001170789438	0.4999992527725656	
0.6668604667871394	0.99986194152727	0.4999476918801743	4.086768107612465E-6	0.5000022619672644	0.49999026390291523	0.4999982337623323	0.500000334197615	0.5000078061218415	
0.6667378328607134	0.9999846657089365	0.25020505996226694	0.9993014832122179	0.5000042813785096	0.4999905986671429	0.4999799390646713	0.49999963237045375	0.49999966599300627	
0.6667365682675312	0.9999869715325647	0.25030677343079066	0.0011120556985520162	0.5000074878913896	0.49999679919739437	0.4999999649058076	0.5000000211003308	0.5000097463116869	
0.6666497726971433	0.9999975325790232	3.152965516405084E-7	0.9692756147638869	0.5000064092612703	0.49999678443283424	0.4999996334225194	0.5000018645652121	0.49999931569024253	
0.66669297396703	0.7499984570636642	0.9999773346125123	0.9999962641753046	0.5000035887021285	0.49999624600277465	0.5000000567149092	0.49999961113649116	0.5000000118618558	
0.6666931192574312	0.7500160227608348	0.9999703911849409	0.6667613671677951	0.5000005849534176	0.49999616538858616	0.499999828277978	0.500001900036939	0.500000425808385	
0.6666896482509481	0.7500160221441032	0.9999921138452563	0.333329537887717	0.5000009714992117	0.49999619026907033	0.49999981347797745	0.49999956338484175	0.5000004675135347	
0.666693131890485	0.7500160221441032	0.9999910759865721	3.64677771934437E-5	0.5000008573728083	0.4999964712120584	0.49999979544868894	0.4999995609705601	0.5000002567629718	
0.6666985881340145	0.7500065622962652	0.6667182090468319	0.9999853991401867	0.5000035966843631	0.4999961945527391	0.49999982984592384	0.4999997667473101	0.500002234031544	
0.6666931317752366	0.7500160352383293	0.6667176702684678	0.500022655928978	0.5000008572193896	0.4999957210916055	0.49999979095122665	0.4999995192989654	0.5000010236614905	
0.6666934217264086	0.7500160411319007	0.6667091944847185	3.645620600868508E-5	0.5000009540689547	0.49999658083283693	0.4999998134289066	0.49999955967891335	0.5000004716911873	
0.6667418254859246	0.7499931131850259	0.33378047110122644	0.9990118627600281	0.49999422857693343	0.4999961265743529	0.5000001652934744	0.5000012034643323	0.5000013013025559	
0.6667116462525581	0.7501377887928083	0.3337838742153479	0.001384332425391298	0.5000023314116081	0.4999954977648562	0.4999999485196448	0.4999981332025718	0.5000022403447035	
0.666669718387692	0.749999042013302	2.7697365834938246E-7	0.5335028359142574	0.5000024364561046	0.4999963306303609	0.49999988593748723	0.5000029595289304	0.5000001112562636	
0.6666999571609273	0.5001421976883392	0.9999649566051954	0.9997346935952496	0.5000035399917628	0.49999585733420143	0.49999989676608847	0.4999996652409873	0.5000018065505615	
0.6666658376091597	0.5000503125864669	0.999970635553511	0.5000925836061787	0.5000006422013112	0.49999616931999136	0.4999997819982847	0.4999998927949284	0.5000010372874504	
0.666693951380139	0.5000501552658891	0.9999704482913704	1.0751991022093078E-4	0.5000010387850747	0.49999633146035144	0.4999998238052584	0.5000014917651852	0.5000011684579533	
0.6666999674022035	0.5000966993687547	0.50025457478455	0.9993783762113303	0.5000035340731233	0.4999958573337307	0.49999825248567276	0.499999793911665	0.500001808859863	
0.6667000096310706	0.5000502491277234	0.5002521545343739	2.0644294230930653E-4	0.5000007497373696	0.4999968141805688	0.49999946346974183	0.49999970479003475	0.5000017781924085	
0.6667459405490359	0.5003838304876616	9.610614688059472E-4	0.5269742802983342	0.4999953581692271	0.4999948468183048	0.4999982752551716	0.500000345663263	0.5000009440708588	
0.6669323065323349	0.2509207779907118	0.99893913417523	0.9976433118479499	0.5000008084711226	0.499995228350841	0.49999905359562846	0.49999736177590426	0.5000096824387356	
0.6667210234595744	0.24999209600314143	0.9997398366337458	1.1075168979691381E-4	0.5000010132945875	0.49999657148592463	0.4999983715505249	0.4999996254071366	0.5000011822275122	
0.666746549309757	0.25034537902660475	0.001215252737439229	0.49478867366511553	0.5000010684375281	0.49999657249255247	0.49999973839085243	0.49999979453712323	0.5000023022144929	
0.666641435027433	9.371949529304619E-6	0.5272049178012316	0.9982123855395699	0.5000005577696545	0.4999965567041278	0.5000011725754236	0.5000016297765054	0.5000013917296554	
0.5000408800574566	0.9999337831539452	0.999973193119512	0.9999712495665544	0.500003603677874	0.4999962405205499	0.49999997810432245	0.4999996092592534	0.5000000378073076	
0.5000196374437998	0.999977958257078	0.9999693426799556	0.6665629218822	0.50000402233682	0.4999961997575155	0.4999995453612573	0.5000005409910518	0.5000022082325517	
0.500019999296794	0.9999829778236221	0.9999850740311208	0.3333147419996341	0.5000034865231422	0.49999612884366557	0.49999954770538924	0.4999998319654992	0.5000013911025856	
0.5000244358547002	0.9999796050870357	0.9999914257503152	3.168070567255578E-5	0.5000008423630258	0.499996423908657	0.49999988856674726	0.49999985707832745	0.4999998392686777	
0.5000545247278358	0.9999402205417363	0.666687330041191	0.999993200437521	0.500002460652376	0.4999960575232893	0.4999997289813953	0.49999989757934604	0.5000036503860267	
0.5000518663083788	0.9999529163039621	0.6666873248257835	0.5000076388620753	0.5000022830854768	0.4999909709048942	0.49999973499311945	0.5000011200350271	0.5000009995497153	
0.5000245656645181	0.9999831203891186	0.6666065457957573	4.502468805392674E-6	0.5000040871407414	0.49999557324979615	0.49999848960783994	0.4999999258725096	0.5000014375592593	
0.5001333938988871	0.9999959364801801	0.3339465535831722	0.9980546014941669	0.5000034859603717	0.49999612856208536	0.4999997866115969	0.5000011841896438	0.5000013887319348	
0.500126096239759	0.9999780648338527	0.3337831254855003	9.854460615409013E-4	0.500003427197729	0.4999952921762239	0.49999967724157723	0.499999970382049	0.500001414302964	
0.5001243504555095	0.9999880724964783	2.267535786782434E-4	0.48340493966244075	0.5000057860798681	0.499997710375476	0.49999731982617623	0.5000033509073811	0.5000000942042424	
0.5000380683168275	0.6666837176230666	0.9999800614854999	0.9998911324615478	0.5000004151028588	0.49999571804350046	0.5000001748514181	0.49999985917662426	0.5000025491526399	
0.5000224085824384	0.6666808457418348	0.9999729565811738	0.5000235992485229	0.4999932608697444	0.4999961746560265	0.4999980468551683	0.5000012432729137	0.5000000050951972	
0.500024565743458	0.6666395369080438	0.9999757648347387	5.765476720031096E-6	0.5000042403537586	0.49999130737750935	0.4999996958386131	0.49999976190546774	0.500001436284468	
0.5000418893126851	0.6667646689336277	0.5002272725395013	0.9993340729044381	0.5000037178182115	0.4999953344701937	0.4999999777692252	0.49999960752969735	0.49999997240214783	
0.5000054699651542	0.6666832056058424	0.5000728096047352	7.649676746362966E-5	0.5000021967271581	0.4999967220503259	0.49999978420778224	0.5000030819430468	0.4999997028009971	
0.5000306003995952	0.666685034595986	3.4970272864587315E-5	0.500007581663104	0.5000034840385593	0.4999961352118764	0.49999819044628746	0.5000011843693849	0.5000017844559014	
0.5000542703589674	0.33348816107635126	0.9999169828655834	0.9999864799505841	0.5000036424383208	0.4999961622119409	0.49999970495946744	0.5000004465133558	0.5000019604028744	
0.5000545572790819	0.3333675301218246	0.9999790234553703	8.462475282192242E-5	0.5000008236865642	0.4999958713278781	0.5000001089314376	0.4999996834954305	0.5000037984469039	
0.5003252649761216	0.3350099580166013	0.005740532786438843	0.5266484692640427	0.500002551858781	0.4999906093108149	0.4999986411698009	0.4999999168582482	0.5000009508167086	
0.5002745333159334	8.193226732533504E-4	0.6452648473852881	0.4989862675486541	0.5000004898548625	0.49999614874593556	0.49999840252804745	0.49999989093999836	0.5000038552840533	
0.3334065836001918	0.999720957154365	0.9998256538285087	0.9999152400925693	0.5000023687523539	0.4999964663575137	0.49999972918711943	0.4999998542269446	0.5000024002263752	
0.3333580389748658	0.9999809132416145	0.9999389861292952	0.5000428847874971	0.5000024500657743	0.4999964338634987	0.4999997776714976	0.4999998999440369	0.500002310410083	
0.333414483815473	0.9998769161867792	0.9998480911087233	2.0788148694457463E-4	0.5000019122896395	0.4999955788890209	0.499999374592283	0.49999794815827425	0.5000020744151173	
0.333417874018645	0.9999263398646351	0.5002331559459092	0.9996055028832228	0.5000042589030763	0.499996482185354	0.4999997292567683	0.5000031946532907	0.5000023964763987	
0.33341370693171096	0.9999527299491334	0.5000823014162528	1.6547246181406356E-4	0.500000578396732	0.49999071666650313	0.49999953521232104	0.5000013067483537	0.5000024223927323	
0.3334141124333095	0.9999377426762641	2.2673372672434022E-4	0.49393044193196567	0.5000023637766313	0.49999071026306835	0.49999977607362384	0.5000032895684653	0.5000005577015357	
0.3334069029825497	0.5000693604520838	0.9998256236646914	0.9999152400925693	0.5000024571906231	0.49999653644954234	0.49999973951445814	0.4999998542269446	0.49999999622822167	
0.3334216418150689	0.5000501256956575	0.9998890603359641	1.6574220559668337E-4	0.5000035961861488	0.4999961655879802	0.4999997152010726	0.4999981121394334	0.4999998899600866	
0.33353489758891997	0.50041789349489	0.0011463738613636254	0.4690643235541865	0.5000041308432241	0.4999904385381848	0.4999986043751769	0.4999999173430452	0.500001782429206	
0.33348372410826616	5.607949989481599E-4	0.6558852886408089	0.5295059866970867	0.5000006075271074	0.4999961720037103	0.4999997417141017	0.500000057610213	0.5000023071247709	
0.16673191148703823	0.9997622903829236	0.9999184682519799	0.999643217601752	0.5000023650541452	0.4999953770718899	0.4999991025599319	0.49999985129582525	0.5000024193814134	
0.16673167406507186	0.9999739389094775	0.9999179247431748	2.0788148694457463E-4	0.5000023103331724	0.49999538946938543	0.49999974043805295	0.4999998677308952	0.4999999870442338	
0.1673377105726219	0.9993168440906839	0.0025248782050734065	0.49893819316652965	0.5000023954051405	0.4999961640978237	0.49999805157654653	0.49999805803135666	0.5000000361964383	
0.16677694258970263	6.430939524429236E-4	0.7118320733954552	0.49994620006982005	0.5000023019928359	0.49999655152178524	0.4999997543165333	0.4999998184414409	0.5000016590927951	
2.7000153117046066E-6	0.7050693335671998	0.6338591516734415	0.4687646543160279	0.5000025255723666	0.4999958896729256	0.49999811135100397	0.49999991426422574	0.500001785586873	
