0.9999842447223882	0.9999943053333422	0.9999997332138607	0.9999981160302744	0.5000142229391888	0.49999997586739536	0.5000009085670581	0.5000001719891126	0.4999823707950903	
0.9999840244756075	0.9999993124965303	0.9999886185688494	0.8332087601885352	0.5000123085940076	0.49999974290076543	0.49999983580871793	0.500001046315746	0.500019672535725	
0.9999788952034566	0.9999982591416141	0.9999766817129114	0.6666922444086538	0.5000127171699029	0.49999999563641895	0.5000006348987852	0.50000071481553	0.499984814831098	
0.9999934886837754	0.9999921916906788	0.9999946277106675	0.5000280934452743	0.5000117755773084	0.5000001845902925	0.5000004647984153	0.5000006765186736	0.5000166989671865	
0.9999915015889103	0.9999963546131836	0.9999939332376195	0.33336952845358814	0.5000123530155927	0.5000023498316643	0.4999999841902366	0.5000008855126241	0.5000167740042025	
0.9999940531947523	0.9999967278019338	0.999997078868715	0.16668324579198152	0.5000128397432116	0.5000000712711979	0.4999998465173324	0.5000006294098264	0.5000170550750196	
0.999997794116708	0.9999964436650897	0.9999935313740164	7.201058177142006E-6	0.5000143008421524	0.4999998022459265	0.50000051918277	0.500000459282132	0.4999815990874575	
0.9999842012742007	0.9999998618718058	0.8333914166596481	0.9999533547263472	0.5000122585679956	0.5000023853172704	0.5000006324173836	0.5000009567584863	0.500016269140294	
0.9999842480203237	0.9999849851160942	0.833390762378846	0.7999894356577149	0.5000110668224078	0.4999999719616524	0.5000004418092092	0.5000007985537588	0.4999855999819638	
0.9999962611344319	0.9999988009420082	0.8333634864933831	0.6000307291725769	0.5000126295087283	0.49999984372125966	0.5000004877181671	0.5000007999911411	0.5000178481334744	
0.9999970173106287	0.9999948856929082	0.8333490472679341	0.399990420841457	0.5000117855302455	0.4999998499926803	0.5000002429844157	0.5000004536640427	0.5000148164834928	
0.9999960238512683	0.9999963544119955	0.833297717362972	0.20003809684301926	0.5000126429772618	0.49999985828198307	0.5000002934663188	0.500000653437902	0.5000147030510138	
0.9999932209931156	0.9999891336132052	0.8333155359776295	4.1472409125340247E-7	0.5000126025843284	0.49999988450948246	0.499999819785569	0.5000011674899268	0.5000172804247974	
0.9999979856359811	0.9999971755853037	0.6666626617349624	0.9999999683562015	0.5000121600056644	0.4999999736730176	0.5000010518611703	0.5000006746205848	0.4999758297269957	
0.9999934756322959	0.9999906318030638	0.66656383615091	0.7501647179391109	0.5000121865838739	0.49999948338816036	0.5000001820856249	0.5000055466874822	0.5000146597583311	
0.9999959110942355	0.9999993567921278	0.6666516954560227	0.5000262277461252	0.5000127172985938	0.49999979937302563	0.49999999024091185	0.5000004328589212	0.5000147657546208	
0.9999995344607755	0.9999888488678048	0.6666569457666103	0.2500694080249452	0.5000123458134769	0.4999997817244077	0.5000009075289249	0.500000455570152	0.4999829738371097	
0.999997945765519	0.9999950511555771	0.6666516954560227	6.7040667598735715E-6	0.5000125988652667	0.49999985651669426	0.5000009370332595	0.5000011997194052	0.4999836954573809	
0.9999976401280405	0.9999996262348075	0.5000720571320556	0.9998884929033994	0.5000123622148069	0.4999998458682647	0.4999997716468373	0.5000010357306625	0.49997198791555114	
0.9999972695980223	0.9999976394424939	0.5000016204075034	0.6666160173609003	0.5000129855840282	0.5000002241291776	0.4999997975048109	0.5000010164407721	0.500023061018139	
0.999998955609632	0.9999948666402316	0.5000015872362007	0.3333013563731405	0.5000112084779966	0.49999974146140913	0.500000016554359	0.50000100671109	0.5000168870035298	
0.9999993738995645	0.9999997948942623	0.5000042115422215	1.3595975702694272E-5	0.5000125115474671	0.4999997377116521	0.49999984114000956	0.5000014572994542	0.4999747241974422	
0.999997622551911	0.9999904958647697	0.33335855537815706	0.9999242124514534	0.5000130085517599	0.5000002057031467	0.500000201453303	0.5000051321521516	0.500014752439639	
0.9999972230191975	0.9999878530331552	0.3333473428074875	0.5000231023720193	0.5000137397429567	0.500000710097712	0.5000000123690008	0.500001241183655	0.50001964827856	
0.9999955072359522	0.9999896776103179	0.33334737677343673	5.076590840299167E-5	0.5000126415189157	0.5000001893167179	0.5000000259015501	0.5000009744922588	0.5000186705592332	
0.9999989765159532	0.9999546483505692	0.1666770535178926	0.9999893879587445	0.5000124753373731	0.49999972084280087	0.4999999001685398	0.5000007759438511	0.4999711187298435	
0.9999955416616533	0.9999534110830495	0.1667042366620861	3.6682063443681785E-5	0.5000129953019256	0.5000002192216215	0.499999899982135	0.5000010652744643	0.5000147459013271	
0.9999996731674848	0.9999995920531549	1.2062309507320976E-6	0.5046223912748778	0.5000137333183864	0.49999974873332675	0.500001127690748	0.5000007895478794	0.5000197233956404	
0.9999933829225992	0.8332522822355433	0.9999974640543849	0.9999999689212535	0.500012174428371	0.4999995130620679	0.5000010657373505	0.5000002551399346	0.5000146457896724	
0.9999842482074036	0.833252598669329	0.9999998378240605	0.799988257595514	0.5000127181583328	0.5000010085206714	0.5000003332697035	0.5000010142953495	0.500016885418444	
0.9999926386395228	0.8333327664264404	0.9999948379676139	0.5999864215818674	0.5000123190868478	0.5000020770117617	0.5000002715572431	0.500000253969823	0.5000146396056262	
0.9999970957769179	0.8333312155657495	0.9999970394878169	0.39998051590933087	0.5000123342625745	0.4999998417716744	0.5000006525097328	0.5000007919570739	0.5000171277714108	
0.9999892756050746	0.83334465146209	0.9999819239218785	0.1999635693392192	0.5000124430478206	0.5000000097035022	0.5000009496194334	0.5000012406619213	0.5000171272895576	
0.999996400724734	0.833334128082754	0.9999980374130782	1.554460395672399E-6	0.5000128543090023	0.4999997203123529	0.5000004952718354	0.5000011498535266	0.5000163134205772	
0.999984360665771	0.8332522867655225	0.8000031881953068	0.9999886641446178	0.5000122651966673	0.5000001035716166	0.49999982169302776	0.500000712970551	0.5000190614392591	
0.9999937397699884	0.8333337675289436	0.8000009648399887	0.7499450346821838	0.5000123323136042	0.5000029402092113	0.4999998008673121	0.5000009509574735	0.500016392829778	
0.9999961962036031	0.8333324398504495	0.80000091262429	0.5000261180498473	0.5000118038306451	0.5000001939762564	0.4999998678805575	0.5000004594826049	0.5000165123679127	
0.9999962022719685	0.8333324433051211	0.8000009125899133	0.249992158018808	0.5000124183099047	0.5000006363370162	0.5000002924885888	0.5000004565786613	0.500014752228302	
0.9999964740690824	0.8333352730801645	0.800000214166219	1.5773069060379098E-6	0.5000128427981037	0.5000014302828083	0.49999996471198516	0.5000008119991627	0.5000172419572235	
0.9999937453346718	0.8333343609173859	0.6000175770444468	0.9999910632759256	0.5000128221485094	0.5000011975976808	0.4999997551087961	0.5000007035077183	0.5000168853593923	
0.9999976102771515	0.8333322183403588	0.6000195531129022	0.6666325563386365	0.5000126399208543	0.5000007310091231	0.500000291251345	0.5000007798473991	0.5000167001889799	
0.9999886854782695	0.8333325890761176	0.5999375160205723	0.3332977637832961	0.500011269181381	0.49999968892213326	0.49999997894631815	0.5000011640416058	0.5000123398292667	
0.999996928871478	0.8333324866844767	0.5999335886152459	2.0218413784529287E-6	0.5000124169877503	0.5000006758259102	0.4999999916685627	0.5000010639849627	0.5000155946311503	
0.9999971454797347	0.8333342016021648	0.40002070371131704	0.9999675328013645	0.5000111217180653	0.49999970632394475	0.4999998956646072	0.5000010105612713	0.5000154269859909	
0.9999972488754544	0.8333337880436616	0.40002059367926274	0.5000229668786631	0.5000112563152632	0.4999996443675384	0.49999980150660156	0.5000012821056637	0.4999808064189568	
0.9999968359385532	0.8333338017277485	0.4000230360242368	1.5875708142253654E-5	0.5000124436580294	0.4999997141321736	0.4999998930765536	0.5000010742548637	0.5000152263821092	
0.9999941816263554	0.8333322621630682	0.20005619688821574	0.9998912492215702	0.50001160664564	0.5000005924764607	0.4999996866629627	0.5000013825162397	0.5000170017927617	
0.9999959519610987	0.8333310346462008	0.20005624583628265	1.0042033413102205E-4	0.5000110967098199	0.5000002329649451	0.4999996931175389	0.5000010104060905	0.49997359624259824	
0.9999941467383555	0.8333335943920257	5.6399096780040985E-6	0.5457849568795722	0.5000124436384437	0.5000002060133575	0.49999989797078254	0.5000008063215363	0.5000196174895982	
0.9999985610012218	0.6667083787972581	0.9999063262264365	0.9999817000524709	0.5000112910079314	0.5000021543809822	0.5000005793019121	0.5000006806603278	0.5000176252166201	
0.9999870440063358	0.6667083853986592	0.9999450513316432	0.7499197897872905	0.5000123180909156	0.49999952736225634	0.5000007844831699	0.5000007021318774	0.5000177900984241	
0.9999949982892348	0.6667082166595419	0.9999764633173103	0.5000280947749547	0.5000108446615655	0.5000024318153676	0.5000002193850999	0.5000012999849062	0.49998152456327305	
0.9999961864080186	0.6666726979925306	0.9999485921870005	0.24999783172156367	0.500012418336806	0.5000022262597191	0.5000005917354801	0.500000680749187	0.500016446302151	
0.9999994661629672	0.6666723027298072	0.9999944602624481	4.249096686985825E-6	0.5000129671462046	0.5000001993535333	0.5000005401054387	0.5000015965886669	0.49998219610742545	
0.9999991411443229	0.6666657513151034	0.7500148845969238	0.9999934841562067	0.5000111311315437	0.5000000021632812	0.5000008943433171	0.5000006818294312	0.4999825741797078	
0.999993524353321	0.666661310754346	0.7499649862150234	0.6667856216072571	0.5000122866889328	0.5000023205140578	0.5000002236291501	0.5000007309503708	0.4999811096712498	
0.9999951957751663	0.6666714488915454	0.7500718031078276	0.3333697446064178	0.5000122722917791	0.5000001601015299	0.4999998384049785	0.5000017075495734	0.5000157685023339	
0.9999996816240753	0.6666722004070614	0.7500628637153633	2.6768541358004694E-5	0.5000118174802735	0.49999997298289284	0.5000004492473171	0.5000030495274477	0.5000154354247986	
0.9999946683729881	0.6666814357469575	0.5000109327006804	0.9998692631072467	0.5000113212412196	0.5000019880947784	0.4999996387761329	0.5000013637588548	0.5000192832979062	
0.9999944565580867	0.6666812452277482	0.5000756167743756	0.500023779475792	0.5000122788872574	0.5000002249693842	0.4999998094025022	0.5000017780520121	0.4999841389616138	
0.9999602716216449	0.6666754101816705	0.5000665775961117	7.059994210598037E-5	0.5000125269092847	0.5000033274990526	0.5000004402300089	0.5000071671363127	0.4999730748662143	
0.9999941816863659	0.6666808524026627	0.2500381269837605	0.9999674789860086	0.5000115873591175	0.5000022321375737	0.49999989494736685	0.5000012354948942	0.500022338283153	
0.999997606313845	0.6666808947401559	0.2500434431236226	9.405111869399604E-5	0.5000112124718027	0.5000000971896771	0.49999977099567444	0.5000007792182568	0.5000214590061499	
0.9999959911826916	0.666680874670998	5.959936576967814E-6	0.5411606495161809	0.50001122057953	0.4999997240815264	0.49999980036107616	0.5000009281864153	0.5000211749773716	
0.9999994019444901	0.5000838237019466	0.9999427824764848	0.9998627736182292	0.5000121149876612	0.49999974015485854	0.4999995961288361	0.500000838446966	0.5000264862444674	
0.9999935749191672	0.5000841915327799	0.9999030751409044	0.6666332513935498	0.5000126879817799	0.49999990767947555	0.4999998285802941	0.5000009491838393	0.499970807648446	
0.9999929615589065	0.500043195452436	0.9999476153876011	0.3334633280334765	0.5000112819020948	0.5000004852519765	0.5000000710797246	0.5000048336495105	0.49998097026112825	
0.9999891526585326	0.5000430641011552	0.9997868967078051	1.1730503289144863E-4	0.5000112793036944	0.5000019904436471	0.5000009512438521	0.5000004470026329	0.5000177796429954	
0.9999884834800848	0.5000436749681391	0.6666689134062884	0.9999169442511516	0.5000122561046902	0.4999998625863423	0.4999998000057356	0.5000006791854734	0.5000127235443163	
0.9999822595524039	0.5001326954201519	0.666665467185384	0.5000233753867184	0.5000112786366839	0.5000005892402781	0.4999999647059914	0.5000019586708213	0.5000127806086399	
0.9999953909656992	0.5001312964818917	0.6666607295469522	2.6244802310238993E-4	0.5000109609876318	0.5000006490459216	0.5000004029160382	0.500001942864717	0.4999818236016877	
0.9999925478589772	0.500033600895613	0.3333804643196432	0.9998523587072241	0.5000111614268851	0.5000005261978632	0.500000797739168	0.5000002025157783	0.49997064594661345	
0.9999809735287497	0.5000702077666377	0.3333804643196432	2.289956686166931E-4	0.5000126248420692	0.5000004815778853	0.4999999592736674	0.5000060430441665	0.499981122264333	
0.9999937284143907	0.5001344586113577	2.4906586601161607E-4	0.9535878393185313	0.5000113533684164	0.500002265134051	0.5000003418883386	0.5000018375750925	0.49998227294679887	
0.9999865335905415	0.3334178607453188	0.999906098354861	0.9997955434009071	0.5000112779918605	0.4999986231584935	0.5000000660848497	0.5000033488479041	0.49997984618339614	
0.9999945182825568	0.3334650556867267	0.9997891435352171	0.4999342011002277	0.5000114269555804	0.49999856685350585	0.49999992714983915	0.5000018914925405	0.5000128010844206	
0.9999809608265728	0.3334651062436517	0.9997873473739292	1.5296707444828358E-4	0.5000115763308319	0.49999870417353054	0.5000000616251982	0.5000012156268739	0.4999797403351432	
0.9999921332748961	0.3334218670870928	0.5000673924151208	0.9997344857745921	0.5000114413941281	0.5000021982382693	0.4999999594480805	0.5000018249035412	0.49998260856931626	
0.9999951797337907	0.33333467269816935	0.5000127405448785	1.6521143519282352E-5	0.5000115677815777	0.5000005533141701	0.49999998120383	0.5000003740553076	0.4999819066951999	
0.9999870617035297	0.3334186335712021	3.517003302509363E-4	0.4984774858911772	0.5000112024442533	0.49999989454009525	0.49999985038815603	0.500003236270534	0.5000233504006085	
0.999992148783325	0.16673262175370693	0.9996030827771589	0.9998789249569503	0.5000113183394467	0.5000021416963354	0.49999995909774875	0.5000032521691875	0.4999793168404631	
0.9999753113572158	0.16680381693044488	0.9998101507437284	3.704629567782558E-4	0.5000111735113917	0.5000004876585528	0.5000000638739003	0.5000001525868077	0.49998067538589425	
0.9999942111793587	0.1667328442942721	9.365810275159276E-5	0.9408389957365304	0.5000112009077665	0.5000001070298986	0.5000003606741914	0.5000032655031881	0.4999816642213173	
0.9999959152775963	9.80934324976146E-7	0.48670786785481535	0.5681198780246453	0.5000112005452624	0.5000003432014215	0.5000002856675815	0.5000001710205515	0.500022630155834	
0.8333302480985697	0.9999998625784359	0.9999999454149048	0.9999999548098115	0.5000113149635081	0.4999997396884222	0.5000002271602408	0.5000006679440513	0.49998438377524473	
0.8333337778586757	0.9999940260772472	0.9999973689894398	0.7999917308954401	0.5000111421467639	0.49999971428316986	0.5000006055472991	0.5000007196019245	0.4999851957863375	
0.8333196664480016	0.9999995686920363	0.9999947319558066	0.6000307754950827	0.5000126185826704	0.5000000152285161	0.5000005786119388	0.5000006681806781	0.49998503259655436	
0.8333363033699356	0.9999972445683676	0.9999975602084711	0.39998051590933087	0.5000128065908181	0.4999996168117371	0.5000006096612032	0.5000013087314349	0.5000259119478424	
0.8333359080360795	0.9999962388658261	0.9999946323065292	0.19996290305657347	0.5000128138842159	0.5000000095620557	0.5000005427778977	0.5000009984880553	0.5000167652720993	
0.8333360780049512	0.9999964120508885	0.9999996588706986	7.677309384620595E-6	0.5000126026252012	0.5000002001683427	0.5000004602229201	0.5000015886015687	0.49998244036062384	
0.8333302531899537	0.9999998780342694	0.8000030284002939	0.9999998302563682	0.5000122597227507	0.49999988591124417	0.5000005990057823	0.5000006636610068	0.5000164080188529	
0.8333290915605737	0.9999957970067884	0.7999979124818889	0.7499444649010665	0.5000117080290963	0.49999982123005166	0.49999984799725383	0.5000007931812167	0.5000176863152492	
0.8333336490739786	0.9999940156018442	0.8000003987000114	0.5000280868070336	0.5000117255055804	0.49999990930763	0.49999985817403086	0.5000010167930357	0.5000149142212716	
0.8333296622989222	0.9999999929608631	0.8000004228851749	0.24999160131460915	0.5000125471201715	0.4999996713285646	0.49999997753580894	0.500001212138374	0.500014027333747	
0.8333362915987129	0.9999728737936346	0.7999678668352886	1.0636122377381425E-5	0.5000129592235416	0.4999999732100995	0.4999998380472682	0.5000008183280743	0.5000201160869333	
0.833328343010141	0.9999993941670712	0.6000191494426238	0.999980109637788	0.5000122687988139	0.49999952797242736	0.4999998830170156	0.5000006654397335	0.500014832714977	
0.8333278206906511	0.999999398019155	0.6000191443703056	0.6666311741171544	0.5000129781881806	0.4999995076900799	0.4999998800573611	0.5000007389522455	0.5000157937996215	
0.8333297853807865	0.9999987207899846	0.600121561919626	0.3333011585585485	0.5000129557080097	0.4999997969112799	0.5000011125436258	0.5000005695538101	0.49997122871565397	
0.8333175291062332	0.9999998456709607	0.6001180309841943	1.389690942583411E-4	0.5000125477522043	0.4999996672225287	0.4999990721690434	0.500003899825522	0.5000148085061472	
0.8333303480040405	0.9999997523995503	0.4000205962099695	0.9999800843346274	0.5000122671852758	0.49999988676875384	0.500000192490309	0.5000054055201365	0.5000148219304418	
0.8333293590526444	0.9999900469558006	0.40002059574410254	0.500022936059794	0.5000117358360051	0.49999970940258526	0.5000004752712063	0.5000007131601161	0.5000144611175991	
0.8333279663591159	0.9999975944961448	0.40002416027884363	7.395656009409774E-5	0.5000129355943209	0.4999997985208239	0.4999999599344985	0.5000004625975386	0.4999712261623669	
0.8333281095786274	0.9999993962901543	0.2000884080119944	0.9997007159280583	0.5000124978037389	0.49999977667800893	0.4999999024369071	0.5000009234554705	0.4999722849547389	
0.8333156936896166	0.9999886827531356	0.1999282970605589	1.6543474988839108E-5	0.5000113177140804	0.4999997770205974	0.49999990273317674	0.5000012333926672	0.5000196892957604	
0.8333110163231643	0.9999992908133715	4.9142684727064916E-5	0.4820473655794132	0.5000124794896815	0.499999653361786	0.499999902390791	0.5000010622192421	0.5000155532869769	
0.8333219343715177	0.7999999651401635	0.9999996475573127	0.9999996172143605	0.5000112754656306	0.5000001959546719	0.5000002089737435	0.5000009738942657	0.4999846903626901	
0.8333302370007163	0.7999999676573406	0.9999744666262222	0.7499459599729027	0.5000112774104508	0.5000005623140614	0.5000002416809707	0.5000010385662588	0.5000179222079593	
0.8333354201896072	0.8000026620936349	0.9999915946749668	0.5000247044857689	0.5000114801994567	0.5000006658503774	0.49999984260405084	0.5000007246087207	0.5000165354388192	
0.8333354367688577	0.8000011233261041	0.9999946653090199	0.2499916138991227	0.5000117522761168	0.49999961000672466	0.5000004527792288	0.5000015975958307	0.4999827515245662	
0.8333288336129382	0.8000010641922468	0.9999996167331084	2.581844749128024E-6	0.5000124413109714	0.49999993380090124	0.49999998107529176	0.5000010298173397	0.500016315277399	
0.8333304826450534	0.7999999472665291	0.7500036644519881	0.9999980360306877	0.5000122921525693	0.5000000175348895	0.5000003330050801	0.5000014037083191	0.5000168612690656	
0.833330361356244	0.8000000400395361	0.7500040132980665	0.6666867775415178	0.5000116931541394	0.49999999759207575	0.500000329791333	0.5000006800410289	0.5000220044689638	
0.833336963175324	0.8000043656255432	0.749963401568637	0.3333540560626427	0.500012978374831	0.5000000344819125	0.5000004971562568	0.5000013526798089	0.5000212952582301	
0.8333368538819754	0.800004337373355	0.7499632341859984	1.256323740347768E-5	0.5000115634400669	0.500001351412154	0.49999998248347005	0.5000011640804667	0.4999705870690998	
0.8333281781068613	0.7999999515936126	0.5000351440312099	0.9999775846062988	0.500011399855395	0.5000010551689977	0.49999983482441096	0.5000010683677155	0.5000169551529479	
0.8333298105956481	0.8000002210644517	0.5000028978624986	0.5000227829388284	0.5000126138680003	0.499999665995613	0.4999998502850526	0.5000013993525136	0.5000159112808505	
0.8333370170452904	0.8000038650959116	0.5000041655796131	1.3224368626413249E-5	0.5000113124751734	0.5000012314324701	0.500000459376635	0.5000011588365674	0.5000159277588715	
0.8333514199173527	0.8000265447987233	0.2501035806587235	0.9998575092324707	0.5000127090801533	0.4999997051602769	0.49999983355537053	0.5000014086281855	0.5000248840236847	
0.8333514199173527	0.8000265447987233	0.2501035806587235	1.0751400021125068E-4	0.5000125729072233	0.499999695624358	0.4999998342460655	0.5000014131668565	0.4999841498593941	
0.8333472133249511	0.7999998345298313	1.3924855508000634E-6	0.019926206175315736	0.5000127283664081	0.49999996631750904	0.5000009557947919	0.5000010634623993	0.5000208105584524	
0.8333462615846928	0.600137386197933	0.9998440338471508	0.9998717333080657	0.5000126212797946	0.49999997082303427	0.5000009488618802	0.500000829527606	0.5000178747952901	
0.8333283229262062	0.5999913250964477	0.9999766559126382	0.6666312132959652	0.5000122860744045	0.5000001025671532	0.49999947967135944	0.5000007997277528	0.4999710857339221	
0.8333370217659638	0.5999943130225995	0.999996955794733	0.3333527604424825	0.5000112635736695	0.500000041223298	0.500000615423321	0.5000008652509725	0.499981012974732	
0.8333298702858191	0.5999935356146411	0.9999920811982155	3.955445582114295E-6	0.5000128390122194	0.49999998197950973	0.4999999639808195	0.5000009900481934	0.5000168478284142	
0.8333467303356993	0.6001526144753798	0.666669681070224	0.9997954816500818	0.5000112778684819	0.49999868303060535	0.5000001626353003	0.5000012613443096	0.4999831426439196	
0.8333298083641186	0.5999943130092676	0.6666688115929128	0.5000127205863925	0.5000114564526276	0.5000005841811027	0.5000003720965903	0.500000733365664	0.5000165487467662	
0.8333296879745749	0.5999943421985691	0.6666597196607994	1.9013816721980216E-5	0.500011483774664	0.49999980427543794	0.49999975559320936	0.5000010418165869	0.5000168704435365	
0.8333300925120125	0.5999943138259002	0.33330055450943774	0.9999926864214896	0.5000114675114188	0.5000005407910378	0.50000037200476	0.5000048055281103	0.5000165391392687	
0.8333251578298128	0.599993402114078	0.33334679935873823	1.8446995116706396E-5	0.5000115549287166	0.5000006051632885	0.4999997583514393	0.5000010699273564	0.5000184991543357	
0.8333309789707817	0.6000026668126142	3.3832837346894958E-6	0.41471483896246064	0.5000112160650985	0.5000006126359859	0.4999998950647683	0.500000765924396	0.4999746828903052	
0.8333281786697121	0.4000486561752013	0.9999955930614071	0.9999285679469688	0.5000123032487922	0.5000001236919697	0.5000001915041907	0.5000012487987248	0.4999799562326531	
0.8333321185621491	0.40004744290202604	0.99993737132523	0.5000264707090273	0.5000114767726882	0.5000002629880992	0.5000006844902857	0.5000009091426751	0.49998330042484235	
0.8333321014261739	0.40004744290202604	0.99993737132523	8.242052364820784E-5	0.5000115733569199	0.500000343228937	0.5000006844902857	0.5000009091426751	0.5000184718587377	
0.8333296948734352	0.40004741946804256	0.5000364002348885	0.9998605122572071	0.500012697599568	0.4999997701441826	0.4999998204353658	0.5000049177685041	0.5000160696358573	
0.8333465441747027	0.4000486708479304	0.5000364002275233	9.39105526337608E-5	0.5000111604634415	0.4999987398812666	0.5000007946029623	0.5000044382744356	0.4999837672204128	
0.8333299157343387	0.3999809940380057	8.091788631892077E-6	0.507647256228682	0.5000112100973835	0.5000001205329263	0.5000002942147946	0.5000045022401893	0.49998397239535014	
0.8333300051610639	0.20001426643575285	0.9999462185130857	0.9999939953218394	0.5000110259191469	0.5000000126795252	0.500000060003212	0.500004454334363	0.5000158014901614	
0.8333303805888016	0.19990733664369434	0.9999953019711727	2.8935131914784658E-5	0.5000111584001269	0.50000005735826	0.49999993568481627	0.5000011462844497	0.49998215031037313	
0.8333205600065573	0.19987991907102579	1.3137254309588626E-5	0.9445718406608081	0.5000112014598252	0.4999998945496429	0.499999852886114	0.5000010571332102	0.5000233697844824	
0.8333321188589884	6.72296250598234E-6	0.5577426361062975	0.4981054605012317	0.5000111618234505	0.5000001337124437	0.4999998960693035	0.5000009734837214	0.49998438500118253	
0.6666737199174367	0.9999940190883784	0.9999999320027497	0.9999993937933234	0.5000113092152015	0.5000021449704022	0.4999993809742501	0.5000006649949609	0.49998515632235646	
0.6666739783968589	0.9999920320120896	0.9999939175040524	0.7498570525881287	0.5000113320182119	0.5000000815384905	0.49999982406823434	0.5000008187741432	0.4999796415214739	
0.6666743253513111	0.9999995343208968	0.9999735630700279	0.5000201858740709	0.500011645818011	0.5000019224871615	0.4999998554605661	0.5000006949447255	0.5000242982372506	
0.6666432382053972	0.9999957148371675	0.9999994673949862	0.24998879475486152	0.5000125522463733	0.4999985858041791	0.5000002790831118	0.500000884597102	0.5000156447737146	
0.6666959154818013	0.9999671024147259	0.9999839376034756	2.316484992636972E-5	0.500011129713145	0.5000023500302498	0.500000680412765	0.5000047283797538	0.500018195792186	
0.6666729238074528	0.9999959042142145	0.7499898435243936	0.9999934775528252	0.5000124604091345	0.4999997154784229	0.49999992693835177	0.5000007157049021	0.5000151958312612	
0.6666744103439403	0.9999843805403484	0.7501993113741153	0.6666382493606225	0.5000124733849761	0.5000003273595137	0.5000001228997133	0.5000006851292612	0.5000158330492539	
0.6666724331847776	0.9999994283334367	0.7500349307507976	0.333380318108964	0.5000117024066657	0.4999999916928849	0.4999999581545822	0.500002432194134	0.5000172716362831	
0.666642242839094	0.9999998589089178	0.750062862236211	2.6316255036189565E-5	0.5000125040019344	0.4999997652444272	0.49999992494963397	0.5000007294416703	0.5000195088683214	
0.6666911871420916	0.9999849791491472	0.5000648977317215	0.9998729077414993	0.5000152764412047	0.5000003263611474	0.4999997899984554	0.5000007159399793	0.5000156448457489	
0.6666543030543808	0.9999917681668742	0.500001566676056	0.5000227853278025	0.5000122594035906	0.5000001069932088	0.49999979209980994	0.500001424492927	0.5000161022788684	
0.6667105564735951	0.9999686658094795	0.5000359276718366	5.006914997445551E-6	0.50001267224485	0.5000000876936574	0.5000003090460589	0.5000005267221196	0.49997049167813035	
0.6666908555227544	0.9999693482423231	0.24985971808066418	0.9999716348328243	0.5000127224458542	0.49999970589128667	0.4999998662678474	0.5000008151798221	0.5000154282040136	
0.6667106179071104	0.9999930076023097	0.2501039738603075	1.1311310925406607E-5	0.5000137406083622	0.49999966856098976	0.5000000126944908	0.5000010105331141	0.5000211597733303	
0.666690995216796	0.9999998435749359	1.649937239172591E-5	0.44196797280425815	0.5000127288022399	0.4999997554329709	0.4999998963136022	0.5000051086231629	0.5000196747721665	
0.6666959804530036	0.7497305343914953	0.999999894910677	0.9999995212217081	0.5000121897752685	0.4999997004944713	0.49999935951075986	0.5000008390999342	0.4999843972019323	
0.6666472723809226	0.7500006753020542	0.9999937963977278	0.666759247927038	0.5000127695605042	0.4999998828262794	0.4999995807637104	0.5000008180773537	0.5000151959150183	
0.6666431008331356	0.7499968927155349	0.9999976864559549	0.3332618815919283	0.5000112676994415	0.5000005257163563	0.4999999554803475	0.5000008118188054	0.5000172595597359	
0.6666961873418065	0.7500068245149429	0.99998390879879	2.512373802326911E-5	0.5000131651410311	0.4999998727287659	0.5000010423806746	0.5000013540022312	0.5000223306026017	
0.6666565836591607	0.7500124204822594	0.6667661677306236	0.9999995201043682	0.5000127673145851	0.5000001172950607	0.4999996003702567	0.5000012195196673	0.5000165369214984	
0.6666562806903464	0.750001612052591	0.6667160705046532	0.500023379840377	0.5000129214892041	0.5000000913856247	0.500003263271059	0.5000035533490363	0.5000164118492721	
0.6667005069194415	0.7499978588206592	0.6668202373304664	1.3161294104118543E-4	0.5000127786049232	0.5000006871968564	0.49999979372891007	0.5000013064693883	0.49997332264860517	
0.6666914181133439	0.750013479309567	0.33337425753733113	0.9999466506808758	0.5000115736518154	0.5000005395326985	0.49999987919876115	0.500001643282165	0.5000144143498718	
0.6666914504129078	0.7500138275287587	0.3333704406750686	5.426347252262306E-5	0.5000116038283732	0.4999997654622432	0.49999837807817477	0.5000008382755751	0.5000227638988929	
0.6666910395904677	0.7500062119851003	5.009362699588011E-5	0.5090282823022783	0.5000110248807845	0.49999965127197527	0.500000281034081	0.5000007834622662	0.500016536448364	
0.6666965933333349	0.5000631768117358	0.9998958148214732	0.9999611512668461	0.5000115036140453	0.49999972277214694	0.5000001747736507	0.5000047489819422	0.49998244147531223	
0.6666984098269023	0.5000847092438047	0.9999361443261107	0.5000234005187689	0.5000127511508332	0.4999998745221409	0.49999956740455986	0.5000006671088775	0.49998314795612153	
0.6666986849433902	0.5001397855871855	0.9998151812596625	1.1339730660628322E-4	0.5000128390298585	0.49999986236353366	0.5000032279265114	0.5000018427554307	0.4999833241647641	
0.6666943446202322	0.5000631768117358	0.5000258326665472	0.9998648150709311	0.5000115036140453	0.49999972277214694	0.49999976300577476	0.5000047489819422	0.49998244147531223	
0.6666941740960995	0.5001392317482959	0.50034046613548	5.740406484475119E-4	0.5000116207171823	0.5000015626312555	0.4999983238179923	0.5000016774584866	0.499983996918991	
0.6666943446940508	0.5000631770419265	1.4959168362679056E-4	0.5000287502587176	0.5000116001784851	0.499999721843421	0.5000001664290465	0.50000479854987	0.4999829830776472	
0.6667019597477831	0.2501944660338251	0.9994644975345246	0.9999611469388643	0.5000114716288365	0.4999997954873341	0.499999823851231	0.500001748619122	0.5000163809777907	
0.6666965980892348	0.25011668118618186	0.9998498315840136	2.5134247763139797E-4	0.5000113787028857	0.500000109028385	0.5000001475621013	0.5000018255493535	0.499970750869831	
0.6666984024875272	0.25011668118618186	2.119099643476711E-4	0.5084170479305196	0.5000128453535393	0.5000001104678964	0.49999957180328114	0.5000025015510523	0.49997353420290674	
0.6666866462110294	2.922863103839953E-5	0.733084383311623	0.4999564542868053	0.5000110076885755	0.5000001213204613	0.499999979560509	0.5000010202220211	0.49998507774483575	
0.5000070167305288	0.9999938826129332	0.9999965089747324	0.9999934566072325	0.5000153550194533	0.5000009756034474	0.4999999478072635	0.5000007152507105	0.5000143409775561	
0.5000068577574438	0.9999920290096308	0.9999742316120735	0.6667589360094183	0.5000117178619697	0.5000000957912669	0.49999987030674825	0.5000048115916657	0.5000214004103023	
0.5000068577686902	0.9999939114367449	0.9999887825561377	0.3332618815919283	0.5000127373514485	0.5000023978910658	0.4999996811007932	0.5000008551529428	0.500016567097779	
0.5003708949086861	0.9996008152370285	0.9994332818505958	9.131250849138293E-5	0.5000127363199655	0.5000000906563496	0.5000002745376081	0.5000008550500579	0.5000156522528096	
0.5000068781767225	0.9999888303817314	0.6667481809653472	0.9998639821635354	0.5000131011962876	0.4999994905183678	0.5000051633271091	0.5000010129536044	0.4999840098619022	
0.5000464268418716	0.9999525297976525	0.6664992150103055	0.5000228689732156	0.5000117110930061	0.49999976230372273	0.4999996677743452	0.5000007202702106	0.5000168400322337	
0.5000043154981239	0.9999957833717491	0.6665469857539368	4.519376571791081E-5	0.5000146385544545	0.49999967011924595	0.5000005703963745	0.5000009445661341	0.49998475452661073	
0.5003645619512367	0.9999667496612716	0.3346705365630973	0.9973620196757126	0.5000117110690626	0.5000002926700808	0.49999966726127787	0.500002676138185	0.5000168647501343	
0.5000043154981239	0.9999957803885126	0.3333701016703662	4.519376571791081E-5	0.5000126480688956	0.4999996747041683	0.4999995738097948	0.5000009414007094	0.49998475452661073	
0.5000457279586262	0.9999432558791365	5.594657456679201E-5	0.557083435986627	0.500012780852373	0.4999999185432697	0.49999967258580824	0.5000011056583368	0.5000156517171482	
0.5000068501147205	0.6666354978498045	0.9999741550628485	0.9999926751259914	0.5000117188828287	0.4999999771356093	0.49999993113670554	0.5000006951562218	0.5000181422662651	
0.500043611136288	0.6667689715266353	0.9999340119935147	0.5000185916422669	0.5000117251089783	0.5000002409682881	0.4999999461103327	0.5000009934578212	0.49998306454423586	
0.5001655293471673	0.6667689595543446	0.9998260247269193	3.357436345943765E-4	0.5000131210289469	0.5000000937974282	0.4999999040116651	0.5000009850869507	0.5000239981419091	
0.5000071389574265	0.6667689898248265	0.5000266470621383	0.9998659742270285	0.5000122297053352	0.5000000985592526	0.4999998706295132	0.5000046909292897	0.4999830964273741	
0.5000470826276279	0.6667689290632949	0.5000934725905531	1.578790392230871E-4	0.5000117199573759	0.5000005483915985	0.4999998513727402	0.50000153115014	0.4999839533608679	
0.5000457157701466	0.6667688538049843	1.7831192075850358E-4	0.4426272430137	0.500012846317895	0.49999967111971505	0.5000002962243418	0.5000009713878147	0.4999904175945075	
0.5000448101310171	0.3336778802002446	0.9994626183063074	0.9998567956241458	0.5000113406922434	0.49999893045456834	0.4999998094405282	0.5000025331479133	0.4999795611534987	
0.5004648397445648	0.3339783029675112	0.9994641074674904	0.002239835718810251	0.5000113040187069	0.49999967740946494	0.5000030615470819	0.5000035507227946	0.4999836128947043	
0.5003585336634176	0.3339847448524384	0.00255965564226468	0.4999867960016515	0.5000112205137152	0.5000005760270398	0.49999967676627616	0.49999991549084777	0.5000171803170027	
0.5001634748455311	9.53190990921758E-4	0.5740670281689322	0.4623802796971339	0.5000112198523942	0.5000000928305024	0.4999996890933355	0.5000009708605938	0.49998144867848576	
0.33365851071522507	0.9995538490244747	0.9998191214166158	0.9996006294187195	0.500013107233889	0.4999976956277178	0.49999929172185376	0.5000010184003981	0.4999858952221333	
0.33343501150176175	0.9999141923857375	0.9998123116831112	0.49991336728149166	0.5000127370320896	0.4999985628667242	0.5000006283818309	0.5000008982089482	0.5000226139775475	
0.333437619572376	0.9998444689367466	0.9999323028195981	4.051580377734088E-5	0.500011491814605	0.49999972050403374	0.49999988517409827	0.5000050097212345	0.49998010195528986	
0.33343144624240145	0.9995516253596888	0.5001271361425507	0.9999640283131501	0.5000130795544686	0.49999976229253884	0.4999982450764022	0.5000010029333072	0.5000212895506371	
0.333923917165262	0.9993494405231602	0.5001284380174791	0.0012476655443454665	0.500011273326049	0.49999952402620657	0.5000001668804681	0.5000008653173555	0.5000116133044147	
0.3333397584792613	0.9999994218391924	3.517444473923999E-5	0.6671025754357118	0.5000114716998108	0.49999948044675874	0.4999999025445482	0.5000010132028798	0.49998102757092217	
0.33342900330232517	0.5000857683309189	0.9998113819157416	0.9998606261062769	0.5000114645515588	0.5000001308355202	0.4999995694006519	0.5000009082039657	0.49998602876083603	
0.333437619572376	0.5003173218950514	0.9994552113205412	1.9247813397891718E-4	0.5000113817316284	0.4999996782831498	0.5000001739718136	0.5000008572380216	0.4999854666159248	
0.3339267199939911	0.5009266370892739	0.0032853999584720184	0.5055416899917297	0.5000113070883377	0.49999971754022154	0.5000001885078788	0.5000012174468011	0.500017390028346	
0.33392665556132817	0.002005298619073115	0.675547989074791	0.5056027976043783	0.5000112766380156	0.5000006084405952	0.5000001645834501	0.5000051177889994	0.5000174349612253	
0.16763093607059298	0.9982832687496939	0.997302626101721	0.9995234417469594	0.5000114378636416	0.49999970877265704	0.5000051184758553	0.5000025224244434	0.49997859815613876	
0.16763099414708194	0.9998879758896426	0.9979571856648889	0.003342013864492732	0.5000114405283727	0.4999998803332301	0.5000051900301443	0.5000010100054818	0.49998089942298646	
0.16695802686397787	0.9993699948239212	8.939152810296125E-4	0.5041113767224548	0.500013242833169	0.5000000201693909	0.5000016124981804	0.5000006404646955	0.5000219555730158	
0.167385308713242	0.0039283175406356705	0.6432375628386079	0.5059620118423263	0.500011626321214	0.5000000184204093	0.49999964583804685	0.5000009649523841	0.49998302558260993	
3.908601843857773E-5	0.6583578068315192	0.9838106520498336	0.6293042044734816	0.5000130524935789	0.4999994784051198	0.49999871373552685	0.5000007350238336	0.5000182279866249	
