0.999999365523218	0.9999988265301504	0.9999986674614879	0.9999998142591866	0.49996417149843897	0.4999994525536281	0.4999991940453073	0.5000008037901232	0.5000001113659479	
0.9999991762074829	0.9999902989377037	0.9999908455231172	0.8332847582363418	0.49996789592550955	0.4999998871236559	0.5000003825897509	0.5000007745152165	0.49999995600433117	
0.9999075646422777	0.9999864814421849	0.9999297697909287	0.6671301125057633	0.49996492454896013	0.4999999212590385	0.49999897791713854	0.5000008517976682	0.49999982634434265	
0.9999915809382144	0.9999874198098225	0.9999961422410806	0.5000509294621116	0.4999646022771932	0.49999947199507955	0.4999994431176287	0.5000006526827424	0.4999997583446765	
0.9999895578225522	0.9999920661453603	0.9999946126435574	0.3333616375786324	0.49996459336704113	0.4999997466392282	0.4999993819905599	0.5000004156018275	0.499999750289573	
0.9999894845800448	0.9999925867578903	0.9999824884438946	0.16672848286758532	0.49996495725492107	0.49999982088337713	0.4999995250886852	0.4999990455857897	0.49999946812465323	
0.9999958959024202	0.9999830530571134	0.9999910181335758	1.377735081138745E-6	0.4999648406872755	0.4999979038337168	0.5000002082473325	0.4999984915048258	0.5000007516667317	
0.9999993652932131	0.9999906840173431	0.8332783218225865	0.9999998163726787	0.49996527425003034	0.4999997634653764	0.49999941480801113	0.5000039282807617	0.5000001794284872	
0.9999946085783246	0.9999873805291337	0.8333356410504535	0.8000149220859406	0.499964980810822	0.4999998068876288	0.49999941172531176	0.5000006431764068	0.49999991228444857	
0.9999952866748265	0.9999906988349195	0.8333353309986427	0.6000547761466946	0.4999672221594779	0.49999989954834884	0.4999994041853298	0.500000398430277	0.499999791974568	
0.9999820893093915	0.9999927029564429	0.8333285934936719	0.4000934674658308	0.49996724454897	0.4999997306812076	0.500000906163062	0.4999991147073106	0.499999791969116	
0.9999893693739843	0.9999987763585962	0.8333286151694456	0.20019345603620275	0.49996499763956515	0.4999991768687667	0.500000469367034	0.49999933930865814	0.5000003419247063	
0.9999892765297423	0.9999831766408434	0.8333286030669106	3.0132274231023905E-8	0.4999649806096628	0.4999997104043155	0.5000004982888692	0.4999989586677226	0.5000003057026672	
0.9999997189912803	0.9999961416603435	0.6666821473501265	0.9999951935534142	0.4999671642038267	0.49999976124869994	0.5000005664986339	0.5000008959541701	0.49999991523302567	
0.9999954572571742	0.9999869254525475	0.6665989057586964	0.7500332631759019	0.4999671451971927	0.49999989588382954	0.5000003092840419	0.5000008201936302	0.5000008274180227	
0.9999960071341	0.9999921815934314	0.6666757016802761	0.4999967115075502	0.4999523509067355	0.4999994595936856	0.4999994470437496	0.49999970064634525	0.5000008115308873	
0.9999941755815486	0.9999810972920623	0.6666764684410417	0.2502653926303806	0.4999649607101324	0.4999998687293078	0.500000128016062	0.5000020268400532	0.5000004156248056	
0.9999942060333712	0.9999917731934155	0.6666764684410417	2.5105144387091555E-6	0.49996515953824044	0.49999831175067555	0.4999993903940634	0.499999154347722	0.500000455627012	
0.9999990898975112	0.9999922866405729	0.5000080652828964	0.9999991194840376	0.4999651424191433	0.5000027139333558	0.49999933566014676	0.499999925652361	0.500000747613386	
0.9999994756360261	0.9999937862969934	0.5000082669584424	0.6666163775770464	0.4999655700036329	0.5000002264519247	0.49999933544949726	0.4999999383883332	0.49999974251556756	
0.9999937381084902	0.9999907916995902	0.5000069135891574	0.3332658113062718	0.4999655695650452	0.4999995271612475	0.4999993802178567	0.4999991810462732	0.5000001463694755	
0.9999819033490559	0.9999995402182819	0.5000337334685233	9.028625191961903E-5	0.4999643893916618	0.5000001839560264	0.5000002279577255	0.4999999055096512	0.5000007929813641	
0.9999792947859956	0.9999929420009227	0.33327665913305415	0.9998930687323585	0.4999520544156542	0.5000000112620121	0.4999993071104944	0.49999993493191974	0.5000008411137415	
0.9999896803406569	0.9999903601376735	0.3332766672141551	0.4999876851321623	0.49996718898507786	0.5000036392057425	0.49999931261071073	0.5000017608029451	0.4999999967064875	
0.9999825701170532	0.999980854185155	0.3334485962040817	2.919122946713451E-4	0.49996613241715554	0.49999973009160403	0.5000003453149158	0.4999997055379116	0.4999998569089037	
0.9999997222476055	0.9999875511648105	0.16679286896525022	0.9997855356346206	0.49996605830362123	0.5000000404954745	0.499999046595866	0.4999991711641129	0.500000139460745	
0.9999835314783603	0.9999975697365227	0.16679286896525022	2.919122946713451E-4	0.4999525097403938	0.4999997604254217	0.49999860073951535	0.49999916540192085	0.5000001869427295	
0.9999928355123825	0.999990557009491	1.1013185185546247E-6	9.667770770955819E-4	0.4999672067717138	0.4999996884646435	0.4999986177940011	0.4999996109869181	0.5000000056837683	
0.9999997137524663	0.8333310005487083	0.9999987077911516	0.999998932628288	0.49996794825567703	0.49999988631976694	0.4999994107570018	0.5000020679959447	0.5000004981252719	
0.9999992788479527	0.8333308963467403	0.9999987084160809	0.8000136291762374	0.4999679442700127	0.49999983564094064	0.5000003259960832	0.5000006635702432	0.4999999191487342	
0.9999935726136557	0.8333316614758286	0.999981228711626	0.6000546905290267	0.49996459562293133	0.49999995525993374	0.5000005832255423	0.4999973362630149	0.4999998024539767	
0.9999982286767649	0.8333500958354583	0.9999812007736186	0.3999462641627021	0.4999645956229767	0.49999995504035716	0.4999994124147146	0.49999847384801854	0.4999998040731688	
0.9999714341961942	0.8333514784743751	0.9999824828832379	0.2001917902849611	0.4999646640291767	0.4999983920677426	0.5000002201783333	0.49999932585369355	0.5000003357255552	
0.9999708349890614	0.8333325741160266	0.9999990066361537	9.337528408721913E-6	0.49996533150216765	0.49999851211765134	0.5000004308117056	0.49999948928770693	0.5000007467198658	
0.9999994059345301	0.8333309776270464	0.8000021670654189	0.9999989268367147	0.4999652114640844	0.49999973730634967	0.4999992268388924	0.5000006583831743	0.4999999190530389	
0.9999993267295192	0.833336142076301	0.8000022235215895	0.7500072640488543	0.49996772667797723	0.4999987529945385	0.5000003197196423	0.5000010805364454	0.4999999266691334	
0.9999944145901849	0.8333363022562941	0.7999488245974532	0.5000472522025609	0.49996474292582377	0.5000019498670075	0.5000001717111469	0.5000005952884106	0.5000009738122108	
0.9999956784134665	0.8333306289299075	0.7999494252349935	0.24994895331640765	0.49996401517340805	0.4999997187424407	0.499999361580987	0.4999997777944319	0.5000009753817106	
0.9999844998176973	0.833333969569905	0.8000238643949426	1.0473170909634623E-5	0.4999651090909341	0.4999997317473196	0.4999993943962175	0.4999998397660695	0.49999981077461875	
0.999994428852633	0.8333310065793754	0.6000738539616236	0.999916983895096	0.49996721032036734	0.50000012569375	0.4999993778849028	0.5000008961101527	0.4999997968231816	
0.9999942527871654	0.8333340911708493	0.5999669428860909	0.6665517872477873	0.4999669788483843	0.5000036185398533	0.5000001231662592	0.5000017212292319	0.5000004102032832	
0.999984387759875	0.8333340807907124	0.6001220270367948	0.33332469003657045	0.4999669615296213	0.5000036545410385	0.49999941734851994	0.4999998406640894	0.5000007951864903	
0.9999828491723387	0.8333516874967067	0.6001243895800095	2.3713811022929083E-4	0.4999651294175161	0.49999980918672005	0.4999994774428773	0.49999984791712404	0.4999988707802576	
0.9999858629637275	0.8333492354175593	0.4001842778356612	0.9995016162490908	0.49996595186435977	0.5000013229637836	0.50000035670783	0.5000007278282503	0.5000003509571426	
0.9999990494623299	0.8333321786191698	0.3999658617788707	0.49998770652020735	0.49996696817253233	0.5000000670899966	0.5000004267062665	0.4999991692851273	0.49999881150718783	
0.9999988238931393	0.8333321489057883	0.40003704177234867	4.1035701099208124E-5	0.4999647262045889	0.49999971182421726	0.4999995425936041	0.49999914396973977	0.5000000238234922	
0.9999991099384791	0.8333491156259802	0.20004399653043692	0.9998301163231685	0.49996550251771577	0.4999982731807173	0.4999993297899898	0.49999993264721143	0.5000004741566204	
0.9999924271048968	0.833348025356961	0.20018283893610328	4.992594610358225E-4	0.49996530435781256	0.5000000448062012	0.5000003672187978	0.49999977322213207	0.5000005839684053	
0.9999978357789463	0.8333342394074476	3.226358558443192E-5	0.5383292684361082	0.4999651636256677	0.49999965682842096	0.500000355506569	0.5000008805018876	0.5000004708829626	
0.9999948560264725	0.6667095535912614	0.9999668916884076	0.9999682123128097	0.4999676700885518	0.4999998364674442	0.49999927713649805	0.5000010618706588	0.5000001432097536	
0.9999745189698998	0.6668644591722245	0.9999919701486754	0.7499559438858645	0.49996588992437974	0.499999830948733	0.4999995177065274	0.5000009651885763	0.5000001409966309	
0.9999917642742363	0.6666389775724243	0.999999923605307	0.5000467144435271	0.49996525708720063	0.49999953075738335	0.49999896905958097	0.500000566870904	0.5000001600740506	
0.9999923581789337	0.6666607350125875	0.9999936558552202	0.24995418315844103	0.49996444134558043	0.49999835135428633	0.49999923932503365	0.49999949507175845	0.5000007614246244	
0.9999896883598273	0.666639341019768	0.9999826061722056	7.0284598495175076E-6	0.49996507191319045	0.5000000453891842	0.4999994164873754	0.49999981814373323	0.49999978817939095	
0.9999543591243621	0.6666972050862735	0.749985880961225	0.9999951098781583	0.4999658910271797	0.4999986191220781	0.4999995178135805	0.5000005524465994	0.5000001446667718	
0.9999745382367733	0.6666390598488255	0.7499729691327034	0.6666604661590638	0.4999658805107876	0.49999987523183215	0.5000005558075948	0.5000005238776762	0.49999989070025247	
0.9999951852157136	0.6666322763828159	0.7499756682663746	0.33337265616854056	0.49996601224950826	0.4999986533356419	0.4999994794862307	0.4999996208634448	0.4999997972639756	
0.9999958324716451	0.6666390542658439	0.7499756682663746	7.047363563003913E-6	0.4999650778890037	0.5000000012618788	0.5000004438485948	0.5000040032088899	0.5000004519973851	
0.9999943502850924	0.6666386055619828	0.49999428884396263	0.9999997125664701	0.49996591458916584	0.49999969197137895	0.4999992332451754	0.4999996784478042	0.5000016905818553	
0.9999942513922786	0.6666380887577319	0.49995877838131186	0.5000946717900037	0.4999643502008337	0.4999988472346253	0.4999986517332214	0.5000013770279053	0.5000004642587906	
0.999977537237702	0.666639035170666	0.5000326295296742	3.946065267996224E-6	0.499965072448191	0.49999886417521683	0.4999994776300574	0.49999965393520013	0.4999997792841503	
0.9999773322510223	0.6666323088094838	0.25004820028767116	0.9998269316767114	0.49996474693636483	0.5000011884002598	0.5000005761879046	0.5000012498613158	0.5000006838799671	
0.9999773320973887	0.6666307772455348	0.25004762287727134	3.1539310144830795E-5	0.49996526753226544	0.49999827917935763	0.500000591502418	0.4999996373487513	0.5000004503341805	
0.9999979383028921	0.6666336939907668	4.3613543423917367E-7	4.697013548227158E-4	0.49996672829126804	0.5000000495159412	0.5000004045975093	0.4999995774235121	0.49999879644335615	
0.999994861052546	0.500013203323406	0.9999971092104406	0.9998060088191307	0.49996785891540696	0.4999992432917749	0.49999946489111385	0.4999998794882775	0.5000001425550905	
0.9999921396726394	0.5000131614231933	0.9999940852977454	0.6666634966780995	0.499967898099112	0.49999864825727003	0.4999994752542479	0.5000014155979686	0.4999989332766547	
0.999992229259036	0.5000144460262331	0.9999943418802647	0.3333726568907674	0.49996462913731626	0.49999852066823053	0.5000004990421074	0.500001157909727	0.49999888336730675	
0.9999947109830147	0.5000145994217744	0.9999790035894305	1.0468972933950523E-5	0.4999638333893216	0.5000014737315325	0.499998637325954	0.4999998749818412	0.5000018877200433	
0.9999969270264061	0.5000164806447904	0.6667217780223547	0.9999880165187233	0.49996588916415907	0.4999998137809471	0.49999944383168726	0.49999873392672894	0.5000007845683421	
0.9999917295137256	0.500014632794542	0.6666557548227324	0.4999946149418185	0.49996545071359016	0.4999998749712938	0.5000005240471941	0.5000023303771423	0.500000152034258	
0.9999958301829558	0.5000146877302986	0.6667049389832278	1.0415675785402966E-5	0.4999653033507727	0.4999997338025316	0.500000433772162	0.49999981629660367	0.4999999193967485	
0.9999972826778275	0.5000739004460935	0.33370887724688286	0.9990229721579056	0.49996500518523806	0.4999988275896588	0.5000005566218731	0.5000000532889252	0.5000004191356436	
0.9999642723385079	0.5000438105972694	0.33369930248031726	7.645856140342587E-4	0.49996525164385763	0.4999997334142236	0.5000004335812234	0.5000014001833274	0.5000005789372971	
0.9999943579672709	0.5000427290093077	4.72023429282462E-5	0.5138469928557472	0.499966787766869	0.5000000831208502	0.4999987214090219	0.49999907137342037	0.5000003708242402	
0.9999969808239471	0.33338578037169797	0.9999457185968111	0.9999328635896191	0.49996587993797414	0.5000002504786737	0.49999944760536524	0.4999988473234279	0.5000008201128369	
0.9999908275636868	0.3333858116196079	0.9999631332077177	0.5000957349004906	0.49996503858768776	0.49999871376269733	0.5000005155864886	0.5000013505187791	0.5000007191425924	
0.999959478112319	0.3333874454479369	0.9999628681934898	1.3997939631139644E-4	0.4999653243641871	0.49999973516400936	0.5000005692482621	0.49999992669910226	0.4999999108007121	
0.9999963844540918	0.3333858506888152	0.4999816532098096	0.9999199622303128	0.4999647422179278	0.49999977371148574	0.5000004932336471	0.49999862200801276	0.49999986544051495	
0.9999910614308469	0.3333845987908186	0.4999584334426634	3.810813215260816E-5	0.49996424707205966	0.49999879061809516	0.500000510647436	0.5000000227825496	0.5000012109074384	
0.9999925655128667	0.33384828251405546	0.001461054691574426	0.5619302294933857	0.4999649531610397	0.49999885204625905	0.5000005563792695	0.5000012337252665	0.5000004695240261	
0.9999958043409023	0.16680585943589687	0.9995108625545811	0.9999179062537765	0.4999659102679115	0.4999997983364553	0.5000004956533755	0.5000009286785927	0.5000008112888571	
0.9999721030607166	0.16712403082576865	0.999571826744766	0.0015129101369419499	0.49996434129901474	0.49999883707622556	0.4999989918227792	0.5000007633097621	0.5000005843026974	
0.9999922703736482	0.16697580498266515	0.002072497694967246	0.3877815735337244	0.4999653348361089	0.49999981166190294	0.4999990803786634	0.5000011070516802	0.4999988935733496	
0.9999989899912473	3.5239226433558812E-6	0.971347348913446	0.9837481511332307	0.4999648254935353	0.4999998608333415	0.5000005616846124	0.5000000038359073	0.5000015220541266	
0.8333337998621732	0.9999950797288977	0.9999998104864171	0.9999998967809299	0.49996522136970273	0.49999984307544604	0.49999951523668557	0.5000006433739344	0.5000001614940676	
0.8333317389384618	0.9999991735913079	0.9999987924224953	0.8000137959937151	0.4999656001130105	0.4999998116458685	0.4999994725311601	0.5000006435462442	0.4999999675208812	
0.8333299645528864	0.9999944854546243	0.9999988023907466	0.6000549207502025	0.4999673022124206	0.49999981054867915	0.500000336315671	0.49999975307407013	0.49999982507551416	
0.833330121545325	0.9999903818826821	0.9999946475431309	0.39994644108955185	0.4999645869641661	0.499999831175267	0.4999993173074318	0.49999848588197177	0.5000011174432938	
0.8333318869198476	0.9999720710712008	0.9999828844620542	0.20025946898675284	0.49996468262617205	0.4999998702307803	0.4999986707235972	0.49999950157408884	0.5000006507428895	
0.8333333344924772	0.9999998992874185	0.9999979257498683	7.467843324332897E-6	0.4999652051272978	0.4999983176489301	0.5000004968128255	0.4999991929133021	0.4999994314002957	
0.8333338137964366	0.9999906340555911	0.8000157263566136	0.9999880344953859	0.49996797556585515	0.4999998747041607	0.4999994075813044	0.5000021296320694	0.500000163328619	
0.8333337731837391	0.9999945369484046	0.8000157263566136	0.7499826308453489	0.4999656037597956	0.499999755973385	0.500000360442862	0.5000007390509619	0.4999997910798014	
0.8333319092720346	0.9999929645937875	0.800022071656454	0.5000295955038462	0.49996563110034425	0.49999953537926883	0.49999896316706605	0.500000658987679	0.49999996575519895	
0.8333319056829502	0.9999902245537219	0.8000256381968772	0.25000917394015376	0.49996563789193493	0.499999584272355	0.4999993391808228	0.5000005616831672	0.4999997231055748	
0.8333328867058452	0.9999918575234391	0.7999520887122045	7.037000752075537E-9	0.4999651239087706	0.4999997304996399	0.4999994026035028	0.4999991937852888	0.49999942659533375	
0.8333334697540139	0.9999904263938252	0.6000738328465924	0.9999177412404908	0.4999657236494469	0.49999978980323745	0.4999986224448892	0.4999997187867812	0.4999996853829897	
0.8333340926637476	0.9999900428451979	0.6000738328465924	0.6666801564697749	0.499965946261251	0.5000000246228207	0.5000003545527197	0.5000006555537004	0.5000004413536128	
0.8333315461601656	0.999993787245588	0.5999636702013301	0.3333255500073504	0.49996594876314304	0.4999998150260618	0.4999993352284914	0.4999994836539383	0.5000004423746369	
0.8333319636669362	0.9999927762343952	0.6000727519173695	1.071687489836906E-4	0.49996510918618836	0.49999998082007036	0.4999993933629262	0.4999996084404632	0.5000004396652141	
0.8333331538422952	0.9999906335801312	0.40018428167196346	0.9996521854224848	0.49996470144369687	0.5000002597208414	0.49999850781433713	0.49999965546515523	0.4999990394213217	
0.8333331564476865	0.9999999755661507	0.4000045924290757	0.49998892367171044	0.49996599267416636	0.4999999758593665	0.49999939477563277	0.5000007897075089	0.5000001398687604	
0.8333341393058258	0.9999910195774654	0.40003704177457666	9.432631936615298E-5	0.4999659986747457	0.49999972131872633	0.49999931389468866	0.4999998888110772	0.5000004829480826	
0.8333312468076078	0.9999905066719591	0.20004556375891935	0.9999156828624918	0.49996337001813457	0.5000000431690708	0.5000004712961859	0.49999972099775597	0.5000006463222411	
0.8333312942782328	0.9999903594148838	0.20004550451534212	4.677009897152992E-5	0.4999671865884253	0.5000036419190121	0.4999993250585185	0.4999991773842107	0.4999999980021685	
0.8333323417624351	0.9999992545552685	1.757212576555944E-8	0.01640625343124169	0.49996520175578657	0.5000000404049961	0.49999929552667455	0.49999986002152647	0.5000017093390611	
0.8333338029306115	0.7999981456496464	0.999999927532501	0.9999993102667778	0.49996525604902975	0.4999998425950089	0.4999993953779142	0.5000006248062295	0.4999998035034755	
0.8333330095934428	0.7999981100235589	0.9999989995131517	0.7499834520525264	0.4999653799475498	0.5000003106886859	0.5000003528122634	0.5000010190818973	0.4999999392214632	
0.8333328583499325	0.7999981100235589	0.999999905957323	0.4999899823323524	0.49996476251347455	0.49999965926164436	0.5000005200197234	0.5000008267922509	0.4999999924308325	
0.8333327876463968	0.7999986534867981	0.9999977290669453	0.25001042825394926	0.4999658615729528	0.49999965876582847	0.5000005186339256	0.500000823318429	0.49999975391893015	
0.8333333070080875	0.7999754331692299	0.999994265563454	2.3752579471568412E-6	0.49996521114753223	0.4999983616598811	0.5000008978006796	0.49999914834024517	0.49999940999416487	
0.8333338128963977	0.7999981216486759	0.7499993981084448	0.9999992155675477	0.49996591980624894	0.5000002857601862	0.5000005769386947	0.49999975457695983	0.49999973469466047	
0.8333317507374791	0.7999981057827992	0.749999298361218	0.6666798105288505	0.4999657343892602	0.4999998105187082	0.5000003519389988	0.49999973195248076	0.499999936019106	
0.8333343142439398	0.7999979600866606	0.7499799875794627	0.33332543647264157	0.499965875560093	0.4999999946402858	0.5000001561046717	0.4999994820839721	0.49999983318349395	
0.8333333126072442	0.799998799648685	0.7499730849541367	1.2310883602007503E-6	0.49996520247335574	0.4999997289886903	0.500000179543691	0.4999991612711171	0.500000252162576	
0.8333338124727877	0.7999981227387452	0.5000074879996578	0.9999971707228628	0.49996558468290747	0.5000002947104686	0.5000005934208456	0.4999997209327515	0.5000007642949061	
0.8333333573302644	0.8000005576046358	0.5000074868096208	0.5000299533455604	0.4999648207940625	0.4999997897232182	0.5000006351533953	0.4999998695469315	0.5000004536071146	
0.833333364825816	0.799998799648685	0.5000076628630643	1.0269572943633935E-5	0.499965205455797	0.4999997356412259	0.4999994283772602	0.49999925807888856	0.5000002423595853	
0.8333345333736282	0.7999821536946198	0.2500271066095436	0.9999433034786014	0.4999647434440277	0.49999825624017835	0.4999993213930313	0.4999996660459109	0.5000004751709822	
0.83333453640525	0.7999832474071318	0.2501923692467971	7.475194258727454E-4	0.4999660076466522	0.5000000665242538	0.5000004760583467	0.49999987822513864	0.5000004562220259	
0.8333342590371483	0.8000020416178636	3.82401379854776E-6	0.49696738620651953	0.4999652501535969	0.5000000344919945	0.500000548473338	0.4999998696460955	0.4999998763311672	
0.833333845290996	0.6000024929895651	0.9999971748712423	0.9999984710504025	0.49996590665665097	0.4999990387380155	0.5000003069500408	0.49999993539792975	0.5000001703058035	
0.8333338658106316	0.6000024930055223	0.9999987349164443	0.6666643417923777	0.4999659073051568	0.4999986540418581	0.499999413619769	0.500001182677652	0.500000168931401	
0.8333320243296342	0.6000024774031038	0.9999987890453843	0.3333439994970795	0.49996587043412205	0.49999864231740027	0.5000015366150701	0.49999994187976726	0.5000007689790992	
0.8333328586683719	0.6000390623268549	0.9999809258098433	1.1799295868794933E-5	0.49996519456009625	0.4999981595033325	0.5000005589027295	0.4999997457159866	0.49999979213133966	
0.833333978529716	0.6000027392421626	0.6666556041953945	0.9999875142401979	0.4999653203605455	0.4999999939701037	0.49999945964904596	0.5000015319221774	0.50000014221946	
0.8333318455734208	0.6000027335984985	0.6666557863725949	0.5000994486496587	0.4999648434107526	0.49999984134256203	0.500000504162004	0.4999999680409736	0.500000535692616	
0.8333317808441872	0.5999864399254939	0.6666801175532479	1.4578188604449067E-6	0.49996508936787726	0.4999994061314797	0.5000005013370163	0.4999996075340167	0.5000009733509627	
0.833334020878346	0.6000870338755719	0.33354661036536104	0.9995201967548063	0.4999655021094095	0.49999830114995786	0.49999927484067025	0.49999996493232046	0.49999988480318985	
0.8333342447813114	0.6000876113227542	0.3335475553979808	4.201757639711654E-4	0.49996525127866465	0.49999853106402775	0.5000006053528397	0.4999999761574636	0.499999893047082	
0.8333343910637829	0.6000876103141646	1.623491152353999E-4	0.4842454066529919	0.49996523111298974	0.49999966121356354	0.5000003334278006	0.49999988675211654	0.49999989311586795	
0.833333784967005	0.4000067637933376	0.9999785856510625	0.9999980536865304	0.49996496538861324	0.4999996467085919	0.49999905312271276	0.5000000145806502	0.5000007511832248	
0.833331744083572	0.40000146801869657	0.9999945188758248	0.5000287271154744	0.499964768368333	0.49999987494587905	0.4999990529017585	0.500000854489137	0.49999989474057244	
0.8333311182375297	0.399962104889292	0.9999987402375116	1.0152590772095584E-6	0.49996339739559703	0.5000002275027271	0.49999939909033225	0.49999959507468394	0.50000047720522	
0.8333340157210348	0.40001575301122855	0.49998148858985497	0.9999984356462788	0.4999659345003265	0.49999979967593666	0.500000256349803	0.5000000555788402	0.5000001887360752	
0.8333340045822365	0.4000015061178914	0.49995850661712216	5.757618189552787E-6	0.4999647135018128	0.49999979846943815	0.49999898047167346	0.5000000262334973	0.5000005343017182	
0.8333327446625214	0.40000120350965196	5.16971213216755E-6	0.38548580847807123	0.49996531384561244	0.4999999395959349	0.49999939462321524	0.4999995978533875	0.500000621657336	
0.8333327881529343	0.19999717860734617	0.9999972658301705	0.999999772798018	0.4999643241803617	0.49999930420547206	0.49999942076430226	0.49999997141043717	0.5000010201083382	
0.8333327851977049	0.1999974763681967	0.9999972420913033	5.70569086089303E-6	0.499963235905986	0.49999940028184275	0.4999994224718855	0.4999994831125911	0.5000009543412391	
0.8333321062021012	0.20013952717403158	0.0011949249237593884	0.5002722200639119	0.4999659972565654	0.49999977416227953	0.4999990678346141	0.5000000164284398	0.4999998938991378	
0.8333340359954353	4.074417509714046E-6	0.5086883875452605	0.9072686037452644	0.49996387772185596	0.4999988737845984	0.5000004454254672	0.4999999224329225	0.5000000612042553	
0.6666720870887713	0.9999930795936919	0.9999723032348111	0.9999950848714547	0.4999643292926597	0.4999995358387688	0.4999990239012034	0.49999972059918324	0.5000001586860893	
0.6666728966028532	0.9999944845614217	0.9999950230286828	0.749859020825262	0.49996467404753264	0.5000002868857849	0.49999941260582237	0.4999974697340139	0.49999982531278186	
0.6666723766688294	0.9999988524692918	0.999991150413392	0.4999883090381831	0.4999642410715827	0.5000003454350982	0.4999992804099029	0.5000005488455084	0.4999997901878947	
0.6667371959733465	0.9999729216702148	0.9999828852279046	0.2502570803448349	0.49996414856958443	0.49999891024313825	0.5000002139291287	0.49999962923780195	0.5000003111642498	
0.6666268555607473	0.9999986917632001	0.9999998963098156	7.036683695446637E-6	0.4999652535881944	0.5000000521752964	0.49999945411522556	0.4999996269389879	0.5000001376298354	
0.6666720870887713	0.9999930795936919	0.7499858194685771	0.9999950848714547	0.4999643292926597	0.4999995352661293	0.4999990239012034	0.49999971494197026	0.5000001586860893	
0.6666727690100425	0.9999927206844613	0.7499996707976986	0.6666204467271235	0.49996433736828105	0.49999980616746614	0.49999945145560143	0.4999997609822613	0.4999998083827476	
0.6666908414806617	0.9999829315049127	0.7499538636946241	0.3333426588951952	0.49996488684878915	0.4999998360300141	0.49999940872813853	0.4999997716283115	0.5000007915773069	
0.6666879827607252	0.9999968146439404	0.7499117312475784	1.9939028937623703E-7	0.49996510902594143	0.49999981303769625	0.49999846853322044	0.4999996056402031	0.5000004708814014	
0.6666729281464797	0.9999941419579269	0.5000069868737937	0.9999889117268858	0.499964302303336	0.4999997934144708	0.49999904000660655	0.49999971498383267	0.5000004195983834	
0.6666730844633024	0.9999826952070825	0.5000072558629253	0.5002056442325401	0.4999648864649101	0.4999997557223125	0.4999993803879287	0.4999995216948074	0.5000004211024022	
0.6666727939120494	0.999997196399295	0.5000072596678513	1.1924799525518785E-5	0.4999617092337804	0.49999970311048886	0.49999862513083404	0.4999991219936721	0.5000004545681251	
0.6666804538703047	0.9999740137789738	0.2500265207884507	0.9997066480481971	0.4999647432277853	0.4999999828044781	0.49999920414903254	0.4999991738004597	0.5000011258523299	
0.6666896220010581	0.9999844323946713	0.2501875463268962	3.895458371278252E-4	0.4999652577172323	0.49999833125679827	0.5000004663913139	0.5000006788483504	0.5000004517168356	
0.6666886243826075	0.9999898279518059	7.76244311651926E-5	0.5673587485992988	0.4999669396616605	0.4999981841862083	0.49999932063670993	0.499999098271983	0.49999996665632107	
0.666672897506754	0.7499804804866975	0.9999995742517359	0.9999994951863656	0.49996535114738583	0.49999979968028957	0.4999993957518382	0.49999973606746306	0.49999990378675657	
0.6666724987631651	0.7499824683981849	0.9999991854744067	0.6666782844155462	0.49996532056949416	0.4999998967655436	0.499999351427359	0.4999997333251947	0.49999987219443337	
0.6666908414227227	0.7499824788263907	0.9999854529858849	0.33334213746681923	0.49996585413393746	0.500000113461764	0.500001671552238	0.4999970631434673	0.5000004670022482	
0.6666734056329365	0.7499824627622105	0.9999962511323222	3.7269521181905344E-6	0.4999653126412537	0.499999704206453	0.5000009017972276	0.5000007599316965	0.4999998673585568	
0.6666733870082776	0.7499824792478446	0.6666553824068083	0.9999517236784996	0.49996485298999194	0.5000002748266941	0.5000018118985076	0.50000046957008	0.5000005705986457	
0.6666733751843954	0.750012997035092	0.6666221207595701	0.500022982373231	0.49996510632638236	0.49999989445132337	0.4999986981235474	0.49999948736743	0.49999981091400086	
0.6666733538834871	0.7500139415356283	0.6666247325396365	1.8473785877802688E-8	0.4999650940404024	0.499999751081103	0.5000003575217556	0.49999969605028105	0.5000004712521886	
0.6666798384746693	0.7500187889636697	0.33340358286549554	0.9997144874144224	0.49996482353974214	0.4999995777624374	0.4999993772504105	0.5000004716771091	0.5000007502404588	
0.6667074355316229	0.7500277309832285	0.3335498194882622	4.7572322481471323E-4	0.4999651026796198	0.5000000873953097	0.49999885025191987	0.49999967641325554	0.5000003122944595	
0.6666731437814979	0.7499662025024142	2.1259377330606736E-7	0.5633401308329222	0.4999647478723994	0.5000000026385318	0.5000004758068904	0.49999951987456087	0.5000017250944829	
0.6666751651450773	0.5000133661401408	0.9999971092104406	0.9999693464506139	0.4999647916288066	0.4999992251194877	0.49999959378770675	0.49999970658068915	0.5000007651325278	
0.6666789269865955	0.500012830995635	0.9999955537706269	0.49998048922859967	0.4999647888154794	0.4999995594479115	0.49999885775228725	0.5000004091402663	0.5000004369831779	
0.6666733517991539	0.5000111144062392	0.999995187911978	2.492327936696655E-5	0.4999634607093344	0.49999967173030474	0.49999812169745017	0.4999978404082277	0.5000000939040923	
0.6666735195565666	0.5000418717055397	0.5000200906396396	0.9999685674336134	0.4999647476504473	0.4999996727159217	0.499999372170815	0.4999995514611238	0.5000017207394618	
0.6666794077465067	0.5000344423885856	0.49997981460987356	2.5417439537061537E-5	0.49996484157453897	0.4999997943666983	0.4999988467915065	0.49999976491284415	0.5000011995084301	
0.6666734652895995	0.5000425075925226	7.211759422978475E-5	0.5636385214748743	0.49996477011774954	0.49999821317709303	0.5000004983106414	0.49999999466735096	0.5000005813178958	
0.6666545308145759	0.2498343876943577	0.9999956183726567	0.9999979494365153	0.49996399647839324	0.4999987874099928	0.49999886424313816	0.4999999372185138	0.5000001336395706	
0.666732676275976	0.2502984512645681	0.9999766993358872	0.001520544808777034	0.4999633272630819	0.4999987706310742	0.49999814650361274	0.49999988991972727	0.500001697829793	
0.6666578923650021	0.2504418540618917	0.0014481343876039012	0.08120516082619483	0.49996501733389154	0.49999974116638046	0.49999879714811396	0.5000014054266207	0.5000004862211916	
0.6666631630456026	8.267901784089453E-6	0.7128755526283427	0.5304762877969439	0.4999652915147677	0.4999992140835004	0.4999989942200783	0.49999998115919786	0.49999991082278766	
0.500068452135404	0.9999732903028495	0.9999945655502054	0.9997418839749382	0.4999646688716	0.5000002869433218	0.49999908748802385	0.49999756242777604	0.5000000420707863	
0.500027422169658	0.9999906424037169	0.999976631072129	0.6667554898089673	0.49996527844986094	0.5000001133994749	0.4999993753602541	0.5000007163848824	0.4999998743670163	
0.5000360104659015	0.9999840380218531	0.9999861210330918	0.33347549347119626	0.4999648628047555	0.5000002165271035	0.5000003221091617	0.4999996157692735	0.49999992187701603	
0.5000063919579096	0.9999779489659155	0.9999951418546807	2.361643114277147E-6	0.499964025108918	0.4999998591942808	0.5000002507235761	0.499998043507486	0.500001059539542	
0.5002026049269312	0.9999724388011606	0.6666650199403588	0.9997727355166587	0.4999634039762386	0.5000001350092413	0.49999939344332694	0.4999995543507871	0.5000010927282772	
0.5000062259529509	0.9999966775642302	0.6666650457893215	0.4999810376073892	0.49996589374021777	0.5000001182152027	0.4999989629680917	0.4999988373194467	0.5000001064447264	
0.5000063470276901	0.9999968315215029	0.666658739549113	2.129204968849783E-6	0.49996607144905325	0.5000001296270502	0.4999989263333516	0.4999986504900076	0.5000001495846291	
0.500198171982278	0.9998527541770735	0.3337843895331576	0.9985464636826041	0.49996012043312504	0.4999977690270404	0.5000003901453232	0.4999980582685838	0.49999971982322217	
0.5000316578547697	0.9999901722384001	0.3334723102262741	1.1308732105674355E-4	0.49996606501594	0.49999968997179733	0.49999931564623756	0.4999998908245499	0.5000010206363678	
0.5004439506997825	0.9989842290823792	1.167925781592194E-4	0.4726622930241946	0.499964146535789	0.5000003496633827	0.5000004500948831	0.49999895086952767	0.5000011834426635	
0.5003280804479094	0.6669540236477811	0.9995636568754599	0.9992899751351088	0.49996454406307594	0.4999996640318945	0.49999888439062784	0.5000005725220084	0.5000001445769602	
0.5000381259087665	0.666820215271504	0.9998079147945149	0.49998084277347965	0.49996530313156406	0.49999996144217873	0.5000002895318022	0.5000004102439505	0.500000117114377	
0.5000296518933112	0.6669813706334577	0.9997420092210031	1.3729899532592912E-4	0.499962859362447	0.5000000763130118	0.5000003383417292	0.49999817581042993	0.5000009487607144	
0.500006320484525	0.6667610100058924	0.5000174876421694	0.999934498355692	0.49996506122699663	0.500000286669305	0.499999007435249	0.4999980761171629	0.5000006049366774	
0.5000269654273218	0.6667606744517862	0.5000201946491166	1.4645368585395322E-4	0.4999649017653284	0.49999966573357174	0.4999993914338253	0.4999991771173637	0.5000001072135685	
0.5000272439007126	0.6667624253289698	1.0215054141047937E-4	0.4725637077492835	0.49996418026528705	0.49999997535301494	0.4999991996314845	0.49999903363853443	0.5000005303649268	
0.5000437461091237	0.3335334065252793	0.9998175177986308	0.999650953297291	0.49996338236840954	0.49999976448959615	0.5000004631471606	0.4999997839722207	0.5000010771226039	
0.5010635444234158	0.3356123369180507	0.9952799091916457	0.0031094800117184573	0.49996214371537395	0.49999986886857994	0.4999988431236782	0.5000007623299288	0.5000001050550353	
0.5000379488987466	0.3331252481838269	1.6231664534706701E-4	0.5161947612926456	0.49996455510619336	0.49999973534995534	0.5000002352317928	0.49999950042244956	0.5000005838708942	
0.5000227770729933	4.599261860743775E-5	0.6180837436284407	0.496496509777667	0.4999634011794499	0.4999998995240614	0.4999967893015495	0.4999998961770972	0.5000015566876327	
0.333494961394903	0.9997620298190533	0.9998311496700458	0.9999948563670116	0.49996591967345705	0.49999767830902486	0.5000004359649074	0.499999612014768	0.5000004724591658	
0.33349728901142567	0.9998280948307204	0.9998175133456519	0.4999819913291573	0.499965331890426	0.4999997610041596	0.4999989908895205	0.4999997831520505	0.5000005398714029	
0.3332945437043977	0.9999991309761939	0.9999863943766992	3.75552768484718E-7	0.49996597504865536	0.5000003902871263	0.5000005490246117	0.5000000793661801	0.5000010402709404	
0.3334949158329054	0.9998566902802508	0.5001936208288881	0.9994684829761274	0.4999632558948771	0.5000010403247491	0.499998786430776	0.49999805503480793	0.4999997242672117	
0.3334950159275826	0.9999792813399941	0.5000191346382445	3.312645234118968E-4	0.49996506139637487	0.49999990524430765	0.49999896463451404	0.4999988139467226	0.5000015107275563	
0.33351972502680793	0.9999962256944587	2.596529381701518E-4	0.4990428030113917	0.4999646806361372	0.499999557730764	0.49999897900163864	0.4999980513815811	0.5000014279489823	
0.3334950821035372	0.5001903126402851	0.9998175133314663	0.9993803237228702	0.4999641573119691	0.4999997644936964	0.49999898775774193	0.49999978317300364	0.5000010975931254	
0.3334950821035372	0.5001903126402851	0.9995571771398406	3.287088470442655E-4	0.4999653029882749	0.4999980214678899	0.5000004729582188	0.49999998799423123	0.5000015458380249	
0.3334950225662176	0.5001903126402851	7.401963031134573E-4	0.5121575704399994	0.4999650905084276	0.4999997636620393	0.5000002149345456	0.4999995201246008	0.5000011072905588	
0.33350025518833853	4.931256497900032E-4	0.5119403741122426	0.48888555956630225	0.4999645630882122	0.49999989869248546	0.4999967679342809	0.49999917591880577	0.5000091024071596	
0.16756991808545224	0.9980294275966856	0.9975571144208538	0.9999293152059029	0.4999644635754499	0.49999752136143544	0.5000005319671728	0.49999807550672215	0.5000005375893948	
0.16741093736044702	0.999389676551675	0.9975947371393558	0.001821101116882089	0.4999659330475235	0.4999975333250668	0.5000005422970754	0.49999814068992493	0.5000010496807388	
0.16756905380132628	0.9981226516965943	0.002695996537984257	0.5010328774407965	0.4999616758670547	0.499999801445982	0.4999997731999564	0.5000040634934076	0.5000007155887446	
0.16771006722360154	0.0057192242246473235	0.7305044258832882	0.4897997340466886	0.499964685934513	0.49999955875851626	0.4999989262204723	0.49999807387950734	0.5000089225099956	
2.3398658179712983E-5	0.5175237928974107	0.5010343887511157	0.002438891533787624	0.49996472322442626	0.5000001136568025	0.5000002707674935	0.4999996724267465	0.5000005388325013	
