0.9999952121256279	0.9999951421552676	0.999994481875131	0.9999974040609769	0.5000003592062342	0.49999941212163557	0.499996450000222	0.5000006466621673	0.5000001482111539	
0.9999910221446244	0.9999906557901391	0.9999934831260928	0.8333804348038684	0.5000002899300767	0.49999935946724156	0.4999985223563265	0.500000622639729	0.4999992598294887	
0.9999969461952383	0.9999943083098348	0.9999934758989857	0.6666217737341659	0.5000003681902604	0.49999935843741655	0.4999992266293515	0.5000006247719457	0.49999924641165666	
0.9999912690113433	0.9999755589917526	0.9999858053746655	0.500081052731725	0.5000016226192983	0.4999993594769549	0.49999877889153427	0.5000006308612551	0.49999928649909314	
0.9999975152842753	0.9999999787004709	0.9999987176471364	0.33332636161855034	0.49999995616880094	0.4999996438483423	0.5000001784049023	0.500000386705705	0.49999939189095277	
0.9999882762113136	0.9999790034980311	0.9999711608263663	0.16687284678495468	0.5000013262286521	0.4999995782443616	0.49999747953484386	0.5000004332279392	0.4999993547846756	
0.999999626068645	0.9999996513097907	0.9999975189953092	2.557853220018609E-7	0.5000000793432638	0.4999995024527822	0.4999982954164767	0.5000003991855944	0.49999938718466275	
0.9999992591281346	0.9999942188886283	0.8333314936656059	0.9999981948615791	0.5000002852718379	0.49999945505692217	0.4999985179046602	0.500000760517953	0.4999992460465808	
0.9999991710337809	0.9999944696317139	0.8333313921120662	0.8000308528803285	0.5000007288746536	0.4999994499987557	0.4999995179047257	0.5000026751637857	0.49999945951993285	
0.9999932946696936	0.9999916425013818	0.8333329493417545	0.6000617043121572	0.5000003065614288	0.49999944622932374	0.4999993087132216	0.5000007558608338	0.4999994684972977	
0.9999907390394681	0.9999895827662952	0.8332647138227011	0.39995054475441794	0.5000000714196543	0.49999957087793107	0.4999994809263614	0.500003221472594	0.4999994865515589	
0.9999972809513024	0.9999910677350279	0.8333944077243365	0.1999753355467639	0.500001304061411	0.4999996554533343	0.49999926795373073	0.5000008741511485	0.4999993850833668	
0.999997281151517	0.9999878524920083	0.8333825891693005	1.2919394002588912E-6	0.5000014021437288	0.49999951974649254	0.49999926769307135	0.5000008750027211	0.4999977828625046	
0.9999959807476408	0.9999907899862482	0.6666015123535964	0.9999998673592033	0.5000003047189616	0.5000012072059267	0.4999992364899793	0.5000006256099571	0.49999923567272375	
0.9999939090973626	0.9999916308417518	0.666717527499492	0.7500068296643062	0.5000003007347811	0.5000000676472683	0.49999845294855133	0.5000006612207443	0.49999930718177665	
0.9999999334054477	0.9999861937538785	0.66671655510186	0.4998969920756649	0.50000142123795	0.5000010719698118	0.499999263398411	0.5000010177561118	0.49999931673285813	
0.9999936945667163	0.9999969155447233	0.6667051600123479	0.2500153539104061	0.5000000285608955	0.4999994501666047	0.5000000229304056	0.5000003755634054	0.4999984522295951	
0.9999934070547525	0.9999879144958725	0.6665553501396966	1.2921239826112103E-6	0.5000001741446556	0.49999951403332304	0.5000000339214982	0.5000008581070724	0.49999797155280495	
0.9999853476407831	0.9999520774685949	0.5002064163661186	0.9996509158531026	0.4999984752917474	0.5000012278525563	0.49999926607286926	0.5000021713198521	0.4999983841825945	
0.9999900580343459	0.9999921440783999	0.5000967940925067	0.6665535402575793	0.5000000423815579	0.5000013175573026	0.4999994514877922	0.5000034044560764	0.49999856376429225	
0.9999900284104405	0.9999862627673778	0.5000969705013774	0.33349194436240304	0.5000011990745464	0.4999991951796064	0.4999985553837976	0.5000005451895526	0.49999943519188456	
0.9999971425360267	0.9999800645861467	0.49998777061487726	1.155667970219345E-5	0.5000000281545478	0.49999945067622886	0.5000065604209123	0.5000084229233555	0.49999845114392166	
0.9999912831173964	0.9999934039372393	0.3333306493446502	0.999893062776943	0.49999924008267954	0.4999993079670451	0.5000030250730753	0.5000034017016317	0.4999994323771995	
0.9999940113981445	0.9999978057212534	0.33333068499980556	0.5000632952680114	0.5000001016871899	0.4999995093793181	0.4999986801415838	0.5000034621334924	0.499999317129023	
0.9999965480563142	0.9999989259851344	0.33333065062766304	2.601563389131975E-7	0.5000000766770473	0.5000001511139603	0.49999936394286987	0.5000028641475233	0.4999994434401833	
0.9998758150096148	0.9999370417396931	0.16709558934231353	0.9972382857483312	0.4999997033637844	0.4999997403670822	0.5000005559214583	0.5000034417224917	0.49999849434721405	
0.9999539297683416	0.9999299616181937	0.16747220877580668	0.00252446801027828	0.5000003311247746	0.4999998968422279	0.4999984894763468	0.5000036377664706	0.4999992951606911	
0.999981423136863	0.9999958420982414	1.031689075974331E-5	0.5060245361666499	0.5000003272977441	0.49999992248655617	0.5000076247161234	0.5000021264725525	0.49999856498041667	
0.9999971361403154	0.8333285279046789	0.9999950945814184	0.9999991055173123	0.5000004079668411	0.5000013677577841	0.49999651872896805	0.5000018139731756	0.5000000874780081	
0.999995021098621	0.833338970097306	0.9999961823141034	0.7999642473504328	0.5000003736476418	0.499999434359838	0.49999925483881635	0.5000012448768199	0.5000000804137463	
0.9999931334731768	0.8333353666687959	0.9999930764166884	0.6000504716738813	0.5000001518922319	0.4999994661521786	0.4999990768087812	0.5000008737934537	0.49999935363259185	
0.9999978705155719	0.8333276274497172	0.9999918326904379	0.3999017377672897	0.5000003471604513	0.5000007984682666	0.4999951093655921	0.500001151052148	0.49999934527521495	
0.999993499509605	0.8333391936792927	0.9999918245661041	0.1999736261235311	0.5000027519256458	0.500000929568544	0.4999997270157819	0.5000009267020956	0.4999993866910883	
0.999993497085555	0.8333286877205585	0.999972997392939	2.9143371165477234E-6	0.5000001074218349	0.4999995378605723	0.49999977493015746	0.5000005683030938	0.49999969894660473	
0.999996961681279	0.8333284934215954	0.8000064042549794	0.9999959927641635	0.5000010997602772	0.5000001072865262	0.4999955372351973	0.5000006232567928	0.4999992508718054	
0.9999963030109326	0.8333280184702376	0.8000049450496935	0.7499832624776378	0.5000011079306095	0.4999994865608921	0.49999844928326675	0.5000006655917463	0.5000000894318158	
0.9999944032804869	0.8333402248101596	0.7999623240547344	0.5001112546092495	0.5000003428937801	0.5000012424415806	0.49999956140198437	0.5000021533734548	0.5000001277429196	
0.9999978219019224	0.83332838865126	0.8000068445538847	0.25000090743778547	0.5000002328913784	0.49999964880578346	0.49999976277113223	0.5000005679268863	0.49999934453869826	
0.999997277090869	0.8333283485758723	0.8000072061213962	1.2921239887190906E-6	0.5000002389404371	0.49999965655687195	0.4999990656387371	0.500000630239069	0.4999985715080935	
0.9999963791766001	0.8333295138584541	0.5999924288297835	0.9999977689612238	0.500000365159622	0.5000000428251041	0.4999964338364334	0.5000006456638726	0.4999994979340143	
0.9999965455036829	0.8333290591106198	0.599993933694115	0.6666986529641393	0.5000001421776352	0.4999996625148947	0.4999992576129996	0.5000011690978023	0.499999820903605	
0.9999969042611514	0.8333273979959789	0.5999939749864429	0.3333343477757398	0.5000000533698651	0.4999996020955321	0.4999995744306564	0.5000010523738937	0.49999944740146607	
0.9999996908319422	0.8333283482151135	0.5999939338582059	8.911602007242433E-7	0.5000002384962486	0.4999996574608721	0.4999992532612618	0.5000007854734936	0.4999994684353834	
0.9999937833624033	0.8333401676147446	0.40011443416347997	0.9998019706487025	0.5000019409634201	0.4999994929043057	0.49999797525787637	0.5000035250975335	0.4999985127367856	
0.9999981997468644	0.8333404924093014	0.40000074607608066	0.49990532712682745	0.5000019724924539	0.4999996808584697	0.4999993811505112	0.5000012465986329	0.499999445448056	
0.9999965349240916	0.833328323921885	0.39999943817904543	2.3908002276650082E-6	0.50000002254735	0.4999997403843255	0.4999993638642752	0.5000010235866873	0.4999994462885866	
0.9999949064152097	0.8333433481781586	0.20006670789410688	0.9998840694532476	0.5000003832779443	0.5000000457542536	0.4999985375523835	0.5000021331302914	0.49999869642203226	
0.9999937234434237	0.8333431355128992	0.20006670982791602	2.510884035449481E-4	0.5000000019681192	0.49999951548117877	0.5000008128769416	0.5000032895296228	0.49999849676859287	
0.9999968932988781	0.8333293975987017	1.0901511795278991E-7	0.03926333062850346	0.500000101630574	0.5000000715000354	0.49999945103677756	0.5000033429757867	0.4999986963193882	
0.9999970171881943	0.6666326466286544	0.9999991416178727	0.9999992797125292	0.5000003013289017	0.5000010453702578	0.4999964354015175	0.5000008922757414	0.5000000299315981	
0.9999971808453549	0.6666404418415177	0.999999754802287	0.749984236760765	0.5000003887957447	0.5000010698454759	0.4999985128614627	0.5000008656467267	0.49999925184615973	
0.9999931540800294	0.6666321696936549	0.9999949061773746	0.500080758603685	0.49999837981302636	0.49999998025571324	0.4999988635372102	0.5000007551436333	0.49999941655880126	
0.9999907457825493	0.6666386221393432	0.9999991547993404	0.2499890908326459	0.5000028341793477	0.5000009106405547	0.499999835977999	0.5000011618435493	0.49999926791527277	
0.9999978680887672	0.6666876603227774	0.9999769627207805	5.276550884139056E-6	0.500000164239454	0.4999998895512275	0.5000000762249444	0.5000005539406597	0.4999996818721776	
0.9999937662528496	0.6666346435454522	0.7499961316264594	0.9999987293755628	0.5000003550403205	0.5000010481062531	0.5000015908991725	0.5000007721699088	0.4999994754880858	
0.999996892414709	0.6666362619329117	0.7499853665540025	0.6666455035073832	0.5000001122982916	0.5000010463179784	0.500000087575369	0.5000010488892723	0.4999994778533575	
0.9999965373747257	0.6666364950693151	0.7499826176990273	0.33332373914936175	0.5000002788732517	0.49999654896914797	0.5000017664026896	0.5000011044814328	0.49999947885081997	
0.9999968669780328	0.6666364932781905	0.7499860120113467	6.119908892194414E-8	0.5000001757325523	0.4999994200797438	0.49999956417776453	0.5000010390937683	0.4999998641938482	
0.9999937755478459	0.6665933730294014	0.5000563731852301	0.9999921259798159	0.5000012950837244	0.4999995686258055	0.499999343849054	0.5000010526019322	0.4999984698991574	
0.9999909328989811	0.6665933875678524	0.4999556320912472	0.49990492190183905	0.500001290428874	0.4999997000770839	0.49999918060406606	0.500001072449951	0.49999941882724785	
0.9999949337689555	0.6666840985918514	0.500062314552278	8.207579906055473E-5	0.5000001341553749	0.49999988237765763	0.49999882871379847	0.5000036175733735	0.4999983909668002	
0.9999884012518975	0.6668031236263091	0.2501223464976169	0.9991567976797101	0.500001799708943	0.49999957232907855	0.49999934151218134	0.5000027518038856	0.4999994805298404	
0.9997610438696451	0.6668031236263091	0.2503162221331077	8.019672969660056E-4	0.5000012316805394	0.49999960923857917	0.49999919949199456	0.5000012183535677	0.4999994160519393	
0.9999885158967173	0.6667902171501505	2.995831473558816E-4	0.4995439999190963	0.5000000097223721	0.5000010570321731	0.5000030092552505	0.500003462210724	0.49999948236932606	
0.9999941764057865	0.5000430524376778	0.9999562475931251	0.999944450668969	0.4999994800148682	0.4999992891445554	0.49999845181946206	0.5000015156412754	0.5000000069619072	
0.9999913478223182	0.5000289165465505	0.9999576044204022	0.6665749827906202	0.5000011209141589	0.5000010041750046	0.49999943340704384	0.5000015600439559	0.4999994750886809	
0.9999961281515912	0.5000289021773708	0.9999426738372318	0.3333337707206416	0.5000000793023684	0.49999946397325845	0.4999996416123067	0.5000007539736135	0.4999993984700427	
0.99999130368201	0.5000284114938375	0.9999770552650482	6.271372722865622E-5	0.500001832024714	0.49999967346264335	0.5000018398723867	0.500003594612117	0.49999888361019174	
0.9999884478569071	0.5000297923542757	0.6669487124178435	0.9998375326068657	0.500000340884107	0.4999996221490168	0.49999967001488915	0.5000012825930075	0.49999946624630376	
0.999997399165429	0.5000288447085411	0.6666633882867863	0.49992505062609044	0.49999954360629	0.49999946833645975	0.4999998495016103	0.5000015212493628	0.4999994437827169	
0.9999979892659158	0.5000295027196896	0.6665502092044414	6.05069372988057E-7	0.5000000956778679	0.4999994707096779	0.4999995187419097	0.5000008431751598	0.49999948321426807	
0.9999981117051168	0.5000289147192951	0.3332732928000536	0.9999391213321847	0.5000010337035051	0.4999987385205138	0.5000005959906266	0.5000012166660991	0.49999848894199034	
0.9999949062857856	0.5000288908758781	0.33317038157867435	2.988827903751466E-6	0.5000001331846702	0.49999975049725837	0.4999997234010236	0.5000008305078282	0.49999934462487067	
0.9999974561040723	0.5000269882387063	6.097788508498151E-5	0.5022817003485737	0.4999994270186951	0.4999994668676873	0.5000001417723994	0.5000012233159493	0.4999994468446984	
0.9999913112836494	0.33339802762266163	0.9999947678398537	0.9997166291194258	0.5000018715526892	0.4999997865865536	0.4999997337761889	0.5000015321932384	0.4999993716059466	
0.9999891909290533	0.33339788023036915	0.9999825731665332	0.4999250544987139	0.4999994496836729	0.49999873842875914	0.5000010264271492	0.5000026557156426	0.4999994788334968	
0.9999899161102	0.33339777656860087	0.9999368550194285	7.580167317217452E-6	0.5000014695649313	0.49999946184031496	0.49999972917765745	0.5000007885002802	0.49999962934420683	
0.9999889397284625	0.33340217615736123	0.4999537614251457	0.9994855559735408	0.49999910470660314	0.5000001185194789	0.49999941159075323	0.5000008737766231	0.4999994647252487	
0.9999898892078598	0.33340877694602655	0.5002408626811851	3.912197037615803E-4	0.5000014241543241	0.49999868440731005	0.5000035880099042	0.5000026704770074	0.49999946652171534	
0.9999884647911866	0.3333994103076964	3.341364634223663E-4	0.6144240093560408	0.5000001018379053	0.5000010957784115	0.49999943274578523	0.5000012273274873	0.49999932745192177	
0.9999916822825219	0.16670254491510497	0.9999945280383674	0.9985103503658102	0.49999845883357635	0.49999985147516934	0.5000005988330942	0.5000012228371213	0.4999993723703347	
0.9999893590105341	0.16671746269022533	0.9999375617911396	1.3036703944055856E-4	0.500001655949089	0.4999997547210247	0.4999998197230723	0.5000015171286759	0.49999960904756474	
0.9999889115914786	0.166717670622345	3.771159384674755E-4	0.08299960027625519	0.5000012984647068	0.49999975062809915	0.49999972640754053	0.500000693203347	0.4999995871504031	
0.9999977005228049	9.9040322557366E-6	0.9996051360519076	0.5031034075813761	0.49999841997143935	0.49999882485848823	0.49999980015537515	0.5000011331417984	0.49999738588340814	
0.8333374631827206	0.999988037698211	0.9999992001705394	0.9999994070101437	0.5000003008286321	0.5000014359899938	0.49999643520419873	0.5000008915784002	0.49999980313042264	
0.8333371874350626	0.9999835782151721	0.9999869610589723	0.7999646133677054	0.5000003657634569	0.5000011454520912	0.4999992508079971	0.5000008590765989	0.5000000546401367	
0.8333283031091945	0.9999967448395257	0.999993476822374	0.6000612663708881	0.500000255010176	0.49999948064259403	0.4999991233032086	0.5000006907999517	0.49999988452252186	
0.8333371505389127	0.9999859979795557	0.9999930648095773	0.3999497503692904	0.5000003220987023	0.49999943067544095	0.4999992535392438	0.5000006979550802	0.49999936926342964	
0.8333388532392345	0.9999938772336422	0.999993294951796	0.20001118161483078	0.5000001215583535	0.4999987731536162	0.500003697188752	0.5000006885159713	0.4999997690645639	
0.8333366587063105	0.999997132682209	0.9999933362258832	8.789778073668769E-7	0.5000000461965396	0.4999987936186603	0.4999999211265543	0.5000007350226402	0.499999466490912	
0.8333379763902937	0.9999717705943265	0.8000056189752145	0.9999992778953198	0.5000003339483664	0.5000014030055628	0.4999994183317436	0.5000008773454484	0.4999998026007453	
0.8333284816317373	0.9999880303210433	0.8000438512798347	0.7499833469339057	0.5000003048259162	0.5000013199008368	0.49999843087829904	0.5000021383961305	0.5000000862159593	
0.8333330042214435	0.9999913506448338	0.8000072530371142	0.5000810560290552	0.5000012053411491	0.49999958844807013	0.4999990473303632	0.5000005695177573	0.49999934408701857	
0.8333330304401098	0.9999986545777028	0.8000072537014327	0.24999800702747463	0.5000015690926374	0.49999997387460055	0.4999986983895518	0.5000003627864179	0.49999888806341486	
0.8333375575137568	0.9999975873203382	0.8000071203189101	6.337061851493766E-6	0.5000000315979662	0.49999976275708335	0.4999995784115067	0.5000003574271317	0.49999986074873976	
0.8333335752888945	0.9999970664035249	0.5999924484613597	0.9999987114948287	0.5000002993798768	0.4999995572128901	0.4999984657830732	0.5000032747009207	0.49999947444585485	
0.8333443236171982	0.9999911458286364	0.5999920924433078	0.6665782085375007	0.5000000031448488	0.49999931302244627	0.49999947370224845	0.5000028731826075	0.49999920820586913	
0.8333330849614318	0.9999972971894919	0.5999914653205647	0.33336340470564907	0.5000000416962698	0.49999920452510566	0.49999962984392565	0.5000028678158902	0.4999999046228802	
0.8333321225106202	0.9999995281424058	0.599993906172469	9.708876171712901E-7	0.5000001796464014	0.4999996593056698	0.499999912373871	0.5000023039668174	0.49999931695658456	
0.8333441899276406	0.9999880377291124	0.40007309855598067	0.9998910995889724	0.5000003124194901	0.4999992472909499	0.49999864537867084	0.5000032724644883	0.4999985443853531	
0.8333444195317625	0.9999979150162247	0.4000018179742601	0.5000634025701897	0.5000002930788531	0.49999930211974936	0.4999994730622487	0.5000033695341158	0.4999995615531686	
0.8333448852883668	0.9999871471013422	0.40007026239023563	2.0370288714618035E-4	0.5000015409018694	0.49999971836245316	0.49999923000419827	0.5000033611463783	0.49999935771944326	
0.8333281591579398	0.9999938190218706	0.19996563015827912	0.9999999398478655	0.49999975403733976	0.49999931220096455	0.49999950663319864	0.5000018197273859	0.49999955765827236	
0.8333368310888121	0.9999943228007766	0.20005219153267145	1.8192474588589957E-4	0.4999997041207622	0.4999997772474384	0.5000005668491881	0.5000018991398275	0.49999942718804147	
0.8333442745595008	0.9999962526782258	3.2552181460586563E-6	0.6113450200271434	0.5000001106615088	0.500001273750544	0.4999994566294432	0.5000018936738707	0.4999995241231581	
0.8333335030311313	0.7999841167996965	0.9999987015939212	0.9999987163349446	0.5000002673102002	0.4999993798667525	0.4999994003132419	0.500003094739608	0.4999995036457098	
0.8333333642255172	0.8000127233499299	0.9999929783334671	0.7499280013591754	0.5000012437453711	0.49999967256747635	0.5000009972027931	0.5000024369044954	0.49999876407255966	
0.8333369557113985	0.8000070576296684	0.9999978920241311	0.5001121193138149	0.499999402033013	0.49999962105763013	0.49999870225235626	0.5000007775524034	0.49999935701950116	
0.833332238701023	0.8000063996939656	0.9999981300799378	0.250000957799386	0.5000000631816202	0.4999999710537874	0.4999986971050679	0.5000006495347347	0.49999853387740295	
0.8333324449592936	0.8000061534178384	0.9999976582492163	1.1595570043166118E-9	0.5000000137337283	0.4999988411849626	0.49999984593851127	0.5000031205759279	0.49999976321115175	
0.8333329064851319	0.8000061203132182	0.7499947600729162	0.9999984825964817	0.5000003373213824	0.4999993162275623	0.4999993854393319	0.500000908663212	0.4999998631216008	
0.8333330735244745	0.8000128468770327	0.749994535567125	0.6666419241529987	0.5000002205396752	0.4999994940176749	0.4999993058322102	0.5000005200069152	0.49999941865843606	
0.8333331102222495	0.800005459216389	0.7499936285636329	0.33333316713107797	0.5000000954946598	0.4999992418724963	0.4999996299029463	0.5000023964637016	0.4999998252216181	
0.8333322915479855	0.8000063567312558	0.7499936288880951	7.987928240513794E-7	0.5000001123565637	0.499999874459326	0.5000001408643147	0.5000007873695599	0.4999980788749374	
0.8333329883482417	0.8000060081949606	0.49998055153513465	0.9999992000465768	0.5000003176257941	0.49999974051599555	0.49999914171508114	0.5000009418089824	0.4999995352532284	
0.8333365037989888	0.8000128457839485	0.49997374278643536	0.4999253533699147	0.5000001278590858	0.49999973800198205	0.49999914615206964	0.5000032824207965	0.4999994322733784	
0.8333367778348514	0.8000114541959121	0.5000891570021595	7.695783776969987E-5	0.5000002021201151	0.49999965795950924	0.49999921209235165	0.5000012556576166	0.4999994756825917	
0.8333250194873223	0.8000091911731353	0.25011005002964093	0.9996492965708774	0.4999984139207219	0.5000012544479087	0.49999945628386483	0.5000026450120183	0.49999944367655386	
0.8333239880844004	0.7999741401674495	0.24989341416779326	2.6914762635471803E-6	0.5000001721048455	0.5000013388577254	0.49999951551585176	0.5000018995046167	0.49999952230400996	
0.8333250138469627	0.80000912946579	9.007080751080969E-7	0.5439145767997187	0.5000003469693098	0.4999998963344738	0.5000004652012285	0.5000006453958805	0.4999994726951827	
0.833347464586005	0.6000203370287649	0.9999930125637275	0.9999246604060704	0.5000000457664494	0.4999996801756705	0.4999929713575451	0.500002146515018	0.4999994969333987	
0.8333588122128504	0.6000761261125298	0.9998235906446717	0.6665737540200933	0.4999985605941598	0.4999992021837543	0.49999965472825597	0.5000023809959994	0.499998729676934	
0.8333382365171808	0.6000816214243077	0.9999420129157113	0.33332379997244743	0.5000001503735855	0.4999996512306034	0.4999996549933354	0.5000007587892982	0.49999925595056444	
0.8333369034151508	0.5999401886495395	0.9999997571467283	6.6276502522329E-8	0.5000012702881413	0.49999911853102436	0.5000007237554538	0.5000012478077142	0.4999994839226684	
0.8333589305928144	0.6002255010430676	0.6667072442526423	0.9996415790229194	0.5000012890681915	0.49999967551277147	0.5000005541356919	0.5000023679488905	0.4999987592665055	
0.8333366984006109	0.6000192709967518	0.6667062987548595	0.499925447267958	0.5000000348401332	0.49999959929121146	0.4999991338462537	0.5000031740914734	0.49999943163505894	
0.8333370637414336	0.6000160359105199	0.6667786481490585	7.920362233093454E-5	0.5000011801850632	0.49999875295827245	0.49999947597683414	0.5000004372859176	0.49999800603400874	
0.8333230576219736	0.6001503963818311	0.333271943533526	0.9999735378431405	0.4999991977221567	0.5000001169946025	0.49999941364931155	0.5000010159222193	0.4999987062150683	
0.833324524208441	0.6000199951692456	0.33330621839738594	9.525729608425055E-6	0.5000000603504922	0.5000010082656104	0.49999947955766116	0.5000012258829776	0.4999995391876138	
0.8333559449172392	0.6001496749245172	3.2246748026931493E-4	0.5004551735434574	0.5000012603536971	0.4999995114540205	0.49999868384352936	0.5000034501097148	0.4999993165006704	
0.8333329086097316	0.40000353564591123	0.9999947037807204	0.999999646829509	0.49999947691097696	0.49999977827570286	0.4999994228456492	0.5000004122649978	0.4999998387258148	
0.833336028358807	0.40000353973185565	0.9999916912050316	0.49992531733384665	0.5000018168997636	0.49999974676245834	0.4999996995674904	0.5000004162985512	0.4999995409024339	
0.8333367547743915	0.4000371993091212	0.9999606903432856	7.516240792717988E-5	0.5000011778333108	0.49999876072068133	0.5000005964895148	0.5000015816778528	0.4999995209590905	
0.83332029650743	0.4000035358570049	0.4999562051137425	0.9999945045942809	0.500000292994751	0.49999957432573267	0.4999996077876417	0.500001182103746	0.4999995371155111	
0.8333198044133384	0.4000487455616972	0.5000620457658665	2.849372807627078E-4	0.5000013912394421	0.4999995864319337	0.4999996605191753	0.5000011540014293	0.49999952180350915	
0.8333233124421129	0.40000354536178245	6.30972961596565E-6	0.4999229824006735	0.5000018527512896	0.4999997487096003	0.49999912667114804	0.5000031655428591	0.49999941936493525	
0.8333587819488779	0.20081570066578858	0.9992848313394678	0.9981197844874384	0.4999984933447678	0.4999997534618128	0.49999980764103685	0.5000026763381175	0.49999749917212144	
0.8333568592279389	0.20081570066578858	0.9979789551909297	0.0015652415877512316	0.5000015980639568	0.49999961752111616	0.5000089304724649	0.5000008223778659	0.49999863652390925	
0.8333561138438343	0.2001114768024103	3.821767996668089E-4	0.5000511225405155	0.49999947842366543	0.4999997490000077	0.49999954625578485	0.5000012236695324	0.49999944186165546	
0.83332152031665	5.9440365719809485E-5	0.6317847936061796	0.5046233459763547	0.500001294415704	0.4999997636966789	0.4999998153781777	0.500002747200812	0.49999954171745575	
0.6666871604390412	0.9999684347947065	0.9999918205798685	0.9999884121862276	0.5000012737276022	0.5000008720120905	0.4999988919954405	0.5000028252368548	0.4999987571299121	
0.6666871605556921	0.9999684339839783	0.9999891772266666	0.7500724868788126	0.5000013167445932	0.4999994174449131	0.49999888187200764	0.5000028258452548	0.4999996922623252	
0.6666874257417179	0.9999731575439414	0.9999918205604651	0.5000725681878477	0.4999994426470762	0.5000008750081459	0.499999470933024	0.5000011469478808	0.4999986953349144	
0.6666715562795672	0.9999906932635771	0.9999936393314556	0.24999929174612992	0.5000011738534687	0.4999995787066635	0.49999877799269166	0.500000479114379	0.49999933761062026	
0.6666859833563397	0.9999901526592235	0.9999890837694501	8.802870184794052E-6	0.5000002918940201	0.4999992346040353	0.4999990540723207	0.5000032539191472	0.4999992241683072	
0.6666620653209482	0.9999995407088714	0.749994464015613	0.9999984592946984	0.5000012508194837	0.4999993822356735	0.49999939634459956	0.5000007700320448	0.4999993612103967	
0.6666871604166744	0.9999856566032078	0.749994002854388	0.6665724392290596	0.5000020512042043	0.4999993665569909	0.4999994622380389	0.500002106817505	0.49999985384874585	
0.6666714715019659	0.9999913448699501	0.7499848666727608	0.3333299711948563	0.500001172405457	0.4999997542207492	0.4999988454142013	0.5000000810287676	0.4999992448633237	
0.6666871494241111	0.9999906918144174	0.7499817098467357	6.933579998604185E-6	0.5000012575804792	0.4999998087002394	0.4999994336086078	0.5000035210965496	0.49999941255305386	
0.6666887777424307	0.9999794874805599	0.5000039744460928	0.9999489557797608	0.5000003717678893	0.4999991791264027	0.49999647669991454	0.5000032581827922	0.49999955689867387	
0.6666865384780863	0.9999793957019684	0.5000992206131086	0.5000681818267966	0.5000012697483853	0.499999594451703	0.5000053905178734	0.5000006045957737	0.49999969730947663	
0.6666962735298009	0.9999880007655574	0.5000002619573061	3.2355090944112585E-4	0.5000000527223007	0.4999987727991438	0.49999873295954833	0.500001084842806	0.4999987482049317	
0.6666822861554266	0.9999882443139949	0.25011010987892146	0.9997620672787589	0.49999942434105016	0.4999992099173017	0.49999937773886466	0.5000032215122241	0.49999942536217556	
0.6666874834691295	0.9999882443139949	0.25011010987892146	0.0022006582081729453	0.499999435357094	0.4999995910749611	0.49999943200387065	0.5000032160253564	0.4999994225411439	
0.666696336753781	0.9999909517692472	4.252303469849024E-5	0.49930358066621217	0.49999675741827615	0.5000009513157098	0.49999936612683316	0.500000723129727	0.49999947365966735	
0.666687160523984	0.750028571786943	0.999949621411012	0.9999762667762196	0.5000021722830349	0.5000010586263807	0.4999987835829763	0.5000032859218304	0.4999972401641007	
0.6666720741290404	0.7500285598958355	0.9999926046075797	0.6665929739465205	0.5000002155875986	0.4999996496928332	0.4999975408389818	0.5000004911164485	0.49999941655994645	
0.6666875911496827	0.7500038468896744	0.9999712792856345	0.3333323206503771	0.5000011739949998	0.4999997888535233	0.5000006498064318	0.5000023668231063	0.49999924211874514	
0.6666859421485977	0.7500283031819927	0.9999539446779874	4.9999617654505395E-5	0.5000012517674111	0.49999935970681203	0.5000007322400596	0.500002378481105	0.4999983801771015	
0.666654283185345	0.7500285717869561	0.6667062590319489	0.9999501647018421	0.49999961669813164	0.49999967455033006	0.500000572956512	0.500002381338366	0.49999878077399834	
0.6666873508767425	0.7500045238537494	0.6667062193634202	0.5001238590954679	0.4999994565870447	0.49999982879531907	0.49999985469740166	0.5000004477247637	0.4999994106438833	
0.6666876118801439	0.7500018873252888	0.666656021086423	4.954415661443915E-5	0.49999996728429896	0.499999360786369	0.5000006500288027	0.5000003083858099	0.4999992533175158	
0.6666545006347879	0.7500041936123927	0.3333283361020491	0.9999999856885834	0.49999975317901635	0.4999997376937111	0.4999994907841739	0.5000006516154143	0.4999994142151661	
0.6666874633011255	0.7500040727633839	0.3333615939040333	6.412333980755354E-5	0.4999996044525271	0.49999982790448794	0.49999979730946875	0.5000034619900727	0.49999955823119063	
0.666695579336111	0.7500291937643786	9.437611509432607E-5	0.4803389778265462	0.5000004645644925	0.4999982911342246	0.5000006515330911	0.5000003834230057	0.4999985444018297	
0.6666971656567077	0.5000551100251891	0.9999302334393146	0.9999251398076392	0.4999993752191939	0.4999996788127707	0.49999953300378597	0.5000021519767099	0.4999995361752903	
0.6666970718822018	0.5001917797522656	0.9998422033463336	0.49992505324498165	0.5000001546411192	0.4999996727822259	0.49999895880846806	0.5000004498180075	0.4999997471504442	
0.6666873787493806	0.5000564683306179	0.9998889378535071	4.9614036896114015E-5	0.5000010828015214	0.4999995806424079	0.4999951161970238	0.5000034631196851	0.49999933617194214	
0.66669122460894	0.5000552605917162	0.5000069606103948	0.9999024065792732	0.499999428711318	0.4999996811108122	0.5000013280421556	0.5000020727647998	0.4999995646634982	
0.6666879806036973	0.5000587401845716	0.5000988093855842	1.9778288415789322E-4	0.5000000127566551	0.4999996897889517	0.4999987078134372	0.5000011449008592	0.4999997684478739	
0.6666988278464234	0.5000570586007903	2.043016907233444E-4	0.5316439109252731	0.49999938190393284	0.4999996978813824	0.49999943416520654	0.5000011626999458	0.49999947813506246	
0.6669277471919387	0.2504980287008482	0.9985430022367436	0.999222243545254	0.49999979650114096	0.4999997598630367	0.49999881514736405	0.5000012466013629	0.49999953612941966	
0.6669277472913325	0.2507765207390929	0.9985333324897825	0.0010580075294263098	0.5000014615953448	0.4999964568528881	0.49999882401589174	0.5000051449666548	0.4999995171276017	
0.6668130909491877	0.25050366569044785	0.0012555257511134557	0.49549264113736385	0.5000016319297489	0.4999964775701786	0.4999997298467129	0.5000024451498214	0.49999954102954464	
0.666687873086317	6.479589522524534E-5	0.5277385236458406	0.4804673354541735	0.4999998320178445	0.4999997598892445	0.49999960545187205	0.5000008772995225	0.49999946269808415	
0.5000290144919967	0.9999690287575946	0.9999859496650554	0.9999744004745534	0.500001303842549	0.5000012909225171	0.4999898535826447	0.5000028936154467	0.4999997589190657	
0.5000290795362674	0.9999784718768812	0.9999820773883815	0.6666018762048259	0.5000002101207079	0.5000008302602881	0.49999912338939173	0.500000127595381	0.4999986305377535	
0.500085309362119	0.9999602485722324	0.9999820424284692	0.33386934759502923	0.5000006100765615	0.5000010486164068	0.4999988796830265	0.49999996839960004	0.4999986831725227	
0.5000313827690409	0.9999806456979117	0.9999324916934208	2.6615329249454288E-5	0.5000012745118656	0.49999981665024107	0.49993485014964467	0.5000034609052387	0.49999862676993023	
0.5000291171071505	0.9999784881260687	0.6666535781837122	0.9999758203207162	0.5000002113386207	0.4999985863943057	0.4999988060356028	0.5000004207778407	0.4999986460833182	
0.5000167300174654	0.9999802541090456	0.6666098980736765	0.5001095888315414	0.5000002048000561	0.5000009519028589	0.5000000418003765	0.5000024994404602	0.4999986417969541	
0.5000291754615724	0.999995704863173	0.6666527358819858	4.52037628675362E-5	0.500000056705091	0.5000011009734755	0.49999874390796556	0.5000010581504902	0.49999860348782876	
0.5000303581301222	0.9999883190640746	0.33332825973184527	0.9998894256981886	0.4999996256820717	0.49999924650028943	0.4999996132625919	0.5000004212838184	0.49999941403618936	
0.5000790083137635	0.9998172987988122	0.3333616855273435	4.3731642246098065E-5	0.4999971523213578	0.49999973767219347	0.49999982700876805	0.5000034306429222	0.49999941033515105	
0.5000318734452692	0.9999795457681276	1.316796695684519E-4	0.4822659344689352	0.500001258715028	0.500000855849105	0.5000054325758924	0.5000005315136432	0.49999940556629824	
0.500029072633043	0.6667065924464016	0.9999306473762081	0.9999450163941856	0.5000001536031539	0.5000010788212162	0.4999986497067226	0.5000024141941898	0.4999997446040181	
0.500029072633043	0.6667063716365619	0.9999304044262288	0.4999253917729622	0.5000001536031539	0.5000010443960227	0.4999989962688222	0.5000024278834303	0.4999997446040181	
0.5000291843730342	0.6667243499102231	0.9999304243288675	6.610681169214703E-5	0.5000005837385861	0.4999996595164281	0.500000665323324	0.5000023642772193	0.4999997421047059	
0.5000286087371721	0.6667084798977989	0.5000992007488233	0.9997514048708892	0.49999971793186204	0.5000011221854639	0.5000000374125559	0.5000031729516171	0.49999935439859555	
0.5000290704907482	0.666706591244125	0.5000988272920316	1.9638063900950418E-4	0.5000005706944814	0.5000010790363123	0.4999987084582148	0.5000023900446589	0.49999973644004503	
0.5000790162382389	0.666770442901808	4.0010004618702124E-4	0.49595746857012585	0.5000001196320478	0.4999997672633594	0.49999938516677467	0.5000033772004682	0.4999994074016813	
0.5000172602473262	0.3333822074378401	0.9998564123372204	0.9999757638110087	0.5000001365339998	0.49999989428532826	0.49999911850627227	0.5000030333972638	0.4999980053966589	
0.5000306675592664	0.3334633250182282	0.9998410102236108	1.900040939180056E-4	0.5000001397586085	0.49999973049962376	0.49999976757825526	0.5000034427758316	0.49999939526960346	
0.5000307113162362	0.3334694111400117	6.92324245805509E-4	0.621097258616347	0.49999970492520396	0.4999997303647793	0.5000000359696763	0.5000031928767729	0.49999792862471454	
0.5000289609210348	1.0670205396957104E-4	0.7075357865954118	0.5004387916568462	0.499999326622424	0.499999497462901	0.499999600805212	0.5000023607349965	0.499999346836954	
0.3334109885333166	0.9999137755790534	0.9999499066521896	0.9999327805190167	0.500001383280135	0.4999999801984717	0.5000017774392083	0.5000033261452856	0.49999862021248037	
0.33341110056779155	0.9999155085082299	0.9999509154645773	0.5000003270175355	0.5000001717300487	0.4999997950209933	0.5000007148885937	0.5000024797146579	0.49999863349885587	
0.33341109772793115	0.9999742054844568	0.9999520020794481	2.3257377908636175E-4	0.5000002041950847	0.5000010770384553	0.5000007068189931	0.500003132004945	0.4999986339517666	
0.33341109672139263	0.9999149931562857	0.5000990956705154	0.9997434218470583	0.500000153444613	0.49999976803544643	0.5000006699835319	0.500002484700175	0.49999941672869386	
0.33341113886222007	0.9999751171625519	0.5000992511059603	2.3257377908636175E-4	0.5000002041950847	0.49999835753713007	0.5000007442361564	0.5000004374811298	0.49999863336597555	
0.33342258037072914	0.9998365501960639	1.9307448725054238E-4	0.6555467485458297	0.5000015638531121	0.49999976253321005	0.500004998456319	0.5000024771868059	0.49999941363908756	
0.3334224051954447	0.5000614119279728	0.9999320185134116	0.9999339586510955	0.500000171665855	0.4999999012872977	0.5000000879889844	0.5000024795629439	0.4999994074439877	
0.3334111341140376	0.5000540954537162	0.9999501892929921	2.700111292498723E-4	0.4999996014298105	0.5000014169740531	0.5000007041107604	0.5000008047627605	0.4999986334106822	
0.3334110967210894	0.5000564011704166	3.180123826364012E-4	0.4854179292271561	0.5000001517673526	0.4999997689008379	0.4999997169382753	0.5000024845728747	0.4999994133080395	
0.3334108163118319	1.0625892211264077E-4	0.7098317460203621	0.6160063440666984	0.4999993385453307	0.4999997135599574	0.49999912194297313	0.5000023976150254	0.49999864752125445	
0.16706448230985851	0.9997092920170004	0.9990179375274709	0.9996843743078662	0.4999996755198952	0.4999990757992714	0.5000045391205756	0.5000034339394357	0.4999993848361619	
0.16706183336131664	0.9997157948625465	0.9990396575208909	4.2885001663286147E-4	0.5000004267749459	0.4999990758563053	0.49999876603115556	0.5000034339901533	0.49999938543511213	
0.16666192274411917	0.9999957042753684	1.9419532889591862E-4	0.6444554874284818	0.5000012558202809	0.49999970082367956	0.5000047002826082	0.5000029476751543	0.49999944530799684	
0.16708505474246654	0.002019379588236503	0.6655595228588519	0.48592921520554044	0.5000006578233475	0.49999972678487137	0.49999870713378625	0.5000023890651675	0.4999997393484547	
1.105591784789084E-8	0.04955655849092838	0.025724773002346435	0.6057372340135943	0.5000001144212959	0.49999976661070517	0.4999991620952504	0.500002460916564	0.499999542879886	
