0.9999968581867593	0.9999851201157454	0.9999987616206842	0.9999615361986254	0.49999575054343454	0.4999945213661991	0.5000023657747359	0.49999928323433734	0.4999997064734682	
0.9999529837674204	0.9999461624241046	0.99997345236152	0.833533814404868	0.5000048730999246	0.4999945208097544	0.5000012697547545	0.49999914422143216	0.5000006340463979	
0.9999991311038902	0.99999266432847	0.9999925689851382	0.6666354544816555	0.49999455831772394	0.4999938050670605	0.500002379141166	0.49999974575189166	0.4999999731428891	
0.9999970202041727	0.9999916010206078	0.9999912301651777	0.5000041584425764	0.4999938712376414	0.49999367816572604	0.4999998163480373	0.49999966933566564	0.50000001156781	
0.9999970207345177	0.9999861056428352	0.9999912474690453	0.33338053094914144	0.4999938711551654	0.4999944391296076	0.5000001117999427	0.5000000259019194	0.500000011588812	
0.999996166094331	0.9999755105732198	0.9999887796245913	0.1666815325745249	0.49999434330712056	0.49999453806189875	0.49999972364954737	0.5000000219761167	0.4999999941468739	
0.9999969579340741	0.9999977689887097	0.999995233868052	5.114516504843353E-6	0.5000086766157168	0.499994485486853	0.4999999851713247	0.5000001066065634	0.49999922178024975	
0.9999958164270834	0.999987205790214	0.833296385897323	0.9999996678836315	0.500004233797826	0.4999942871879137	0.5000001891576992	0.4999999838910058	0.49999954209007175	
0.9999531521042614	0.9999847914042503	0.8333013489391763	0.7998866319938954	0.4999944538477204	0.49999413980192886	0.5000023825074483	0.4999991526334531	0.5000001457406298	
0.9999959977976037	0.9999925363348016	0.8332966739449921	0.6000696341146307	0.49999522687168346	0.4999942995037907	0.5000003406947711	0.4999999897261069	0.499999705491346	
0.9999830105650761	0.9999901748052137	0.8332882702699731	0.39996967347970636	0.499993872620894	0.4999943028420336	0.5000005741101784	0.4999999198846514	0.5000003636182282	
0.9999979593325268	0.9999901329105276	0.8332967279556712	0.20004580217097892	0.49999433673935584	0.49999430495622604	0.4999998538377447	0.49999981950978434	0.49999970740920846	
0.9999960693110312	0.9999937488657913	0.8332882521846853	6.806741629733003E-7	0.49999451361945596	0.49999452418209195	0.49999999052928584	0.4999998208365779	0.5000003815593436	
0.9999933234302789	0.9999843370741712	0.6666760804002676	0.9999936698472828	0.4999943164416187	0.4999944657867963	0.5000004903736813	0.49999973998637426	0.49999975862588253	
0.9999933374378609	0.9999848730789919	0.6667131578797535	0.7499539271120906	0.49999455090045275	0.4999941978213635	0.5000003367842203	0.5000000008956261	0.5000009122359262	
0.9999834778915143	0.9999733551361611	0.6668507282832267	0.5000366276253105	0.49999510553739646	0.49999441668030437	0.5000002589598245	0.49999993577006485	0.49999962588580144	
0.9999836648357336	0.9999774165902762	0.6668372153624595	0.25012865512859794	0.499995292529437	0.4999944737273916	0.5000004248980539	0.4999995450405772	0.5000003804924902	
0.9999983482993252	0.9999933376557202	0.6667254173113126	4.335518743279638E-5	0.5000074288417523	0.49999452338018086	0.4999999990595324	0.4999996637456763	0.5000004456218299	
0.9999983553549365	0.999992417776882	0.4999725075035914	0.9999957991878217	0.499993347649171	0.49999435760142447	0.500000479643932	0.49999950204818394	0.4999989725635816	
0.9999825650096495	0.9999795962137964	0.5001481390545763	0.6666448818226132	0.49999568226745306	0.49999437034673977	0.5000004150414082	0.4999995516265088	0.5000003711690534	
0.9999825076397014	0.9999898427480942	0.49990643250891575	0.33337685468724615	0.5000066801093206	0.49999430102070536	0.5000001919310798	0.49999977946216406	0.5000003639381745	
0.9999830143513183	0.9999929901990248	0.49996612270669333	8.530167747829693E-6	0.5000045408407617	0.4999944720829854	0.49999973490682353	0.499999545175187	0.5000005183122739	
0.9999825022307407	0.9999791846728755	0.3331938321584768	0.9999052916206052	0.4999984790827913	0.49999430647490994	0.5000000819360841	0.5000035110555725	0.499998942018956	
0.999983507737048	0.9999850022981235	0.33343264043164367	0.49998784791903866	0.49999508663631836	0.49999441799663863	0.49999974439270073	0.49999993000876236	0.49999923428960863	
0.9999824843866196	0.9999857005238324	0.33343092112323636	2.585849231234804E-4	0.49999459272379904	0.499994357552456	0.5000004949669641	0.5000002524117579	0.49999960676726246	
0.9999826271859302	0.9999793389979833	0.1667482661030469	0.9995360276873076	0.49999543361404664	0.4999944745795409	0.5000000024965758	0.4999997264222753	0.4999991216774287	
0.9999824705839466	0.9999792418312945	0.1670606211858227	0.0017623653681003715	0.5000133115794897	0.49999435770827466	0.5000005237498094	0.4999997114211337	0.5000000830438392	
0.9999988544342533	0.9999817232618103	3.698824457418514E-6	0.03432653585868589	0.4999954339392082	0.49999447097811345	0.5000005207141704	0.49999645090249634	0.4999991486358215	
0.9999881810688597	0.8332955393648372	0.999992809169001	0.9999974322003687	0.4999942479710091	0.4999942080907174	0.5000011137043947	0.49999994984811036	0.499999679281077	
0.9999827321867701	0.8332946017483348	0.9999789919675264	0.7999069171267379	0.4999948497343557	0.4999937785577468	0.5000011083523173	0.4999999443206241	0.4999996116860408	
0.9999720184991852	0.8333396059568287	0.9999926172236161	0.5998914338646921	0.49999518379454133	0.4999943341690565	0.500000249019493	0.49999995746583065	0.5000004105565529	
0.9999913838504877	0.8333000791567489	0.9999930043796005	0.3997972070473986	0.5000044664925616	0.49999440149297597	0.4999998819655465	0.5000003357441791	0.4999996260807596	
0.9999979579236724	0.8333393491503289	0.9999982503840743	0.1999937604016562	0.5000051231231198	0.4999944081519441	0.4999998507792213	0.499999819268765	0.4999997226023433	
0.9999989354247081	0.8333375427309613	0.9999986476582222	3.1438286093329E-6	0.5000081223678458	0.4999944144945861	0.499999981720384	0.49999982123427894	0.500000440953131	
0.9999878771907249	0.8333431055115137	0.7999356000173472	0.9999974731361445	0.4999958328879809	0.4999942222102839	0.5000023574615743	0.4999992031815647	0.500000160183799	
0.9999950504172038	0.8332967024851173	0.8000073551113529	0.7499983164935673	0.4999942518635743	0.4999944911958778	0.5000023900079844	0.49999995745846043	0.5000003967894073	
0.9999731611542824	0.8333377284343053	0.8000025362786833	0.5000029775470114	0.49999519005646537	0.49999461577004584	0.5000002548011949	0.5000002547218477	0.5000003254107395	
0.9999981290695719	0.8333240210020948	0.8000023121396159	0.25006654048455446	0.49999511804594876	0.49999460997395395	0.5000006551411256	0.4999997838992818	0.5000004836103209	
0.9999979080496549	0.8333244911640889	0.8000151911439016	5.679949306820333E-6	0.4999951755335765	0.4999944343908563	0.4999998283080366	0.4999996632323993	0.5000005683634602	
0.9999933666265256	0.8333419307395395	0.5999442518052174	0.9999892715647355	0.4999957422162726	0.4999943049318926	0.5000023927551115	0.49999619847163357	0.49999866197565024	
0.9999933892184363	0.8333241861385002	0.5999237306802475	0.6666446848721622	0.4999962778833389	0.49999436844216105	0.5000001976571922	0.5000001969079106	0.500000371967135	
0.999995960030598	0.8333248811692235	0.5999761999397684	0.333286466959809	0.4999951975485079	0.4999943820795062	0.5000004361116985	0.4999991116854019	0.5000003539241994	
0.99999786145146	0.8333243909432019	0.5999156247484368	3.4292706336558636E-8	0.49999440914107485	0.4999944862210007	0.49999982782965163	0.5000000034697044	0.4999999879452224	
0.9999972844382208	0.8333412400619216	0.4000326538392434	0.9999957983701319	0.49999567096837433	0.4999943434491168	0.500000488277254	0.4999990370287425	0.4999989568752003	
0.9999934248248498	0.8333242740729075	0.3999174552972894	0.5001010574893271	0.4999984004377883	0.4999943047165308	0.5000001975655727	0.5000002340462377	0.4999986850305422	
0.9999925771991581	0.8333376292144938	0.40006562506475724	1.241381757079911E-4	0.4999944919641119	0.49999438557040227	0.499999980090328	0.500000247088508	0.5000003271837964	
0.9999992818926842	0.8333376425911815	0.20001471531051082	0.999971975189931	0.49999388423112356	0.49999438614536756	0.4999997508268012	0.4999991666961413	0.4999987347461284	
0.9999996277777852	0.8333375281493793	0.20005427907237222	2.320670348310699E-4	0.5000042539018489	0.4999943021956895	0.5000041007697921	0.499999071043945	0.5000001812113916	
0.9999997330412876	0.8333376261131709	3.539372402548553E-6	0.2731665533071939	0.5000044332757373	0.49999430219496366	0.5000001075070076	0.49999947698338504	0.5000000450817952	
0.9999947506197945	0.6667395410869099	0.9999458213414141	0.9999600994858043	0.5000100886413152	0.49999451575381226	0.5000001478712576	0.49999957435945863	0.4999997064734682	
0.9999967859214456	0.6668317223222137	0.9997238406188778	0.7499746086789394	0.49999575436784177	0.4999943465730361	0.500002452439169	0.4999992910255013	0.499999698194825	
0.9999730650247808	0.6666625973736028	0.9999924025772005	0.500003929065047	0.4999938992213593	0.4999944809630717	0.4999998961085569	0.499999670245476	0.49999963279686654	
0.9999985589709475	0.666662598702231	0.9999933256818653	0.2499887956452121	0.4999938984711851	0.4999944340234677	0.5000004273751429	0.4999999020471011	0.49999924817756325	
0.9999986325533918	0.6666590246887691	0.9999992800579856	1.6917177835377474E-6	0.4999944713762854	0.49999448315585654	0.4999999128758628	0.4999999314412147	0.49999998497917303	
0.9999972585619062	0.6666595052618676	0.7499646496418206	0.9999893407432521	0.4999937471049348	0.4999942973720259	0.5000022640660922	0.4999992775166951	0.5000004151318707	
0.9999946796763164	0.6666630231950496	0.7499922671419544	0.6666239151155205	0.4999955114466309	0.49999448649376127	0.5000010443295704	0.4999995699340266	0.4999997019423929	
0.9999666990105956	0.6666625838821915	0.7495422416072659	0.333374817013988	0.4999949685465917	0.4999950148379976	0.5000010363179723	0.49999917802084143	0.4999996167115485	
0.9999986335046702	0.6666590246887691	0.749988497945801	2.0823658801789963E-7	0.4999943562558237	0.4999943940429012	0.49999983430812917	0.49999988161000225	0.5000006897092427	
0.9999910258774707	0.666709671961549	0.5000155151799567	0.9999474218463326	0.4999966639849579	0.4999943398656333	0.5000004070640836	0.49999917773647196	0.4999992619512678	
0.9999948364163762	0.6666642115416206	0.4999699375079534	0.5001010571245619	0.4999775342152096	0.4999943764221393	0.500000087554147	0.4999999819588288	0.4999995246671292	
0.999985714712876	0.6666607311912229	0.5001569870838256	2.410485227108374E-4	0.4999952056377617	0.49999437835726745	0.4999999798347856	0.5000000026062685	0.499999471934314	
0.9999909178389745	0.666711516382202	0.25007333414092114	0.9998235788585349	0.499995547683618	0.4999950224619572	0.5000013029406033	0.4999991923426012	0.5000003968281803	
0.9999910175248123	0.6667113220598124	0.25007333414092114	2.4168137707103465E-4	0.4999949585106688	0.4999950224047432	0.5000004522952581	0.49999917412093475	0.4999983921166479	
0.9999932115534075	0.6667111990499589	2.650829089013009E-5	0.5183331847184383	0.49999607678521696	0.49999439400348616	0.5000004501863429	0.49999903380192934	0.5000001732122175	
0.9999980277912033	0.4999707859294977	0.999987001981451	0.9999970976177692	0.5000105606333424	0.4999950929713648	0.5000023119586325	0.5000000058229005	0.49999923252394196	
0.9999852123142065	0.5000715300470776	0.9997260613795899	0.6665952010199453	0.49999523413677166	0.49999423131137977	0.5000004575223324	0.5000000898665424	0.49999969874199474	
0.9999965580690748	0.4999565009509707	0.9999924393794527	0.3333786529689382	0.5000042474702554	0.4999944304311292	0.5000003465014943	0.49999940423757394	0.49999925219866365	
0.9999983540613139	0.4999889538523769	0.9999980145218009	5.2363356984975055E-6	0.4999946762986922	0.4999943942072208	0.5000001629448367	0.499999883305925	0.4999990988408594	
0.999996511659155	0.4999718407555769	0.6667153958007415	0.9999848507941673	0.4999804867201263	0.4999943715336493	0.5000000740823572	0.4999998865077722	0.49999955870888313	
0.999982468056557	0.5000621333233553	0.666715351223548	0.49999880233880023	0.49999663005793915	0.4999943673924394	0.5000000082771565	0.500000023662108	0.49999966412341296	
0.9999818346890674	0.499961246196995	0.6667277243161506	1.082725222084162E-6	0.4999949373340001	0.4999945228026436	0.500000075371276	0.5000000050906742	0.4999995528259657	
0.9999765644665465	0.4999810768704015	0.33368329273369135	0.9987555951364562	0.4999950511814781	0.49999495945301153	0.49999974768837435	0.5000039192644202	0.5000004079332528	
0.9999758952139882	0.5000678097910342	0.333683849215151	6.858039124701953E-4	0.49999534832115816	0.4999950359177995	0.4999999992417046	0.49999907386622966	0.4999986008958731	
0.9999908156601387	0.5004557506308116	9.005938049384821E-4	0.4746837492264067	0.4999951530037512	0.4999950425129528	0.5000008134449624	0.4999995960186723	0.4999992807103753	
0.9999765885372498	0.3335379524335041	0.9995850768492006	0.9997350666121906	0.4999966146881239	0.4999947632225786	0.5000012412253372	0.49999918102670937	0.49999915545611817	
0.9999951876989668	0.33336927594441	0.9998822592152061	0.5000029626974649	0.5000091298633732	0.4999950243174685	0.5000009634301754	0.4999992243314625	0.49999915581358584	
0.9999786779166834	0.3333761468249225	0.999972080935391	3.1541579826795466E-4	0.49997508477388025	0.4999947353799761	0.5000000884575044	0.49999922309850275	0.49999918132386767	
0.9999965083449043	0.33338014510441677	0.500015952163539	0.9999386502894643	0.4999939500911161	0.4999947377190142	0.4999998505145217	0.49999995512319717	0.4999991712318624	
0.9999984321318351	0.3333808221110084	0.5000213203683399	2.350856707609958E-4	0.49999523692738457	0.49999470142780456	0.5000001584784656	0.4999999548719281	0.5000001632936548	
0.999985760333007	0.333695635943304	0.0012456764699805838	0.48326723185491516	0.4999951984061136	0.4999950164359444	0.5000012728361902	0.4999972713854771	0.49999859654063555	
0.9999819357683754	0.1672375475740067	0.9980355564350525	0.9997091893263627	0.49999662816812146	0.4999942805701418	0.5000012784890301	0.5000000197684742	0.4999991991582864	
0.9999600237967824	0.16723018580072385	0.9980357439644113	3.2013690838195163E-4	0.4999966103868413	0.499994255717011	0.5000000149096702	0.500000008470422	0.49999950133760673	
0.9999889339942678	0.1672375475740067	0.002786186116840589	0.4835600370609335	0.49999526193011895	0.4999942286323559	0.5000012728226443	0.49999727959976664	0.5000002800253631	
0.9999753077658148	8.164762789636404E-5	0.6999517207175818	0.46301610872600885	0.4999808844737222	0.4999944193192774	0.5000011023045534	0.4999970685634024	0.49999917199432226	
0.8333523782732553	0.9999870522057818	0.9999968614809819	0.9999963694252755	0.49999483765406144	0.4999945042087251	0.5000001790634397	0.49999920941635045	0.49999958105346504	
0.833351908430602	0.9999814409961019	0.9999789919575593	0.799899668174437	0.49999484975198855	0.49999445638479306	0.5000011109505181	0.49999994962420424	0.5000006335002252	
0.8333300691368447	0.9999846290648792	0.9999725955424817	0.5999234990073139	0.4999944227630199	0.49999425537952275	0.5000003394054174	0.499999570543344	0.5000003800212297	
0.8333322242884723	0.9999821499167727	0.999984325311545	0.40006795461869044	0.4999952373062855	0.4999938890981686	0.49999998420077224	0.49999977022908576	0.49999970991655784	
0.8333310010067837	0.9999972639306367	0.9999937259900533	0.19997791096136613	0.4999944527295873	0.4999945329506266	0.49999985501253813	0.5000000403773108	0.5000003509975063	
0.8333313794944982	0.9999977052347143	0.9999951816322579	2.9872843405116576E-6	0.49999421703152924	0.4999944675042368	0.5000000988023069	0.499999797760525	0.4999996510320163	
0.8333329708870512	0.9999872975280716	0.8000082722580109	0.9999963574997179	0.4999920415315107	0.499994270986137	0.5000011797523727	0.49999923570107346	0.5000003028495479	
0.8333339893374936	0.9999872027211184	0.8000071728982926	0.7499983388958538	0.5000043285799786	0.4999942920216162	0.5000002834500968	0.5000002994761468	0.49999964579011325	
0.8333322242975219	0.999984927431489	0.8000107743980958	0.500010351408066	0.49999415477557996	0.49999444073511706	0.49999983149076227	0.5000000331251471	0.49999970899250656	
0.8333271861503231	0.9999976686515902	0.8000021686559723	0.24997794026794137	0.49999422131645943	0.49999453566748575	0.5000000976898807	0.49999990045634896	0.500000380838473	
0.8333312144618025	0.9999981429687719	0.8000016466110534	1.7387697881287423E-6	0.49999422074585353	0.49999452846856307	0.5000000992016744	0.49999976015591496	0.4999996881486976	
0.8333339971478361	0.9999813675443783	0.6001300521593492	0.9998178257288615	0.49999640164918263	0.4999943044448497	0.5000002946404329	0.4999991729556396	0.4999996581886726	
0.833331478047514	0.999984774198673	0.6001300371285148	0.66661306047887	0.4999956120424559	0.49999444356866035	0.4999998550618334	0.4999991723350815	0.4999996918576928	
0.8333534116688655	0.9999960358843071	0.6000106947029245	0.33337789163234055	0.5000085145830911	0.4999950662459814	0.5000004206857257	0.5000000515472853	0.5000000888401956	
0.8333319512263119	0.9999974700316908	0.6000111513760349	5.012762306037576E-6	0.500005577772024	0.49999448981993416	0.5000013514251378	0.4999996027422016	0.4999996548599261	
0.8333463385061244	0.9999818095159607	0.40004614411890477	0.9998935952222293	0.49999557850020315	0.4999945244738402	0.5000000216411088	0.4999984128086133	0.4999996161384729	
0.8333325841760165	0.9999987496698065	0.4000683759889195	0.4999879860536435	0.4999950787056199	0.49999447959580795	0.4999999663092594	0.4999991486797324	0.4999995650944171	
0.8333327864524422	0.9999847432384341	0.4000683461606435	8.18478957821889E-5	0.49999508922855856	0.4999944733778461	0.49999996655276296	0.49999976227149834	0.4999993446389946	
0.833374510598442	0.9999768786366137	0.2000506855033426	0.9997456666765424	0.4999966028998037	0.4999942902503979	0.49999995276826725	0.5000002428794892	0.5000004597375162	
0.8333546628883205	0.9999893252155335	0.20004815142413443	1.9542802576764636E-4	0.5000080684043609	0.4999944195022797	0.5000005972097005	0.4999997725103825	0.4999993107439263	
0.8333321679546756	0.9999984841015224	2.0050516033557212E-7	0.007101674466193211	0.49999525585294513	0.499994480938132	0.5000001136313137	0.4999998050591769	0.5000000394842969	
0.8333334851349606	0.8000079354931611	0.9999985957494392	0.9999930745088979	0.4999942562281055	0.4999945165873474	0.5000001845936755	0.4999991495023072	0.5000006874917089	
0.8333339927850384	0.799989313475417	0.9999986116552152	0.7499983406862609	0.5000047890725412	0.4999941488933503	0.4999999671638649	0.4999997936793612	0.49999965661106327	
0.8333318196019953	0.8000057661849171	0.9999986152479755	0.49999823999054094	0.49999425257935465	0.4999941537999292	0.5000004277156254	0.49999977708446786	0.4999999846851979	
0.8333312991038425	0.8000077398375263	0.9999935414425823	0.2499739870649183	0.5000052940937342	0.4999945386887435	0.5000002255649759	0.49999957056043065	0.49999944481553743	
0.8333319880025304	0.8000077578735338	0.9999980053303015	3.1727622038629154E-6	0.4999938493662012	0.49999446827455113	0.5000000986298972	0.5000001306376598	0.4999991872070826	
0.8333334809489217	0.800006272305647	0.7499936464050022	0.9999931243376541	0.4999957604802153	0.49999430433159225	0.499999928924401	0.4999991495063574	0.49999958493756597	
0.8333508727663915	0.800006271530386	0.7499940600659023	0.6666251913677558	0.49999574099374694	0.49999434396741993	0.499999971017649	0.4999991176443924	0.5000005706783921	
0.8333318909098798	0.8000077295887401	0.7499929161836887	0.3333766608852155	0.5000054696482804	0.49999435024074074	0.49999998945199997	0.49999912669705404	0.5000005703081208	
0.8333328284431282	0.8000079068048325	0.7499644512206315	2.9504134398542597E-6	0.4999967575467335	0.4999945312960517	0.5000002751097887	0.5000003056591551	0.4999996501949452	
0.8333309514306074	0.8000063439351367	0.5002854667402881	0.9998113483604241	0.4999957523863287	0.49999434620156813	0.4999998582390192	0.49999544688172143	0.5000005657385715	
0.8333326413579116	0.8000079400802795	0.4999738103637625	0.5000023163458732	0.4999950752397272	0.49999502942148416	0.4999999292330827	0.499999149476705	0.4999996169803106	
0.8333325729870136	0.8000080728713168	0.4999769724655446	1.027232957181162E-5	0.49999565590302936	0.49999428455875977	0.5000005962023238	0.5000000307548546	0.4999996613501859	
0.8333319189880435	0.7999786247651283	0.2499992394049806	0.9999879135626278	0.49999351421928706	0.4999934957943769	0.4999997451019632	0.4999962829807236	0.4999995693368841	
0.8333319516616248	0.8000097849268973	0.25000587347865266	1.0022880594158322E-5	0.4999943136417264	0.4999935147739492	0.49999996666063573	0.49999975590605633	0.5000003201429678	
0.8333319048829452	0.8000089925300753	5.538356491977567E-7	0.5050217734214408	0.49999498274950666	0.4999942902631641	0.4999999773846048	0.5000002514255113	0.5000008111857253	
0.8333307221116074	0.600063153850238	0.999920581507027	0.9999931256290798	0.49999447786997864	0.49999447337128916	0.500000037373478	0.4999999019445368	0.4999995647811791	
0.8333315256511368	0.6000568620755237	0.9999468650407412	0.6666251875098201	0.49999517231893204	0.49999448877838837	0.49999984806589604	0.4999995695132163	0.4999996288856003	
0.8333308300505099	0.5999985096889587	0.9999977704815631	0.33337776342819814	0.49999412829039314	0.49999448277742886	0.5000001524472262	0.4999999314845361	0.49999922769293426	
0.8333318203603551	0.600001676321898	0.9999331652889069	3.862966231233083E-6	0.5000102761318447	0.49999440193629413	0.49999989379850507	0.49999956958597513	0.49999971027954593	
0.8333339793154905	0.6000631314874073	0.6667068916314204	0.9998950328570668	0.499990905183515	0.4999945210228562	0.5000000343233745	0.49999928014078954	0.4999995072931718	
0.8333318258346217	0.6000150447622536	0.6667298314970895	0.500003345493145	0.5000057154062488	0.4999945234653592	0.49999981645863245	0.49999979631888947	0.4999996640181972	
0.8333318252813966	0.6000145075084409	0.6665370095896146	4.309623745372195E-7	0.5000053869977024	0.4999944080129488	0.5000002416704872	0.4999998055614612	0.5000003795478272	
0.8333480452993439	0.6000629416276361	0.3334593267286156	0.9997129983356311	0.49999501033870647	0.49999426924930507	0.5000000104833513	0.4999998787408379	0.4999995481612603	
0.8333303857854508	0.5999946774252242	0.3334696887735469	5.6896721950333803E-5	0.5000043199450591	0.4999943478748155	0.49999984923772417	0.500000023086078	0.4999996261758194	
0.8333330243170818	0.5999946809213563	1.1520668429324733E-7	0.4999593255320495	0.5000069404603759	0.4999950249193654	0.4999999506309477	0.5000002524650976	0.4999995916667125	
0.8333330683759671	0.4000128929872736	0.9999976711433722	0.9999388720615829	0.49999668296588967	0.49999440845918514	0.49999995735877106	0.4999998830417337	0.49999976442227334	
0.8333325770957455	0.40001491402454525	0.9999758676231665	0.4999627641035359	0.49999671179055305	0.49999440841623677	0.5000004197064011	0.4999998830253232	0.4999995782767857	
0.8333327315162573	0.40005718943311386	0.9999743528302724	8.707298815060383E-5	0.49999671163040144	0.49999441661788707	0.4999998437265664	0.49999672604934026	0.5000001539120794	
0.8333330700315065	0.3999889424981223	0.5000156992842223	0.9999868928158219	0.4999946213314231	0.4999943706489943	0.4999998907561338	0.49999988316136873	0.4999995694840813	
0.8333327636631565	0.4000142596145282	0.500017989884497	3.111907242041951E-5	0.49999485174096625	0.49999437840733885	0.4999999630394176	0.4999999837431573	0.49999950347524913	
0.8333328776963593	0.4000144351244248	7.234479431371182E-5	0.4075881596127475	0.5000069488013974	0.499995025694962	0.4999999302235542	0.4999999981846759	0.49999953500808386	
0.8333755855467514	0.2002467782313884	0.9993521564702549	0.9997125146739578	0.49999661529904804	0.4999942796953366	0.4999998890481983	0.49999978772610376	0.4999995853635516	
0.8333768015000739	0.20067551844420067	0.9978650040758245	4.982480236893061E-4	0.49998503996895627	0.49999431751494333	0.500001263265044	0.5000002481403885	0.4999999772525798	
0.833375671750817	0.20024679393108696	0.0012085969073559965	0.5099017150718339	0.49999520035897793	0.49999422710486974	0.49999991941970634	0.4999999920232823	0.49999958261808264	
0.8333329386823586	2.9172834154210953E-6	0.644717083836529	0.6044994202016951	0.4999968351352979	0.4999950512836072	0.5000012682873822	0.5000002221043883	0.500000274210756	
0.6666754449966724	0.9999869493547767	0.9999986377474746	0.9999946445448974	0.4999948483767938	0.4999945167883743	0.5000001818965616	0.49999921299341554	0.5000006775649097	
0.6666770295941356	0.9999870207291215	0.9999417563177692	0.7499607098704235	0.5000067257961366	0.4999941617614894	0.5000024675153488	0.499999872775239	0.5000003493224219	
0.666676615563674	0.9999985647663366	0.9999995641181857	0.5000052630584002	0.5000050159719688	0.4999944733131392	0.5000001284323876	0.4999991311360764	0.5000003743722126	
0.6666763051749552	0.999980827767741	0.9999848001390339	0.24995980693314548	0.49999524281938224	0.4999938866544807	0.5000001301223154	0.4999997686900347	0.5000003476840194	
0.6666966797891385	0.999978563683438	0.9999847282849841	1.7126014916358498E-6	0.499994709380261	0.49999453490736206	0.5000000001618935	0.4999997661482201	0.500000381845599	
0.6666754914180875	0.999987197235377	0.7499208136556399	0.9999671998598381	0.5000040874403371	0.4999943520048168	0.49999967418284014	0.49999987268994556	0.49999967528284156	
0.6666766413155217	0.9999987517702777	0.7498877153624856	0.6666245996952965	0.5000050078016777	0.4999944781387173	0.5000001175437673	0.4999991450132487	0.5000007396470533	
0.6666970163570302	0.999988786168371	0.7500108346081542	0.33329874604197723	0.5000051214773853	0.4999945422508943	0.5000006516529818	0.500000296014139	0.4999995672256986	
0.6666966798823387	0.9999521861931233	0.7501504572695725	1.1166345715567213E-4	0.500005118020032	0.49999443269803584	0.5000024710748653	0.49999956865135436	0.5000003291934593	
0.6666760124768373	0.9999808104707273	0.5000850812985618	0.9998937629406321	0.49999532324790563	0.4999942775722807	0.500001777143057	0.4999996409433654	0.4999996118208213	
0.6666775085177111	0.9999990027928966	0.49997262527930597	0.5000005411808457	0.49999572832170286	0.4999943729875375	0.5000012071564534	0.4999995764788959	0.4999996135420349	
0.6666734687415263	0.9999885308411514	0.5000115710098085	1.0284939928365122E-5	0.5000070755575361	0.499994539143517	0.5000031374190884	0.5000002303651885	0.5000004246755684	
0.6666742826968863	0.9999893376518342	0.24999982754289604	0.9998816699729659	0.4999956405981813	0.4999944083529117	0.5000000761146061	0.49999901105459343	0.49999926608283174	
0.6666742838602455	0.9999893259858551	0.24999982754172864	8.120176350135513E-5	0.5000081091773548	0.4999938440242926	0.5000000609209097	0.4999997598900226	0.49999925896293546	
0.6666741807971293	0.9999962908604266	3.680122411277585E-6	0.003014466330668708	0.49999548625058327	0.49999449600579315	0.5000000601980837	0.49999987637235516	0.499999130354536	
0.6666756449446692	0.7499894557603622	0.9999968440624144	0.9999946398367252	0.49999483764834357	0.49999431687874946	0.4999999797278421	0.49999978664238187	0.5000005424747522	
0.6666764440500312	0.7500402351454116	0.9999789634151683	0.6665825387258795	0.49999484729304133	0.4999944045463167	0.500000314877773	0.4999997439143853	0.5000005466898279	
0.6666778017169678	0.7500403248094953	0.99998483877518	0.33329886027904676	0.50000512585284	0.4999944399481893	0.5000024922726604	0.5000003173417039	0.4999995794019377	
0.6666764108351827	0.7500287988466248	0.9999943668801483	6.911616067364419E-6	0.49999413549462934	0.49999429040689786	0.49999975913100636	0.4999997625845679	0.5000003297362353	
0.6666758226305619	0.7499894131095118	0.6667068735749889	0.999982176201476	0.49999077617464177	0.499994271126763	0.5000001225220695	0.499999827063117	0.4999995061922798	
0.6666743327423774	0.750028769804446	0.6667043917932772	0.5000069530177933	0.5000040113089443	0.49999439023773434	0.5000001161530686	0.4999997343182349	0.4999995027383434	
0.6666764581313616	0.7500287701510402	0.6667043919241302	5.943590555931873E-5	0.49999524150176594	0.4999937559700973	0.5000013383515653	0.49999976246171884	0.4999996702014608	
0.6666781714230455	0.7500285764294995	0.3334587573830104	0.9998764886780175	0.49999500607513647	0.49999428847599986	0.5000000721929971	0.499998997685866	0.5000006991009687	
0.6666966121457026	0.7499899147709888	0.33345507078202213	3.059273382329253E-4	0.4999953319802155	0.49999430150468377	0.5000018002763583	0.4999991772755929	0.5000006944398948	
0.6666736622508581	0.7500340120421058	3.420205114639283E-6	0.9965682250301046	0.4999962343526812	0.4999942793027165	0.5000000742599026	0.4999993721617039	0.49999881542756813	
0.6666965166687567	0.5000786919358436	0.9999312225292896	0.9998182962000699	0.4999965531042926	0.49999378616733925	0.5000001081020762	0.499999818703439	0.49999863112571297	
0.666679102103078	0.5000675101506178	0.9999314498806133	0.49995608963998167	0.4999966642893553	0.4999944952648166	0.5000004330675761	0.4999999580208104	0.5000003552213615	
0.6666959006393163	0.4999529267623178	0.9999979746512634	5.0015355312243E-4	0.5000041260959063	0.4999943903758749	0.500000119799267	0.49999962094106043	0.4999986892426648	
0.6666771801382744	0.5000771046833644	0.5000848028238772	0.9998177615392693	0.49999500472972463	0.4999937808220798	0.49999976302153426	0.4999990149643533	0.49999964234382216	
0.6666764570976658	0.5000363749220148	0.5000152632811887	5.849730950090313E-5	0.5000084721476907	0.4999943079728366	0.4999998263280344	0.5000000058902746	0.49999994447303653	
0.6666736009465108	0.4999833968849522	1.706132091441328E-6	0.0397551048061733	0.500007208182043	0.49999440890663577	0.5000017806023658	0.5000002451473593	0.5000003771529751	
0.6667018808842254	0.25051336809870395	0.9978176816206002	0.9998182331348795	0.49999657807928233	0.49999441671389605	0.5000005009078531	0.5000002134663273	0.4999986352859185	
0.6666659282644996	0.25051336809870395	0.999375345072929	0.001198892137530383	0.49999491023533144	0.4999944013657907	0.500000018636295	0.4999999776349904	0.4999997168871893	
0.6666718497193062	0.2505124680685979	0.0015641575985250822	0.4632134831510428	0.49999461163459524	0.49999292874824025	0.4999998811015234	0.4999997444408199	0.49999916244208775	
0.6666735455498182	8.797731436309812E-6	0.5435258858015108	0.45977009105013666	0.4999966191231376	0.499994733457332	0.49999974180777634	0.4999999163578647	0.49999946967339165	
0.5000442951163702	0.9999503603352734	0.9999419470935162	0.9999938934278688	0.4999960163981039	0.49999439214963454	0.49999967041469917	0.4999964566874647	0.5000007390103682	
0.5000935224949847	0.9999553008510011	0.9999267142633895	0.6662763630075348	0.5000053777224406	0.49999435468580294	0.5000003361723716	0.5000035828276048	0.4999996014779774	
0.500135228676483	0.9999524096437701	0.9999876141621491	0.3334065959133563	0.50000543858129	0.49999507580056796	0.500000134090028	0.49999655879593946	0.5000003702502828	
0.5000563963838849	0.9999527707198673	0.9999860213996766	1.0447957666862922E-6	0.4999952722795384	0.4999943877860589	0.5000018627408925	0.5000003741113103	0.5000003771956333	
0.500050111391986	0.9999503595649992	0.666657966210901	0.9999972489373403	0.49999605874617137	0.499994402093776	0.5000003138696207	0.49999973471472403	0.5000007826095613	
0.5000445496396905	0.9999514153085438	0.6666579652831334	0.5000074456602962	0.4999963631270857	0.49999438920936473	0.5000001172122025	0.4999997340887702	0.500000738738766	
0.5000563951167382	0.9999521961342346	0.6665827194619032	2.8672130934223173E-6	0.5000059170598155	0.49999448475122643	0.4999999514924252	0.4999995142237115	0.5000003021798852	
0.5000512623213006	0.9999494265024166	0.3334593360814448	0.9997106827199559	0.5000056415330421	0.49999427438470123	0.49999975176213013	0.49999987541751917	0.4999988282780995	
0.5000523306317923	0.9999528102801376	0.3334326130785694	2.9774359246047814E-4	0.4999949040515962	0.4999938291348486	0.5000019709003786	0.5000001312193816	0.49999714998958344	
0.5000345991530936	0.9999503867551448	2.2828528879832906E-5	0.054334735712618154	0.5000112593795434	0.4999944028809544	0.499997488922886	0.4999966554452819	0.5000007680129225	
0.5000501329768215	0.666696852996715	0.9999143222820898	0.9998557348893277	0.5000057939903997	0.49999416914840134	0.5000012409484662	0.4999997501780203	0.4999999841537133	
0.5000260214194662	0.6666967621484589	0.9999650415800658	0.5000074479865394	0.5000053407632095	0.49999389230893077	0.500000117149934	0.4999997337372849	0.4999995724815861	
0.5000265169862507	0.6667118255303974	0.9999828401059349	6.0148883103993165E-5	0.5000054459204524	0.4999938781405377	0.499999864795816	0.4999998931880713	0.4999995463212618	
0.5000500217319442	0.6667260770713012	0.5001056926520848	0.999848242864249	0.5000056694799384	0.4999944375796104	0.5000003363722834	0.49999977306010945	0.4999996020252727	
0.5000269964549502	0.6666198667256825	0.49997464356369214	1.7017537213883082E-5	0.5000058216482064	0.499994414808711	0.5000025772380724	0.4999997415557701	0.5000000046880985	
0.5000345902169379	0.6666973446867971	1.1477859856341214E-4	0.889176844744875	0.49999673603319167	0.49999435720849184	0.4999978112687658	0.4999997150634759	0.4999996000007296	
0.5000445464243568	0.3335637994121707	0.999765158599708	0.9998676048906823	0.5000042456748153	0.4999943857239382	0.5000001921820448	0.500000172275538	0.4999995063713471	
0.5000312333257633	0.33364397898024717	0.9997651042712079	4.968599206302851E-4	0.49999624620183425	0.4999943730941553	0.5000001395652777	0.4999997578939075	0.49999958367103947	
0.500073658204919	0.33366383271139116	7.608734864108888E-4	0.49413438716797475	0.5000066215949903	0.4999944045530105	0.4999978021667056	0.5000002978479624	0.49999967085034713	
0.5000449714604314	5.837993308356187E-4	0.9836246900421096	0.453216442667193	0.5000062668388512	0.4999943202097064	0.5000000912541628	0.49999635822914984	0.4999987731423144	
0.3335871045892048	0.9992402861863511	0.9998541181719224	0.9998437276719997	0.4999866174848338	0.4999941932379754	0.5000019993307226	0.5000034666232297	0.49999893959387554	
0.3334348717262215	0.9999521343266435	0.9999475520465365	0.49999874214973206	0.5000053228428814	0.49999438709666516	0.5000018263983691	0.49999882165052634	0.5000006798002864	
0.33360851880354814	0.9999334310285476	0.9996312537373008	4.297756262749349E-4	0.5000061217752733	0.49999380784130604	0.5000002975873293	0.5000029018624566	0.5000004762407817	
0.33342115834126645	0.9999346737212231	0.500105692094182	0.9998525749353306	0.5000068327031066	0.4999944053569701	0.4999997933151661	0.5000033776119469	0.5000006684864541	
0.3334338094974906	0.9997434952858816	0.500105692094182	2.7974361263078063E-6	0.4999963234765738	0.49999435788538404	0.5000000692454655	0.49999951108883633	0.5000002529552326	
0.33344215445933845	0.999977268360932	2.153067084672171E-4	0.4993304704995746	0.5000075493326536	0.4999944014619769	0.4999999381616987	0.49999951605185844	0.4999987634577068	
0.3334330057296449	0.500144498298692	0.9997710494047791	0.9997237895413659	0.5000061576086785	0.4999944048622055	0.500000359061095	0.5000000570718207	0.4999997823610091	
0.3334454890127384	0.50015378257379	0.9997644454926532	1.4108857153501776E-4	0.49999615062787695	0.49999438462989537	0.5000020339029281	0.49999882132416174	0.5000002529124821	
0.33344234950142576	0.5001492798622671	7.113282811224886E-4	0.4722869763224	0.5000066101886873	0.49999440448733334	0.49999983351484006	0.5000002953057449	0.5000001636086501	
0.3334360638360589	3.727515718058294E-4	0.9838424825797994	0.5130199983186088	0.5000059752034816	0.4999938910815815	0.49999979097865793	0.5000032948209883	0.5000007732847126	
0.16749668537838425	0.9970467248856745	0.999023307584664	0.9988883543194019	0.4999943883794682	0.4999943488332821	0.5000018272199217	0.5000033991131083	0.5000013802079718	
0.16749672028967444	0.9983490017119464	0.9990308427831427	6.825772245774455E-4	0.499986477885637	0.49999416338719976	0.5000000793051224	0.5000002454128992	0.4999995660485771	
0.16676477367262968	0.9999255010081296	4.3773378402048405E-4	0.5819449270488223	0.500005172606582	0.49999436621654275	0.5000003251145791	0.5000000052363482	0.5000004884795962	
0.16676477367262968	3.7204946000314907E-4	0.9901245254608119	0.5011339126902753	0.5000067925144595	0.49999433092899803	0.4999997741575214	0.49999861455778	0.5000001694167785	
8.571083410749414E-5	0.6544673210784681	0.6719572017578728	0.6140004766146908	0.4999887490000195	0.49999365147184544	0.5000000585223341	0.4999986545082599	0.4999990121135004	
