0.9999987068117007	0.9999979582866991	0.9999952607269428	0.9999970859994739	0.5000047622273798	0.49999807212540204	0.5000011415093795	0.5000120392632156	0.5000058569787484	
0.9999851202705943	0.99999664899751	0.9999964628678982	0.8332903130275636	0.5000052883045634	0.4999981752572037	0.49999965186330725	0.5000122204809611	0.5000036641193202	
0.9999845787908809	0.9999935945283316	0.9999933368684842	0.6666240878861862	0.5000102915399354	0.4999958052620948	0.49999984946613374	0.5000132645362405	0.5000038494362676	
0.9999957173311946	0.9999992215017226	0.9999999110259646	0.5000098085381662	0.5000032149762834	0.4999981203059788	0.49999959136609756	0.5000132956385951	0.5000002658307077	
0.9999903442867016	0.9999939749918277	0.99999988923031	0.3333364894315308	0.5000045000424451	0.4999968705712294	0.5000028275913397	0.5000122971751189	0.5000008948013072	
0.9999903154644461	0.9999938629516648	0.9999884232222959	0.1667500756037662	0.5000044377462053	0.49999674508949005	0.5000016256614226	0.5000122564570345	0.500000553292314	
0.9999898355887413	0.9999999750259729	0.9999891573190789	7.545895424670371E-7	0.5000033974243945	0.4999960125433175	0.4999988856527504	0.5000121990087225	0.5000057612265054	
0.9999983564604109	0.9999981681716704	0.8332808605284716	0.9999970847485918	0.5000048104013044	0.4999957757345153	0.4999996634103927	0.5000132114830099	0.5000022455694498	
0.9999845144616238	0.9999938784084735	0.8332312652349259	0.800066344801174	0.5000043889249588	0.49999754322721357	0.5000013929539237	0.5000120886967983	0.5000021006167845	
0.9999985590283249	0.9999998400043304	0.8333229783381609	0.6000136201683024	0.5000052322919915	0.49999752989436713	0.4999996509169589	0.5000122259455851	0.5000024457699631	
0.999984645041845	0.999992868124493	0.8332609991486166	0.4000341683896617	0.5000032356384755	0.4999980880276232	0.49999899038588785	0.5000131300688018	0.5000018874261218	
0.999998500109492	0.9999928697000272	0.8333351971936702	0.19997509138716357	0.5000033057481069	0.49999312455471207	0.49999952676769166	0.5000123557808781	0.5000003655268955	
0.9999720971482468	0.9999933639678933	0.8332026940892897	1.2958491326077473E-6	0.5000052788310618	0.49999286630111145	0.5000016088880881	0.5000130727976874	0.5000020969199215	
0.9999983904041001	0.9999955052592976	0.6667140022139983	0.999995355523984	0.5000051169127024	0.4999980098753841	0.5000015061800178	0.5000123732590115	0.5000021993138468	
0.9999848964460597	0.9999970188047318	0.6668097657362381	0.7499666445830903	0.500004705714285	0.49999812873757393	0.5000011291711332	0.5000120220785345	0.5000022151074339	
0.9999850985628477	0.9999929022629144	0.6666966361176455	0.5000457026226207	0.5000043539628926	0.49999809862770933	0.5000011308241893	0.5000120125705582	0.5000021984102961	
0.9999984820111332	0.9999955152207534	0.6666475830445235	0.249962798538348	0.500003261191511	0.4999924985664564	0.49999920652766056	0.5000123972514321	0.5000055303359269	
0.9999984235094643	0.9999922931761841	0.6666475848431881	1.293073412057129E-6	0.5000032516047739	0.4999928487315941	0.4999990090275107	0.500012389312148	0.5000021413765688	
0.9999969376927099	0.9999918404166311	0.500027065420332	0.9999421354186563	0.5000072910206711	0.4999978473421144	0.5000010964045055	0.5000120690595574	0.5000017505363736	
0.999982758584218	0.9999998218361063	0.5000909224576375	0.6664423659994716	0.5000052326959987	0.4999978374075817	0.5000010773799072	0.5000131776652401	0.5000025031088413	
0.9999958502705517	0.9999941333563694	0.4999906886719258	0.33346221462339026	0.5000032664932006	0.4999953535390091	0.4999992175530121	0.5000128622641028	0.5000018841144596	
0.9999820125763343	0.9999719996934946	0.5001202980227909	1.932459752500883E-4	0.5000057564429374	0.49999639518337413	0.49999919785345376	0.5000127823716412	0.5000010248793085	
0.9999822811163044	0.9999717442413777	0.33323289604645107	0.9999850008329516	0.5000053915090493	0.499997140410786	0.4999974467345945	0.5000122146977426	0.5000007443476095	
0.9999820099665311	0.999971220284981	0.3331209145405781	0.5000105722106896	0.5000052750838933	0.49999716867474736	0.5000016696514876	0.5000127633733142	0.5000036181366606	
0.9999907508034381	0.9999982368706608	0.3332285999087474	8.163952207004221E-7	0.5000043248021299	0.49999602503647617	0.499997429685993	0.5000122195911896	0.5000009169611761	
0.9999995421777248	0.9999997494828032	0.16666601512593737	0.9999785014135034	0.5000053201565063	0.49999583842363676	0.5000023718807085	0.5000120774774902	0.500000796793772	
0.9999994442949265	0.999999714731647	0.16665670848287317	8.069222321391677E-6	0.5000048251311828	0.4999971738865127	0.5000020004474014	0.5000123961310866	0.500001125116766	
0.9999996701512966	0.9999979355074992	8.680535633923141E-7	0.9151555788305623	0.5000053237355243	0.49999584146702497	0.5000023937288831	0.500012077455429	0.5000005281186287	
0.9999999354661864	0.833311218802347	0.9999962595889763	0.9999996624561779	0.500004374581481	0.49999800652239756	0.4999993271200967	0.5000129764613371	0.5000036473240327	
0.9999999345936662	0.8333110181001591	0.9999979203367636	0.7999477099007787	0.5000043944995389	0.4999980051760131	0.4999998691030652	0.5000129873185105	0.5000036473223968	
0.9999845610521751	0.8333114811202711	0.9999936076606187	0.6001340869218305	0.5000043880069277	0.4999966958397203	0.4999994698298644	0.500012380414775	0.5000019296846547	
0.9999975162592663	0.8333225012523063	0.9999964497552526	0.40002685011905764	0.5000032280345574	0.49999750803656984	0.4999996486805352	0.500013271987755	0.5000020413134844	
0.9999984254388468	0.8333225060394066	0.9999961730047435	0.19997504911587277	0.5000032864014392	0.49999632347091744	0.49999914720395605	0.5000143784931848	0.5000043164789708	
0.9999984309333843	0.8333225012002536	0.9999961665892879	5.927207340666026E-7	0.5000032648287605	0.4999927969489775	0.4999988736502264	0.5000123400753723	0.5000007050991822	
0.9999985565521051	0.8333253598460999	0.7999962414594723	0.9999996848836691	0.5000042709724855	0.4999976369849109	0.5000013658577512	0.5000130511113391	0.5000036488271175	
0.999985138562461	0.8333123073816876	0.7999962067275003	0.7501130288013671	0.5000043541446727	0.49999804792512215	0.4999996633478948	0.50001236982152	0.5000021898051872	
0.9999911521963737	0.8333250887014273	0.7999983674516626	0.5000117703402631	0.5000044427263309	0.49999679488946	0.500001252045356	0.5000123923834122	0.5000053367017472	
0.9999985070669332	0.8333250630800876	0.7999962704976068	0.24998315917581249	0.500003219101976	0.49999679967158556	0.5000027793519128	0.5000123300892029	0.500000508129791	
0.999998434865654	0.8333231073910623	0.7999963114272068	8.899742752674074E-7	0.5000057434365754	0.4999961517646915	0.4999991534557807	0.5000123946727945	0.5000005352710232	
0.9999997124074739	0.8333251142534129	0.5999662939509837	0.9999948670833557	0.5000050804789137	0.49999290266883145	0.5000015374728582	0.5000132105287766	0.5000023135180203	
0.9999993552797846	0.8333371234505419	0.5999965065415049	0.6666667703230688	0.5000031926608822	0.49999671990107436	0.5000011082602231	0.5000123747605373	0.5000017508896305	
0.999990227207825	0.8333251180123928	0.5999820878068975	0.3334384012107838	0.5000032762218594	0.49999517892100925	0.49999957808523243	0.500012374438321	0.5000056945194893	
0.9999959831096208	0.8333246139117098	0.5999721973509061	2.0673211939702892E-7	0.5000052581958081	0.49999596405557795	0.4999988797678359	0.5000128507095563	0.5000026336645199	
0.9999993544203208	0.8333375057648852	0.4000188716551362	0.9999632218242295	0.5000047313323658	0.4999967436793049	0.5000021410322971	0.5000127737223844	0.5000017471917739	
0.9999999284917223	0.8333374211360808	0.40001887167227224	0.500009891328853	0.5000047329170597	0.4999967411025894	0.5000021315146683	0.5000119637961201	0.5000025618750231	
0.9999959449562913	0.8333372424246068	0.40003543455804597	5.9818061333880305E-5	0.5000052969495742	0.4999959534396377	0.4999988029198813	0.5000128494887303	0.5000026028781052	
0.9999931721030365	0.8333403359704702	0.2000757592642908	0.999922238970745	0.5000051946259628	0.4999971781389272	0.5000020872421436	0.5000120780179147	0.5000007939382457	
0.9999908471217549	0.8333378379417872	0.20017892437510126	6.419016766885388E-4	0.5000052729839626	0.49999614511263046	0.49999879819583065	0.5000120911762244	0.5000009775281857	
0.999998786664097	0.8333384014774751	4.5674716836574735E-6	0.6539430338135674	0.500005233097073	0.49999709157810296	0.49999844326571785	0.5000126462196663	0.5000009673379594	
0.9999984497989959	0.6666679289787778	0.999995013990755	0.9999995723278986	0.5000042882250744	0.4999976417332601	0.5000010762180647	0.5000132134510007	0.5000036607629743	
0.9999994507297599	0.6666772048236449	0.9999963764224029	0.7498946245999589	0.5000033439788761	0.4999965038484631	0.4999995428364023	0.500013579073778	0.5000020914520696	
0.999985464829326	0.666687020154306	0.9999935500884072	0.5000035360835575	0.5000061444675942	0.4999957098749262	0.49999958499694525	0.5000132269782759	0.5000070795761233	
0.9999984180641325	0.6666869549541189	0.9999686199718382	0.2499833609814885	0.5000049611011665	0.49999570513889546	0.4999991804777045	0.5000144095228766	0.5000006037033451	
0.9999982236277145	0.6666869549541189	0.9999709090758027	5.670244398521432E-7	0.5000057659717687	0.4999957093682386	0.5000009323071558	0.5000132419071678	0.5000035287989806	
0.999999160541759	0.666667898806248	0.7500659528270421	0.999972992157624	0.5000047436259402	0.4999933610011192	0.5000010762739453	0.5000135375897757	0.5000022056959984	
0.99998512614385	0.666674748691831	0.7500664952864341	0.6666559390356006	0.500006427703411	0.499997185892034	0.499999434624748	0.5000121743546145	0.5000053003248617	
0.9999857218536812	0.6666917247840556	0.7500410801688057	0.3334713414488346	0.5000032581625379	0.4999963814705178	0.49999955047402866	0.5000121799346966	0.500005689320983	
0.9999912594050255	0.6667457346538749	0.750011418677078	3.92660066336481E-5	0.5000049978425872	0.4999927693360674	0.5000016137270031	0.5000123301096334	0.5000003277475552	
0.9999845492458339	0.6666959169721041	0.5001447331481852	0.9996840413846941	0.5000060531628239	0.4999967123455977	0.5000009786692006	0.5000124089132348	0.5000005664243209	
0.9999960256644017	0.6666747959341087	0.4999451879766468	0.5000035157432602	0.5000032506677118	0.49999638800404683	0.49999944358763104	0.5000121670668345	0.5000081875633939	
0.999984613138629	0.6667371354166659	0.4999443521625097	1.5108734492465077E-5	0.5000051707134359	0.49999744032230997	0.5000017145090606	0.5000134997666582	0.5000020532455336	
0.9999379964437107	0.6668911064267649	0.25085467171774745	0.9981433951983323	0.5000044969114783	0.499995732321983	0.5000009806267635	0.500015800272632	0.5000060745549101	
0.9999380029360987	0.6671786486685015	0.2500802959567233	4.457496299731306E-4	0.5000056658117442	0.49999572337024906	0.5000005276605114	0.500015783279732	0.5000060769604006	
0.9999996711584798	0.6666770854121298	4.519327630336837E-6	0.3933671045066275	0.5000052694399683	0.4999970908232452	0.49999837883777015	0.5000122129337778	0.5000086999886851	
0.9999928284918714	0.5000359125493733	0.9999626777349057	0.9999668630794499	0.5000044456635374	0.49999578343253415	0.5000012402054732	0.5000188158336507	0.5000121712285666	
0.9999844256078542	0.5000466815325323	0.9999481962256151	0.666675485867949	0.5000061690469139	0.4999973739505568	0.5000008115695685	0.5000125390660386	0.5000029802504914	
0.999984550756197	0.5000466784438035	0.9999525393797879	0.33341064833024886	0.5000070539491931	0.4999965531679534	0.5000008698546542	0.5000125493446422	0.5000029474988612	
0.9999668854793444	0.5000445757611441	0.9999199272591816	1.1696490024395828E-5	0.5000073288574473	0.49999736068380335	0.5000013585825066	0.5000134423223637	0.5000042007371788	
0.9999852184447867	0.4999976586510899	0.6666644442479059	0.9999862367323696	0.5000065574993007	0.499998106992888	0.4999996496739144	0.5000132438913225	0.5000036278564882	
0.999998204844813	0.4999971121158983	0.6666773079957383	0.5000070246536285	0.5000050828930581	0.49999701183359035	0.500000960312305	0.5000125500063191	0.5000035009088909	
0.9999668907361934	0.4999865946064106	0.666677874458533	1.838448282642321E-5	0.5000060984149756	0.49999707581514324	0.5000021038931733	0.5000125987812082	0.5000035209361402	
0.9999982140271614	0.5000396510215039	0.33342842401636863	0.9995824948126294	0.5000056264903081	0.4999967682204661	0.4999993993079683	0.5000125530755443	0.5000033865302344	
0.9999982422510159	0.5000396460483241	0.3335541259807699	4.070614827050175E-4	0.5000056326997042	0.49999699787874774	0.4999995161765089	0.5000125513487473	0.5000033544983131	
0.9999997081386787	0.500041251189815	1.34710007064587E-4	0.47283163516625737	0.5000048851004679	0.4999963669232047	0.5000009485259521	0.5000131536226532	0.5000036137411362	
0.999997182018624	0.3333800863309147	0.9999937005875564	0.9998909191999551	0.5000049038923843	0.49999743364242255	0.5000009616843338	0.5000125594916219	0.500003728588249	
0.9999968842202168	0.3333878759105714	0.9999186743156268	0.5000067302083372	0.5000053648488024	0.4999969968161719	0.5000018420987568	0.500012296625725	0.500003526373729	
0.9999941027180955	0.3333889838060308	0.9998562335459953	8.670846223183181E-5	0.5000050898060727	0.4999969479147672	0.5000013740410807	0.5000124618477158	0.5000037464649687	
0.9999938441997258	0.33338762638187125	0.500151395119015	0.9997153630346558	0.5000033855373665	0.4999974378931178	0.5000013625583309	0.5000124135997054	0.5000036507316404	
0.9999982036153422	0.3333878722659086	0.5001511113005959	3.5819936009922585E-4	0.5000056014578631	0.4999970050850431	0.5000009732507315	0.5000125631283593	0.5000021291729492	
0.999996965136429	0.33337071189659584	1.285384877896783E-4	0.4947305006357654	0.5000061486606047	0.49999699680449905	0.5000009229411347	0.5000125505751781	0.5000035234151192	
0.9999966351995568	0.16692279760444212	0.9999198039716134	0.9985737226898908	0.5000063950505633	0.4999974163856047	0.5000009955353658	0.5000124500854576	0.5000038049992025	
0.9999661048078057	0.16710028567511637	0.9993909284945335	0.0018916561417010522	0.500004814166593	0.49999656341966575	0.5000011217263611	0.5000124975196971	0.500003237920533	
0.9999882751260781	0.1664965211660232	1.5092145244616217E-4	0.491663969496114	0.5000055471776431	0.49999741148834453	0.5000009676148501	0.5000125018379842	0.5000011469021033	
0.9999968850611356	8.64251775893737E-6	0.01094223475210726	0.46714932531889347	0.500008701138568	0.49999700856979684	0.49999756941946355	0.5000124920519592	0.5000037035011184	
0.8333327273670629	0.999996907345647	0.9999973907114998	0.9999996630764565	0.5000058705113307	0.4999980834342131	0.49999966404365737	0.5000123797458447	0.5000037137176818	
0.8333328421139113	0.9999965655498972	0.9999970479875895	0.7999477075796438	0.5000051381213237	0.4999978986429764	0.4999996508788891	0.5000122100399466	0.5000036748503829	
0.8333329834904099	0.9999970682736176	0.9999997605834716	0.6000164274963873	0.5000058546784412	0.4999982447164921	0.5000015626626928	0.5000122555155831	0.5000019058824813	
0.8333320329549334	0.9999999879865517	0.9999953810268079	0.3999797992727048	0.5000045141829592	0.49999667684314586	0.5000016069780988	0.5000122584286967	0.5000020693994236	
0.8333328579293738	0.9999999760965754	0.9999964597633404	0.2000095827044553	0.5000032043827892	0.49999773139608394	0.500001470134139	0.5000123364767339	0.5000004591061351	
0.8333247065951913	0.9999999870546374	0.9999997463373648	2.4598807953088416E-7	0.5000034007972797	0.4999961308818972	0.4999991456637858	0.5000132693104202	0.5000024563491893	
0.8333327001632556	0.9999971004744749	0.7999963271554613	0.9999996869257014	0.500004378049169	0.49999808016466835	0.49999966388258354	0.5000122216400431	0.5000023726089954	
0.833334108798914	0.9999970777170776	0.8000038099443355	0.7499666472789408	0.500004377529402	0.4999982470748498	0.5000010479249362	0.5000120061375964	0.500002284335621	
0.8333324751541453	0.999999985110475	0.7999983479293632	0.5000096281410724	0.5000044135924594	0.4999977140526682	0.4999988266699419	0.5000130144607163	0.5000020255457918	
0.8333324800385141	0.9999939124706787	0.7999962713641118	0.24998310813991992	0.5000032242214342	0.4999969462409311	0.49999901634050825	0.500013102064614	0.5000019947105838	
0.8333252159986864	0.9999963955971432	0.7999963140977862	3.929268222626832E-6	0.5000044642210408	0.4999976770758973	0.5000014351865768	0.5000123853430556	0.5000010328931863	
0.8333331078591997	0.9999971844813595	0.5999801669233511	0.9999970007226712	0.5000043609449452	0.4999957255085021	0.4999996058240869	0.500012075280637	0.500003424677544	
0.8333245091340488	0.9999972236435776	0.5999967400999313	0.6666582750505808	0.5000044724684586	0.49999587386001454	0.5000008013401616	0.500012880108104	0.5000017549138156	
0.8333244486128916	0.9999939670266179	0.5999754494330497	0.33322894859351826	0.5000032756841146	0.4999951789906819	0.49999949524220094	0.5000123822138424	0.5000019119800484	
0.8333305217293066	0.999994146348126	0.5999721434178361	1.1173420579247803E-6	0.5000043408554918	0.49999602480435346	0.4999990930830896	0.5000138059581641	0.5000009160258895	
0.8333333122564532	0.999997194926843	0.4000188488991676	0.9999783387362481	0.5000051973302091	0.4999928871440861	0.500001201694751	0.5000120841190213	0.5000008497615352	
0.8333333573173076	0.9999971998011421	0.40001884967002904	0.5000092864739786	0.5000052325518582	0.4999958838404728	0.5000023980760249	0.5000130780365061	0.5000021410610543	
0.8333243690131249	0.9999941935888947	0.40003540688510897	5.4168806684885124E-5	0.5000045774783092	0.49999810263918526	0.5000011603768535	0.5000121375368846	0.5000018825041339	
0.8333351000210024	0.9999940581259825	0.20010598141587826	0.9997234792799122	0.5000045696299515	0.49999630603359424	0.5000011896689184	0.5000127802295431	0.5000005509878843	
0.8333351357473606	0.9999996619244679	0.20010598141587826	2.948840524997255E-4	0.5000057051647038	0.499997185612038	0.5000020406436799	0.5000122514756536	0.5000005508740498	
0.8333343643493453	0.9999997183041199	8.175150441950936E-7	0.9913207566960385	0.5000048192501709	0.49999575314060457	0.5000020013920339	0.500011661525203	0.5000011084380512	
0.8333328417215158	0.8000109942576763	0.9999950106625893	0.999994150194781	0.5000042720662821	0.49999802870244914	0.4999998435887127	0.5000124490687285	0.5000034369738697	
0.8333328880061296	0.8000125473826557	0.9999951840476079	0.7498889507801211	0.5000047012205172	0.49999822316168474	0.4999998668646759	0.5000123760200105	0.5000018326999506	
0.8333328881472348	0.8000125516821622	0.9999953294200385	0.5000056530287129	0.5000057355055537	0.4999975238613749	0.4999996337755611	0.5000124768116401	0.5000054118467219	
0.8333322815927017	0.8000126080451818	0.9999966518827839	0.24998010546832045	0.5000044308758472	0.49999767981869186	0.49999947356396446	0.5000123440849495	0.5000010319412638	
0.8333252298885822	0.8000136229671201	0.9999999600133934	5.187076486605543E-6	0.5000049799343809	0.49999769391989923	0.5000000265516839	0.5000123240816643	0.5000010322607117	
0.8333247770535069	0.8000132280559885	0.7500133124983058	0.999971772904526	0.5000047064054807	0.4999982298308017	0.499999840748178	0.5000124578107955	0.5000022284223994	
0.8333238895273727	0.8000106709379152	0.7500153826397983	0.6666661346411258	0.5000045130469928	0.5000027600443607	0.5000009108752833	0.5000122593122204	0.5000018484181392	
0.8333323844234355	0.8000131917075991	0.7499793758525112	0.33344216133712057	0.5000044435361238	0.49999741870119097	0.5000017298669839	0.500013092713965	0.5000003418432003	
0.8333323576529843	0.8000108501076181	0.7500424360360674	1.0810211071004445E-5	0.500004341815044	0.49999733853478523	0.5000009761808876	0.5000130926417902	0.500000316185608	
0.8333160974380056	0.799977613296025	0.5000270496881625	0.999997598695023	0.5000045046601198	0.4999975841230142	0.49999965472450514	0.5000133145741634	0.5000035909118219	
0.8333350532763804	0.7999777569282857	0.4999695514103399	0.5000075653014566	0.5000047706351604	0.4999977009155938	0.49999955475855523	0.5000121667295442	0.5000064237997144	
0.8333310579734519	0.800023547563109	0.5000303914204057	5.880938145745526E-5	0.5000082216613209	0.4999936448591833	0.49999958091732943	0.5000133137246717	0.5000059800101492	
0.8333331158012653	0.7999792342573367	0.2500524126177582	0.9999571785558183	0.500004752911742	0.4999971727259645	0.5000016348052059	0.5000120694597346	0.5000034011792809	
0.8333343674644742	0.8000235486091751	0.250052412617779	1.8052165002109018E-4	0.5000081949577574	0.49999626606668174	0.4999990851341042	0.5000116879414453	0.5000012219437341	
0.833334364217377	0.7999790226136833	4.829201329653133E-7	0.006443979584197752	0.5000048102645729	0.49999779548453127	0.5000017334318944	0.5000120702319784	0.5000009579255805	
0.8333326082585598	0.6000272413063789	0.9999707093510326	0.9999717500102686	0.5000047007055631	0.4999966544881236	0.4999995881889896	0.5000124499890413	0.500003804735125	
0.8333334960124015	0.6000248587101771	0.9999788454825538	0.6666666768222403	0.5000044390374566	0.4999931243899126	0.49999940126495185	0.5000123437634532	0.5000010657983891	
0.8333323009147211	0.5999676213009972	0.9999998427959108	0.3331922011023762	0.500005705814321	0.49999665402407467	0.5000009622823006	0.500012459556351	0.5000010277403486	
0.8333237551354719	0.6000312096132054	0.999970308076267	2.443881639121452E-5	0.5000052996623137	0.4999980895614904	0.4999998059977831	0.5000120246624676	0.500000366038656	
0.8333325657290579	0.5999631788861016	0.6666518768540288	0.9999989243681648	0.5000047397192052	0.4999965429338609	0.4999996761931249	0.5000131954546203	0.5000036181369859	
0.8333303774909394	0.5999704736185753	0.6666928829239853	0.5000215171062303	0.5000044391417973	0.499997026265972	0.5000008941776766	0.5000124714756051	0.500000337345903	
0.8333305292533613	0.59997046019275	0.6666928393967546	5.774650398229356E-7	0.5000081228599319	0.49999700905908245	0.4999990981703309	0.5000124511098516	0.5000004555915457	
0.8333346711232011	0.6000475432510073	0.3334287086472047	0.9999604567199706	0.5000048572972983	0.4999964147847087	0.5000009255303847	0.500012770935753	0.5000003555095421	
0.8333245874686258	0.5999734358607421	0.33342915679958773	8.57761064694128E-6	0.5000032565599964	0.4999963987737391	0.500000787815558	0.5000128260781447	0.5000003432387665	
0.8333303831177821	0.5999705473603353	1.514284406060774E-7	0.9929488469979592	0.5000046051375007	0.49999638144101377	0.5000010830532353	0.5000131619259188	0.5000036263753908	
0.8333155163846707	0.4001116118560652	0.9998582290564844	0.9998801770796888	0.5000055584217903	0.49999592289921396	0.49999986639847804	0.5000125450815265	0.5000035594877642	
0.8333251598998892	0.4000296674903475	0.9999735005734963	0.5000056315348533	0.5000050843068217	0.4999973537670965	0.5000015283777334	0.5000123129137813	0.5000002397424781	
0.8333251168117635	0.40002497405894444	0.9999709743081404	3.139123918383837E-5	0.5000048229092686	0.4999980525997019	0.5000010088460117	0.5000120266015408	0.500003580382325	
0.8333306589343219	0.4000182053433119	0.500130634258265	0.9999997571455133	0.5000055025585414	0.49999704259527317	0.5000008833085263	0.5000125298477709	0.5000005813696664	
0.8333309674457695	0.40002062718967135	0.5001309494918378	3.5234849356298155E-4	0.5000056261988449	0.4999964231220298	0.5000017400895305	0.5000134921969186	0.5000005280564946	
0.8333305614024815	0.4000226675300706	7.744893613365146E-7	0.5112867693086082	0.5000054798775114	0.49999641721039545	0.5000017676717108	0.50001261556413	0.5000003944157334	
0.8333993998408055	0.20056544604560547	0.9987934718428297	0.9982529077679421	0.5000062329724325	0.49999588070393985	0.5000010803752637	0.5000127647248687	0.5000069362362162	
0.8333380011840272	0.20058805495080237	0.9984849771698288	9.266434930006786E-4	0.5000074766276525	0.4999970979178753	0.5000013496358311	0.5000126174076608	0.5000011659527304	
0.8333990350435141	0.20030440604495559	0.002282162626370654	0.5000088250919772	0.5000050784063041	0.4999970115154648	0.5000015402780584	0.5000123266585353	0.5000004368339896	
0.8333322997787339	4.425360416831489E-6	0.9871148211745169	0.50965997159519	0.5000047722118469	0.49999665889234457	0.5000009474061746	0.5000124435850416	0.5000011035213958	
0.6667302843353079	0.9999672009073798	0.9999764998485713	0.9999538846181959	0.5000051647450663	0.4999965008825899	0.5000011117404031	0.5000119831664236	0.5000034455447501	
0.6666147880420135	0.9999970788499283	0.9999997575736964	0.7498946824912897	0.5000032674466526	0.49999824425450223	0.49999986123552614	0.5000123780163761	0.500001856103009	
0.6665923593165177	0.9999940966525547	0.9999954059571857	0.5000810598191645	0.500003371392284	0.4999929927824798	0.4999998683243141	0.5000158196543759	0.5000003243153462	
0.6666591103794052	0.9999999681582701	0.9999992539113022	0.24998013192544294	0.5000045138116891	0.5000021607323859	0.5000013647363748	0.5000134643180828	0.5000010990469206	
0.6666616215513793	0.9999998214257411	0.9999997994364151	1.7673652792972516E-6	0.5000085864128524	0.4999936401635142	0.49999901310622524	0.5000122047477101	0.5000023122751824	
0.6666241192102433	0.9999955820792689	0.7499247274287743	0.9999647874692575	0.5000051631477439	0.4999965236968069	0.4999996708404607	0.5000119605986066	0.5000034455191936	
0.6666277800649656	0.9999995598743887	0.7500372336003485	0.6665607602248016	0.5000057781490679	0.49999813711776553	0.49999963621488497	0.500013034120097	0.5000014411763454	
0.6666595894904705	0.9999985492730975	0.7499187329003704	0.33323036870378653	0.5000032550996533	0.49999680204333596	0.5000027218168906	0.5000123643394149	0.5000019652846959	
0.6666613319957153	0.9999981550051975	0.7500114551179118	3.921427555368754E-5	0.5000050487158701	0.49999658181251483	0.5000013593902509	0.5000124633838797	0.5000022652723037	
0.6666316483170556	0.9999970556667305	0.4999457932659617	0.9999999665383105	0.5000053880971522	0.4999956506512798	0.4999995987849047	0.5000161125026129	0.5000005715074964	
0.6666603773328734	0.9999935015860656	0.4999696951245588	0.5001721221792814	0.5000052589458448	0.4999979554331281	0.5000012567927817	0.5000138717233699	0.5000036256878355	
0.6666615565787869	0.9999973245742593	0.49996992647173705	1.123383150725304E-6	0.5000076765507142	0.4999929747966229	0.499997138503141	0.5000149861096759	0.5000055110374555	
0.6666619776562098	0.9999990154102115	0.250052415567935	0.9999716223186682	0.5000054833190819	0.4999978124954447	0.5000016360176854	0.500013197318504	0.5000061683363155	
0.6669342396047714	0.999993554504345	0.2507831306820081	0.0023227611396606763	0.5000053316904588	0.4999962798894043	0.5000009808325778	0.5000128482107644	0.5000025221280332	
0.6666587085978848	0.9999999634947818	1.029199563305838E-7	0.8467692859023452	0.5000054518150794	0.49999776505427934	0.5000004617638012	0.5000117316273228	0.5000007419623835	
0.6667259525684759	0.749993009325114	0.9999765704314828	0.9999413545265818	0.500004575690058	0.4999982303702716	0.4999996397232084	0.500012305650889	0.5000034734417566	
0.6666633708400983	0.7500127009922357	0.9999979749209262	0.6666752082468108	0.5000052779065431	0.4999969769927153	0.4999997260729752	0.5000132000435134	0.5000006895434714	
0.666659971809752	0.7500125348901183	0.9999745767263261	0.3331922848241699	0.500004738687361	0.4999942919020908	0.5000013677244138	0.500013333305574	0.5000054649141732	
0.6666612779954291	0.75002051889489	0.9999997046207245	6.582451762724728E-6	0.500005083359312	0.49999655998006926	0.5000013837565639	0.5000160045570456	0.5000022834704014	
0.6666634893581501	0.7500126963715174	0.6666870460803216	0.9999610541851802	0.5000054705374577	0.4999964170070882	0.4999995971595656	0.500012764413196	0.5000033775011548	
0.6666653431466596	0.7499972868975968	0.6666892488673359	0.5000076476764499	0.500006214821548	0.499996948237091	0.500001044896121	0.500013622926318	0.4999977025947847	
0.6666653913405278	0.7501117276257676	0.6666893811101388	1.656722047962332E-4	0.5000061645808037	0.49999769774903097	0.5000010732686193	0.5000132489081351	0.5000002581057034	
0.6666304707266002	0.750015973938269	0.33353882947419605	0.999657229935916	0.5000055123190861	0.5000026755361718	0.4999944758399857	0.5000121516925576	0.5000054475637968	
0.6666298582680991	0.750012694864589	0.3332154648334434	4.627583191762867E-5	0.5000054768887405	0.4999973370859663	0.5000013942958484	0.500012845878578	0.5000006861497542	
0.6666620235062092	0.7499996454272627	1.3504397554907647E-4	0.5249964545706841	0.500004661615525	0.4999963087128855	0.49999988274769747	0.5000135807134016	0.5000000223809392	
0.6667302526524648	0.5000060233243014	0.9999704102135701	0.9999406418519103	0.5000046764948641	0.4999971080016301	0.4999971949199407	0.5000125484064345	0.5000035952344636	
0.6666627297744777	0.49999712060790713	0.9999952644427764	0.500053178576258	0.500004784078697	0.49999707848722963	0.5000013579896522	0.5000133659744925	0.5000010900303856	
0.6666613305356962	0.5002105585020407	0.999761317311625	1.69552487686088E-4	0.5000050455606204	0.4999971476337938	0.49999980741204364	0.50001199739366	0.5000010427347689	
0.6667518787774247	0.5001357388990255	0.5001340086673554	0.9995814659222003	0.5000062147592576	0.4999962885063234	0.5000009600474458	0.5000125848936736	0.4999974019972699	
0.6667518421684565	0.5001357388990255	0.5002541440096998	6.079798830922626E-4	0.5000051500736135	0.49999593988888763	0.5000011108461727	0.5000132666040444	0.5000004924387009	
0.6666614110365803	0.49999704728613564	1.9404605385000884E-6	0.49808199888316185	0.5000061772634748	0.49999371889846783	0.5000012791608123	0.5000132524995379	0.5000034974236363	
0.6669944851384312	0.251061859788017	0.9984140720425415	0.9974128442937651	0.5000064039209782	0.4999970241234159	0.4999997448767027	0.5000125996879733	0.5000035251525982	
0.6667481104567655	0.2500841266219211	0.9997341218506135	1.0565062533361268E-4	0.5000060975735485	0.49999677231921413	0.5000013229242829	0.5000127010040636	0.5000035056926204	
0.6667522569125308	0.249820692209663	7.1302247057106844E-6	6.260230718344306E-4	0.5000049169177957	0.4999974371574666	0.5000012597841028	0.5000127729653954	0.5000003643310442	
0.666668329197553	2.4518997122737526E-6	0.49721893765304126	0.996752995374205	0.5000050960769659	0.49999651252109406	0.5000009963372107	0.5000127274707299	0.5000037448102528	
0.5000403444209597	0.9999835081092564	0.9999923038971689	0.9999415885583353	0.500006390074661	0.4999979077254481	0.49999974701490074	0.5000129863566856	0.5000020590086305	
0.5000714741963214	0.9999201342386097	0.99998372152808	0.6664762675616444	0.5000047678422662	0.49999706003331806	0.5000012196432738	0.5000132816810647	0.5000002402604562	
0.5000415628758017	0.9998975080636953	0.9999921317940905	0.3332324859937388	0.5000047389935708	0.49999290034777016	0.500001511049284	0.5000159535390041	0.5000020011881074	
0.5000187795819212	0.9999963082505329	0.9999997246915326	5.481235673983564E-6	0.5000050283645177	0.4999943713061781	0.5000016362639007	0.5000133532937127	0.5000088275268008	
0.5000407546300936	0.9999961547023353	0.6666519590902032	0.9999571938876383	0.5000047649209141	0.49999808747860586	0.5000011882869579	0.50001330492779	0.5000064406343429	
0.5000176893670735	0.9999439258894839	0.6666875612560661	0.4999788471711617	0.5000052510019831	0.49999788833980136	0.5000012229703454	0.5000138357893377	0.5000002812730182	
0.5000720684023013	0.9999358693185236	0.6666875249678291	1.1625870707662392E-4	0.5000050423046851	0.499993925865671	0.500001033392049	0.5000124531547001	0.5000037442690165	
0.5001430088588462	0.9999093451730556	0.3335804408023469	0.9992146915355787	0.5000047154266005	0.4999918718561892	0.5000012073280524	0.5000136619631204	0.5000024636527747	
0.5000302747788207	0.9999957318835689	0.3335426871948845	2.8817698195235007E-4	0.5000056851705521	0.4999928044649252	0.49999927238431635	0.5000133692903881	0.500000569572657	
0.5000183910187408	0.9999989818661185	8.632551309360685E-5	0.49306878623258754	0.5000046125452531	0.4999962742668999	0.5000006752024421	0.5000161883247831	0.5000025245359015	
0.500040599871299	0.6666415207261853	0.999973162674536	0.9999572706905991	0.5000066463886211	0.4999969745639438	0.5000012044130333	0.5000133018510223	0.5000034418410109	
0.5000183518998401	0.666636921841122	0.9999845779125851	0.5001835270666107	0.5000047153067183	0.4999959829320674	0.5000012029566547	0.5000125588212578	0.5000033550175459	
0.5000191375323434	0.6666372578786948	0.999999032157294	6.651043555266341E-6	0.5000050814239541	0.49999596749864883	0.500001637572132	0.5000133552536005	0.5000035860965206	
0.5000177875706244	0.6666512991413885	0.5000505006878811	0.9999409729274953	0.5000087564270806	0.49999319697960626	0.5000012230181146	0.5000129889356361	0.5000006617138965	
0.5000528567840546	0.6666372599761983	0.4999282184662911	5.54261900182547E-6	0.5000052596495853	0.49999600023592583	0.500001117343915	0.5000135460592638	0.500001853216307	
0.5000183785239863	0.6666512437458351	8.501518534674176E-5	0.4604917697634556	0.5000045992907326	0.5000032912669747	0.4999995851055505	0.5000133045808998	0.500006387687466	
0.5000528556083572	0.3335501002678152	0.9999746273409361	0.9990794871888556	0.5000052824707972	0.4999969746291092	0.5000010333332513	0.500012618427702	0.5000035193940139	
0.5000721948777805	0.3335496615852834	0.9999152076686528	7.518060875285788E-4	0.5000047794450914	0.4999969423254009	0.5000008847334494	0.5000187059661118	0.5000002158890391	
0.5000182942183445	0.3334356006212943	1.6835624562175247E-4	0.5433458104447293	0.5000047140539495	0.4999972457507838	0.5000012027850603	0.5000126212667895	0.5000033611112089	
0.5000127591388964	3.7097502221570904E-6	0.896193519789239	0.9943887931637789	0.5000072855309737	0.4999973199224909	0.5000009458031129	0.5000126287218631	0.5000032749510376	
0.3334975872126967	0.9998100711058217	0.9999506224848077	0.9996551881835886	0.5000047459712855	0.4999968479604938	0.5000011144519565	0.5000130248634959	0.5000020206682314	
0.333497587254013	0.9998093692178629	0.9999621048242043	0.5000218545068094	0.5000061853766042	0.5000022395374238	0.5000013822532166	0.5000131384167276	0.5000062560126353	
0.3334975932910781	0.999649828089802	0.9999827186087578	2.864892948987084E-4	0.5000049479179983	0.500002748499501	0.4999926599329837	0.5000159553313246	0.5000053002933719	
0.3333763230133508	0.999946325805966	0.49994393642407875	0.999999182945958	0.5000053934885671	0.4999956444881369	0.4999995900543822	0.5000155427519629	0.5000054133402757	
0.3333836046730997	0.9999096645741296	0.49995553270702275	2.879480485978629E-4	0.5000047903835431	0.4999971430984916	0.5000020185208031	0.5000133804975263	0.5000055937661352	
0.3333836046730997	0.9999104754457226	6.38893308397559E-5	0.05874814496849987	0.5000061657035039	0.5000037669032862	0.5000011646207881	0.5000130327259589	0.5000005499945522	
0.3334975704861192	0.5004517899958082	0.998855528647539	0.9999487138846422	0.5000053608188068	0.5000033589751082	0.4999996803977209	0.5000130482837318	0.5000054488805613	
0.33350185454155806	0.5004517899958082	0.9992119423865338	4.625864270324299E-4	0.5000048031147293	0.5000027094221312	0.5000013514448448	0.5000136846831555	0.5000037614250532	
0.3333792736731876	0.5004496801233085	1.857217439642175E-4	0.48908810107163847	0.5000044097199854	0.50000275564455	0.5000011359964177	0.5000135566361088	0.5000066145513163	
0.33334126976670375	1.8737792331413594E-5	0.5325150842936515	0.5378047543305324	0.5000047501525278	0.4999973100763735	0.5000011097875648	0.500013079618085	0.5000034109807187	
0.1668817742713808	0.9999284690971705	0.9993407265985625	0.9995299112650944	0.5000047860838611	0.49999316215603234	0.5000011194065986	0.5000210828496428	0.5000018471872621	
0.16680613256092805	0.9999096629924121	0.9993402350605984	3.952097864905024E-4	0.5000047898314091	0.4999973428045886	0.5000020276953498	0.5000133872406394	0.5000020709395494	
0.16754159098557542	0.9982487174835106	0.0029059926321235658	0.5008346384566766	0.5000049927397567	0.49999194877972397	0.5000025266507007	0.5000217513007029	0.5000008379443921	
0.16680619524945176	0.0010129555297619386	0.7481585118131869	0.4646150574387051	0.5000061292302553	0.5000026878916531	0.5000013828970402	0.5000130204348671	0.5000037763117351	
3.521569307884942E-6	0.609432969668786	0.9744618684870967	0.019725863653083375	0.5000077782222643	0.49999462777396014	0.5000011271247352	0.5000150282037896	0.5000020373664575	
