0.9999902620527639	0.999998971413227	0.9999899646348058	0.9999840252885694	0.4999886647911494	0.49999035421451016	0.49999875881274336	0.5000059914456343	0.49998615218924886	
0.9999833958266316	0.9999862802598649	0.9999673789014875	0.833315064517653	0.49998925553406764	0.49999028649885	0.4999993480821036	0.500006053252356	0.49998615893488846	
0.999994302236234	0.9999862789212497	0.9999914361228277	0.6665996773776235	0.5000166026115387	0.4999911145405804	0.49999989608175943	0.5000058428154582	0.4999862104091748	
0.9999942022688744	0.9999924973343808	0.9999997497342469	0.49997929090634463	0.49998206772144815	0.4999898712416286	0.5000000362106104	0.5000051881343153	0.4999857453140156	
0.999998983152026	0.9999999304681146	0.9999998149954687	0.33333641615032394	0.5000194649681493	0.4999898722158349	0.5000000640904521	0.5000051809165378	0.4999860553270546	
0.9999981575031915	0.9999987500715508	0.9999918740399808	0.16674319103814855	0.49998698742739134	0.4999913978073512	0.5000001714350273	0.5000054609803554	0.49998607472187956	
0.9999981575031915	0.9999988272194621	0.9999955480943142	6.365223118048872E-6	0.4999874447372665	0.49998892909024795	0.5000002303430886	0.5000055452177883	0.4999863270647704	
0.9999998571662887	0.9999995567788325	0.8333396191655396	0.999995137979901	0.4999892891604934	0.49999151941999453	0.4999993414870624	0.5000063724041061	0.49998617531024564	
0.9999963020894348	0.9999982736621835	0.8333396126820606	0.800014818778104	0.4999902653649612	0.49999112278855695	0.49999992999040027	0.5000057423576995	0.499986183453554	
0.9999994304543753	0.9999979058205725	0.8333108289025946	0.5999799275231927	0.49998360741146486	0.49999022501427753	0.5000021570525492	0.5000060163761921	0.49998603651884455	
0.9999939539001086	0.9999987486965783	0.8333108150160852	0.4000151777906949	0.49998430357207185	0.49999021929906845	0.5000024696239147	0.500005456031735	0.4999844660700249	
0.9999985890802406	0.9999918070874543	0.8333091723841133	0.20001232783264797	0.49998672616112205	0.49999168756236695	0.4999996860330126	0.5000051890901555	0.4999861344151486	
0.999998194030006	0.9999968538608864	0.8333212574899356	4.5957607882886355E-6	0.500019490172507	0.4999914600101159	0.5000002463968422	0.5000051747481398	0.49998607724457433	
0.9999953774760603	0.9999991431232995	0.6666666787327933	0.999996154165021	0.4999849038570619	0.49999110382255774	0.499999346785001	0.5000058048146807	0.4999857602557539	
0.9999962513620476	0.9999970237177962	0.6666245859185271	0.749915629059356	0.4999854263567355	0.49999039276027724	0.499998345213959	0.500005158716878	0.4999860852427213	
0.9999974931777935	0.9999837434994873	0.6666328361179894	0.500031743325951	0.49998505745135646	0.49999137135575394	0.500000222676952	0.5000055458049494	0.4999863448351878	
0.9999936422663321	0.9999924686559588	0.6666363267197263	0.2499943174232137	0.49998713272660356	0.49999035226991356	0.49999969713110415	0.5000054763408488	0.49998567451204895	
0.9999940967848691	0.9999987389635937	0.6666363267295324	2.7595085546771147E-6	0.4999854879524583	0.49999138120546116	0.500002459540486	0.5000054599647609	0.4999856805411215	
0.9999973354357549	0.9999883968237929	0.5000577832823272	0.9999798132336238	0.49998976106136755	0.4999911231130628	0.49999942560646093	0.500005688164412	0.499986033979641	
0.9999949816449312	0.9999780956372024	0.5000569388594014	0.6667974671522567	0.49999007437296095	0.49999133522741473	0.49999765858233086	0.5000095411674902	0.49998623130650593	
0.9999978902996882	0.9999982467853036	0.5000571277437534	0.3333430861426052	0.4999854809654968	0.4999903460999234	0.49999931945800685	0.5000062644228039	0.49998617306979587	
0.9999654320721221	0.9999811841854571	0.5001526867174624	2.7889141946305443E-4	0.49998675932833286	0.49999036191725993	0.50000006478937	0.5000054758275347	0.4999856763412533	
0.9999966793608749	0.9999992865681077	0.33329849694681096	0.9999995884964141	0.4999877580263873	0.4999909490236532	0.4999992748833548	0.5000052230512531	0.49998600673023086	
0.9999859451641654	0.9999936747004539	0.33337167075692165	0.5001342327667677	0.4999865353655752	0.49999099632831234	0.49999972647490015	0.5000051602102518	0.49998571010602405	
0.9999895605899176	0.9999993783670916	0.3332968862042754	1.4839174767207486E-7	0.4999851922219351	0.4999886155574032	0.4999998236646292	0.5000052293761678	0.4999860091712833	
0.9999969810726866	0.9999960867322429	0.16670652182653775	0.9998754233991656	0.4999877391885002	0.4999907918352966	0.5000057018279344	0.5000051598877501	0.49998599884720135	
0.9999966852810609	0.9999992859595125	0.16674835167083804	2.2340115477654935E-4	0.4999888270341054	0.4999909470268777	0.4999996585617839	0.5000051533403013	0.4999859956853174	
0.9999964118623941	0.999997327283874	2.4953972947265726E-6	0.9861183659052332	0.49998601016532634	0.4999906405457361	0.49999941181752405	0.5000080960856546	0.4999858447798745	
0.9999897218428613	0.8333440982868648	0.9999925041269946	0.9999929190600366	0.49998906783785874	0.4999905837739763	0.4999993495465365	0.5000058135747036	0.4999861521868294	
0.9999727827702776	0.8333486438409987	0.9999987918462375	0.7998374774866039	0.49998288201076013	0.4999870101670765	0.49999856000840215	0.50000537918839	0.4999858549898335	
0.9999783030700045	0.8333464121631645	0.9999918316202954	0.5999967785350597	0.4999902102867506	0.49998876590026897	0.49999787584442495	0.5000055381281282	0.49998617396972234	
0.9999864712002523	0.833350482125007	0.9999956677418176	0.40001517691689115	0.4999886869461914	0.4999915635072295	0.5000002392767652	0.500005250108116	0.4999860617375427	
0.9999989866465726	0.8333464059565175	0.9999993916612598	0.20001532987353104	0.4999867061197735	0.4999902599602492	0.5000003211163406	0.5000055303323383	0.4999862053047743	
0.9999995905953858	0.8332626020606728	0.9999937633760437	4.0475989229144035E-6	0.49998711603155305	0.49998913629627584	0.5000025059948645	0.5000055461869569	0.4999856724499686	
0.9999974055253023	0.8333440208661891	0.7999829177064718	0.999999711371384	0.4999891056196449	0.49999154267494655	0.499999322961356	0.5000063798849212	0.4999861751987079	
0.9999938217656321	0.8333485871360307	0.799980242266397	0.749949209189509	0.5000195206227663	0.4999904893287849	0.4999987593621985	0.5000053788898356	0.49998621303858515	
0.9999932127422632	0.8333444430860233	0.7999801424144284	0.4999818249146113	0.4999901466122087	0.4999902167682647	0.4999998711596365	0.5000054140652591	0.49998583551544484	
0.9999936420369695	0.8333506883544625	0.7999805530559528	0.25007847691871526	0.4999869771154381	0.4999903493207138	0.49999964838998584	0.500005465879724	0.49998605499801346	
0.999999698822752	0.8333443807527157	0.7999804245458394	2.5976771627716106E-5	0.4999846571502222	0.4999903630104414	0.5000022830587074	0.5000054106682581	0.4999860022258008	
0.9999875833721038	0.8333428202385038	0.6000417095973939	0.9999911031901271	0.4999901142410356	0.4999905052042628	0.4999994133100749	0.5000061352566094	0.499986043114774	
0.9999967489061748	0.8333486159634215	0.6000414052720431	0.6666950106245961	0.5000199901650616	0.49999051914924847	0.5000000055196105	0.5000053790193262	0.49998622109103347	
0.9999962323394895	0.8333237098375145	0.6000238445671406	0.3333354222595236	0.4999865196700457	0.49999020734623195	0.49999893670638035	0.500005543952382	0.49998619013571693	
0.9999993742897095	0.8333490596448996	0.6000265533539063	3.3798005716099114E-5	0.5000198446587033	0.4999916012648393	0.4999997034101401	0.5000051151885673	0.49998523625430397	
0.9999993119595398	0.8333244182572321	0.40000940779399785	0.9999847690108359	0.4999868274744259	0.4999862804444326	0.4999992213946532	0.5000062687649038	0.49998604310726125	
0.9999860721275875	0.8333488490048644	0.4001547810362567	0.5001197346172026	0.4999889821168568	0.4999900534116748	0.4999996580811727	0.5000062945314085	0.4999862859037683	
0.9999915507320427	0.8333136257221636	0.4000019630040256	6.181549901339723E-5	0.4999868822540723	0.49998659262771833	0.4999980649991022	0.5000054407797987	0.49998531236800836	
0.9999952204588911	0.833324546081211	0.20000211301639823	0.9999847598066386	0.4999901043326604	0.4999913464624924	0.4999996633229038	0.5000059573495501	0.49998617381114024	
0.9999997393692825	0.8333482659769307	0.20048823433645177	0.0014076537713426616	0.49999013635928025	0.49998999804833283	0.49999803305675206	0.5000059099938353	0.49998627351990793	
0.9999972662769387	0.833324546081211	1.0842666681373792E-5	0.5068131906191007	0.4999890326294642	0.4999914076961866	0.49999922678349495	0.5000063417462749	0.49998551340736797	
0.9999903552873975	0.6667097423630469	0.9999673792418821	0.9999846471136821	0.4999903120088353	0.4999908141736946	0.49999934790042655	0.5000059535950322	0.4999861848663148	
0.9999956795837678	0.6666813048488447	0.999986793622751	0.7500145362791659	0.4999874805678031	0.4999904225095397	0.4999998710255947	0.5000059731139592	0.49998603904206446	
0.9999953360998401	0.6666812150888917	0.9999996366144478	0.4999201763880692	0.4999833587695318	0.49999174662078943	0.49999988246337107	0.5000058383908149	0.49998607187869626	
0.9999998066160707	0.666680149969723	0.999980352938381	0.2499952715002996	0.4999870647180658	0.49999003700521355	0.5000025298218654	0.5000055627925065	0.4999855503798819	
0.9999992839004465	0.6666796801104121	0.999991455943677	4.9523500199344496E-6	0.49998610240417185	0.49999172983860934	0.5000024569020973	0.5000050671862722	0.4999854801624388	
0.9999956763746711	0.6667604324569658	0.7498587918357997	0.9999688509512271	0.49998747826888373	0.4999915176380122	0.5000029409402653	0.5000059881415841	0.4999860505258887	
0.9999877094561281	0.6666954768109781	0.7500005258121738	0.6667990814823811	0.4999870186620486	0.4999883675451849	0.49999896706427616	0.5000063870466038	0.49998617473763823	
0.9999950496129436	0.6666954617020051	0.750003926279809	0.33334251906890244	0.49998566015459694	0.4999883410456537	0.5000022454777293	0.5000058446304477	0.4999838456549271	
0.9999762754537798	0.666680050249668	0.7499967964127705	4.308682507848256E-5	0.5000199686533732	0.4999915754414277	0.4999984486115579	0.5000062034391249	0.49998633674725185	
0.9999995661746468	0.6666892208430566	0.5000030876591359	0.999968309638979	0.4999868092444821	0.49999143908883775	0.4999986438001254	0.5000051490411251	0.4999861344626186	
0.9999958008718928	0.6666892161789414	0.5000031028567992	0.49999516746204653	0.49998707417200106	0.49999136654512155	0.49999851883216284	0.5000056623012378	0.49998603815605186	
0.9999876892241188	0.6666866522056675	0.5000813847895825	7.52510215368768E-5	0.49999016124069295	0.49999002355629635	0.4999979934226973	0.5000058933690499	0.49998617545531665	
0.999997761954994	0.6666891327848676	0.25003976367966385	0.9999371200603804	0.49999016895712073	0.49999122334133184	0.500000022803608	0.5000059221559113	0.49998617300737513	
0.9999888704148113	0.666689132901034	0.25009705061456117	2.1544284934649848E-4	0.4999870645614435	0.4999913646715973	0.49999977272571916	0.5000056548315525	0.4999862431992634	
0.9999978551105791	0.6666892178167882	1.4965350550918965E-6	0.40076312165693007	0.4999902013738345	0.4999907853166191	0.4999989368593834	0.5000053835087238	0.4999861748439002	
0.9999982200695546	0.5000202664333937	0.9999676470341203	0.9999929559582175	0.5000195379147364	0.4999903367284993	0.4999998795842255	0.500005640554672	0.49998599270372546	
0.9999889836162964	0.4999690731232051	0.999999990365119	0.6667990638719076	0.49999096123814435	0.49999103495495084	0.49999993020073746	0.5000059992559182	0.4999861698072806	
0.9999878282695518	0.5000640230590546	0.9999151013750557	0.3335962101728089	0.5000195427823713	0.49999012893109934	0.5000022614729229	0.5000059981594573	0.4999859871631714	
0.9999875120638664	0.5000648952554527	0.9999678248005474	9.043743630407455E-5	0.500018729814157	0.4999902242298966	0.49999853348755074	0.5000058437343977	0.4999860055996106	
0.9999946446685664	0.5000240802727317	0.6666371687249143	0.9999988721686816	0.49998868581486366	0.4999903347365549	0.49999998172164056	0.5000077471771622	0.4999860082491564	
0.9999878241814845	0.4999864684064868	0.6665496280790587	0.4999579253322474	0.49998567679192146	0.499991612136482	0.4999999341773652	0.5000076159923882	0.4999861573850348	
0.9999961176497955	0.5000645662077626	0.6665496280790587	2.638596950143362E-5	0.49998706912873625	0.4999916059904207	0.49999977210098984	0.5000058231590122	0.499986166799152	
0.9999939996829978	0.49995247445946883	0.3334609853606709	0.9998391543331301	0.5000207965601187	0.49999127826486756	0.5000005276437278	0.5000056452946541	0.4999854977867731	
0.9999937094008173	0.5002066241287527	0.33346107715281065	5.089978991791433E-4	0.49998607673545775	0.4999904116447435	0.5000004750057024	0.5000056075829467	0.4999851484041514	
0.9999639315965931	0.5001829680528196	4.2915288802625184E-4	0.5274648535899756	0.4999889044410662	0.4999901110263422	0.5000000134534112	0.5000080075932868	0.49998617843349225	
0.999997559411317	0.3332968814691143	0.9999997504839564	0.9999988746413636	0.49998608149357177	0.4999901091597844	0.5000000344937098	0.5000060135476275	0.4999860014658565	
0.9999797324867812	0.3332968814691143	0.9999996399460962	0.49999606845297034	0.4999836187080409	0.4999918463344534	0.4999985548350322	0.500005812357371	0.4999860714747017	
0.9999885400534622	0.3333629509503002	0.9999032660770988	3.3860322705352096E-5	0.49999026505096505	0.49999056065891867	0.5000000435737815	0.5000060334086348	0.49998600159017076	
0.9999630426757444	0.33364777295495984	0.5002006192347112	0.998849947497892	0.4999889292795183	0.4999900677029276	0.4999985460573729	0.5000060166080462	0.49998549255811797	
0.9999799561443713	0.3333629747688199	0.49997081172778157	5.558413283701549E-7	0.49998904721477605	0.4999916113702554	0.49999866820373995	0.5000056159141573	0.49998600300399615	
0.9999956342958046	0.3333668552706998	9.256932226336945E-5	0.5318587653118803	0.4999887614819053	0.4999901457411233	0.499998676052101	0.5000059905733965	0.49998603769309574	
0.9999974488109579	0.16678159459801786	0.9999068185257641	0.9993149187988789	0.49999096277667404	0.4999854709074869	0.49999983604403175	0.5000077324698271	0.4999860656232105	
0.9999884447421086	0.16674898371181907	0.9999946406360543	4.093718848025721E-4	0.4999885988553843	0.49999061159206415	0.4999985066953214	0.5000051779430668	0.4999857048581076	
0.9999990995292144	0.16674901121002128	3.714475785762533E-4	0.05371237185082651	0.4999886602430413	0.49999033520841657	0.4999987694110196	0.5000060016846412	0.4999857110890575	
0.9999990545862968	2.0677489339330102E-6	0.9965896543890663	0.5000263131739068	0.49998445960037163	0.49999004774886396	0.5000027348191701	0.500006006908051	0.4999859953439563	
0.8333176141150213	0.99999975269391	0.9999998452829357	0.9999967366360749	0.499988641769909	0.4999908243163582	0.5000001619064851	0.5000060942418937	0.4999861829097134	
0.8333175256418482	0.999985478036384	0.9999756420861952	0.7998372523214474	0.49998520267098684	0.49999044471170284	0.4999985392919945	0.5000051498540584	0.4999861813154799	
0.8333172968761958	0.9999981116778005	0.9999997870824803	0.5999064539834809	0.49998922181316885	0.49998873341327416	0.50000000424732	0.5000055622408143	0.4999859960311608	
0.8333172519851234	0.9999999603212396	0.9999997862604202	0.3999921736980889	0.4999839250976617	0.49999047520870166	0.4999985070319124	0.5000055346271297	0.49998599797070986	
0.8333172385397124	0.9999996954725366	0.9999994233094579	0.20001256457372085	0.49998420418512224	0.49999045080195925	0.5000002046706992	0.5000054962677647	0.49998599127738547	
0.8333185200347499	0.9999999208392704	0.9999995397356966	2.9676051039221747E-6	0.4999864696288722	0.49999089814241887	0.5000001748941082	0.5000051843312057	0.4999860745542471	
0.833321063034888	0.9999997945544881	0.7999822727460415	0.9999928253037847	0.49998930112894263	0.4999902227781676	0.5000029125312002	0.5000056835015146	0.4999861655035775	
0.8333182523118058	0.9999927085626978	0.7999807066003555	0.7499574531422663	0.49998631244694935	0.4999911255787867	0.5000032700623919	0.5000057499346664	0.4999857444718831	
0.8333174756729779	0.9999926017988108	0.800040419143457	0.49997958065371734	0.49998715771757785	0.499990478560029	0.5000032441072866	0.5000057736239132	0.49998614628875193	
0.8333124162339313	0.9999981648465261	0.7999789500594912	0.2499950468053592	0.4999892138325137	0.49998870995958633	0.5000000040146054	0.5000051880707884	0.49998599369244734	
0.8333171364499484	0.9999993230298572	0.8000028918920057	3.1085671809941026E-6	0.4999869850306855	0.49999158060361937	0.4999984772976806	0.5000055747802405	0.49998636656506534	
0.8333551915773889	0.9999983255327584	0.600048744589805	0.9999220818302101	0.49998976396031997	0.4999905730348797	0.5000000284043032	0.5000053985480778	0.49998603911859957	
0.833311855668519	0.9999962387804981	0.600000473388924	0.6666972690594434	0.4999859106485975	0.499991134082373	0.500002934732327	0.500005674617566	0.4999860301727048	
0.8333116867229022	0.9999995353802102	0.6000030483512236	0.33333548729364265	0.4999868100746083	0.4999915565365765	0.4999984904486757	0.5000055589893603	0.4999863447622124	
0.8333190114126252	0.9999964953903498	0.6000041188976963	2.643134880162098E-6	0.4999860394575858	0.4999916227059781	0.4999983519407289	0.5000051328073066	0.4999856615035185	
0.8333191169315063	0.9999980590616561	0.40000390580186096	0.9999978382266999	0.4999860627203125	0.49999038830932074	0.49999929995157893	0.5000051453787218	0.49998621793923137	
0.8333190918490048	0.9999988630199395	0.4000039058662826	0.4999207636540023	0.49998601974030155	0.4999908149236497	0.4999992786782454	0.5000051443952342	0.4999861778586965	
0.8333103736394887	0.9999963528989079	0.4000017568890859	2.603858727608717E-6	0.4999860394778414	0.4999908023604632	0.49999838071193325	0.5000065709698627	0.4999854675211109	
0.833320033338596	0.9999990518639394	0.20003457057604818	0.9999209180734626	0.4999908078716826	0.4999910359346767	0.4999999266344487	0.5000061949819651	0.4999862212636776	
0.8333199032582196	0.9999993839789395	0.20000209858213638	2.8128250709907627E-6	0.4999901572163899	0.4999913463761928	0.4999992485893153	0.5000059588864407	0.4999861743747319	
0.8333095919450564	0.9999981856262387	2.057991315020154E-6	0.02451931442795715	0.49998994298203314	0.4999917223100929	0.4999992223449972	0.5000051796541368	0.4999855026201942	
0.8333185640934107	0.8000248401826474	0.9999926121268596	0.9999931209009421	0.49998916941161503	0.4999905154109799	0.4999993701214954	0.5000064118403644	0.49998602241064966	
0.8333184433884719	0.8000269747148522	0.9999918654035277	0.7499578780602771	0.4999892070822682	0.49999099042335354	0.5000001416779509	0.5000052011600684	0.49998599763052537	
0.8333164335257406	0.8000259943728958	0.999995510140685	0.49996552324869187	0.4999876090595535	0.4999915654702204	0.49999970780270686	0.5000055518359497	0.49998606162635906	
0.8333128506348287	0.7999914744046025	0.999999556525844	0.24999563510445955	0.4999869721809237	0.4999899070780676	0.49999809069247575	0.5000052297511605	0.4999860411104705	
0.8333178733950275	0.7999911203832406	0.9999780887429253	4.666250449194212E-6	0.5000163020850511	0.49999167656356586	0.5000002423877098	0.5000055372016755	0.4999863296320995	
0.8333210661089588	0.8000186373551081	0.7500632437432123	0.9999498653405238	0.4999850481666827	0.49999049239730253	0.49999935615473134	0.5000065757592046	0.49998622630638717	
0.8333184074588779	0.8000179194632616	0.7499978106442898	0.6665979188757433	0.4999868926974584	0.49999102234818843	0.49999844600005217	0.5000051472824106	0.49998634141339415	
0.833329017328773	0.7999677686667448	0.7499971090019227	0.33334323001664673	0.4999869762177256	0.49999097639474105	0.4999991119154691	0.5000062157076668	0.49998605398589663	
0.8333171482031532	0.7999991328521693	0.7499969275496284	2.8063007820165894E-6	0.49998697894902533	0.49999160152509303	0.5000002235463973	0.5000055393758274	0.4999863664132877	
0.8333182345874216	0.8000271778900045	0.4999928143783933	0.9999998892975567	0.4999849136641794	0.4999911062951067	0.49999898546399313	0.500005693943639	0.4999860351653851	
0.833320205189366	0.799972744631039	0.4999673533504952	0.4999590423791647	0.4999867596208294	0.4999910971460173	0.49999916184645654	0.5000066123814547	0.4999859872048542	
0.8333290563620896	0.8000482317906963	0.500079461615877	8.190443386116736E-5	0.49998514441951236	0.4999903294374847	0.5000020572418729	0.5000054598115239	0.4999863712280095	
0.8333203432213222	0.8000241519239358	0.25009703688471274	0.9996936708938551	0.4999885864679124	0.49999113785744287	0.499999792887683	0.5000062414331421	0.49998626772890825	
0.8333583364500038	0.8000241833712387	0.25009704184211284	2.0253741970875877E-4	0.49999046693652294	0.4999904947002831	0.4999997942167612	0.5000059598237246	0.4999862732460709	
0.8333091603526209	0.8000245961838696	1.0718170406709229E-5	0.09892962881463885	0.49999007587817695	0.4999906452013263	0.49999982235118023	0.5000052691748057	0.49998629166241443	
0.8333213693120578	0.5999802829227135	0.9999987221533148	0.999999975001147	0.4999863220965853	0.49999114614843737	0.5000029704560132	0.5000057676003103	0.49998570110122087	
0.8333143527601199	0.5999802431471086	0.9999985687659955	0.6667816160272698	0.4999888782442317	0.4999907944623748	0.4999993150508111	0.5000060967823146	0.4999860662142459	
0.8333170029254964	0.5999103264144765	0.999999655519946	0.3333432300578385	0.4999862326132918	0.49999097785477653	0.500002257074252	0.5000062267940256	0.49998600490662876	
0.8333172113241023	0.5999103301450832	0.9999998323442458	8.272661183991887E-9	0.49998548179790026	0.4999911221503361	0.49999859616984177	0.500005993343775	0.49998606552492514	
0.8333214493368832	0.5999777732332092	0.6666438362132691	0.999998511293823	0.5000195408704278	0.4999904135586106	0.5000029717571702	0.500005957702524	0.49998608615313406	
0.833313896596485	0.5999150300383391	0.6666371547572595	0.500046178732652	0.4999863810913189	0.49999098481698806	0.49999971943208205	0.500006557078481	0.49998604775272804	
0.8333181670736852	0.5999152600143772	0.6666371606376515	1.2963461783320083E-5	0.49998638975843473	0.4999909628385354	0.5000004919233365	0.5000066431425301	0.4999851238261898	
0.8333174986061727	0.5999150263544649	0.3333013016151461	0.9999892957088748	0.49998745607965156	0.49999116444635733	0.49999877625802863	0.500005173895447	0.499985802063309	
0.8333106549525896	0.5999116632582682	0.33333342302656205	7.88986806548626E-7	0.49998894361032636	0.4999915700535502	0.4999997283452091	0.5000065562859036	0.49998611099748436	
0.8333185491322738	0.5999116196074752	1.362149518173997E-6	0.9997747970418901	0.4999886980654158	0.4999911336505833	0.49999979996319965	0.5000053961176478	0.49998578405442595	
0.8333180021607328	0.4000834851499069	0.9999333662339513	0.9998112896809658	0.49998569338918075	0.49999114618785145	0.5000032180531567	0.5000060190438904	0.499985719294012	
0.8333179698604632	0.4000015033701568	0.9999727448310818	0.49999342021394244	0.49998880551574676	0.4999902363505768	0.49999852473100703	0.5000055710831952	0.4999858454630741	
0.8333213028903622	0.40008031252371423	0.9999024311820743	9.11783050384394E-5	0.49998718615499926	0.49999006710470423	0.49999854119283965	0.5000060186248133	0.4999860786436426	
0.8333179484473716	0.40000900667841566	0.5000046157822645	0.9999887030525131	0.4999861724419314	0.49999117462211035	0.4999986156305307	0.5000056272247133	0.49998605335806395	
0.8333179707453945	0.4000085249874455	0.5000926976351997	1.3182352536177642E-6	0.49998901334353074	0.49999080359046894	0.5000000155989157	0.5000055364518193	0.4999860544458284	
0.8333184934580761	0.40007867551287196	1.6161004547998736E-4	0.5174999417901837	0.49998901288264236	0.49999007210121943	0.4999986376714655	0.5000060793624438	0.49998470084796715	
0.8333144919610193	0.2003375402553926	0.9992486625693588	0.999286035704062	0.49998584111746824	0.4999910656571883	0.4999985058550112	0.5000057898321865	0.49998599102089364	
0.8333183110447793	0.20037696138871122	0.9994374651595577	9.544695168711237E-4	0.49998613110271845	0.49999009073033407	0.49999964686256987	0.5000054663530785	0.49998570258178104	
0.8333213028687108	0.20033682878054307	0.0014818605039011445	0.5002460283664965	0.49998718289399946	0.4999901105556701	0.4999997516405124	0.5000072824842418	0.4999860783448748	
0.8333183663600424	3.36004915245318E-6	0.993024675538387	0.5722194038862825	0.49998716685482236	0.49999011179759884	0.49999964636447924	0.5000056819955692	0.4999860494732053	
0.6666691444253378	0.9999995263829443	0.9999926147274214	0.9999991662539595	0.49999119622559846	0.4999902295093667	0.5000001300988043	0.5000054073579424	0.4999860974957336	
0.6667361816629518	0.9999905733614278	0.9999342539027843	0.7497367281784311	0.4999885180096565	0.4999911155092398	0.5000001629608477	0.5000061381215992	0.4999857511863694	
0.6666682635885267	0.9999974454043371	0.999995340446767	0.49997492734175597	0.500018854541458	0.4999885457157854	0.49999892048691996	0.5000058712699644	0.49998600565599605	
0.6666676043804426	0.9999982467399433	0.9999962513274832	0.24999432341053007	0.4999879539295766	0.49999144031310727	0.5000000562164291	0.5000053150698217	0.499986358315689	
0.6666663087728736	0.9999969399105492	0.9999994326353357	4.76303665123327E-6	0.49998655580847745	0.4999900189486776	0.4999982875609804	0.5000055059606091	0.4999863679786074	
0.6666685802061726	0.9999816744461187	0.7499832835674877	0.999927352219137	0.49998847881367686	0.4999911348233571	0.5000001942898818	0.5000058671065981	0.49998574809429414	
0.6667255341829287	0.9999728320107758	0.7500820818398245	0.6666829546662287	0.4999836765791237	0.4999914332525221	0.4999985262803071	0.5000102542271391	0.49998573827858533	
0.6666717300163595	0.9999949355404676	0.7499955549570892	0.33334066084097624	0.49999075809717675	0.49998807517050353	0.5000001743712396	0.5000053676142063	0.49998596085870217	
0.6666748295917543	0.9999923475302336	0.749995450316	4.48025866353029E-6	0.5000181986014597	0.4999915018844739	0.500000241261123	0.5000055610202522	0.4999862911545814	
0.6666687226083704	0.9999988370616157	0.5000292779688322	0.999933898672062	0.4999866495250633	0.4999911096311415	0.5000021175308107	0.5000056906775683	0.4999857656694361	
0.6666599974478953	0.9999895563243423	0.49994883431402354	0.4999752236932908	0.4999869078588169	0.4999888266944799	0.4999980972996075	0.500006116261845	0.4999863400382738	
0.6667550973796569	0.9999414875408545	0.49994885025074254	3.829287286804472E-5	0.4999885736047602	0.4999872717547701	0.5000002205203955	0.5000053635200973	0.4999857489413231	
0.6667550726900483	0.999912893597593	0.2500970545788804	0.9996918546493365	0.49999018593121614	0.4999904852041601	0.49999924322136435	0.5000059600156995	0.4999860443025666	
0.6667550780972356	0.9999409393594891	0.2500970581636957	1.997190899171164E-4	0.4999900757087894	0.49998726250374786	0.49999748172587405	0.5000059591474341	0.49998617786146626	
0.6666677612252918	0.9999981793101685	3.25588153887566E-6	0.49277096529156417	0.49999033434100937	0.49999166782377813	0.49999977128370643	0.500006277129085	0.4999861460982684	
0.6666676776080275	0.7499971633648543	0.9999948868707207	0.9999997435035239	0.49998851686033646	0.4999914739665872	0.5000033763000952	0.5000060795527325	0.49998574815877495	
0.666663225785983	0.749997193219673	0.9999987901647975	0.6666973907120277	0.49998667465934804	0.4999903301576698	0.5000001462668194	0.500006122978882	0.4999861109162159	
0.6667234686504695	0.7499963088300933	0.9999817385005852	0.33360167543017316	0.49998741649252987	0.4999915814930978	0.4999996896806189	0.5000060047532913	0.4999857417199003	
0.6666706037094545	0.7500697306213874	0.9999844074583722	3.450080403292296E-5	0.4999854798568095	0.4999915323391563	0.4999997381993347	0.5000061269746677	0.49998638377763555	
0.6666631227680908	0.7499971925463309	0.6666642559557843	0.9999989088177147	0.4999874569920678	0.49999038252441913	0.5000001309872428	0.5000061506709144	0.4999857980297356	
0.6666706012461998	0.7499936817520181	0.6666646898453039	0.500017921032489	0.4999874217266902	0.4999905967797114	0.5000000139776781	0.5000054810475985	0.4999860476701242	
0.6666684049239114	0.749993684296111	0.6666353090320584	2.6216657209850375E-6	0.4999874164185128	0.4999915662864093	0.5000001988153566	0.5000056603918478	0.4999857403978712	
0.6666631893820465	0.7499928245026365	0.333295806756319	0.999998798891937	0.49998671717665305	0.4999872638302129	0.49999918919302666	0.50000526092154	0.4999861705576762	
0.6666683799521431	0.749993681964604	0.3333333295701009	2.2716604266529498E-5	0.5000174829059681	0.4999901692892059	0.4999988663068098	0.5000054892129364	0.4999860472696592	
0.6666677629763316	0.7499936877485947	9.240681889996733E-7	0.07646470115117998	0.49999004915187967	0.49999117398305565	0.49999741952375165	0.5000060506966849	0.4999861697899556	
0.6667070784208826	0.5001537904505376	0.9997597791351471	0.9997871080391544	0.49998555118574356	0.49999155443213195	0.4999986667390483	0.5000052445948717	0.4999857020973499	
0.6666706259327242	0.5000313953077761	0.9999095621884275	0.5000175407669959	0.49998904090268953	0.49999040778950704	0.5000000048330518	0.5000065834452149	0.499986008886124	
0.6666342279216655	0.4999634422688686	0.9999833377665406	2.370639907708703E-6	0.4999860606248521	0.4999907703191627	0.4999999813521381	0.5000057102121339	0.4999857480405309	
0.6667123542587209	0.5000311628638368	0.5000096564879785	0.999997523799728	0.4999857972557487	0.49999080287030495	0.500000015691625	0.5000056287850939	0.4999860399217801	
0.6666684989061072	0.500031192948534	0.5000904051990988	8.316702754088949E-5	0.49998605469895335	0.4999905438690981	0.5000033537008898	0.500005534642194	0.4999857150023752	
0.6666649656762836	0.5000310686204337	1.2997659461701824E-5	0.5600044032775204	0.4999890515472203	0.4999907217192031	0.499997308846764	0.5000055315733608	0.4999861698217582	
0.6667126074548447	0.2506923759409344	0.9990530570742784	0.9987572512573609	0.49998739566077033	0.4999902030460931	0.49999998834584036	0.5000060035432806	0.49998569652996566	
0.6669271753773411	0.2506923595722544	0.9990521454245835	0.0014261670968323467	0.4999861391160154	0.49999098389861074	0.49999862560524005	0.5000057202522392	0.49998604111406275	
0.6668421705990892	0.25067961184835374	0.0019787529315379382	0.5184128936431455	0.5000215435378221	0.49999116157983	0.4999997157635208	0.5000055186157178	0.499985702058056	
0.6667166976245237	8.198203204490273E-5	0.6725786632861618	0.5765556790304132	0.49998734187794336	0.49999161179305746	0.4999986733722872	0.5000060231901685	0.4999860395376378	
0.5000588307064714	0.9999905660108476	0.9999343255873545	0.9999259168220052	0.5000198254290427	0.49999184244844774	0.5000001881203573	0.5000061143393089	0.49998575107655774	
0.5000588530977815	0.9999725015587001	0.999971979905329	0.6666829208561	0.49998687834684213	0.4999915992178494	0.5000031167236128	0.5000055691026963	0.4999858028556922	
0.5000712709586695	0.9998628797061349	0.999972153480943	0.3333406003521399	0.49998703468182626	0.49998810770418145	0.5000003550573762	0.5000061150190958	0.4999860049461549	
0.49998585825555414	0.9999925458814969	0.9999962413937099	4.401442600780825E-6	0.5000242115918935	0.4999914427625344	0.5000000607046156	0.5000053176309929	0.4999863571692035	
0.5000417352699705	0.9999615341065776	0.6666614456455683	0.9999926217095134	0.49999008361117114	0.49999188074223117	0.5000001177798445	0.5000061640152594	0.4999857496140329	
0.5000421658155627	0.9999608827051734	0.6666614750410759	0.4999791812119408	0.49998708777358647	0.4999905986194176	0.49999998842335963	0.500006172429228	0.49998604281558534	
0.5000594046992349	0.9999602655884622	0.6666422782378059	8.085866132563429E-5	0.49998673427685963	0.49999048631732046	0.4999980857882402	0.5000052152475265	0.49998633593078323	
0.5004299664976208	0.9998293557590944	0.3341139954598778	0.9986976640132924	0.49998746584969433	0.4999911074529402	0.4999986228491401	0.5000060273683753	0.49998574820914776	
0.5000574041925241	0.9999879016613522	0.33400491041843666	1.072579320640018E-4	0.49998914853489973	0.49998792894693705	0.49999917523765874	0.500005175239136	0.4999859554023473	
0.5000721891875528	0.9999907148102258	2.410618347353302E-4	0.499071535587506	0.4999841484761964	0.49999169977144015	0.49999829648711325	0.5000051878687214	0.49998570209526766	
0.5000531500849134	0.6667186277802387	0.9999466099252159	0.9998405679952095	0.5000164092046475	0.49999007579629356	0.49999866750064154	0.5000048344503762	0.499986013281554	
0.49998472614761635	0.6666255763437757	0.9999724209997061	0.4999767123935095	0.4999873357142065	0.499990416811336	0.49999793085155586	0.5000061007912915	0.49998593775278627	
0.5000693179377205	0.6666255764686925	0.9999823733829039	8.316652034786088E-5	0.4999851641823428	0.4999904367712572	0.5000030513039093	0.5000061257734806	0.49998601769568274	
0.5000596200928514	0.6667184690434791	0.5000288207868147	0.9997867694921291	0.4999877970352583	0.4999902053774415	0.49999743915982664	0.5000060970586764	0.4999860140483186	
0.5000419739767384	0.6666255765305135	0.5000283607639631	8.320870793186186E-5	0.4999858056489388	0.4999870187012523	0.4999975671687301	0.500006182371613	0.49998598445691755	
0.5000598161624406	0.6667227410446518	2.4129767285301855E-4	0.5001182898557588	0.4999832419081145	0.4999911702614493	0.4999993167633933	0.5000062405547409	0.49998596822382463	
0.5000595652097052	0.333404820166496	0.9999226634157076	0.9997867009145366	0.49998709992333307	0.4999908716528474	0.5000001873036177	0.5000052230482271	0.4999860134456122	
0.5001248834954662	0.3336760803487124	0.9994432754067604	2.6976000626838904E-4	0.4999858844665076	0.4999877526824512	0.5000031726528326	0.5000059031146746	0.4999857077385233	
0.5001264197762306	0.33368985918855726	0.0010133387174541372	0.518700658608459	0.4999867129425651	0.4999904114111406	0.5000035109749484	0.5000060583005479	0.4999857247277817	
0.5001260971096941	4.2147269934669773E-4	0.6539077788504779	0.5188131461447472	0.4999876201021155	0.4999903510456615	0.4999985588616652	0.5000060798622371	0.49998596415689184	
0.3333540745175249	0.9999936457477442	0.9999728721824851	0.9999867909929478	0.499984667139783	0.49998804023288074	0.5000001103559082	0.5000062039894934	0.49998595598736817	
0.3333303010686138	0.9999935659374075	0.9999994735594465	0.49997759045549556	0.4999872481396367	0.49998728980601037	0.5000000008918455	0.5000061727943136	0.49998572899499566	
0.33335742573898186	0.9999880425760324	0.9999728723351078	3.239872364678794E-5	0.49998903548799994	0.49998804662389473	0.500000038075906	0.5000050317257985	0.49998596501616965	
0.33345064285126325	0.9999936690529609	0.5000228882034745	0.999667582575361	0.49998262352448886	0.4999883269959503	0.4999924297961832	0.5000066392657195	0.4999859652550304	
0.333358242911121	0.9999922914076712	0.5000984940277319	3.6050374187271113E-4	0.49998898499765004	0.49998797760481717	0.5000001385916686	0.5000061698231977	0.4999857290289025	
0.33345054105602295	0.9999407860168955	2.4422947160002834E-4	0.4992228071478077	0.49998518891661153	0.49999040060598465	0.4999923839665519	0.5000051173138892	0.4999857965247064	
0.33345437129309263	0.5001987869068357	0.9996519167879644	0.9997858741873564	0.5000182698794352	0.4999908360478497	0.4999998950312276	0.5000057111654134	0.4999859597315997	
0.3333582760857806	0.5001987869181777	0.9999705444315795	4.045562910882097E-4	0.4999889741380383	0.49999146104633363	0.5000033072161442	0.5000051020891259	0.4999856386984097	
0.3334570725016293	0.500200093508911	7.265382769172202E-4	0.4999535438159115	0.4999892348427652	0.4999901452636932	0.5000001816866244	0.5000052306453495	0.49998605667389767	
0.33354750730682403	8.181177682158044E-4	0.6540093944443295	0.5115482597255777	0.5000215301674773	0.4999903762053987	0.4999999031212092	0.5000052044494957	0.4999856380827751	
0.16830977916998888	0.9935046816289925	0.9983223833238314	0.9977848475461454	0.49998795822652	0.4999918086694925	0.5000026749285519	0.500005124643934	0.4999859727789497	
0.16830977916998888	0.9937405032208881	0.998322206950606	3.3536605917991604E-4	0.4999877846168404	0.4999874315240326	0.5000030157914341	0.5000051270192106	0.49998596800597317	
0.16689863506457275	0.9994840732071801	7.121550942528332E-4	0.4982378448112543	0.4999892765395387	0.4999879113919603	0.5000030292636665	0.5000062057947869	0.4999859650756397	
0.16690814165758927	7.255090933150354E-4	0.760797561785443	0.33938358768193977	0.49998654468737946	0.4999918235887977	0.5000030323785217	0.5000051278878975	0.4999859722864727	
6.958235017062719E-6	0.48690737202445816	0.4673025258410117	0.5842788833696511	0.4999877616673158	0.4999881500970894	0.49999941297843137	0.5000062614887516	0.4999857750200519	
