0.9999985959437084	0.9999919887523231	0.9999976177613086	0.9999893641181632	0.5000038120835054	0.4999990400677324	0.49997445112808003	0.4999998515396405	0.5000052731972793	
0.9999891789917595	0.99999563388242	0.999992296738011	0.8333788598823678	0.5000030423108432	0.49999933371065053	0.4999753855393532	0.5000006181569288	0.500000161891939	
0.9999953158114986	0.999997712924359	0.9999923329495402	0.6666449301679676	0.5000039709982511	0.49999994477426685	0.4999750115918733	0.49998337917910546	0.5000001621021095	
0.9999958591455583	0.9999890478856371	0.9999924951824111	0.4999954976914445	0.5000039831636446	0.5000005035226911	0.4999756766971034	0.49999881864453577	0.5000001437801266	
0.9999891660255739	0.9999961495567778	0.9999882138575475	0.3333271520840429	0.5000028412229052	0.4999964072011047	0.49997576357509527	0.4999956118510875	0.5000001101657524	
0.9999895035768748	0.9999960657636435	0.9999882506088815	0.16653065862022426	0.500002853254568	0.500000553126935	0.49997572257027595	0.4999952319170366	0.5000013313293811	
0.9999891909989859	0.9999977533052538	0.9999957914988675	2.014737139505182E-6	0.5000026964762025	0.500000263948243	0.4999757243779562	0.49998080629556635	0.499999976081888	
0.9999921922594472	0.9999976673376715	0.8332958962760401	0.9999963405100107	0.5000039776095104	0.5000003766136638	0.49997525336475823	0.5000005628747347	0.500000162566449	
0.999992386639553	0.9999923175045303	0.8332958838287302	0.8000128674975948	0.5000039445778731	0.5000004892299597	0.499974776380257	0.4999969040552036	0.5000001605826043	
0.9999892236504943	0.9999998492064439	0.8333064727985119	0.5999428295632672	0.500004124253526	0.4999992935788424	0.49997477006859625	0.5000001984925116	0.5000001313652025	
0.9999956096682596	0.9999978520275966	0.8332959041198015	0.4000082295576986	0.5000042544725705	0.5000002620953229	0.49997569250752977	0.4999985183937829	0.5000001071266074	
0.9999958153699242	0.9999953149563757	0.8332947667124989	0.20006899583510984	0.5000028161139283	0.4999994410099475	0.4999757527227104	0.4999985239541631	0.5000001797607903	
0.9999887107697634	0.9999954530340123	0.8331768779783992	1.1397063570907286E-6	0.5000028573270613	0.49999896776187686	0.49997577564938966	0.49999781609219573	0.5000001107134017	
0.9999968106305549	0.9999987749421887	0.6666689686523674	0.9999892241984571	0.5000039525073781	0.49999775445694555	0.4999752965989858	0.49999985180800427	0.5000007319986646	
0.9999989568220596	0.999986176653721	0.6666689767878978	0.7500372233827708	0.5000031842756293	0.4999994221012805	0.49997475375446015	0.49999975116925516	0.5000020658113699	
0.9999936926300664	0.9999958147369925	0.6666689360872203	0.4999999307520889	0.5000037336739751	0.5000006318392451	0.4999753961505852	0.49999019592693883	0.5000007435632422	
0.9999954415813852	0.999999437849538	0.6666844058379636	0.2500225953290058	0.5000027839213204	0.4999984864396937	0.49997553416706	0.4999827843448525	0.5000000399685812	
0.9999956232583495	0.9999822846846885	0.6666899045882332	1.1593856368220293E-5	0.5000028003471185	0.49999830547684215	0.4999757527874687	0.4999985895028971	0.5000012355280041	
0.9999968404525186	0.9999805292943054	0.5000096086043754	0.999974913350925	0.5000060295041278	0.49999884111134874	0.4999727232272484	0.49998934181295346	0.5000012517918692	
0.999996816173671	0.9999808937058773	0.5000096086043754	0.6666232820434431	0.500003183615815	0.49999934412156904	0.49997535216417777	0.4999998068890557	0.5000018450790216	
0.999949032786581	0.9999521759135256	0.5002692422945964	0.33334501196520566	0.5000029445684446	0.4999988013315889	0.49997537044238305	0.5000000145492293	0.5000007188057355	
0.9999923318600294	0.9999647776282989	0.5003381284677783	4.5490471929143794E-4	0.5000043790564027	0.49999902122766127	0.4999756459091688	0.4999518284795507	0.5000001440993163	
0.9999925684402085	0.999993210922956	0.3332891042181302	0.9999456261327704	0.5000027997565175	0.4999993354749193	0.49997554991311566	0.4999949806857108	0.5000020449827511	
0.9999984473727933	0.9999928188945998	0.3333183053538308	0.5000084980772556	0.5000028012464192	0.4999999057698132	0.49997553605543255	0.5000004182092296	0.5000006432562903	
0.9999762287063054	0.9999794327483686	0.3332960068169563	8.222631620078238E-6	0.5000026244387777	0.49999932341839054	0.49997540127719	0.4999960466237652	0.5000006980175433	
0.9998685119852976	0.999992128493079	0.16723767488825653	0.9985207315523208	0.5000034107167752	0.49999201328518506	0.49997535772007606	0.4999949241263129	0.5000020393204665	
0.9999762185081872	0.9999709008514295	0.16683172945423355	7.629889599834782E-4	0.5000051500188928	0.4999995656075159	0.49997539638774297	0.5000014620232294	0.5000005888967285	
0.9999933807958384	0.9999924165332669	7.117833332093468E-7	0.5949855681798273	0.5000023671610445	0.49999961473483473	0.4999753637202203	0.49999486406388055	0.5000025706365472	
0.9999974005940618	0.8333458631448702	0.9999887610216232	0.9999269310093895	0.5000039168451045	0.49999773684824944	0.49997524974174556	0.49999505809337763	0.5000001610623971	
0.9999898844506173	0.8333477790435139	0.9999960264079836	0.8000129303523101	0.5000039491385101	0.49999760572840196	0.49997525069785276	0.49999963283588866	0.5000001608949259	
0.9999981902901395	0.833342793484126	0.9999931277604436	0.5999514917342356	0.5000039171897712	0.5000004773918724	0.49997564773595154	0.49999968400454364	0.500000192167113	
0.9999889569049583	0.8333548943770537	0.999976984573555	0.39991683012446166	0.5000028323604794	0.5000002253014251	0.49997560664691615	0.49999915716591625	0.4999975418869545	
0.9999982293014332	0.833345499018836	0.9999880112377327	0.2000119929030184	0.5000031101854099	0.5000002516327379	0.499975573095522	0.499986343596581	0.5000009746857008	
0.9999774122182616	0.8334122186443642	0.9999896932980461	5.923652536294404E-5	0.5000028324788192	0.4999983330466882	0.49997561297447285	0.4999996799221838	0.500001203409403	
0.99999034829969	0.8334230577993187	0.8000056255465048	0.9999270758946516	0.5000023417829749	0.49999939771848084	0.4999757660643237	0.49999493835986686	0.5000002152135985	
0.9999898797144646	0.8334230579990365	0.8000080991291658	0.7499153177701293	0.500002378713398	0.499999934150521	0.49997578990381053	0.4999997496443571	0.5000020663900849	
0.9999977439891932	0.8333412906274579	0.8000055330362796	0.5000000316191776	0.5000037341110486	0.49999993425179806	0.49997562037758475	0.49999869358237525	0.5000000578341708	
0.9999978649589149	0.8333455400562675	0.8000054258367131	0.2500216149615413	0.5000023441498392	0.5000006280516254	0.49997839814725253	0.4999867217815126	0.5000003869645074	
0.9999978794086567	0.8333471766187727	0.8000080562138857	8.02740814395441E-6	0.5000031634770404	0.49999904727931116	0.4999755247126315	0.49998394286904	0.5000000716781378	
0.9999922232539602	0.8333457868786401	0.6000918561603059	0.9999240070249255	0.5000023651867871	0.49999952642136414	0.4999749646711241	0.500000566588623	0.5000007063964308	
0.9999953885307576	0.833345871346343	0.6000648275909494	0.6665992703478689	0.5000027841075402	0.49999849202298674	0.4999753525798041	0.49999882793649764	0.5000000393609286	
0.9999936829667434	0.833330371412996	0.6000645963358089	0.33334488965537695	0.5000037580452114	0.49999971250340075	0.4999755734051395	0.4999988524147175	0.500000086968754	
0.9999768771719268	0.8334088602442087	0.6000647599013166	9.297857299690912E-5	0.5000028168363029	0.49999870741302477	0.4999755291658142	0.49999904207164003	0.5000018822622423	
0.9999923765896842	0.8334247386940061	0.4001076084300953	0.9997563988165731	0.5000031152936867	0.49999954785927714	0.4999758098530401	0.5000013902061363	0.5000020413197677	
0.9999913880392197	0.8333316561046432	0.400111095280323	0.49983511971523803	0.5000035806859476	0.4999999069373976	0.4999749798595283	0.5000012211935663	0.4999998500100031	
0.9999897745452645	0.8334246889635676	0.4000056326006981	5.6430930796513365E-5	0.5000028653673751	0.4999989738401986	0.4999757731560069	0.4999968780848715	0.5000001969336739	
0.9999890579079088	0.8332869977098941	0.2000887480647474	0.9997562824726377	0.5000033535971892	0.4999964427879579	0.4999758153944843	0.5000002475762463	0.49999866582349045	
0.9999931217346046	0.8332532748300929	0.20008871801645522	3.150082159838522E-4	0.5000035781657084	0.4999999012623479	0.49997496133238395	0.49998446568292515	0.49999987565157045	
0.9999909761010964	0.8332855878414661	4.871290902301504E-6	0.01468276198733151	0.5000029719959463	0.4999988750648607	0.4999749606265273	0.4999999158238364	0.4999990125962706	
0.9999957158442375	0.6667409283888314	0.9999159402170716	0.9999234738722179	0.5000030907889249	0.5000002101156544	0.4999747664550368	0.4999944985263177	0.5000001179841934	
0.9999956979565618	0.6667014997756786	0.9999566782826834	0.7497428468800932	0.5000022933617603	0.5000015349561743	0.49997474552186427	0.49999917928749754	0.5000006934097301	
0.999997729199344	0.6666407564572894	0.9999983341425087	0.4999931004369577	0.5000038807527066	0.5000014844130548	0.49997472868101417	0.4999991792251287	0.5000007068802598	
0.9999936364700112	0.6667037946980744	0.9999731863751365	0.2500468066017765	0.5000027685344892	0.4999989958809891	0.4999755683266786	0.49999884065966754	0.5000008017684594	
0.9999977183698009	0.6667037947462954	0.9999801853403759	5.7091238264191105E-5	0.5000027694870123	0.49999832853784365	0.4999755655342158	0.49999884500329767	0.5000007157072719	
0.9999957164956259	0.6667409283888314	0.7499981677093146	0.9999235368991288	0.5000030954264015	0.5000002100363826	0.4999747642719149	0.500000017238301	0.49999907725830683	
0.9999893208322541	0.6667404961389971	0.7499960697146885	0.666602778247834	0.500002819388223	0.5000001897902254	0.49997539681409553	0.4999998931276214	0.5000000351842663	
0.9999913593663254	0.6666998981856135	0.7500241577099497	0.3332581970546735	0.5000039710877501	0.4999999999061813	0.4999749241001182	0.4999996811765319	0.5000002989376278	
0.9999901398919206	0.6667039999478684	0.7500249732693737	5.915750035074089E-5	0.5000050148047133	0.5000003475662466	0.49997577167009366	0.49998638693878794	0.49999790268431515	
0.9999965202940927	0.6666359388048274	0.5000093714110526	0.9999874503954622	0.5000039490551431	0.4999965313524256	0.4999748423884697	0.4999968702414691	0.5000007076384583	
0.9999944286139226	0.6666409440941341	0.5000102618420267	0.4999996159226551	0.5000038710880902	0.5000001861237889	0.49997541814591084	0.4999968206502003	0.4999999866581246	
0.9999998826719643	0.666700033537036	0.5000556477037088	9.669292484783536E-5	0.5000058039968188	0.49999929345359095	0.4999750207636347	0.4999985121728386	0.500002258901362	
0.9999944475949357	0.6667154906068846	0.2501686873509205	0.9997491197141042	0.5000028298251632	0.5000004150437009	0.49997539679887953	0.5000000449757506	0.49999860992250256	
0.9999913422084105	0.6667155892849471	0.2501691226343329	4.534631410845081E-4	0.5000028287389364	0.4999998975439125	0.49997535007693616	0.5000012319048003	0.49999866229053425	
0.9999971339955214	0.6666665429275433	3.953072160441015E-6	0.9961106341817864	0.5000023633248698	0.49999920349476845	0.49997535784422287	0.5000011936721914	0.49999896180177456	
0.999985922978224	0.5000515561575307	0.9998960433851275	0.9999248829965178	0.5000034011733133	0.5000016109980073	0.49997531903169123	0.49999919931562686	0.5000007350129001	
0.9999934378943609	0.5000728011432038	0.999711988220677	0.6666186440470135	0.5000034699166876	0.5000009031138797	0.49997436154813923	0.49999790604375993	0.5000007726176896	
0.9999997630242624	0.5000520302889694	0.9998995417121205	0.3333240743590056	0.5000035893997257	0.4999994041146225	0.4999758190629164	0.4999979154088114	0.5000003733905115	
0.9999900710501689	0.5000727509333597	0.9999020701423207	6.20746918499518E-5	0.5000042678721384	0.4999994226324785	0.49997564207641115	0.49998911218136827	0.5000007143280181	
0.9999879512024663	0.500051493527181	0.66653463513203	0.9999882219522683	0.5000035473675208	0.5000002126465847	0.4999744188097849	0.49999918302793306	0.5000006906689456	
0.9999934373775231	0.500051483197522	0.6667115878122206	0.4999955217220493	0.5000035802920254	0.5000001920049021	0.4999757602985636	0.4999975798127491	0.5000007329528418	
0.9999933603743704	0.5000523007676142	0.6667160660152492	6.20746918499518E-5	0.5000042268951769	0.5000002075320249	0.499975654264172	0.4999980519891914	0.500000733557853	
0.999998307445564	0.5001129030652568	0.3334103893347647	0.9997575498385199	0.5000054463485102	0.5000003927409882	0.4999757802570583	0.49999801006212813	0.500002004854917	
0.9999888767232612	0.49996351691702046	0.33341043554824173	1.7018482480049882E-6	0.5000035905138884	0.4999965314615978	0.4999757183488814	0.4999975838398971	0.4999985985184865	
0.9999752398336857	0.4999103639186057	1.6804279775860818E-6	0.0014368065121651563	0.5000031688063554	0.49999985850755696	0.4999750111829964	0.5000001198689834	0.4999986258782252	
0.999998315644373	0.33337255437665425	0.9999046354879665	0.9999704298576595	0.5000035738216262	0.5000001057343689	0.49997443290502763	0.4999979433575118	0.5000007360734525	
0.999981429648301	0.333374439812978	0.9999820825896711	0.4999978206133578	0.5000036212220221	0.49999944923946854	0.4999753300706273	0.49999818320832706	0.5000006684673449	
0.9999832815832896	0.33340033522207047	0.9999832947381987	9.9119761204497E-5	0.5000055380107757	0.5000001608580475	0.49997077237476295	0.49998097922465895	0.5000007727125969	
0.9999934232811601	0.33337350045722547	0.5000491503816745	0.9998732337645999	0.5000038930782494	0.5000002043363178	0.4999758739412881	0.4999975266533967	0.5000007349173575	
0.9999815500720376	0.33337377573345833	0.5000512465412983	4.270361782009188E-7	0.5000035619221133	0.49999957138910356	0.4999758715737315	0.4999967092472141	0.5000006699728842	
0.9999982544934904	0.3333749182943391	1.4771409659497525E-4	0.5002309563691086	0.500003415446379	0.5000001274165259	0.49997572275489	0.49999818212288044	0.49999995098325006	
0.9998891117390485	0.1669066610403524	0.9974485921015976	0.9995873898296211	0.5000040094120713	0.5000002929781553	0.4999740878310114	0.49999866900148	0.4999987444583763	
0.9999974116094679	0.1668655729227642	0.9997548035111455	0.001126943895756421	0.5000047498790616	0.5000001020653057	0.49997557833675954	0.49999789425960983	0.5000007202165355	
0.9998850963416672	0.16689955155270897	0.001201511016006083	0.5035172469503976	0.5000037543831303	0.4999995791262619	0.4999753330076281	0.49999834878542404	0.5000001299495695	
0.9999920148346203	5.545249948935247E-6	0.7023538983009686	0.009336021911137166	0.5000036904791372	0.5000000727023629	0.49997586922986587	0.4999987141359734	0.5000007908285604	
0.8333353441770828	0.9999984081590627	0.9999986051503027	0.999993877305748	0.5000020851854349	0.5000009482708183	0.4999747912656062	0.4999996700474966	0.5000012144544269	
0.8333353229999161	0.9999963355483066	0.9999889332529508	0.799985105998148	0.5000038917520377	0.5000004668115127	0.49997444896196797	0.5000005203990635	0.5000012323131894	
0.8333374220892336	0.9999740710281356	0.9999730342092353	0.6001231613306408	0.5000022115204794	0.4999994753131735	0.49997871025592544	0.4999958657538861	0.5000008157270434	
0.8333395201887115	0.9999960215553284	0.9999962186024502	0.39998531715346164	0.5000026885989854	0.4999987843642811	0.4999788772041025	0.49999904945648577	0.4999999605551158	
0.8333380431521267	0.9999967229107217	0.9999958609636954	0.2000115974479927	0.5000026159665535	0.5000003325433996	0.4999757520473137	0.4999990471696471	0.50000106925823	
0.8333395627043384	0.9999944073902785	0.9999961556327558	7.559031429424495E-6	0.5000027660967808	0.4999999876111788	0.49997551936368384	0.4999979935461082	0.5000006999484563	
0.8333564016210474	0.9999918923795256	0.8000081232793375	0.99998936795098	0.5000038008882931	0.49999934876991026	0.4999783491074164	0.49999985538073966	0.5000008167960113	
0.8333548022904509	0.9999879433630067	0.8000081274774481	0.7499289395409898	0.5000039488961333	0.4999994240057976	0.4999758529690632	0.5000001813069074	0.49999995912647105	
0.8333366943617194	0.9999818116771322	0.8000054217127054	0.4998461663187008	0.500002779898047	0.5000006446183994	0.4999782787894064	0.49999538629374685	0.499999961946851	
0.8333366841420727	0.9999995908937874	0.8000079634753926	0.2500467743889665	0.5000027730888852	0.5000006365678493	0.49997568941292386	0.49999776260264034	0.5000007415663471	
0.8333396108844641	0.9999986489110504	0.8000079617019571	7.865704586680399E-6	0.5000027730988945	0.4999980207934223	0.4999757153828501	0.49999776709948673	0.5000000730228835	
0.8333285108203067	0.9999922199461923	0.6000911556099926	0.9998759529150159	0.5000029460897171	0.4999994247157401	0.49997579257360936	0.49999984439640494	0.5000003332092932	
0.8333355517855281	0.9999858887171909	0.600064808969103	0.6666002594085951	0.5000033331677025	0.49999942819249643	0.4999758053907383	0.500000189069325	0.5000020435216398	
0.8333331918401597	0.999998005859319	0.6000645992467852	0.3333449547122312	0.5000029441777736	0.49999899173537227	0.4999758376178865	0.4999969258250532	0.5000007193404699	
0.8333357021026	0.9999980059340469	0.6000686386942483	8.895892950792335E-5	0.5000028961549741	0.4999987698591956	0.4999758398097029	0.4999969263358396	0.5000001869082454	
0.8333287296656163	0.9999858234267036	0.4000058098331666	0.9999940428324638	0.5000028484911283	0.4999989656508675	0.499975543916699	0.49999980569376873	0.49999869122133067	
0.8333284843784742	0.999998137370435	0.4000057561567903	0.49983716172985854	0.5000028052236958	0.4999989811911871	0.49997536315987406	0.499995391652941	0.5000002199306149	
0.8333395109139314	0.9999999945316904	0.40000565419004325	1.6200848829737646E-5	0.5000028364647379	0.49999800848952053	0.4999757021740686	0.49999692682494584	0.5000006990140834	
0.8333577362762158	0.9999741897763369	0.20026302143081298	0.9991860735197807	0.5000028557756458	0.49999961945463395	0.49997553267756695	0.49999980568446406	0.4999998391170616	
0.8333283038454937	0.9999733949612005	0.20018660658222498	4.530177742568845E-4	0.5000029448220729	0.499999306094451	0.4999758064674275	0.49999991052013226	0.49999868450782275	
0.8333286292691852	0.9999923756898423	2.256628268370435E-6	0.5998030009146226	0.5000039336751984	0.49999926801204053	0.4999761342159339	0.4999960278231461	0.49999868730075137	
0.8333340359494241	0.8000013800534899	0.9999903202200998	0.9999833380800235	0.5000021532025258	0.500000468335631	0.4999747839857989	0.49999966696842163	0.500000664788449	
0.8333368553365732	0.8000011593177488	0.9999903188746189	0.7499304239583237	0.5000022082891638	0.5000004668837206	0.4999787169330211	0.4999958249344852	0.5000010340218835	
0.8333368627190212	0.8000011681652797	0.9999997579159923	0.5000001484216593	0.5000031349367997	0.49999972369161305	0.4999787030852789	0.49999600456833126	0.5000010313912178	
0.8333351712774817	0.7999998533537402	0.9999989938168522	0.25004680945417096	0.5000038549028261	0.499999970840217	0.4999757509878886	0.49999604085244154	0.500000105806592	
0.8333383733574922	0.8000008523029846	0.9999973260982011	4.140936698628338E-6	0.5000031308600028	0.49999971497352286	0.4999756891448139	0.4999959255221308	0.500001036480741	
0.8333367497657259	0.8000013799410091	0.749997729253271	0.9999828550493514	0.5000037772496138	0.5000006451437361	0.4999749994392285	0.5000001416427022	0.5000003151021172	
0.8333366477823037	0.8000013580027254	0.7499985623891879	0.6665969834991765	0.5000023897456153	0.4999999315863385	0.49997563032220627	0.49999894953218366	0.5000000344028602	
0.8333327296936978	0.8000023549621531	0.7499697190018995	0.3330831188839548	0.5000024045665802	0.499999407342928	0.49997873499000306	0.49999892232033344	0.5000010697739672	
0.8333352849805061	0.8000023591496026	0.7499372169919425	6.224690043942618E-8	0.5000031909782061	0.49999873292692726	0.49997569322169094	0.49999811491423846	0.5000001031464519	
0.8333369169520775	0.8000012577172886	0.5000093687972809	0.9999818584101556	0.5000038408861214	0.5000001683681456	0.49997439028932217	0.4999990437990333	0.5000006929572345	
0.8333284887978993	0.8000015783442482	0.5000005407231054	0.4998605308688262	0.5000019419902862	0.49999984629392813	0.49997581228262794	0.49999783743472076	0.5000002126057755	
0.8333328534139626	0.7999946045140686	0.5000003306300124	3.717441320068887E-8	0.500003624589076	0.4999999986199735	0.49997558586926294	0.4999998079181037	0.500000052634568	
0.8333574573597806	0.8000057827671682	0.25003916827070166	0.9998759539906776	0.5000036244928143	0.49999996048297374	0.49997551530372847	0.4999998522052643	0.5000002770902846	
0.8333553744672981	0.800005634609164	0.25016801295705343	5.81232274088537E-4	0.5000031205526886	0.4999998973846533	0.4999750312882006	0.5000014417650019	0.4999986641897808	
0.8333283028449056	0.8000056956899851	2.062203958232777E-6	0.9837727474614352	0.5000023564044432	0.49999929307363283	0.49997613492470094	0.4999959289888243	0.4999989113160832	
0.833333199845864	0.6000701028512719	0.9999639797909252	0.9999246897085067	0.500002304630938	0.5000003383243439	0.4999748818606509	0.5000001453554846	0.5000006923927427	
0.8333336253567176	0.6000711290827345	0.9999637491911575	0.6666269157721294	0.5000029464842872	0.4999994024622593	0.49997581625454934	0.5000001381265823	0.5000003216957932	
0.8333330893909981	0.5999645958923872	0.9999904226428112	0.33332528535593275	0.500003218113696	0.49999871588102723	0.499975621234516	0.49999873974862036	0.5000001265367143	
0.8333509475755387	0.5999602958114273	0.9999992233864509	1.8067952229457377E-7	0.5000038756717126	0.49999851786560107	0.4999757505449598	0.49999854885911804	0.49999987454131517	
0.8333560118397582	0.6000711520193132	0.6665305832116836	0.9999898274141988	0.5000034541297101	0.500001538995051	0.4999747469685206	0.49999361291191047	0.5000006973535007	
0.8333305520475519	0.599971797995531	0.6667107400329088	0.5000001372150331	0.5000039217432627	0.49999972249673447	0.4999755781617958	0.49999589271356737	0.5000000644394351	
0.8333327187524054	0.5999622250399956	0.6665443776133567	1.7471123130634257E-7	0.500003962248312	0.499998725979938	0.49997555683820477	0.4999983516341815	0.500000045096266	
0.8333509246748867	0.6000709304462086	0.33341042206943045	0.9993577140709452	0.5000056277584308	0.499999955739706	0.4999755526365221	0.49999890619044984	0.5000007831003347	
0.8333378800792568	0.599971818854177	0.3334032920233266	2.5677515866220358E-5	0.5000027782011088	0.4999997121413454	0.49997552783885973	0.49999941590011293	0.5000000792463084	
0.8333333342894498	0.6000634444822899	1.2499772954895847E-4	0.48775828093658535	0.500005438056034	0.4999994114310403	0.49997578710748153	0.4999979982180734	0.5000002127832724	
0.8333501124875694	0.40002842490639856	0.999976668660851	0.9999882871916973	0.5000036925772083	0.500000338439298	0.4999744463391685	0.5000001516166598	0.5000008431436191	
0.8333509373006541	0.4000521090347333	0.9999063996125561	0.4999955902443063	0.500003435949162	0.5000005734948277	0.49997555228137425	0.49999867173348994	0.5000010772901722	
0.833349827592284	0.40000336841268264	0.9999901235014466	8.731246910475838E-6	0.5000026334911365	0.5000004471936068	0.49997531239381654	0.4999991260532543	0.5000002767270635	
0.8333334980215906	0.40000310889986535	0.49999852448014653	0.999988020787302	0.5000024136251809	0.5000004135710808	0.4999747655157201	0.49998255531855335	0.4999990820901283	
0.8333334980294456	0.40000310889883167	0.49999850321439004	3.784006819102313E-6	0.5000024170211104	0.5000004042458153	0.49997554849108056	0.4999998455306931	0.5000006586395327	
0.8333564756808823	0.4003182568635503	8.088798262039293E-4	0.14575861505600146	0.500003640577646	0.49999979437405134	0.49997528573774996	0.49999679406876807	0.5000007638464745	
0.8333510985373462	0.20013892309470638	0.9998878415125674	0.9994992098522594	0.50000340350664	0.5000009222693954	0.4999756673357334	0.4999986917760321	0.5000001345366293	
0.8333511159432977	0.20013892341284115	0.9998878420357478	8.426716048927054E-5	0.5000034032903147	0.50000092226929	0.4999756590529951	0.4999986918329205	0.5000007954272822	
0.8333547321496805	0.2001389418000351	6.847072176502907E-4	0.5034339433346052	0.5000036104829204	0.4999994026866955	0.4999756628437868	0.49999987833184156	0.5000003685460918	
0.8333557787961813	2.580015657388938E-6	0.9971039617768852	0.12298150444116518	0.5000038921832393	0.5000005776207918	0.499978501892944	0.49999793087754074	0.500000720481196	
0.6666733589440876	0.9999982740805402	0.9999986377312565	0.999996899036513	0.5000038240439988	0.5000006501471318	0.49997532744252887	0.4999999040981852	0.5000006922994933	
0.6666786459390556	0.9999873181549055	0.9999903833458912	0.7499304476462217	0.5000039352331408	0.4999998587154997	0.49997866167236305	0.4999999223852036	0.500000236481706	
0.6666843861128987	0.9999940166167535	0.9999952979592922	0.5000007173078452	0.500002565777892	0.49999993664818987	0.4999751261554643	0.4999958819169446	0.50000106046204	
0.6666844980664914	0.9999916044248063	0.9999891961445787	0.2500492453595738	0.5000032118223504	0.4999999244469589	0.4999756200418702	0.49999858567920474	0.5000001313752181	
0.6666759338824401	0.9999992597998874	0.9999945096548566	7.564422547168151E-6	0.5000027660956122	0.49999996462252144	0.4999755186463841	0.49999778779243437	0.49999982245547386	
0.6666734163812159	0.9999869584497082	0.7499971472687796	0.9999976035524943	0.500003932780239	0.5000008964813265	0.49997533884148637	0.5000001887525777	0.5000002889660986	
0.6666842686081115	0.9999883073507375	0.7499687210607012	0.6665988398031212	0.500003928363871	0.49999941026284056	0.4999758660421904	0.4999983206703007	0.5000002291457659	
0.6666655956354441	0.9999972036499735	0.7499686188438821	0.3333252978740586	0.5000027358791135	0.49999984235358075	0.4999756906352322	0.49999792645978874	0.5000002001390108	
0.6666843722491472	0.9999682563845458	0.7499116214865587	4.33413551260634E-6	0.5000039330224326	0.5000000363898549	0.4999758471829878	0.4999986588852842	0.5000001068636524	
0.6666746453824784	0.9999967768775329	0.5000068612587607	0.9999840054447138	0.5000025384963148	0.5000002223277258	0.49997863101624734	0.5000012068612327	0.5000000148035179	
0.6666739457776515	0.9999736281547402	0.4999944208991074	0.49986007634946705	0.5000025662879851	0.5000002174149181	0.49997866985320005	0.49999578615385865	0.5000000385447426	
0.6666841446445019	0.9999680704929045	0.5000600679436141	8.92764197480686E-5	0.5000039280968973	0.49999930979460444	0.4999758466975022	0.4999988035622274	0.5000001499807661	
0.6666830336478893	0.9999747070337442	0.25016647698737765	0.9986432122976857	0.5000026505809383	0.4999997064031006	0.4999753977534246	0.49999131109453976	0.5000010022620153	
0.6666843376556869	0.9999900905679284	0.2501636600309549	3.574910315924341E-4	0.5000028492446278	0.4999997086804113	0.4999784176473331	0.49999965706985694	0.4999998977906833	
0.6666627651744587	0.9999909016960079	9.585558893797003E-10	0.5061662037434161	0.5000025515237503	0.4999989551031322	0.49997536439970697	0.4999989984898432	0.5000007069687411	
0.6666844443115797	0.7500140962697824	0.9999815878355712	0.9999303426843427	0.5000022346863029	0.4999999320573047	0.4999755441134725	0.49999157921097814	0.5000000056516203	
0.666675603847363	0.7500191667043568	0.999986894944462	0.6665843976848113	0.5000027297213478	0.5000003314662382	0.499978737091585	0.4999958327620125	0.5000010439139912	
0.6666844114576459	0.7499866339493011	0.9999878476366291	0.3333273283768628	0.5000035776907533	0.5000000299175841	0.49997570731649826	0.4999977478158918	0.49999999055372246	
0.6666841860951217	0.7500167407674869	0.9999895065947092	4.396171403160413E-6	0.5000036805622812	0.499999427150341	0.499975724121538	0.49999849610933383	0.500001378221079	
0.6666761815112848	0.7500170480747833	0.6665488723017386	0.9999968926391819	0.5000039014164133	0.5000006167545735	0.49997860798682947	0.49999878995068014	0.5000011035119457	
0.6666843839292765	0.7499849882126585	0.6666827447875964	0.4999987932102022	0.5000025239720445	0.5000002198904144	0.49997864411299064	0.5000011040789462	0.5000000307870989	
0.6666669002356701	0.7501608724622038	0.6666150576272828	5.2687022395275784E-5	0.500002523971173	0.5000002198610679	0.49997881977304354	0.5000010757164203	0.5000000337924408	
0.6666798267442899	0.7500105734999823	0.33340959812288223	0.9992487826221546	0.5000030894114905	0.5000006494148846	0.499975811505627	0.49999857505027545	0.5000021883679555	
0.6666798261557279	0.7500170848239095	0.3334094371423603	9.262010043449693E-5	0.5000039404510952	0.5000006162648049	0.4999761323904703	0.49999980978305547	0.49999990253815674	
0.6666629673687791	0.7500170758771848	7.009707372113E-6	0.017093288937653273	0.5000025432902316	0.49999921291738114	0.49997844972818456	0.4999984251937552	0.5000007026025471	
0.6666668144665306	0.5001274501684578	0.9998818965333017	0.9998840019097938	0.500003912924253	0.4999995200725347	0.4999750206948554	0.49999555583561034	0.5000010824952705	
0.666681183338237	0.5000523147449878	0.9996654985285228	0.500000627498134	0.5000037363115778	0.5000003269982917	0.49997569099572375	0.4999987419652171	0.5000002357118607	
0.6666841881990336	0.5000659680617651	0.9998820565551061	8.802815931975561E-5	0.5000043772195139	0.49999943118515805	0.4999756392948076	0.4999978423408986	0.5000001638038251	
0.6666846825003732	0.5000640060418974	0.5000004397435658	0.9999443115443507	0.500005147732935	0.5000014471828823	0.4999784477472486	0.4999886033397754	0.5000001807069281	
0.6666669446117667	0.49996794778718245	0.49999853557349067	2.394407078370864E-7	0.5000039622108244	0.5000004027256785	0.4999753255501824	0.4999887100472032	0.5000000445948839	
0.6666782532255905	0.49996791816744524	2.881290100852502E-5	0.5000023248031251	0.500004093517296	0.5000004430367825	0.49997552383769717	0.4999988105706389	0.5000001553396095	
0.6668870824343847	0.25054635384087504	0.9994715397487202	0.998705171714783	0.5000060170956998	0.5000004867813115	0.4999785032126855	0.4999912431534221	0.5000044305996163	
0.6668758161298368	0.25054635384087504	0.9994690995083108	0.0011636683064717805	0.5000051702948366	0.5000003927434548	0.4999741309820646	0.4999916433196781	0.5000012953857507	
0.6668201108673518	0.25044976948873654	0.0012191357616286702	0.49204227353679814	0.5000043286491652	0.49999984007713905	0.4999741439121283	0.49999834689386286	0.5000001265778232	
0.6666644017073259	3.165630280131486E-6	0.9996785178707914	0.4992661111366165	0.5000037007945788	0.5000004521374378	0.49997850154539564	0.4999981638247918	0.5000012115554918	
0.5000803819641968	0.9999188459332207	0.9999980149943484	0.9999140264986546	0.5000036993504031	0.5000003214094323	0.4999757028509245	0.49999879694250904	0.50000101891755	
0.5001249227078854	0.9997915583394108	0.9999455064731156	0.6665922471336782	0.5000036275761064	0.5000000072467722	0.4999782973435022	0.49999809577598425	0.500001102656837	
0.5001386281361683	0.9997928782095428	0.9999642152328659	0.33333608460275965	0.5000028098401896	0.49999993837221923	0.49997551872744805	0.4999969326925459	0.5000007933239955	
0.5001333778258518	0.9998453430652098	0.9998818956445822	8.14267628798946E-5	0.5000068692003604	0.5000003600572642	0.4999783116438277	0.49998868824081205	0.49999996685262543	
0.5001249089845359	0.9998828879322033	0.6668525354047264	0.9997054748263281	0.5000020968781004	0.499998755660246	0.4999783105845649	0.4999986276790927	0.500000133867949	
0.5000422501550481	0.999990064374839	0.6666819654568139	0.49999696761583695	0.500001939438374	0.5000000058469827	0.49997839762423746	0.49999905083083757	0.4999974363705702	
0.5001247106820801	0.9998767132378492	0.6668503741535006	1.9119582681022265E-4	0.5000063675670743	0.4999999375341865	0.49997570766549804	0.49999880190043894	0.5000001516295675	
0.5000884046522849	0.9998930820727584	0.33335185014693014	0.9998552507043643	0.5000026408465285	0.49999851754174335	0.49997550001475305	0.49999571922232333	0.49999997761714243	
0.5001239383024003	0.9999022860319612	0.33345161483407015	2.687316621603486E-4	0.5000032280565542	0.499999866853968	0.49997847205104035	0.49999859950673403	0.5000001004664613	
0.5000080524976717	0.9999742181809748	6.9626379300680966E-6	0.4824136989736128	0.5000028220095639	0.4999998788170724	0.49997496077779024	0.4999953916029623	0.5000002353901355	
0.5000464782149939	0.6667500493910036	0.9998895498058367	0.9999226792261493	0.5000020080806797	0.5000003329810818	0.49997835715624894	0.49999770221668793	0.500000953732483	
0.5000739563647546	0.6667500501931141	0.9998592001780732	0.5000239494851896	0.5000039236145369	0.4999999598585717	0.4999784707170581	0.49999767175273463	0.5000009453160047	
0.5001255166142425	0.6667894016973575	0.9996781033109866	1.7948511440649817E-4	0.5000036624214844	0.5000003656166395	0.4999784036674324	0.4999987521798608	0.5000001272263968	
0.5000430554761202	0.6667500499542902	0.5000004730285443	0.9999228880968168	0.5000019351702991	0.5000003084362008	0.4999783854451272	0.4999976871315751	0.5000009537918408	
0.5001238845383761	0.6667499939062324	0.49999786814554775	2.6842057210644605E-4	0.5000032352771894	0.5000008378790181	0.4999784726294594	0.49999964898220034	0.49999756221742664	
0.5000416848478769	0.6667499952866178	1.225839818532748E-4	0.5740534474339019	0.5000019218502803	0.5000006493713703	0.4999783859671188	0.49999463399806343	0.5000019103210235	
0.5001400314109918	0.33374586185028593	0.9994632245444453	0.9995953760348119	0.5000035347172769	0.4999995314617321	0.49997852842944174	0.4999967886028374	0.5000001099718825	
0.5001243895804053	0.33374586185028593	0.999463632239079	2.965925957619455E-4	0.5000039106853547	0.4999995335694194	0.4999737212785976	0.4999959435369877	0.5000000734936965	
0.5001253891233528	0.33350289528528165	6.610052681382816E-4	0.5867822472840662	0.5000034017868807	0.49999990553949086	0.4999784897525252	0.4999971539136256	0.5000001820348446	
0.5000389138822047	1.533021329441775E-5	0.4905814060325463	0.5419747406420395	0.5000039554731018	0.4999964361835778	0.49997829280385625	0.49999729726112874	0.5000001660804049	
0.33350136404631964	0.9997909726071806	0.9998788558489882	0.999740430747793	0.5000025938554604	0.4999969132923059	0.4999761184482739	0.49999985657088414	0.500001051969423	
0.3333192895842903	0.9999915805353095	0.9999892946311106	0.500000718932926	0.5000025998754765	0.49999993651005264	0.49997502819378553	0.4999985139645763	0.5000007375643969	
0.33349210976121485	0.9999022080374257	0.9997227801393188	8.02840650943904E-5	0.5000027773906226	0.49999983604168957	0.4999782177352798	0.49999927074117423	0.5000018025359899	
0.33350132829221313	0.9998364784121604	0.4999663992311157	0.9997393340242772	0.5000025323993806	0.5000001585868707	0.49997857171208343	0.4999958714528655	0.5000010474819198	
0.3333145055087532	0.9999981436002134	0.4999663997280334	6.24529960449697E-5	0.5000026909956471	0.4999999360652307	0.49997846619607844	0.4999996510865177	0.5000006912066155	
0.3334927387059196	0.9998305972195187	3.552370003317897E-4	0.46571705801241975	0.5000025358844234	0.49999986968936655	0.49997864815286364	0.4999892610729956	0.500001870294694	
0.3335012836503337	0.5002623992636953	0.9994331994256647	0.9997538871972059	0.5000035683444627	0.4999999294544474	0.4999761563898681	0.4999857628060845	0.4999985551620406	
0.3335108538599996	0.5002581508109208	0.9994742424477714	3.1700899170370925E-4	0.5000035776880682	0.4999999016343091	0.4999761377967016	0.4999942881578403	0.50000099843306	
0.3334982874753501	0.500220276028579	8.604013512893618E-4	0.4974708717847774	0.500002817978916	0.5000000044929576	0.49997837290144803	0.49999586865516654	0.5000000411862551	
0.3333171769716043	1.533021329441775E-5	0.45195785607319416	0.9997249238760308	0.5000035245243601	0.5000001769250624	0.4999782395050552	0.49999725208988716	0.5000010187792329	
0.1673916496125485	0.998714318522887	0.999021151890724	0.99905127886759	0.500004025800995	0.500001071623517	0.4999736389862154	0.49999878634498257	0.49999981789255804	
0.16714447140173222	0.9991843730066616	0.9986064897503188	3.531778135821864E-4	0.5000027562338341	0.4999995332693559	0.4999751042699247	0.49999963328480773	0.49999974125056346	
0.1667381666279118	0.9999999351903693	8.803194891169042E-4	0.9928952733234564	0.5000036563912696	0.49999993386441727	0.4999783823323638	0.49999692842690896	0.5000001340355541	
0.16673875266221425	3.238993635745202E-4	0.47479241610008577	0.9673398697939855	0.5000027972548743	0.49999993893717093	0.49997859291429125	0.49999986649674116	0.5000000130423888	
1.0808099307868524E-5	0.6367482203310403	0.6642230773132047	0.5015006258618965	0.5000039236145369	0.49999999498477765	0.4999783879625047	0.49999963705407113	0.5000009638285858	
