0.9999956986549372	0.9999932787404018	0.9999943117335615	0.9999843050156321	0.4999985854891333	0.5000095649496196	0.49998436567483645	0.49999996809914554	0.4999783931477055	
0.9999950479860255	0.9999862289076078	0.9999612604175043	0.8334620102692176	0.5000000350554871	0.500009087709565	0.4999843575956357	0.5000002317800607	0.4999783407905912	
0.9999801469669699	0.9999928601682211	0.9999898525897347	0.6667760425940613	0.5000000121372224	0.49999023114166796	0.4999831909321364	0.4999999630500378	0.4999787222866244	
0.9999786970713145	0.9999860930298484	0.9999976370212268	0.5002205668612247	0.4999975979190384	0.5000070634855843	0.499984486128744	0.5000000671030818	0.4999788354679196	
0.9999884631630376	0.9999944372519416	0.9999844887500333	0.3332885681553921	0.5000007656108315	0.5000067906455569	0.4999824259824946	0.5000006203489172	0.49997885422249394	
0.9999971877669702	0.9999977509471955	0.9999998496999363	0.16666964501620743	0.5000002831295018	0.49999246380745643	0.49998439782757637	0.49999904586705957	0.4999787334562044	
0.9999967693076788	0.999997812259526	0.9999987166821972	5.511730105905438E-8	0.49999835080332955	0.4999861826913036	0.4999844165541691	0.49999929823944966	0.4999788631142578	
0.9999963748131416	0.9999862140094564	0.8333673489031372	0.9999840915932635	0.5000000295580571	0.4999905533008974	0.4999833589915248	0.5000000805781338	0.49997854409699966	
0.9999951528626629	0.9999920687993151	0.833369327279895	0.8000049433061829	0.49999828274750147	0.4999892577922638	0.49998333469280065	0.4999996641114091	0.4999784923069453	
0.9999811150891899	0.9999746484786464	0.83336735461725	0.5998349551610358	0.4999981178925559	0.4999917580681935	0.49998333481845886	0.4999997108020346	0.4999787548591403	
0.9999990759902474	0.9999896008559026	0.8332499237189304	0.39999493459087954	0.4999973276296266	0.49999143225648496	0.49998444811764564	0.5000000452568789	0.4999787381127122	
0.9999807195005507	0.9999860724027405	0.8332730090851928	0.19994365607267794	0.4999970429949639	0.49999142066470037	0.4999844998067207	0.5000000668761257	0.49997875912736567	
0.9999992946981968	0.9999962652736544	0.8333318555817871	1.264633892706925E-5	0.4999963145101556	0.5000059700120989	0.49998280312585713	0.499999899601436	0.4999787768667304	
0.999996063998459	0.9999932908797026	0.6666977991646128	0.9999693099739267	0.5000001766725352	0.49999166742542916	0.49998311304297444	0.5000003102293624	0.4999784270996834	
0.9999957390039959	0.999984889199391	0.6666977991646128	0.750034875596887	0.49999607635601345	0.4999919671663306	0.49998400221250394	0.5000002925985416	0.499978712055853	
0.999996251125888	0.9999974237965398	0.6667864645909835	0.4999842320420787	0.5000015550150998	0.5000073577562326	0.4999831862813182	0.5000000401037579	0.4999782982759167	
0.9999972950553957	0.9999272290779877	0.6667516437238845	0.2503881100907811	0.49999852040423426	0.4999926030734062	0.49998421667116455	0.5000002205515244	0.4999779181825793	
0.9999964293296618	0.9999944823001723	0.6666757830572331	1.0477815477897043E-5	0.499998483379879	0.5000134486675165	0.49998110112272215	0.4999975314110219	0.49997886340393327	
0.9999865372477077	0.9999901484719741	0.4999725594827283	0.9999965097938206	0.49999852582526444	0.4999920267596744	0.4999851095744975	0.49999632642553354	0.4999783112955516	
0.9999998565767004	0.9999976001101412	0.5000038311661584	0.6666386133430551	0.4999970721295925	0.4999897817807083	0.4999842260266913	0.49999971586921405	0.4999787870177763	
0.9999999637290937	0.9999954364140576	0.5000003570398339	0.33331782018574807	0.5000013211534993	0.4999929486135962	0.4999844279860109	0.49999902311143957	0.49997852399946824	
0.999991826755958	0.9999940139827124	0.5000030252914527	6.726035122683435E-5	0.5000005640653473	0.5000072735258024	0.49998467359347276	0.49999800436650177	0.4999783953575227	
0.999999614782692	0.999989587480428	0.3333863231756207	0.9998525745620731	0.4999984334566137	0.4999918168913936	0.49998482257370735	0.4999989405388516	0.49997844622369014	
0.9999983297578566	0.9999922616615451	0.3333579325376217	0.49995531821402583	0.49999863237197834	0.4999912923911422	0.49998438922749583	0.4999974340227309	0.4999786928749798	
0.9999907310295199	0.9999724613253447	0.33335789921765085	1.641418695701215E-4	0.4999988463789535	0.5000064178070744	0.4999843952858358	0.5000003933373669	0.49997689348275537	
0.9999946971746203	0.9999884222684335	0.1667484567895746	0.9998593800800053	0.49999857124782054	0.49999015084382914	0.49998476659659247	0.49999981386645304	0.4999785007984209	
0.9999964808842055	0.9999892190657499	0.1667483136749847	2.9705332560508345E-4	0.49999862927263	0.49999013668442277	0.49998475246457874	0.5000009534277859	0.499978519195248	
0.9999978766708669	0.9999952533080815	1.13017376446204E-5	0.969820723774188	0.49999830754142	0.49998965345497487	0.4999847533413824	0.49999750104155577	0.4999784874555601	
0.9999959287073525	0.8333176528722501	0.9999907513242511	0.9999846293533164	0.4999984940630829	0.49999204774769523	0.4999843864288011	0.4999997330608715	0.49997858368533715	
0.9999957192335436	0.8333183180566466	0.999991670331273	0.8000040951534414	0.499998592047541	0.4999918755449372	0.4999849004726334	0.4999986410142804	0.499978284712678	
0.9999774021095734	0.8333144607298477	0.9999962298433477	0.6001462615107084	0.4999985917753728	0.49999187596682315	0.4999832575327909	0.49999866573925295	0.4999788409550317	
0.9999972156975994	0.833319036184807	0.9999988032905234	0.400005288607039	0.5000002827304951	0.49999195500829346	0.4999832815190193	0.5000000683940584	0.4999784225211047	
0.9999976804694862	0.8333229763106182	0.9999839986226121	0.19997332714723082	0.49999576046378297	0.5000106158903593	0.4999843253955104	0.4999970824495692	0.4999785354399038	
0.9999994737321416	0.8333569233622604	0.9999940306816515	1.403679051812132E-5	0.4999985345926515	0.4999912482735245	0.49998126537436216	0.49999775220611636	0.49997888452796296	
0.9999961688902056	0.8333151175984868	0.7999790332071042	0.9999989330618262	0.5000001450297643	0.49999167678216105	0.49998442988263353	0.4999996607215364	0.49997832518044105	
0.9999963773118623	0.8333137632251458	0.7999790276172843	0.7500472122180377	0.5000000295279515	0.4999921698488953	0.49998317384667784	0.5000000491486133	0.4999788440217647	
0.9999817749281084	0.8333250956647618	0.7999790161373613	0.4999378677190873	0.4999969493820664	0.5000111894281494	0.4999844927313207	0.4999997498795319	0.49997884231814443	
0.9999993523628217	0.833354132436064	0.7999792681272158	0.25000823527685995	0.4999960342043104	0.499993603741465	0.49998059537990097	0.5000001156310064	0.4999788553887014	
0.9999976540103812	0.833324501650164	0.8000048921967624	1.3116753383458618E-5	0.4999958426145695	0.5000097827865584	0.49998450649461007	0.4999985729396987	0.4999785306261206	
0.999996161374003	0.8333177387008714	0.6000085490603577	0.9999954577929635	0.49999763243268985	0.4999916527093273	0.49998495992240644	0.5000007616941612	0.49997842788408436	
0.9999956112826027	0.8333544825322915	0.6000312299518188	0.6666134090844805	0.49999917418738204	0.5000074340736239	0.49998491852656995	0.4999998075992917	0.49997831934046827	
0.9999807233983454	0.8333162716463529	0.6000592474445844	0.33319634473615145	0.4999963043483704	0.5000112085642939	0.49998314789323045	0.49999980946525485	0.4999787575042611	
0.999997794644588	0.8333734916914337	0.6000018243315505	4.423484773637174E-5	0.5000012823509549	0.49999240343708506	0.49998249569502506	0.4999989508044814	0.4999787133320505	
0.999999358093242	0.8334020831414983	0.4000782446678627	0.9999278905832494	0.49999509438014555	0.5000085121845506	0.4999832145065986	0.5000009511113211	0.49997804158091247	
0.9999761674280707	0.8334021010497834	0.3999813772424812	0.4999949289269903	0.49999874430005165	0.5000077093625096	0.4999843943479717	0.4999990921699428	0.4999785070531535	
0.9999923259552951	0.8333175707803292	0.4000826407105777	1.302806217395704E-4	0.49999878293497296	0.5000106084922938	0.49998469145796814	0.4999997841652186	0.4999784019337183	
0.9999801971653909	0.8334020730412717	0.20012514665809356	0.9999533405562048	0.4999962559514378	0.5000068156216474	0.4999832101546522	0.5000003792618589	0.49997839080905293	
0.9999909490232728	0.8333155891359642	0.20012208930297426	1.7057315037320573E-4	0.4999961384846548	0.49998961441159645	0.4999832342386422	0.5000009502563961	0.4999780562561078	
0.9999907481771475	0.8334030698940821	8.093884585223216E-5	0.4981017445601116	0.5000001271756528	0.49999252386910675	0.499984408534348	0.49999978916035015	0.49997883160188394	
0.9999957535213513	0.6667323397127037	0.9999973970263057	0.9998127485925301	0.50000083825714	0.4999873800819488	0.4999844306755053	0.5000000785161246	0.4999782732852813	
0.9999944559592816	0.6667330374598264	0.9999199735967075	0.7499769702617022	0.5000003391279985	0.5000082557285751	0.49998502737460115	0.49999984757212584	0.49997875022472255	
0.9999981840861654	0.6667338534401132	0.9999506953496912	0.4999480682652675	0.5000003111375939	0.4999917805660999	0.4999845888894628	0.49999987160235476	0.4999785775783373	
0.9999818019763353	0.6665541356270572	0.9999962273400145	0.2499559997400799	0.4999991622243761	0.5000068251157317	0.4999845270101729	0.4999994593446254	0.4999783281372074	
0.9999832845621024	0.6665507819309294	0.9999970384432496	2.3984130273482363E-5	0.5000027201376573	0.5000061129764558	0.499984223765403	0.4999991654632487	0.49997887067027275	
0.9999861004071646	0.666733808428509	0.7498772098093893	0.9999995437988758	0.49999415946369175	0.49999232108221103	0.4999843655776564	0.49999983255790537	0.4999783182576367	
0.9999902211383125	0.6667338284293602	0.749928747915075	0.6666377359462378	0.4999991560750375	0.4999910372072152	0.499984421056627	0.49999991935497134	0.49997832585742674	
0.9999816509364473	0.666544626479424	0.7499275992486387	0.33319346241062087	0.499999074739992	0.500011162761365	0.4999846769583039	0.4999979941784071	0.49997732097921993	
0.9999912904132462	0.6666307741123755	0.7499275992486387	2.214215350655975E-6	0.49999610480684176	0.49999226179520295	0.4999824552870068	0.49999902629552945	0.4999787856220483	
0.9999819055652753	0.6667340045221244	0.5000762139359486	0.999818045978788	0.4999988129042287	0.4999919219986684	0.4999844423728912	0.4999997552592063	0.4999787910545151	
0.9999923813499805	0.666730579724015	0.5000105939909442	0.49999784289937965	0.500000766737103	0.49999045335351455	0.49998466196398605	0.4999996086930171	0.4999778060320825	
0.9999889450942905	0.6666027636071925	0.5000041832004011	1.9585053767634753E-5	0.4999991073140148	0.49998929967720596	0.49998454669365483	0.500000484458966	0.4999787700794217	
0.9999782960861147	0.6668874940789615	0.25015693099484176	0.9995066766645442	0.4999987040587932	0.5000071657309683	0.49998469290003994	0.5000009234090091	0.4999783900232064	
0.9999913173204097	0.6667305763149768	0.25011079943777875	3.2389523689433264E-4	0.4999960880417711	0.49999175642693316	0.49998468969947835	0.5000007039780526	0.49997837531982264	
0.9999761479696129	0.6665477299635771	6.27415112272157E-6	0.49579856475804124	0.500002196359464	0.5000078904893474	0.49998254350939647	0.500000832799808	0.49997849966074576	
0.9999962952826112	0.49999957258896127	0.9999942304705634	0.9999998556467721	0.5000002430460355	0.500007299886315	0.49998428484096324	0.49999924061554785	0.4999782899038239	
0.9999861998535259	0.5000382395246904	0.9999723039580772	0.6664511961858203	0.49999688160096667	0.5000064999304915	0.4999841823389108	0.4999998280926224	0.499978579190656	
0.999998098706693	0.5000345447731896	0.9999533103373485	0.33325068754117393	0.49999611411202816	0.5000092015156788	0.4999840457227401	0.4999973933884532	0.4999787803735	
0.9999908673789695	0.5000351070885405	0.9999216161050645	2.9136677134906618E-5	0.4999990834108932	0.5000064766842777	0.49998243988478497	0.49999840078180585	0.499978882622151	
0.9999967527507312	0.49998500565987963	0.6667674152191216	0.9999948556118333	0.49999402964326395	0.49998976790978616	0.4999851696847012	0.4999996876491728	0.4999786982924568	
0.9999997442686416	0.4999860633907176	0.6667682918555771	0.5000032737117422	0.49999907703401225	0.5000081191864248	0.4999846963515992	0.49999970275508265	0.4999787925089971	
0.9999911610316087	0.4999849008472013	0.6667695795350804	4.7472079058880436E-5	0.4999986900084192	0.4999922419636553	0.49998448309583177	0.49999899799813396	0.4999787866660793	
0.9999965371364451	0.5000364859742774	0.33340828508524883	0.9998185050850921	0.4999984890694003	0.5000056406816067	0.49998413196152475	0.4999993902946888	0.49997882966546675	
0.9999933590782718	0.5001187843083252	0.33330625518209656	3.4934403457642215E-5	0.5000003963620999	0.5000065934068091	0.49998414013419246	0.4999990326148615	0.49997882864514265	
0.9999865241323056	0.5001106486919783	3.012334094072643E-4	0.5068365971676	0.5000024770900957	0.49998984125257806	0.4999843817096265	0.4999984111162987	0.4999788109151962	
0.9999904946089022	0.3334365515279337	0.9997841399890184	0.9999255191066021	0.4999986302675018	0.49999009387075216	0.49998408717956855	0.4999997851388233	0.4999782746717533	
0.9999998817613622	0.3334345919495724	0.9999206900821885	0.5000032877844608	0.4999987609236843	0.5000070065007166	0.4999851197425657	0.49999768827615537	0.4999788166416645	
0.9999969193645594	0.3334343204932652	0.9999349887166948	2.1103145688163298E-4	0.4999990907204407	0.4999888654714223	0.4999844640647106	0.4999993578812666	0.49997880811818757	
0.999996547646022	0.3334345997216089	0.5000738792533133	0.9997524983777392	0.5000021853195628	0.5000067133568141	0.49998411299029805	0.4999997217809792	0.4999787918180952	
0.9999889348477087	0.3334343204932652	0.5000645844667553	2.1419872567194034E-4	0.49999902137494245	0.4999893118762001	0.49998471258049765	0.4999993594805818	0.4999788319473803	
0.9999965768412125	0.33343460279940906	3.5021676209319615E-4	0.5066810385308519	0.500002150153847	0.5000065642743202	0.4999841158368378	0.499998407935878	0.49997881635676206	
0.9999817685652179	0.16659058142110245	0.9999913063993037	0.999999697644309	0.5000023355576337	0.5000065770822916	0.49998267017845266	0.49999896621859147	0.49997877559481996	
0.9999999549587841	0.1666856474615781	0.9999971580290049	1.3656120890331316E-4	0.49999868160439964	0.49999213560235467	0.499984433317763	0.4999990280760481	0.49997878547662994	
0.9999965367978535	0.1666991515206754	1.2492624307484753E-4	0.09959494450330447	0.4999985400849779	0.49999105586106385	0.49998451236744623	0.4999996751708144	0.49997879140782747	
0.9999969257768704	9.716922524141306E-6	0.9994693362368429	0.9560232582935722	0.4999935825667961	0.5000078976092255	0.4999830733202431	0.4999987412475474	0.49997876555300713	
0.8333493247810744	0.9999922271199212	0.9999917903503233	0.9999982929553696	0.5000001695004785	0.5000099439866672	0.4999848513862919	0.4999999655157846	0.49997841130211435	
0.8333355146734758	0.9999928625451605	0.999995543644968	0.799996496076702	0.5000002345198421	0.49999079837428484	0.499984554443421	0.5000002969565642	0.49997853792604513	
0.8333559186884155	0.9999835553777788	0.9999892053831443	0.6000561546028594	0.5000003382598317	0.4999921054987663	0.499983101898666	0.4999998499411468	0.49997849544856954	
0.8333381427945369	0.9999944869107807	0.9999962645975471	0.39999769237175753	0.5000005587116894	0.4999925062788056	0.4999827221036743	0.49999971922831893	0.4999787480207935	
0.8333280435598562	0.9999931311233246	0.9999817702668286	0.19991701327476996	0.5000007405272262	0.49999355066944856	0.4999846862583234	0.5000002194442891	0.49997874025956673	
0.8333381330423951	0.9999951327747748	0.9999940925512595	6.7703549889502475E-6	0.5000007376673451	0.49999351924960805	0.4999846086522048	0.4999998791660705	0.4999787413518979	
0.8333495101799048	0.9999836094542677	0.7999783069111043	0.9999981422830493	0.5000001098973641	0.4999919232738654	0.4999848651967948	0.5000004038130539	0.4999784111202929	
0.8333369287669281	0.9999928322224778	0.7999790286293748	0.7500016632913903	0.4999973009171243	0.49999097360433764	0.4999844404936336	0.4999997102558305	0.49997853969406636	
0.8333370575202379	0.9999997992387786	0.7999790133220405	0.4999843673413225	0.4999983295721961	0.49999211687536477	0.4999843591956859	0.5000007197079297	0.49997859918580795	
0.833336118426474	0.99999850452136	0.799958450490175	0.24999906863265847	0.5000002628262825	0.4999936388670002	0.4999848313131378	0.49999908488558653	0.49997874805246056	
0.8333375211793058	0.9999943269565361	0.7999804727283907	1.983538521351025E-6	0.5000007584861258	0.4999934692349802	0.49998468587156847	0.5000002139707931	0.4999787298011092	
0.8333493668801886	0.9999862422326387	0.6000367512727061	0.9999611466084851	0.499997606154655	0.4999913339490043	0.49998496145232674	0.5000004000704755	0.4999784128516701	
0.8333545813993523	0.9999851095902018	0.5999125538898515	0.6666384069414937	0.49999833462722054	0.49999101701427623	0.49998483192005594	0.4999997279413256	0.4999788343980162	
0.8333368888787763	0.9999927408473074	0.6000423604216659	0.33319602302955725	0.49999651393113526	0.4999927872626826	0.4999827020629713	0.499999187860904	0.49997837819033614	
0.833336793167847	0.9999943619585542	0.6000563922509242	1.0500892870596218E-4	0.5000007550354466	0.5000060723901112	0.49998278115291717	0.49999913763237813	0.4999783907552032	
0.8333366112980078	0.9999888111494755	0.399987967126793	0.9999999029718558	0.49999873980977877	0.5000065762995224	0.4999848546823418	0.4999996630642216	0.4999787236199596	
0.8333544673600999	0.9999915337227996	0.3999877336941206	0.49999440738453477	0.49999874163262664	0.49999210010989126	0.49998484179740643	0.49999909216883953	0.4999786990951406	
0.8333369525786019	0.9999927723350095	0.3999872133360354	5.228471728013773E-6	0.5000020439615894	0.4999928812738303	0.4999845772493383	0.4999994639120364	0.49997841004566745	
0.8333543667891338	0.9999900355255278	0.20002034290580012	0.9999495049838948	0.49999848586049717	0.4999920360355699	0.4999851076069804	0.5000004413273487	0.49997871816731554	
0.833355081614816	0.9999949480243013	0.20004045913883103	1.289607134284562E-4	0.49999609529224665	0.4999896874218693	0.4999846754420996	0.499999776112394	0.4999783732817495	
0.8333516112593313	0.9999919885237223	1.5004721156607596E-5	0.4901789077038054	0.4999959449997094	0.49999288963121113	0.49998478503949634	0.49999888937191794	0.4999786997347194	
0.833349327055805	0.8000021488320099	0.9999917903503233	0.9999955198598676	0.4999976235565491	0.4999908798465068	0.49998443879938975	0.49999968838126074	0.4999782717222117	
0.8333525136899828	0.8000017010383085	0.9999836797042638	0.7499741954164406	0.4999983267959568	0.4999906227914833	0.4999841937110448	0.4999997119725881	0.49997877029575655	
0.8333381792685256	0.8000016892803948	0.9999962130613926	0.5000138842206011	0.5000002090806731	0.49999134218414865	0.49998417616184476	0.4999990528154134	0.49997877073418845	
0.833336260231674	0.7999958323499633	0.9999979641370599	0.2500316314166183	0.5000005469913114	0.49999098662526636	0.49998482564914715	0.49999987638590226	0.49997889747099356	
0.833337522768576	0.8000028914478611	0.9999899464987775	1.3680981844068086E-6	0.5000005735240626	0.5000071991327559	0.4999825479747076	0.4999980285522663	0.49997888494032017	
0.8333555515844755	0.7999977184866117	0.7499776566651174	0.9999964026042989	0.49999760095687723	0.4999918547438485	0.4999844218420374	0.49999947353986096	0.4999788248137984	
0.8333513115119224	0.7999974017662632	0.7499775813172838	0.6666403971824393	0.49999859637246286	0.499992315628658	0.49998442195698345	0.4999991838492254	0.4999782867298876	
0.8333358617527147	0.8000008166860362	0.7499558270532982	0.3333984600290317	0.4999985148877124	0.5000071669865666	0.49998355380021686	0.49999990452792803	0.49997819478371747	
0.8333358496722241	0.8000017405392993	0.7499559088847767	2.0268122444359142E-7	0.4999983833061075	0.49999344993538025	0.49998441627011436	0.49999927276875794	0.499978891467345	
0.8333491681406775	0.7999973837424307	0.5000105608879428	0.9999946334206001	0.4999984934338453	0.5000070421329033	0.49998539960643146	0.4999996416657934	0.49997829606401306	
0.8333369832785367	0.8000038618431718	0.5000208147930778	0.49999767249058885	0.499994121329735	0.5000081692249809	0.4999842880775771	0.4999996964588793	0.4999786939075572	
0.8333369060509936	0.8000017990369312	0.49999767514699733	4.0332404553342804E-5	0.5000012584226879	0.5000072531732659	0.4999844612138959	0.49999899131081615	0.49997778255568326	
0.8333568946957187	0.7999973740820283	0.24995955602225128	0.9999964132788478	0.49999752045394147	0.5000072217567343	0.4999844094845672	0.4999989953680449	0.49997827713982473	
0.8333509798767185	0.7999959814146234	0.25011085194024935	3.1951242871983805E-4	0.49999608094978065	0.499991819122301	0.4999846715700331	0.5000006770441484	0.4999783832491583	
0.8333490756755789	0.7999974097814307	2.3481903171866317E-5	0.5255255899377643	0.4999974943634124	0.4999885034370765	0.4999844635831514	0.5000010059714041	0.49997876220525855	
0.8333496313885419	0.5999936039367054	0.9999973855745669	0.9999991623243306	0.5000009473988917	0.5000055628054608	0.49998547126019843	0.499999670599638	0.4999782833767109	
0.8333174063961349	0.5999873873103282	0.999989487677595	0.6663354003179902	0.5000022086123663	0.4999900955164497	0.4999845885818803	0.4999998194506384	0.4999787608959218	
0.8333532652287922	0.5999937605726092	0.9999962124717418	0.33333848511685094	0.5000001942395238	0.5000062087387552	0.49998456979896244	0.4999989035508947	0.49997857636910725	
0.8333277551793938	0.5999941212960128	0.9999925821764715	1.6992474889452092E-5	0.49999906620997936	0.5000081093310674	0.4999825850103001	0.49999798798675305	0.499978793282089	
0.8333496566536989	0.5999866865253748	0.6666319959458388	0.9999982826287739	0.4999986095022565	0.500006819859293	0.4999846430996318	0.500000053357197	0.4999788321582627	
0.8333526387658461	0.5999990217144504	0.6667340112910671	0.499984800505901	0.49999682743057283	0.49999042480865735	0.4999847168318449	0.49999983875578147	0.4999785779334994	
0.8333512545807391	0.5999991090957096	0.6667340111067048	8.49522445611853E-5	0.4999988820749698	0.4999886453781355	0.49998306432547274	0.4999979624985312	0.499978782442037	
0.8333511462341172	0.6001927996614241	0.33433376179036545	0.9979462929656374	0.4999986958971567	0.49999137805626437	0.4999830551310387	0.49999907022115064	0.4999787683451167	
0.8333802127351259	0.5999943401006113	0.33327331572827423	8.59555187792932E-5	0.49999676755429506	0.4999914564122408	0.4999825503512891	0.49999903228008885	0.49997874995547154	
0.8333516974511759	0.6001871081005454	2.919051526072649E-4	0.5177509474677988	0.4999986057537531	0.5000074560562093	0.49998438631760544	0.49999900503124034	0.49997880773720876	
0.8332945383449243	0.4000796371190114	0.9999914928553125	0.9999987677582426	0.49999899036305767	0.5000062328146623	0.499984483351488	0.4999989816664158	0.4999787803487962	
0.8332992974571317	0.40009314890801784	0.9999995780101142	0.4999082925423182	0.49999902978416194	0.5000065799303204	0.4999852187655767	0.49999839654312067	0.4999787899322618	
0.8332992498180325	0.4000931166534559	0.9999995610504765	1.3180556101714244E-4	0.49999905684674784	0.5000070032397234	0.49998409307853947	0.49999801402160027	0.4999787899163388	
0.8333491110312543	0.4000800982318033	0.49996412830361525	0.9998365473949691	0.4999990060950625	0.5000062321959944	0.4999846203244602	0.49999898750052474	0.49997878995091727	
0.8333281198015544	0.400086203297834	0.4999783636020241	3.8316228011722944E-5	0.5000003785765783	0.5000065757790356	0.49998449309926857	0.4999990336205287	0.49997878562353276	
0.8333472195459853	0.40013217323055433	3.112362981230962E-4	0.5079604631037792	0.5000026422900928	0.4999897586389143	0.49998438627249275	0.4999990756087626	0.4999787860364942	
0.8333648052883244	0.2002064784042801	0.9994307196141371	0.9995408834731204	0.5000028035023094	0.5000082781873082	0.4999852075085877	0.49999900016701126	0.49997882859859394	
0.8333648472895581	0.2002066506599071	0.9994216222984218	3.013605325711906E-4	0.4999990231622987	0.4999895990894013	0.49998520755115045	0.49999900880893655	0.49997882859460036	
0.8333277130972016	0.20003887039951596	1.28499215175824E-4	0.5438872631339209	0.4999986819010251	0.4999880016093791	0.4999852011577939	0.4999979979770205	0.4999787889941602	
0.8333480674795143	4.2779098141105E-5	0.49766154412723995	0.5461588251569853	0.4999987490319377	0.49998956220191815	0.4999851317734969	0.49999765468014834	0.4999787899569164	
0.6666713751547144	0.9999982948004197	0.9999914199584006	0.9999955048426504	0.49999847148598225	0.5000098058045522	0.4999843921816084	0.4999999615465229	0.49997840093668966	
0.6666644582079405	0.9999975830638633	0.9999980193839693	0.7500386644200329	0.49999860575852895	0.49999350617848715	0.4999844322166656	0.49999996738807745	0.49997839586810927	
0.6666644579895625	0.9999965442264324	0.99999932874999	0.4999562364390169	0.49999805016225546	0.4999917442701796	0.49998182947494263	0.5000003320442273	0.49997850586497383	
0.6666545135923632	0.999995369570392	0.9999970549597689	0.24995612994336103	0.4999991829835162	0.49999083498523356	0.4999846007965832	0.4999974679492925	0.4999787120969531	
0.6666545534235212	0.9999962734095317	0.9999965160234016	1.1070449586228267E-6	0.5000005483622488	0.49999083288965085	0.4999826211564992	0.4999990753841266	0.49997877780820627	
0.6666713155557507	0.9999969747731952	0.7499779354507786	0.9999964915091115	0.49999854330980825	0.4999913445841736	0.4999841314586415	0.49999908121411246	0.4999782222262048	
0.6666687424262353	0.9999992616387332	0.750003163705203	0.6667889085076508	0.49999999417609353	0.4999920986918107	0.4999843581794001	0.4999999014246085	0.4999782400833803	
0.6666710188434106	0.9999314632102886	0.7500034691290572	0.3335478266505105	0.5000022939938177	0.49999098792432956	0.49998439963778557	0.499999033995147	0.4999785638161048	
0.666664614528326	0.9999481197566106	0.7502045904023859	1.0299727651221982E-4	0.5000004762423769	0.4999909576051918	0.49998412370579154	0.4999997648369011	0.4999786177605856	
0.6666673095171097	0.9999987873757508	0.5000107103359431	0.999852832078997	0.5000002438211852	0.4999898549637312	0.4999840085225634	0.49999990310696174	0.49997849284389284	
0.6666674344127264	0.9999944694143201	0.5000752633978393	0.5000410718279817	0.499996416032695	0.4999906840914385	0.4999840085541081	0.500000415987072	0.4999784978603257	
0.666663756798474	0.9999954347427963	0.499998626847787	3.772540412736526E-5	0.5000001012757579	0.49999292207735957	0.4999842287277088	0.49999982847161467	0.4999784491092002	
0.6666602844949592	0.9999939928306352	0.25012251658129614	0.9997563363704146	0.49999871708652094	0.49998849187305794	0.49998469119647815	0.49999971797565784	0.4999788602253232	
0.6666600612315274	0.9999943829939463	0.25012251658129614	2.9728354067524624E-4	0.5000011695864033	0.4999884977901236	0.4999840045144129	0.5000007635698458	0.4999788444047773	
0.6667913758399058	0.9999123008132182	1.9508972438522407E-4	0.529110448214873	0.4999987351958661	0.49998913100466763	0.49998481009192547	0.49999974705950095	0.49997845768162963	
0.6666430318380018	0.7500550756194277	0.9999901375807594	0.9999984718707787	0.4999962947111183	0.4999920136558684	0.499984082348745	0.4999997385630801	0.4999785466886091	
0.6666686092459596	0.749974799085202	0.9999814579202105	0.6667759321322798	0.49999998538740614	0.49999215233967736	0.4999843571923014	0.49999990285247603	0.49997834262682656	
0.6666470336368826	0.7499732703082889	0.9999805008079259	0.33312766232311436	0.5000001503760647	0.49999088830148464	0.4999831717002173	0.499999764768083	0.49997856245102873	
0.6666686092459596	0.749974799085202	0.9999939690426964	3.721821096661796E-5	0.5000001411350885	0.49999080798659157	0.49998423956111493	0.49999985825630067	0.49997834410969777	
0.6666203929952481	0.7500496140574707	0.6666277422492518	0.9998352654249394	0.5000000727995262	0.49998989458780735	0.49998407950850504	0.49999979519981347	0.49997861546047506	
0.666668572890821	0.7499618377004795	0.6666271277502366	0.4999984181200293	0.499999842151013	0.5000076938192421	0.4999848934034682	0.49999874641255443	0.4999786796850584	
0.6666640833989625	0.7500707544240773	0.6667339686534491	1.2153297760638356E-4	0.5000030868389788	0.5000107331437086	0.49998489542064967	0.4999988140748357	0.4999785158387048	
0.6666641795811583	0.7500811121015716	0.33351788616295386	0.99975857883811	0.499998618337518	0.4999910108543474	0.49998470072496615	0.5000009296921621	0.4999784274921039	
0.6666644525257572	0.7500741117163683	0.33324123458412935	4.0649417424539226E-5	0.5000013826459985	0.5000078410807155	0.4999825771986997	0.499999245553372	0.49997833258447993	
0.6666640019489305	0.7500737033878857	8.281337063532633E-5	0.47374085219512907	0.5000001885247427	0.4999909885575883	0.49998444805339376	0.49999975845951156	0.4999785042390721	
0.6666672079770248	0.5000377889283611	0.9999993173327743	0.99998945043751	0.49999996408311653	0.49999190656422937	0.49998443125646436	0.49999947481197216	0.49997828956820944	
0.6666583495909899	0.4999064415264529	0.9999963698733021	0.4999984097850636	0.4999988714033371	0.5000066801119922	0.49998512770327264	0.4999990475685158	0.4999788163639312	
0.6666686460508621	0.5000346634096123	0.9999894093935106	2.3506558789012025E-5	0.5000002230545489	0.5000081115773563	0.4999845982138454	0.49999890245912587	0.499978433494539	
0.666620309155203	0.5000352402158713	0.5001800106359277	0.9997609686626443	0.4999944333897009	0.5000066353675667	0.49998279437286486	0.49999697629894474	0.499978430592983	
0.6666257542678621	0.500034631125526	0.5001992623124358	2.1118868906596418E-4	0.5000013675829144	0.49998984295497584	0.4999825817057536	0.49999907879433797	0.4999786209411021	
0.6667341583153995	0.4998247297122758	6.584128780583545E-5	0.47374085219512907	0.5000001885247427	0.499991458173084	0.49998444805339376	0.4999990741209464	0.49997836406089635	
0.6667888211195693	0.2507323981554572	0.9985108347205803	0.9987245005612483	0.49999861433580234	0.4999888506556853	0.4999828036491731	0.49999889346843496	0.4999787409240255	
0.6667323150864528	0.25011495175243714	0.9998278219294751	2.596280904940411E-4	0.4999985403738096	0.5000105655724969	0.49998143086155084	0.49999966885547587	0.49997876895320315	
0.6667306036962224	0.2502377701129114	4.544363157441951E-4	0.5281627771592483	0.49999861151097297	0.49998941313307016	0.49998442278376254	0.4999994873954571	0.49997876922114165	
0.6666693139144741	2.0136243640599237E-6	0.6657743300650815	0.5029770960131471	0.49999842518399007	0.4999909415278094	0.499984697333793	0.49999950803918736	0.49997877799707363	
0.5000838100297949	0.9999721150928896	0.9998320553691066	0.9999498903782549	0.5000012347759386	0.4999908870946518	0.49998441639525726	0.49999979907671815	0.4999783227475738	
0.5001154126602816	0.9999486046395796	0.9998966947559351	0.6667752337042245	0.5000001520352679	0.4999901633814925	0.4999839294673539	0.49999985755239285	0.49997841932086867	
0.5000828298583798	0.9999371733431194	0.9998477763541995	0.33334431807215226	0.5000005490581254	0.5000142192045091	0.4999831925870617	0.49999982266571513	0.4999786771004251	
0.5001197282787416	0.9998909371781238	0.9998789332098947	7.104885449148195E-5	0.5000002439538486	0.49999055624747063	0.4999847806023805	0.4999999147619558	0.49997837115569277	
0.5000971834174194	0.9998998167787508	0.6666677084682793	0.9999308479026572	0.5000001347436025	0.5000085322092832	0.4999846513669125	0.49999872509689725	0.4999786901624308	
0.5000951681312017	0.999922739470278	0.6666674973576675	0.499956593114011	0.5000000852902946	0.4999904619568052	0.4999841927281549	0.499999024023053	0.49997856529675994	
0.5000961385814703	0.9999370046459839	0.6666670012440844	2.1594370986388812E-4	0.5000001086674674	0.4999908563836522	0.4999839274213936	0.499999791256991	0.49997861788717246	
0.5001110719326181	0.9999312177715656	0.3335186697293552	0.9995437724667164	0.5000002686978227	0.49999098913315654	0.49998323750464896	0.4999998207857275	0.4999785786229615	
0.5000820427303827	0.9999093520762998	0.33352023275736814	3.9143659581680756E-4	0.49999614643976853	0.49999222864929754	0.49998323757009117	0.4999991928782911	0.4999786880514558	
0.5000830486639773	0.9999136428080351	1.6914867963154574E-4	0.5081579735374921	0.5000005248395999	0.4999909916788278	0.4999847990963512	0.5000004230304215	0.49997784149738916	
0.5000806088134434	0.6667827970054582	0.9998260818049332	0.9999563297713884	0.5000002590771568	0.4999907736546858	0.4999847187423691	0.49999889927554286	0.4999791134531338	
0.5000835190685274	0.6666426912372346	0.9998700687269596	0.49997974103291615	0.5000018562141824	0.4999896554530656	0.49998414105760586	0.4999987468227977	0.4999787694366697	
0.5000836049655752	0.6666407482231324	0.999909154733907	6.320925398043979E-5	0.5000005176050716	0.4999896570983059	0.49998418344654355	0.49999905049861426	0.4999787703902631	
0.5000774664946422	0.6667837775212867	0.5000234962791701	0.9998457852642784	0.5000002568343468	0.4999910239301869	0.49998471213339524	0.49999981085950723	0.4999786177395094	
0.5000014888122054	0.6667837984113508	0.5000741005283944	2.4545042504119617E-4	0.5000000986249143	0.5000064405970884	0.49998414165947563	0.4999994888199152	0.499978907933079	
0.5000823889118214	0.6668264468286218	4.4351322686068197E-4	0.5063929756393949	0.5000008625603115	0.49998965446277804	0.4999847173578489	0.49999947485777463	0.4999788847796489	
0.5000784641482007	0.33356398548276844	0.9998473196140636	0.999482989000024	0.4999999618520156	0.49999083697605695	0.49998501501502535	0.4999989036285955	0.49997875700853356	
0.5004532102895255	0.33510447261372955	0.9972383155345742	0.0016957871916904455	0.5000027296110657	0.4999908220533104	0.4999827868349206	0.499998898355246	0.49997902143285544	
0.5000723876064737	0.33356398548276844	4.4931441134301545E-4	0.5057500183082441	0.4999999861565824	0.4999908257135574	0.4999847279584826	0.4999988635573187	0.4999788825923594	
0.5000600986685595	1.5471449215131994E-4	0.6199199438805582	0.9955305244607697	0.499998657685382	0.49998962550111775	0.4999847062489608	0.49999861789319044	0.4999787709833926	
0.3334451777948042	0.9999114416273643	0.99984451254974	0.99984691214262	0.5000012412905238	0.4999908783672429	0.4999831874404126	0.49999979906048414	0.49997830575952484	
0.3333911530641688	0.9999364503323532	0.9999722591702085	0.49995909673680955	0.4999980500548489	0.4999878626222847	0.4999827378988484	0.4999998879932451	0.4999783794486221	
0.33337702697969784	0.9999517530157077	0.9999711877991395	6.405004947106155E-5	0.5000003547928685	0.4999897182693909	0.4999828226124939	0.49999697291674483	0.49997861070807254	
0.3334409068813972	0.9998831569480325	0.500297024455365	0.9995482667662198	0.5000005249005506	0.49999089777419164	0.4999832282206443	0.4999997972102794	0.49997857760357756	
0.3333922106246866	0.9998873060094908	0.499998461727241	7.58244398401479E-5	0.5000012368611182	0.4999908962850152	0.4999826807395491	0.49999979857865384	0.49997861654420755	
0.33339202699955756	0.99991323156902	2.8171858637336157E-5	0.9799358641067772	0.5000008933701143	0.49998971677416093	0.49998322772336	0.4999991638147771	0.4999785641509019	
0.333390999561759	0.500195578830974	0.9998433858917525	0.9996109466814056	0.5000000896294089	0.49999089689399223	0.4999840636163636	0.49999861083251246	0.4999784028116358	
0.33337620465824164	0.5000518762344465	0.9999711887404498	7.637887426072224E-5	0.5000005200677655	0.4999897182694454	0.4999828223039884	0.49999898466466247	0.4999786106842051	
0.3333911599557115	0.50005311967682	1.907308253893953E-4	0.5074936304220725	0.5000004882706117	0.4999909034583664	0.49998414464140634	0.4999987843619388	0.4999787869961477	
0.3333911795826826	2.5610028965661336E-4	0.6185571367835627	0.5000274698223431	0.5000017535746368	0.49998986802281015	0.49998414064922514	0.49999872162608316	0.49997877145342695	
0.1674782148566564	0.9984510247048118	0.9985949925638714	0.9983180227861482	0.5000012769687645	0.4999898012654798	0.49998465570055284	0.49999862775474047	0.49997831106854046	
0.1674782148566564	0.9984376159291565	0.998169892115936	9.623362878988061E-4	0.5000017370634777	0.4999897800946775	0.4999807016176728	0.499998660936677	0.4999784257376011	
0.1669319289196873	0.9996136745629719	6.666122060423455E-4	0.3325040384121584	0.5000001785775967	0.4999878491226757	0.49998472066678273	0.5000009097133578	0.4999776411430036	
0.16708351829364562	0.0018464458353351088	0.6699913618717612	0.519970436464525	0.5000000911000114	0.5000085285720614	0.4999841380003287	0.49999981255289466	0.49997863535343506	
6.421684079882528E-5	0.6681143864126236	0.5000862138849853	0.5042176378814026	0.5000018201570912	0.49998779830086393	0.4999841649492362	0.4999983292146607	0.49997858015562485	
