0.9999968988769491	0.9999961425474255	0.9999981507565505	0.9999938724520551	0.4999766630277926	0.5000008974641398	0.500000149575391	0.4999997645072057	0.5000034705969338	
0.9999866254247265	0.9999913669877265	0.9999951805865848	0.8331095744940493	0.49997686608865655	0.5000003688263126	0.49999932046007195	0.4999991298145249	0.5000001549567913	
0.9999967189052729	0.9999975002329079	0.9999949167301629	0.6666877354151389	0.4999767281432803	0.5000001150728894	0.5000000772637712	0.4999997103288385	0.5000000513279795	
0.9999931937500852	0.9999957195824638	0.9999736763714575	0.4999806993406316	0.49997631976554413	0.49999986240348615	0.5000001402555658	0.4999987552794036	0.5000001372004244	
0.9999858804390038	0.9999882035987215	0.9999990611965188	0.33330667835147093	0.49997655990105616	0.5000003582024397	0.5000001596591948	0.49999913436139326	0.49999986479006453	
0.9999884976571983	0.9999746734979156	0.9999855578436576	0.16676983202959333	0.49997668067627166	0.49999985928755286	0.5000001527250997	0.5000006288895218	0.5000005891344271	
0.9999955577444545	0.9999849981697011	0.9999997088350538	7.142747751747296E-6	0.4999766994974718	0.4999998776616602	0.5000004766812656	0.500000985863756	0.5000008044432536	
0.9999967261809504	0.9999961511886973	0.833343780225201	0.9999888193967453	0.49997665770031297	0.4999988764304643	0.5000005170338346	0.5000011689797371	0.5000008626277177	
0.9999970557974626	0.9999975001467089	0.8333439013078211	0.7999499532574337	0.4999767281618791	0.5000004184756721	0.4999995465772995	0.4999988760633254	0.5000007567951995	
0.9999811661754399	0.9999572702721499	0.8333434389501478	0.5997168429023226	0.49997663165691825	0.5000004169122368	0.5000004048424169	0.4999988126808874	0.5000002769350951	
0.9999947057548151	0.9999971540920175	0.8333435237507175	0.4000180269611735	0.499976712674114	0.500000397403765	0.500000514766487	0.5000009664851358	0.500000151266475	
0.999980669910262	0.9999847701907115	0.8333435257197757	0.20012218798672038	0.4999767132743891	0.499999895888882	0.5000001530045621	0.5000009757610158	0.5000001579715863	
0.9999941271150726	0.999997588604393	0.833335320554275	3.9329793012210405E-7	0.49997656393802953	0.4999996684931702	0.499999887190074	0.5000006617750032	0.4999998623313526	
0.9999966346650082	0.9999818484556433	0.6667257832315305	0.9999938619707059	0.4999767790029466	0.5000003820231189	0.5000001523885281	0.4999997160689541	0.500000257187629	
0.9999950061707886	0.999997885120516	0.6666952376428918	0.749978793469183	0.4999766581876234	0.5000010868502118	0.5000003637843131	0.4999998189150481	0.5000000471839514	
0.9999946980570033	0.9999881253751121	0.666697992410564	0.49997104198306597	0.49997680155070634	0.4999998553554893	0.500000559635044	0.5000009609309131	0.5000001530807753	
0.9999752059892668	0.9999774489659566	0.6665653495206589	0.24982836065973005	0.4999767143725867	0.5000000831421848	0.5000001441633513	0.5000006714363127	0.4999998621500881	
0.999973791265783	0.9999811972283914	0.6667652135143904	5.9381731274006606E-5	0.4999765996998036	0.5000002916309794	0.4999998679059064	0.49999916950391127	0.5000006347154778	
0.9999944546090968	0.9999962242501009	0.500100306358044	0.9998688600867068	0.49997655882255815	0.4999998289691456	0.5000006295871624	0.4999997322314235	0.4999982667235097	
0.9999908008796465	0.9999979222170657	0.5000647395524581	0.6665952342004973	0.49997522631413344	0.5000004996005345	0.5000004922216135	0.49999971155399686	0.5000001394113698	
0.9999879548686923	0.9999824228902882	0.4999179106901597	0.3333632280937451	0.49997679074584916	0.5000005820691892	0.4999999573249053	0.5000009057631463	0.5000002751242669	
0.999968982336849	0.9999814284554295	0.49991323540041804	1.3263990766940547E-5	0.4999764711985817	0.49999991791671133	0.5000001200498363	0.499998947728529	0.5000005558255144	
0.9999908430267965	0.9999677465511997	0.3335823479197011	0.9993941321923179	0.4999763628116597	0.5000005022192294	0.4999991343038533	0.4999991941016594	0.5000004145782312	
0.9999909605699923	0.999994034968528	0.3333381987340824	0.4999130211344423	0.4999764466409485	0.5000004349543045	0.5000000194448109	0.5000025033573439	0.5000002877321963	
0.9999936854660962	0.9999994749622408	0.333338347243751	1.4178690607727086E-5	0.4999763359441245	0.4999997736439498	0.5000004718679707	0.4999992644360899	0.50000342988129	
0.999989475381572	0.9999718428464611	0.16671597903224206	0.9994907465700882	0.4999763653406523	0.5000004251072868	0.5000006190215427	0.4999991743917831	0.5000003823301241	
0.999957081664421	0.9999547760947888	0.16692623408830515	0.0010223751840505446	0.4999765490163772	0.5000004262832993	0.5000006095685439	0.4999996592415977	0.4999997589920298	
0.9999950016106804	0.9999988937145515	1.1911046274755178E-5	0.9185949150771363	0.49997678786775185	0.49999972322958847	0.5000006778383949	0.49999915043370935	0.5000001371869851	
0.9999946071823227	0.8333008327141119	0.9999976717110658	0.9999997681608498	0.4999767839215601	0.5000001690131318	0.4999999500453241	0.500000878264604	0.5000000501996862	
0.9999836855151909	0.8332978659519207	0.9999908908215067	0.799934040802079	0.4999768274829244	0.5000001332676621	0.5000000546282518	0.49999883185244465	0.5000001860456982	
0.9999929899212544	0.8332942754871944	0.9999994346399478	0.5999993866049068	0.49997662099022866	0.5000001287850508	0.4999999005745281	0.5000008071123817	0.5000001260139603	
0.9999966800162264	0.8333224106435188	0.9999957429884035	0.3999983201516258	0.4999766576371447	0.5000003602986121	0.49999945195966283	0.49999905420461693	0.5000000526149986	
0.9999981724282406	0.8333226518748457	0.999999266378345	0.2000012483996742	0.49997668214111657	0.5000000722368476	0.5000000864049965	0.4999991462106083	0.5000001325306369	
0.999988672782024	0.8333246204539778	0.9999998306804158	2.772405766029464E-6	0.4999765010714136	0.49999967197969836	0.5000001470657918	0.499999131873006	0.5000001173871972	
0.9999880270572554	0.8332928975970926	0.8000383707314938	0.9999988354530054	0.49997675737572894	0.4999997439366354	0.4999998574432866	0.5000008915006356	0.500000054966175	
0.9999916855444824	0.8332949267638015	0.8000013646362801	0.7499809844783089	0.49997678370437876	0.4999996717436715	0.49999995655829915	0.5000008745500761	0.5000002454867786	
0.9999976896097975	0.8333224126476851	0.8000108557686931	0.49999028081246594	0.4999766451679826	0.500000364241896	0.500000005919101	0.49999918723989656	0.5000000537421206	
0.9999910319769995	0.8332995119769773	0.8000109238302574	0.2498406322385798	0.49997649921507314	0.5000003652617137	0.499999423651105	0.49999908912626906	0.5000001267547262	
0.9999980564252854	0.8333226517155572	0.8000189918194467	8.985310220747846E-6	0.49997676483936754	0.5000000684578881	0.5000005904863506	0.5000009926827627	0.5000012865519502	
0.9999944440610382	0.8332927437788659	0.6000077771618648	0.9999880024765394	0.4999764809913701	0.5000004416310354	0.5000000215573488	0.5000010111168594	0.5000000737833282	
0.99999153515721	0.833367237967207	0.6000601332555769	0.6665928952647162	0.4999768512602208	0.49999985735613556	0.5000002210265794	0.49999971663962267	0.5000002506850961	
0.9999958185842589	0.8332917542048857	0.6000577793214376	0.3333642287215024	0.4999767263074086	0.5000006009995989	0.5000005620164729	0.49999909546232496	0.5000002691982579	
0.9999886347613344	0.8332989481723408	0.6000640018843841	1.7759795900691545E-5	0.49997673588496944	0.49999967116680893	0.4999999474881719	0.500000631455809	0.5000005818152774	
0.9999949971964626	0.8332951809690797	0.40000887090646403	0.99998643990174	0.4999767841763932	0.4999998185222544	0.5000005874488201	0.4999991582455255	0.500000412507699	
0.9999952272741152	0.8332949045279441	0.4000088680469984	0.49997593400608514	0.49997679030071746	0.49999979680357687	0.5000003670201398	0.4999998685114777	0.5000001419927137	
0.9999937814613323	0.8332898919042916	0.4000124856856134	1.4027700758073964E-5	0.49997676085858644	0.4999997809279817	0.4999998795371347	0.4999992492442023	0.5000003897438491	
0.999989492602735	0.8333791943615336	0.20042060149532748	0.998826464082593	0.4999764611450667	0.5000010538988205	0.5000000681988696	0.4999991307199353	0.5000014320083396	
0.9999908431764568	0.8333791943615336	0.199951247537798	9.08989435292987E-7	0.4999765641553903	0.5000000689813657	0.49999978912597703	0.4999992109674268	0.5000005350139738	
0.9999911438889981	0.8332963207394504	3.419772713981292E-6	0.5010524164865735	0.4999767878892691	0.5000004467137202	0.5000003519411058	0.4999992106617934	0.5000004224452308	
0.9999879935513853	0.6666826838658743	0.9999948775525291	0.999999747399359	0.4999764778300081	0.5000006440483098	0.5000000194643697	0.4999988105215866	0.5000000174939514	
0.9999814291962068	0.6667774499273958	0.9999308193181611	0.749685650197334	0.49997645274611185	0.5000002164514824	0.5000000738690258	0.499999394824767	0.5000000512563487	
0.9999898067638219	0.6667693753207985	0.9999269965663765	0.500074327648647	0.4999765098923594	0.5000010268078946	0.5000004564264477	0.4999987190806313	0.500000550771917	
0.9999923799562573	0.6666740417366928	0.9999992245787985	0.2499084717335423	0.49997605441014176	0.49999987175610944	0.5000001350221311	0.5000010002935266	0.4999997722977165	
0.9999921909242775	0.6667031765646241	0.9999626608088596	8.887269657165695E-6	0.49997650329557003	0.4999998651424783	0.49999993145107074	0.500001040112504	0.5000001728216398	
0.9999943813617117	0.6666821593970873	0.7499857561460468	0.9999988318213051	0.4999764814728078	0.5000004323180499	0.5000000212958471	0.49999854918970665	0.5000005392079695	
0.999990708779405	0.6667693571482687	0.7499856923800935	0.6666385798359431	0.499976511143303	0.50000014266738	0.5000000690488761	0.49999872321847816	0.5000005498290593	
0.9999910825836952	0.6666726392006657	0.7499536628211578	0.3333370403565351	0.49997664397374153	0.5000003836775716	0.5000005613160569	0.49999883627716984	0.49999984373913625	
0.9999990650984432	0.6666733158184055	0.7499532320869422	6.354878802353568E-7	0.4999764948110657	0.4999996683079014	0.49999988005750723	0.49999916372758335	0.4999998487789724	
0.9999907608070622	0.6667142730194252	0.5000429050435474	0.9999515588948398	0.4999750599943638	0.5000000404533134	0.5000001280284747	0.4999988760561735	0.5000005429991025	
0.9999978720737186	0.6666733162836186	0.5000058556962229	0.49995805560489437	0.4999764605137355	0.4999996440568694	0.49999978254976246	0.49999923273407987	0.5000004053478044	
0.9999971850775543	0.6666730305110236	0.5000058556962229	4.158075373786531E-6	0.49997605589661365	0.4999996888759032	0.5000003237334171	0.49999974116340523	0.5000003946580323	
0.9999829255927244	0.6667142694629775	0.25020170866795943	0.9992565745566293	0.49997656032061544	0.5000005725699649	0.4999997693002306	0.4999989013577361	0.5000005399117301	
0.9999828674760097	0.6667143613806724	0.25020181236269873	5.578068273127473E-4	0.49997603267438523	0.5000016560975491	0.4999997742219366	0.4999992074866801	0.5000003937500584	
0.999998118141549	0.6666726197540392	1.0853177866551263E-5	0.49827042243976327	0.4999767529607752	0.500000430323557	0.5000000184279129	0.4999996594830669	0.49999975101374566	
0.9999827874037758	0.5000461557974509	0.9999288139711763	0.9999656035849399	0.4999764680916105	0.5000006801834557	0.5000000194638059	0.5000002276956977	0.49999988066263157	
0.9999905264396872	0.5000298905850331	0.9999746868211131	0.6665662048143697	0.49997652339188875	0.499999649275065	0.5000000476099126	0.49999937400019795	0.5000001079760525	
0.9999998444630803	0.49999863469071765	0.999989333410898	0.3333402762588006	0.49997645872275187	0.5000003733852545	0.49999942137532516	0.5000009052151657	0.5000000546563889	
0.9999993976909654	0.500004214609007	0.9999985718945563	8.840363163549182E-6	0.49997650350953193	0.5000003833554865	0.4999994749691601	0.50000104359545	0.5000004288858622	
0.9999957314687533	0.49997151461835493	0.6669601193058536	0.9999092110199919	0.4999764679063476	0.49999974914977185	0.4999999908870169	0.5000014793462674	0.5000000363734454	
0.999999832144929	0.4999975717582609	0.6666897276493257	0.49998995924501427	0.4999767074517046	0.4999997320624392	0.4999999957172104	0.4999992498213033	0.500000224288081	
0.999976064205121	0.5000889602711082	0.666961017587391	8.063965873663161E-4	0.4999767232354549	0.5000003606608233	0.49999999053810007	0.4999992494826988	0.5000006180354011	
0.9999952083978145	0.49999780959762125	0.3333443494363688	0.9999825331722811	0.49997669606560596	0.4999997389693987	0.49999999566892556	0.49999924880998287	0.5000002243244839	
0.9999951608324976	0.5000899239644178	0.3335437585928248	7.213753256945856E-4	0.49997658263463857	0.50000129356778	0.5000004135655849	0.4999992667088846	0.5000001885274408	
0.9999952125561868	0.4999712455280107	1.06674366645057E-5	0.5145488913206749	0.49997670331719274	0.4999996349722261	0.4999993488798065	0.5000014597005086	0.5000002254689082	
0.999971414004314	0.33350380613677383	0.9998337999581105	0.9997795491019105	0.499974981078933	0.5000000084891209	0.500000383743845	0.49999959973762814	0.4999992686103889	
0.9999918958828009	0.33344477315880233	0.999851585507791	0.49993680907877464	0.4999765116109953	0.5000003855211468	0.4999999064698201	0.4999997339081141	0.4999999200184614	
0.9999968793913512	0.3333880675276844	0.9999351433607919	8.570564820064653E-5	0.49997652339061033	0.49999967144538565	0.5000018207696494	0.499999371925435	0.5000001074009378	
0.9999917379741277	0.33344365462605147	0.5002862629363074	0.9993390505477187	0.4999764202674683	0.5000000193443475	0.5000003368905485	0.49999930843037366	0.5000002086792437	
0.9999754144006638	0.3334453559699296	0.5003036706888622	7.229192958923547E-4	0.499976572071533	0.5000013920054721	0.4999994654111066	0.49999928809296507	0.5000001783649639	
0.9999908445584756	0.33344356790608715	3.245256937513581E-4	0.5076501633391639	0.49997641807359533	0.5000005712871582	0.49999929617685346	0.4999993119304687	0.5000002527774932	
0.9999714535697922	0.16683121139550608	0.9998483176846812	0.9994816903703387	0.49997611769315886	0.5000003479891139	0.5000000025670052	0.499999363322262	0.5000003125780459	
0.9999405596615332	0.16705200703793102	0.9991496802461396	7.242140321523541E-4	0.49997627706281456	0.5000005391461517	0.4999998291891974	0.49999931295316485	0.5000002538741459	
0.9999478055106301	0.16705197570909497	0.0021449492068901788	0.5076118829124738	0.49997671551438977	0.49999959652558684	0.500001811115886	0.5000002220385007	0.5000005209458713	
0.9999926180279394	4.259165140807486E-5	0.6735685796412343	0.5117828783266642	0.4999750324180411	0.4999996099447087	0.5000000403551422	0.4999996945824723	0.5000001356807013	
0.8333332445605973	0.9999991370641103	0.9999979089791077	0.9999997472266401	0.49997690501986225	0.5000004335538835	0.5000000960078158	0.49999886284213285	0.5000000419734968	
0.8333331789907417	0.9999971862386394	0.999998045199498	0.7999502376986841	0.499976837230764	0.49999970590408715	0.49999985530390545	0.5000010001972126	0.5000000529214138	
0.833331295646582	0.9999943017991958	0.9999896965622681	0.5999963358412862	0.49997662182673613	0.5000001253203498	0.5000006600468327	0.5000008414303647	0.5000001427469873	
0.8333328012518405	0.9999975295664724	0.999998977673282	0.39999467825248647	0.49997653477989606	0.49999989644937154	0.5000001342966708	0.5000009785538182	0.499999831362594	
0.8333352648848993	0.9999974983627334	0.9999847247926202	0.2001119675305792	0.49997670522911647	0.5000000929688029	0.5000001439219134	0.5000008489656719	0.5000006639369169	
0.8333333760282415	0.9999986798400459	0.9999989773331974	1.161037081536319E-6	0.49997650651306197	0.4999998717981907	0.5000001376020583	0.49999922251161116	0.49999981049078596	
0.8333326767769675	0.9999981080084238	0.8000113003590054	0.9999923104956993	0.4999768335753804	0.5000004297446681	0.5000001803021371	0.4999996530111171	0.5000002076396506	
0.833333215829284	0.9999976527906204	0.8000013443029345	0.7499810749871413	0.4999768374401637	0.5000003272761732	0.5000001477468516	0.49999972742825916	0.5000002027078023	
0.8333326330815993	0.999997096084672	0.8000112891978551	0.49998329726032603	0.49997661590760334	0.4999998971789947	0.499999998089796	0.49999914418208885	0.4999998324367875	
0.8333352913643802	0.999987928549991	0.8000112891980943	0.25008868488226743	0.49997646734804185	0.4999999081910623	0.49999956179782856	0.5000011065155332	0.49999980160022456	
0.833333284075487	0.9999986923063181	0.8000103815116991	8.02505969038396E-6	0.4999764991007452	0.49999987815789243	0.49999994560143274	0.49999922025765375	0.4999995306459554	
0.8333330886821403	0.9999970307591473	0.5999931955270008	0.9999882329494373	0.49997683877815263	0.5000004642209015	0.5000000270036198	0.49999974611243003	0.5000002019117006	
0.8333312458384691	0.9999900631676876	0.5999781798851238	0.6666890235740002	0.499976832896492	0.4999998923632668	0.49999992717120967	0.4999996926920589	0.5000003133085116	
0.8333334795241362	0.999998434692516	0.6000326195924356	0.33336423566070084	0.49997675623751486	0.4999999438120338	0.4999999249098084	0.5000009622635773	0.4999995800151739	
0.8333334816187017	0.9999970931966045	0.6000330070529735	7.998381156466278E-6	0.4999764452976354	0.49999989565313363	0.4999999108358846	0.4999991439314395	0.49999953697491856	
0.8333312124635387	0.9999921074811017	0.40000573965920333	0.9999825458994707	0.4999765568439678	0.5000007049588847	0.4999989056018231	0.4999997446015887	0.5000015081236137	
0.8333328992041682	0.9999987062884468	0.4000053931706419	0.4999775853585249	0.49997679396296646	0.4999998139331313	0.5000000536339143	0.4999987226210869	0.5000003895054543	
0.8333329443121044	0.9999990098075254	0.4000140337540052	2.405015875989421E-5	0.49997683736086546	0.5000000519004274	0.49999991641809266	0.49999915206005047	0.500000528465116	
0.8333334405958558	0.9999970599444317	0.2001399710203359	0.9995582240355457	0.4999768417657212	0.5000010222949107	0.49999999428849945	0.4999991038659684	0.5000004002459253	
0.8333334565861162	0.9999810167812463	0.200139971137356	2.2622660471547314E-4	0.4999767576512225	0.49999981773684765	0.5000000050322703	0.4999992878858201	0.5000003994303034	
0.8333328876226693	0.9999987587711469	5.371138146982218E-6	0.5050832132250552	0.49997678539747603	0.49999979169473624	0.50000035470449	0.4999987426151034	0.5000002883384325	
0.8333313755856	0.8000508207596565	0.9999301502339383	0.9999438309901286	0.4999769099971571	0.5000004745690063	0.5000000568694686	0.5000010472429646	0.5000002342093185	
0.8333311775998138	0.8000557509944198	0.9999743233085916	0.7499852375054822	0.4999767157524026	0.5000003844067306	0.49999936838732484	0.4999996371065318	0.5000002253740685	
0.8333317498640951	0.8000189450364853	0.99998994978179	0.4999867938328748	0.49997646696951	0.5000003650970918	0.5000000870677387	0.5000008636837627	0.500000657263381	
0.8333312399168984	0.7999303667167394	0.999998769548918	0.24990967494431365	0.4999767362537752	0.5000000735770379	0.49999994566651595	0.499999252446941	0.5000002943940968	
0.8333266230032003	0.8000280931194598	0.9999756225395003	5.6895825601715834E-5	0.4999767061276058	0.4999998653545986	0.4999994742723473	0.5000010471676293	0.4999999032208277	
0.833331178339986	0.8000582903671561	0.7500095112574183	0.999957284401395	0.49997674300866574	0.49999999678458273	0.49999986232086907	0.49999968299035685	0.5000002149139762	
0.8333311825204744	0.8000566822690331	0.7499893965540503	0.6666807298378993	0.4999764669663187	0.5000001394692681	0.4999995476823609	0.4999988739304483	0.5000002215007453	
0.8333312588628293	0.8000291770450935	0.7499536232127679	0.33338798159304134	0.49997650435681235	0.5000002458886917	0.5000000704836508	0.4999992456744191	0.5000002751756003	
0.8333312588628293	0.8000291770450935	0.749953608501737	7.43797165829386E-7	0.49997650392095794	0.5000001437846382	0.499999945640345	0.49999924462471784	0.5000002930960822	
0.8333311889567699	0.7999804864862856	0.5000322225552938	0.9998045435267755	0.4999767626577815	0.5000003595832304	0.5000000268454222	0.4999997554464652	0.5000002700722362	
0.833331261793234	0.8000946279808525	0.5000322203731659	0.49997707437148686	0.499976790248161	0.49999991849069125	0.5000006305792672	0.5000010707873495	0.500000271311465	
0.8333369084981923	0.7999435312341625	0.5000135612097478	9.113115810480078E-6	0.499976457088186	0.4999999449612853	0.5000001305548135	0.49999911004789005	0.5000002947042342	
0.8333389393216529	0.8001090456269212	0.25022233365543306	0.9992305972529933	0.4999765658271962	0.4999998138607787	0.49999976938242824	0.4999992918748904	0.49999974297532673	
0.8333371413129862	0.8000296607705061	0.2500597880569316	2.1740254208144966E-4	0.49997655644909594	0.5000003803242857	0.49999993266046294	0.4999992834942795	0.500000288323177	
0.8333328665489633	0.8000296634703101	2.3261477595456293E-5	0.49054352806398943	0.4999767817864	0.5000004069270652	0.49999989127845923	0.49999985857488877	0.5000004233683253	
0.8333338203338582	0.599936816715706	0.999999526573992	0.9999999924241476	0.49997670897752977	0.50000044647271	0.5000001026746204	0.5000002305767391	0.5000005130234901	
0.8333317555626087	0.5999861360313669	0.9999995064230209	0.6666748137358208	0.4999763730446846	0.5000002490120744	0.4999999323464641	0.5000015081688202	0.5000000421064854	
0.8333346119684745	0.5999824112546341	0.9999951831429875	0.33338918381611937	0.4999766077208791	0.5000003705872947	0.5000000874868632	0.5000002406506512	0.5000002575193466	
0.8333352567248477	0.5999889816364279	0.9999989610865709	3.879528549009371E-5	0.4999764368665284	0.4999999044051584	0.49999994803197373	0.5000010465973864	0.49999981977145647	
0.8333311260679861	0.5999378977571221	0.6666972303367626	0.9999996156428279	0.49997646255637945	0.5000003740529789	0.5000000470910597	0.49999936035413534	0.49999973414128496	
0.8333317303055976	0.5999341070027511	0.6666980305990098	0.49996354277411775	0.4999765466164387	0.5000002531895936	0.4999999712405161	0.5000002869523732	0.5000005160684075	
0.8333268693979519	0.5999726803121223	0.6670909254502323	1.5279893642004502E-4	0.49997647569452586	0.5000003947608038	0.5000005739930002	0.49999969845758874	0.5000004089131059	
0.8333313792549584	0.5999596827178931	0.3333443905568507	0.9999821096521188	0.4999765254502983	0.5000003845490395	0.500001431925741	0.49999897699426404	0.5000001761953068	
0.833331145051717	0.5999626498005292	0.3333395452930772	2.555266007875589E-5	0.4999765255245391	0.500000385024702	0.5000014414912433	0.49999910575544326	0.5000002946866201	
0.8333377532274916	0.5999760126934724	1.497977051819988E-5	0.4381352606856118	0.49997652058578584	0.5000003852162206	0.49999976762186954	0.4999987595678415	0.49999974857963536	
0.8333338024860079	0.40007655187898017	0.9999988449707434	0.999944644286244	0.4999767863096036	0.5000004138361925	0.5000004308870772	0.4999993769328885	0.5000000683915783	
0.8333346359551443	0.4001607052642578	0.9998344393477462	0.4999367874262103	0.499976551568185	0.5000004673301007	0.5000005820096981	0.4999990838532426	0.5000000719569148	
0.8333273174851431	0.40016392704842346	0.9997742176578401	1.4766867608390462E-4	0.4999765162978724	0.4999997703662087	0.5000005763323405	0.49999909184590025	0.5000000685272669	
0.8333344437942316	0.400134660430252	0.5000158174045835	0.9999486414728154	0.49997651889460587	0.5000002671251836	0.5000004123920246	0.4999995932373835	0.5000000929147213	
0.8333344413400136	0.4001346476772469	0.5002843113390731	5.585487227525564E-4	0.4999765190618023	0.5000003536545539	0.49999976368526877	0.4999993153372792	0.500000294568322	
0.8333769392397279	0.4001346803334274	3.6744256038943526E-4	0.49092319421547603	0.4999765264960184	0.5000003810962828	0.49999977565074327	0.4999987687426613	0.49999995868930075	
0.8333330798401051	0.20010191421888482	0.9998284218207469	0.9997676232641847	0.4999764992860828	0.5000004674180879	0.5000005874452225	0.49999937969775865	0.5000000918745073	
0.8333317413770672	0.2001019142605347	0.9998266941656969	1.1247623261350701E-4	0.4999765184549881	0.49999987937781604	0.5000000141508743	0.4999993770749909	0.49999983042500523	
0.8333316906217678	0.2001019154261873	5.030800914796625E-4	0.5088730458070131	0.4999767872497854	0.4999997555822758	0.49999922702069	0.49999919124274905	0.5000000606466009	
0.8333331389281077	6.986519411072994E-7	0.49926116664276404	0.48510480682829804	0.49997654419711207	0.5000003641512477	0.4999998335535396	0.4999993155371947	0.5000002878312193	
0.66667803658517	0.9999961936877524	0.9999971338827153	0.999992304534927	0.4999768995453669	0.5000004299639934	0.500000090425168	0.49999965077734837	0.5000000488670726	
0.6666774494485391	0.9999984055306422	0.9999976187230758	0.7499847739436533	0.4999767792770678	0.5000003687926171	0.5000001561652333	0.4999991178218005	0.5000002219555618	
0.6666513923544783	0.9999883834415139	0.9999996055118844	0.4999592115033844	0.4999765252113131	0.5000009328771011	0.5000000657015138	0.4999996158448601	0.5000000783604204	
0.6666374190035652	0.9999984979502944	0.9999992939518944	0.2501254429266276	0.499976657915236	0.5000002880139446	0.5000001572647808	0.4999991691288461	0.5000001452823273	
0.6666375503094708	0.9999997599499327	0.9999996018365553	6.311776637162275E-5	0.4999766769884104	0.49999990016666307	0.5000000654490143	0.49999891853315126	0.5000004047930433	
0.6666783822477622	0.9999915537986519	0.7499798910389589	0.9999975276554642	0.4999767841100274	0.5000004194920648	0.5000003320915697	0.4999997058306376	0.49999994495921296	
0.666676269418728	0.9999953310444353	0.7500092086478687	0.6666347885757427	0.49997647576750365	0.5000003752905062	0.4999994532381034	0.5000010557021889	0.5000001661619279	
0.6666778643853573	0.9999974931841282	0.7499520730758762	0.3333580952835154	0.4999767368291036	0.5000008739205999	0.5000001508413527	0.49999960547744443	0.5000002756491406	
0.6666779060458291	0.9999975217528349	0.7499520152237539	7.912661529708645E-7	0.4999767203950533	0.5000002529181272	0.5000001536229808	0.4999991517349906	0.499999555766753	
0.6666500836534999	0.9999981955499536	0.49996021397921797	0.9998427222138018	0.4999766863658375	0.5000009500441869	0.5000006802583015	0.5000013043293774	0.5000002103724951	
0.6666779203131442	0.9999810002746368	0.4999627395276866	0.4999844158214404	0.49997678655719857	0.5000009674309306	0.4999999970633475	0.5000002917031453	0.5000004454885516	
0.6666769117751469	0.9999870866618183	0.5002649800351986	1.529687089317396E-4	0.49997677129258017	0.500000390974059	0.4999994329832942	0.4999992858449248	0.5000004382292754	
0.666710815166567	0.9999748039179187	0.2501855711397011	0.9993391476499807	0.49997635829672515	0.5000009075503729	0.5000003845743914	0.49999911004972175	0.49999984972106387	
0.6667108168007146	0.999987850609651	0.250342919524069	0.0010590663974796577	0.49997633473498404	0.5000000686043552	0.5000003860303217	0.5000011243426826	0.4999997847744323	
0.666677201245006	0.9999980648315249	1.094706906491831E-5	0.5538907199087336	0.49997689982127813	0.5000010340131255	0.5000000941757089	0.49999869010941456	0.5000003924995715	
0.6666483812234348	0.750058567739519	0.9999998704281523	0.9999995500383894	0.49997676952487874	0.5000006422226152	0.4999995357431952	0.499998809000436	0.5000003032852393	
0.6666772247776558	0.7499797667049088	0.9999998704769902	0.6666809573964121	0.4999767418268361	0.5000003753642785	0.4999999512297038	0.49999874976742237	0.5000000422160362	
0.6666767593486488	0.7499773313099105	0.9999997499161916	0.33338785805397686	0.49997666014247644	0.5000001005633722	0.5000002054450402	0.4999993013370027	0.4999997818965655	
0.6666783007658411	0.7499772292605884	0.999999759227688	5.374557055762869E-5	0.4999766601424645	0.5000008688253194	0.5000001527008675	0.49999960786840875	0.4999997822677536	
0.6666762944790181	0.7500260381930424	0.6666674395650415	0.9999976756472025	0.49997679930197003	0.5000003806666974	0.5000003321001166	0.4999988642840224	0.5000000459767528	
0.6666762978148196	0.7499763759233448	0.6666842428896035	0.5000406379932099	0.49997677883521696	0.5000003749167818	0.5000001935155943	0.4999995961838052	0.5000001656475127	
0.6666772420843461	0.7499886687640381	0.6666829531677408	5.841992184892456E-5	0.4999766021821013	0.5000002873162257	0.5000002305796397	0.5000002869574368	0.5000006159085612	
0.6666474423340115	0.7501245163380084	0.33334438179912573	0.9998874497033157	0.49997652737602755	0.4999998542735419	0.5000005370470231	0.4999989634219978	0.500000090826944	
0.6666765360499831	0.7499786003154757	0.3333422022811936	5.043463986849823E-5	0.4999764759355123	0.5000008156180421	0.4999999060328446	0.49999930311343116	0.5000001681718195	
0.6666765173245411	0.749978395301376	4.373437640713014E-6	0.012396750282323454	0.49997647691870717	0.49999986894663295	0.49999945240910276	0.49999922603553476	0.5000004372307277	
0.666676238887574	0.49998495316528896	0.9999999915019521	0.9999992930785541	0.4999763010151577	0.5000003793401367	0.5000001262509715	0.4999987140166522	0.500000093231516	
0.6666779338301355	0.4999874833531417	0.9999987133561148	0.4999343419373491	0.49997662096176204	0.5000001297450288	0.5000004259537137	0.4999993787968902	0.5000005248069237	
0.6666351642514727	0.5000284768300832	0.9999997676193831	3.7311087267507046E-5	0.4999764742852652	0.4999996645095429	0.4999998840784039	0.49999934530083817	0.49999984581742696	
0.6666772705920917	0.4999956755531646	0.5000257022044682	0.9999820071112384	0.4999765255351981	0.500000358433761	0.49999992972920887	0.49999891455173395	0.5000005603923283	
0.6666867221489018	0.49999847536853437	0.5002589866727024	3.0563122576063426E-4	0.4999765232597208	0.5000003581080723	0.49999981088219936	0.5000002901419727	0.5000006124547102	
0.6666871902400673	0.50004969062935	2.1005969315798366E-4	0.42803725464383713	0.4999764265458454	0.5000002697720213	0.5000000718195683	0.5000002023338592	0.4999993982655954	
0.6667143260951629	0.2503111601436299	0.9994980310078411	0.9995947251252278	0.4999764631985183	0.5000001113049218	0.49999679774198935	0.4999993426092038	0.5000002577567291	
0.6667144463910079	0.24995898802302607	0.9999845354724987	6.260799532100683E-5	0.4999765550102716	0.5000001250121778	0.5000002309893871	0.500000843199024	0.5000002979639986	
0.6667088777168737	0.2503111601419529	6.412317691897318E-4	0.06116307993805398	0.4999764400034713	0.5000003721270682	0.5000002317054404	0.49999927539478145	0.500000305116021	
0.6666868309172207	5.839675856612649E-5	0.6580108592644052	0.49080569824198994	0.49997623038969125	0.5000003586204672	0.4999996836769307	0.4999990793934753	0.49999992627392437	
0.5000136120309828	0.9999809773717174	0.9995516762922544	0.999944822583545	0.4999763398674353	0.5000012212415811	0.5000003353179561	0.49999886975784863	0.5000002914108955	
0.500040932433892	0.9999601236730022	0.9999970903131138	0.6665429967452313	0.49997542356286667	0.5000003248086872	0.5000001462048745	0.4999991027292404	0.5000017060069561	
0.5000109779289502	0.9999973706309014	0.9999134701672661	0.3331223953018584	0.4999765241236436	0.5000009336632587	0.4999996121774742	0.49999887412516025	0.50000070257979	
0.5000105625779436	0.999997329334979	0.9999932521022193	3.7220436135329206E-5	0.4999767033707651	0.5000002114554143	0.5000001440763162	0.49999884064848865	0.49999940225786804	
0.5000128796105824	0.9999642958068709	0.6667789033558477	0.9999084788212914	0.49997649645597736	0.5000004340601422	0.5000000929708053	0.4999996029846653	0.5000004066783441	
0.500013612529873	0.9999809000981692	0.6667798470527915	0.4999895801939502	0.4999767755950691	0.49999995154650284	0.49999999052287303	0.49999886311655267	0.500000163724337	
0.5000111097094827	0.9999764343663671	0.6666805053516367	3.7290430579278E-5	0.499976688895684	0.5000009344125625	0.4999999362144493	0.49999927836736463	0.5000002217240371	
0.49999253389437653	0.9999994801691636	0.33334108551441916	0.9998676375916745	0.4999764265288313	0.4999987490622162	0.49999896474732164	0.4999987721283688	0.5000006552758605	
0.5000100926203643	0.999994152771018	0.33334109782842947	4.4097009224382375E-5	0.4999766988167713	0.5000001071894852	0.5000002435922067	0.49999871605501034	0.4999998360863842	
0.5000083477284556	0.9999792635197712	2.0500336358121346E-4	0.5002070320693377	0.4999765216189039	0.4999987170531844	0.4999999261485283	0.49999911029241106	0.5000001199291467	
0.5000136126586885	0.666768301529061	0.9999130253259416	0.9999423092559236	0.4999767784287517	0.5000010110604495	0.4999981027786569	0.500000257635351	0.5000000818725501	
0.5000104543734657	0.6666216625715373	0.9999998704476436	0.5000381579679363	0.4999764569970503	0.5000008798157055	0.4999995494329245	0.49999959733590377	0.5000000390503587	
0.5000089781573378	0.6666785206401369	0.999999714449429	3.757748975232671E-5	0.4999764965694694	0.5000005441703237	0.499999900290226	0.4999990293065341	0.5000001295162272	
0.5000136126280144	0.666767909805897	0.5000257020470177	0.9998926317661931	0.4999767797626548	0.4999999590903782	0.49999805750550724	0.500000235025143	0.5000004039841608	
0.5000134102800773	0.6667675400316275	0.5000102477679823	2.5063397922318408E-5	0.4999766587906997	0.500000103695637	0.5000002487038924	0.4999988631156946	0.49999976241844046	
0.5001548149244558	0.6667635032850939	5.40519172054591E-4	0.5000190446940318	0.4999764556889951	0.4999998443078875	0.500000161000566	0.49999886792009535	0.5000000904366482	
0.49998758286951184	0.3336668439164137	0.9997524743985742	0.9997916062814988	0.49997648489811497	0.500001041338012	0.500000429803267	0.49999961442364244	0.5000004690225731	
0.5002373784467483	0.33390931718202466	0.9996638456356789	0.0010843433036543115	0.4999747358419632	0.5000003519221061	0.5000003819753613	0.49999881730190476	0.5000005826630064	
0.5001734144502255	0.3335382957591587	0.001231347289117147	0.5000374876008321	0.49997665208622794	0.5000004710550005	0.4999999779417	0.49999894201425826	0.4999994427734141	
0.5000158780300371	5.347570345410474E-5	0.6723454513529227	0.5392506370404624	0.4999765038536652	0.5000009374344039	0.4999996732843857	0.4999990789243728	0.4999992196004109	
0.3334101251638461	0.9999935008548332	0.9999244704901709	0.9997280525110602	0.4999753831865753	0.5000000634114072	0.49999903278843083	0.4999983448937616	0.50000064108166	
0.3334093439895015	0.9998487889062289	0.999934776369378	0.49992333412804224	0.4999766767159771	0.5000004197861059	0.4999990323609227	0.49999917617042244	0.5000006576096572	
0.3335454968417491	0.999844974064586	0.9997308580124302	4.3441458803241176E-4	0.49997640473897736	0.5000004097941227	0.49999999935915906	0.49999956993402866	0.4999997853145862	
0.3334046408412983	0.9999319066983041	0.5001762484859897	0.9993704203394304	0.4999769011846227	0.5000004133453776	0.500000093292293	0.49999962809290865	0.500000622263595	
0.33354328136264266	0.9998013354720591	0.5001763643694769	4.325614242005141E-4	0.49997650180673203	0.5000000549997593	0.5000001740314716	0.5000016839238134	0.4999995214537482	
0.3335588225274047	0.9997307365980518	5.288561860382968E-4	0.5005640603825738	0.4999764959576135	0.5000020116971011	0.49999991503686547	0.5000015553540021	0.5000007506392116	
0.3335587914074699	0.5002618512556299	0.9991869065281188	0.9998005006734144	0.499976498066184	0.5000000514449139	0.5000002862572437	0.4999991395756924	0.500000081674556	
0.33354330560615325	0.5002621029428004	0.999757669114773	3.7315995654521773E-4	0.49997650522923426	0.5000000641198408	0.49999955007417046	0.4999991150963524	0.5000008059290543	
0.3335588940419261	0.5002748103193564	7.524309628559396E-4	0.46845232192152353	0.4999766567893735	0.5000001214699956	0.5000008045495669	0.49999894660507377	0.49999939519542813	
0.3334216076096548	3.0720005538703576E-4	0.6615584320008903	0.48226428949078526	0.4999763807291185	0.5000019083404823	0.4999995742756865	0.49999887553607325	0.5000003964712401	
0.16729109074626913	0.9992305951025758	0.999396628026411	0.9986188667484649	0.49997644715078915	0.5000003787838055	0.5000003073465548	0.5000016605975021	0.5000002775254302	
0.1669758393597115	0.9996529387045776	0.9991503689933282	4.622757031252707E-4	0.49997647477121515	0.4999999578428061	0.5000002629195952	0.49999881239389427	0.5000058806065565	
0.16729139662675632	0.9998004254645797	0.0034155380056318267	0.5067976268322932	0.4999764469223203	0.4999983550014769	0.5000002710517464	0.4999989467261202	0.5000018566256655	
0.1667446430397713	3.334662947743483E-4	0.5307133731064368	0.499927515323047	0.49997646927641715	0.5000008052257429	0.4999994708851828	0.5000013755727332	0.5000056095999619	
1.8457777049563084E-6	0.9996513984296389	0.4966966194379582	0.6730877233115634	0.49997660986655135	0.50000027448159	0.4999994458698653	0.4999995665500159	0.5000006910133483	
