0.9999918807537022	0.9999978079418204	0.9999982185917398	0.9999983948548801	0.49998920608800873	0.49999917259113824	0.5000250659481378	0.5000000776331601	0.49999960456992865	
0.9999621851083703	0.9999980145465616	0.9999418807141197	0.8331210996501811	0.4999896063603107	0.4999994289709581	0.5000255898218436	0.5000004172697422	0.4999997015888693	
0.9999638788532691	0.9999956356210541	0.9999446698394776	0.6664328387150493	0.49999440031634373	0.4999989891744703	0.500025353272862	0.4999980282817029	0.49999975578454514	
0.9999909203288609	0.9999879628892806	0.9999962563714341	0.49999626326803365	0.4999942980210228	0.49999925638187004	0.500024890996099	0.5000008522163195	0.49999857041240503	
0.9999991174377973	0.9999968904221902	0.9999970988892565	0.33335407160167835	0.4999942969842025	0.4999989094663164	0.5000248585901337	0.5000009303739833	0.4999987195079363	
0.9999890419496255	0.9999961836041555	0.9999930336734115	0.16669547773874444	0.49999362173256184	0.5000031131727167	0.5000251054398092	0.5000016204711247	0.49999996527537066	
0.9999974662507247	0.9999944647194756	0.9999971817193459	1.4351700093175506E-5	0.4999884684967569	0.5000034215899252	0.500026181259868	0.4999963224323323	0.49999870336429103	
0.9999968978816653	0.9999980027838866	0.8333282588496692	0.9999982997687844	0.499993857853104	0.49999900920396656	0.5000251188043618	0.5000004179933413	0.49999974057483887	
0.9999956322455288	0.9999956114920522	0.8332937755429632	0.7999787569157077	0.4999939700686304	0.4999998406802268	0.5000248014106711	0.49999621205303785	0.4999996129269477	
0.999994024573037	0.9999956371250395	0.8332937755390153	0.5999945354847801	0.4999941684594334	0.5000041165177244	0.5000250987728744	0.499997567043594	0.49999975658346957	
0.9999919376403474	0.9999898831128358	0.8332583702748791	0.40000001699852156	0.4999936961129773	0.4999992093644184	0.5000251740298802	0.5000005176459317	0.49999878137297266	
0.9999914648710927	0.9999993799932627	0.8332576664505119	0.2000155220134474	0.4999911585412753	0.49999948348976114	0.5000251379407681	0.5000017206488953	0.49999874549221607	
0.9999809996278903	0.9999989813851601	0.833257666519134	3.6100295532234787E-6	0.49999251866180866	0.49999920186503133	0.500025134564921	0.500000371545716	0.5000001744010611	
0.999995940561945	0.999998461061856	0.6666641808673103	0.9999982355886489	0.49999408294965336	0.49999811799344984	0.5000248353612168	0.5000008876231756	0.4999995465970035	
0.9999986388968701	0.9999899075031294	0.6667455003296706	0.7500178143150397	0.4999939590899759	0.49999912601230306	0.5000248010466541	0.4999962108278479	0.499999606389842	
0.9999941025693929	0.9999891369991757	0.666748302779818	0.5000134180363413	0.49999096540534704	0.4999997822435144	0.5000256043691614	0.5000003960852898	0.4999996376710642	
0.9999969952752816	0.9999953083009949	0.6667052815649354	0.2499288318027661	0.49999373467158753	0.4999988037062778	0.5000251342426435	0.49999640751939745	0.49999877399354353	
0.9999912692106439	0.9999990063127713	0.6667036171259214	2.83726102379282E-5	0.49999360750809774	0.49999904700939996	0.5000242134861624	0.5000003716036162	0.5000001457218324	
0.9999958589911139	0.9999895001720303	0.5001113267812224	0.9998360954033348	0.49999361368525486	0.49999815747758447	0.5000257327648355	0.4999980065418465	0.500000631567553	
0.9999897120557523	0.9999976772203031	0.5001113267812224	0.6665995193400999	0.49999357987225046	0.49999984742299886	0.5000248308731771	0.4999979868948157	0.49999945495348924	
0.9999873052670107	0.9999990280466843	0.5000639854633403	0.3331866033886287	0.4999911241424031	0.4999995250936954	0.5000251458103734	0.4999979834101104	0.4999994945565878	
0.9999942338139594	0.999997442361548	0.4999664599232261	1.8485460642088482E-6	0.4999926482309853	0.49999992069255955	0.5000251273824531	0.4999979688687083	0.49999592825684824	
0.9999854349552215	0.999990000949443	0.33337046211309573	0.9999144080928389	0.4999938110265888	0.4999992736622375	0.5000251434498489	0.4999999042083893	0.49999588027481895	
0.9999974052605435	0.9999948888055933	0.33337054446828485	0.49998203272275105	0.49999438636450244	0.4999991914437435	0.5000249059345415	0.500000922466801	0.5000001786304034	
0.9999983116657272	0.9999999581632085	0.333338080098408	7.95714038817697E-7	0.49999422655736075	0.4999987014538081	0.5000251343082939	0.4999978549191923	0.49999902736830004	
0.9999877703699965	0.9999956343333113	0.1666819818194247	0.9999972894243583	0.49999354736596385	0.4999991391778846	0.5000263157897576	0.5000000186758718	0.4999935158528259	
0.9999876835712056	0.9999957915543183	0.16672878173949152	4.07065758717769E-4	0.4999929949194379	0.4999988676192124	0.500026239487607	0.4999979409953655	0.4999977195684891	
0.9999894745423867	0.9999982841909145	1.993403317457718E-5	0.49951067300684426	0.4999940024177192	0.49999926305406883	0.500025079812469	0.4999968717080721	0.49999783943317977	
0.999995569851586	0.8333134893747768	0.99999817553538	0.9999997147218147	0.49999367409665463	0.4999989701178964	0.500025066884623	0.4999980239207988	0.4999998561880559	
0.9999985313129051	0.8333267732370676	0.9999984323396859	0.7999787669851093	0.499993696334996	0.4999991797503322	0.5000250878916057	0.49999717225086526	0.49999981624910417	
0.9999956701347346	0.8333271354602058	0.99999926428488	0.6000014654249604	0.49999372491155514	0.49999897272794247	0.500025071588415	0.5000009781214771	0.49999959567623875	
0.999996347785832	0.8333197246594993	0.9999988022412956	0.40001623456604407	0.49999408457177347	0.49999961099344525	0.5000248789578488	0.5000005529501728	0.4999997469046824	
0.9999991372889835	0.8333197249925186	0.9999992088611243	0.20001554631426513	0.4999942886941896	0.5000031348186821	0.5000252582140879	0.4999946348647716	0.4999982681664394	
0.9999974251274294	0.833319601758993	0.9999975431015236	1.1806200362865873E-6	0.49999126665625415	0.4999993406441027	0.5000251393957187	0.5000009478946906	0.49999663174718356	
0.9999955362576763	0.8333204704940897	0.800020043086232	0.999996918474729	0.4999942975114483	0.49999897038586544	0.5000250683375762	0.5000004668344149	0.4999995953307954	
0.9999937971512474	0.8333203040902121	0.7999980358034273	0.750017815270125	0.49999374961226944	0.49999963257379354	0.49998736864452464	0.5000004246528832	0.49999949214903466	
0.9999991442217622	0.8333203486209771	0.7999981434602732	0.49999769705241703	0.49998909784982115	0.49999959335625604	0.5000251798600144	0.5000009494238773	0.5000007152351436	
0.9999938846774244	0.8333197231221141	0.8000164900143723	0.2500053724236763	0.4999935502828797	0.4999995726705256	0.49998784996940193	0.5000016150265834	0.49999935811919216	
0.9999930811398473	0.8333197226016356	0.8000143084728414	1.2704016587697172E-5	0.4999926047824427	0.4999990688518521	0.5000250685138649	0.4999962508438189	0.4999987323352945	
0.9999958024912313	0.833326727344683	0.5999716235108183	0.9999992054739224	0.4999936805494161	0.4999991936304113	0.499988540990571	0.4999994964197083	0.49999973928934127	
0.9999956751335773	0.8333204834350709	0.6000762977248744	0.6666542285054529	0.4999905722629344	0.5000038780448759	0.500025196838945	0.5000009578112046	0.4999996097144116	
0.9999958117739997	0.8333199318751157	0.6000178521651293	0.3332730772493324	0.4999935511144971	0.4999995869147816	0.49998785454250155	0.500000620075825	0.49999982510352287	
0.9999831556628469	0.8333195924415798	0.5999146653349225	2.2687756952781273E-6	0.4999935567848832	0.5000034656710953	0.49998972799207114	0.4999962720111861	0.5000001815836947	
0.9999974581900137	0.8333209671999138	0.40000038831340146	0.9999794147615574	0.4999933195598502	0.4999991303868086	0.500025125452951	0.5000015918158262	0.49999978484474067	
0.9999975293697306	0.8333209670738297	0.4000182027673892	0.499982023958862	0.4999932786373472	0.4999996298810531	0.5000262118649265	0.500001668311152	0.4999998960606458	
0.9999831655012509	0.8333196550549016	0.40013615528179486	2.5129343350116794E-4	0.5000234489832921	0.49999948277892986	0.4999881712384148	0.49999349092668477	0.5000001898081086	
0.9999957400624344	0.8333209769325465	0.20002293673211738	0.9999087241716799	0.4999930172482689	0.4999983112408385	0.5000227004232939	0.5000003679842969	0.499999896968028	
0.9999957035237687	0.8333209681670357	0.20002379787724228	4.19243722378772E-5	0.4999938811712094	0.49999929078617256	0.5000251430586331	0.4999999359674769	0.4999999864018408	
0.9999969511008222	0.8333209699095473	2.170628286494365E-6	0.1199114206438715	0.4999944478217661	0.4999991899690341	0.5000249196607731	0.49999757653548577	0.4999994805856699	
0.9999997823614503	0.6666756766932556	0.9999989429078018	0.9999965921032453	0.4999931297900438	0.4999991527443131	0.5000251172124989	0.4999979101070273	0.5000004351547432	
0.9999814053457815	0.6667146818435682	0.9999730036669914	0.7497812470715706	0.499994111734049	0.5000001381523913	0.5000248895136395	0.49999626547228365	0.49999962525181607	
0.9999969962239542	0.6666623131912379	0.9999972885331939	0.5000126466654006	0.4999938930601266	0.4999994448559824	0.5000248889031459	0.5000015954328009	0.4999995999724442	
0.999999673166221	0.6666605131962333	0.9999981709795955	0.2500102773536269	0.4999939643990046	0.49999980977916797	0.500025257420084	0.5000014048795905	0.4999991886267036	
0.9999980323072809	0.6666786869208392	0.9999964567417016	1.2703679646305144E-5	0.4999936008199313	0.49999905353804625	0.5000242645027995	0.500000739980552	0.5000000365527093	
0.9999980764121369	0.6666756766932556	0.7500531241296575	0.9999454531120414	0.49999344887926334	0.5000027065881093	0.500025066839879	0.500002167902015	0.49999969341246747	
0.9999998532207681	0.6666601304004892	0.7500531179462143	0.6666539988035266	0.49999275945329974	0.5000025915816384	0.5000248291493226	0.5000009901887393	0.4999998130229086	
0.9999311913195116	0.6667117269429649	0.7500531241296575	0.3334243768009545	0.49999231467500654	0.49999717233551527	0.5000253276836123	0.5000003221142872	0.5000003807911388	
0.9999907428250319	0.666674453000277	0.7500531317809417	2.7527094156815112E-5	0.499988318077775	0.4999996790446701	0.500024760653054	0.500001405066926	0.4999989619626086	
0.9999997901649719	0.666677412786716	0.5000199320280356	0.9999622633157179	0.4999922604827927	0.49999985697850535	0.5000288041576986	0.5000003453346369	0.5000004732456937	
0.9999997901649719	0.666677664183559	0.5000199320280356	0.5001806960253361	0.4999922604827927	0.49999948714739423	0.5000250908670968	0.49999398896621655	0.49999911062124686	
0.9999817390652255	0.6666815997579673	0.4999549553917874	4.915147890832251E-4	0.4999894999528256	0.4999994949644689	0.5000252561654202	0.500000402227282	0.4999992162871231	
0.9999978081025074	0.6666809482465897	0.250111937881648	0.9998221648906018	0.49999373982860795	0.4999991461193404	0.49998943340415364	0.4999968999955662	0.49999800308545367	
0.9999818131622473	0.6666817777626399	0.2501241251800086	0.00114663386374358	0.49999259846659694	0.4999999007337114	0.500014190745106	0.5000005419015598	0.49999686190485265	
0.9999916168927709	0.6666807912561785	1.0486208527678536E-4	0.536786488148944	0.4999943525469663	0.49999913224274944	0.5000137333373522	0.4999999827658322	0.49999799652969573	
0.9999595837819936	0.5001142406723145	0.9998664485620444	0.9997984847206621	0.4999902676862349	0.4999993661183369	0.5000252213720322	0.5000013565228698	0.49999778922852534	
0.9999603899969218	0.5001163552801602	0.9998669087959402	0.6666540160958266	0.4999943170580605	0.4999999967848035	0.5000252210471373	0.5000009599638489	0.49999979495087477	
0.9999938499279455	0.5001154449848922	0.9998666076342856	0.33344282110853785	0.49999090208107017	0.49999938475872574	0.49998819843710407	0.500000966639074	0.49999927055006005	
0.9999932082340068	0.500147027639886	0.9998715634519492	2.085100534618154E-4	0.49999073790999643	0.5000051797900181	0.500027655195919	0.5000014199339634	0.49999997078950864	
0.999991388607668	0.5001163682846078	0.6666502038318779	0.9998395241000821	0.4999870610297136	0.5000025471936613	0.5000251892258777	0.5000003184470521	0.5000004734360963	
0.9999867173108883	0.5001149385902328	0.6666597390145553	0.5000851062949687	0.4999936509556828	0.49999948525805193	0.49998781413291093	0.499993897823156	0.4999999217638878	
0.9999955508194642	0.5001145686018473	0.6666547035674505	2.0729032074475915E-4	0.4999896010452479	0.4999994981074191	0.5000252247851275	0.5000002662620874	0.4999996972688089	
0.9999916570965579	0.5001197322835024	0.3334892736293986	0.9996370539999195	0.49998936263428423	0.4999993639906566	0.5000252003761163	0.500000362431751	0.4999997535536697	
0.9999953606860774	0.5000482223571171	0.33348617887932985	4.6903229970647457E-4	0.49999224643430373	0.4999982236120893	0.4999874201977824	0.5000003786058578	0.5000000117490265	
0.9999907586575616	0.5001160170400062	2.708260543738852E-4	0.534170151510059	0.49999276329218106	0.49999952961362526	0.500025120917356	0.500000949813448	0.49999473518521154	
0.9999894649444345	0.33343985384610336	0.9999244938757015	0.9996795283762309	0.4999905363696511	0.49999941126030784	0.5000249226992147	0.500000614584429	0.4999988904428193	
0.9999894647087236	0.33340632673210396	0.9998670153958944	0.5000214128143035	0.49999123642813453	0.499999656942334	0.49998802556804967	0.5000009525406814	0.49999904871167183	
0.999989921872119	0.33341281630032293	0.9999428385165723	8.024875775216158E-5	0.49999031072920264	0.4999998132972272	0.5000252249816465	0.500001405620678	0.4999989332753571	
0.9999601640429451	0.33343660075548087	0.5005294108283449	0.9988797577324686	0.4999923340975264	0.5000000490717379	0.5000271452474088	0.5000014683551064	0.4999927935924001	
0.9999879272981939	0.3334401035481387	0.5002022550304275	4.610312933587164E-4	0.49999223542077476	0.4999995861460934	0.4999883485768268	0.5000003616912478	0.5000002916029469	
0.9999595524765378	0.33369197333028405	0.0012749859745465053	0.5003881004522406	0.4999907720276556	0.4999996778039891	0.49998863675181104	0.5000009321700917	0.5000001748092476	
0.9998476250985671	0.1672839374589315	0.9978318934148058	0.9980284930350424	0.4999877706780498	0.4999998049944767	0.5000253231721632	0.5000004328325804	0.49999976548077024	
0.9999395801729295	0.16690589476615317	0.9994335619269868	4.333354362205156E-4	0.4999885841904513	0.500005323888655	0.5000283693128265	0.5000009510349877	0.5000004770121024	
0.9999995662860519	0.16687401682089212	0.0020921127759205354	0.409708036573595	0.49999225074005393	0.5000000718229284	0.49998782784872725	0.5000010944730056	0.4999989888488782	
0.9999968164865654	1.014779142802279E-5	0.4988615761432511	0.5316546205256902	0.4999918921455206	0.4999990931809622	0.5000255605994519	0.4999915091211786	0.499997733310733	
0.8333327038988605	0.999998007336835	0.9999989449698564	0.9999959286558204	0.4999936765648703	0.49999853892217555	0.5000251223061734	0.4999980022131973	0.4999998787867237	
0.8333328017649348	0.9999980012821127	0.9999989218447849	0.799979729899454	0.4999907475924419	0.4999991250643049	0.5000254888288586	0.5000004951815709	0.5000000155734831	
0.8333386564322176	0.9999993841945756	0.9999986354751201	0.600004180997933	0.499993987861349	0.4999994780005297	0.5000248305291013	0.5000016908028881	0.49999995929821933	
0.8333386965144985	0.999997863048151	0.9999984405358949	0.40000002999011375	0.4999942885102697	0.49999920904317574	0.5000248344596355	0.5000007839108862	0.49999688639732215	
0.8333389335753248	0.9999733183988245	0.9999985832118545	0.20007572489918876	0.49999103821488744	0.5000051014124112	0.5000252573474525	0.5000004537146714	0.49999979684339113	
0.8333382366362755	0.9999977598726909	0.9999998397995764	5.571981405115867E-6	0.4999895467496921	0.500003213279072	0.5000251142879883	0.5000007533604959	0.49999877449059565	
0.8333325821995585	0.9999910650822809	0.800013751014501	0.9999996181306272	0.49999437006470093	0.4999986215544886	0.500025516016175	0.4999994404077407	0.4999995449371031	
0.8333324710320172	0.9999956301712495	0.8000137503148483	0.750020574764864	0.49999436075394155	0.49999923195903834	0.500025114779858	0.5000000483387499	0.4999997363759611	
0.8333379391883903	0.9999963025651323	0.8000166831946078	0.49999772116217267	0.4999936973788855	0.49999861551167457	0.5000251268943647	0.49999941247082846	0.4999996638192348	
0.8333324410944842	0.9999995616231159	0.8000138821607358	0.25000538815471235	0.4999890918947098	0.4999995943968235	0.5000252216919576	0.5000002736491123	0.49999935289797615	
0.8333328881941278	0.9999983402030628	0.8000141595895583	2.275218851350298E-6	0.4999911200475293	0.49999992071233057	0.50002527661414	0.49999448382551	0.49999658283672344	
0.8333409394122743	0.9999905320759391	0.5999738150078396	0.9999969952312155	0.4999942563266721	0.49999941536453835	0.500025056416825	0.49999942080160703	0.49999986244021216	
0.8333415072433478	0.9999956040086491	0.5999962033548759	0.6666546403896961	0.49999410137536493	0.4999990150195344	0.5000248964560258	0.499997072782865	0.49999981323705983	
0.8333382497183338	0.9999978125136958	0.5999738270921555	0.33335969389740955	0.49999442452041615	0.5000032125392015	0.50002513861501	0.500000369947965	0.5000001736970565	
0.8333329136647747	0.9999978518216918	0.5999725810504022	2.1821645865792563E-6	0.49999112553382585	0.4999997048983529	0.5000256375355893	0.4999965872603439	0.49999992395070697	
0.8333399742611488	0.9999956471878121	0.39999737954629616	0.9999982728923006	0.49999354757773945	0.49999912978558925	0.5000250936741457	0.5000000274129701	0.4999995216559984	
0.8333382478397952	0.9999910675739854	0.3999995892353487	0.5000138448141682	0.4999935447098176	0.4999991240586239	0.5000250942177504	0.500000004060789	0.49999950829276246	
0.8333381746334725	0.9999956530725953	0.4000110910752311	9.407341648860503E-6	0.49999032735751253	0.49999810536624256	0.5000248850703206	0.4999979866805769	0.4999965451222848	
0.8333382246994949	0.9999944368160499	0.20000597012153595	0.9999900116213192	0.49999308525890257	0.49999913021062103	0.500024905385888	0.49999998478757807	0.49999952286008204	
0.8333399061267636	0.999994438129842	0.20002351273885494	6.044248973353899E-5	0.4999925960798213	0.4999999222970401	0.5000143245482259	0.49999737775372743	0.4999967594310164	
0.8333374017084064	0.9999904910098643	2.0854765341565866E-5	0.5067462430265629	0.4999934727068411	0.4999979991625818	0.5000250867756298	0.4999968413028672	0.4999994510504161	
0.8333325358173596	0.8000072841534058	0.9999974273615012	0.9999968990712184	0.4999942924794221	0.499998154171305	0.5000250683809725	0.49999695190062093	0.4999996995568854	
0.8333326827916591	0.8000072854775518	0.9999956933377695	0.7500205876625253	0.4999940846240906	0.4999981396105376	0.5000248373742389	0.49999694543988304	0.49999969954497636	
0.8333381255827382	0.8000076784830097	0.999996390996092	0.49999704575296344	0.49999423163103257	0.49999921111804896	0.5000251798740165	0.4999994333832897	0.49999981911784486	
0.8333381823197373	0.8000076787099684	0.999996390983891	0.250010162057574	0.4999923004427904	0.4999992264961065	0.5000251056187013	0.5000018248457285	0.4999972040877073	
0.8333325510324433	0.8000077107969428	0.9999941170762553	5.640100699057521E-6	0.4999894881606327	0.4999992305775974	0.5000251162074737	0.5000016803818641	0.49999948998125415	
0.8333327448058175	0.8000071685081911	0.7499957758445276	0.9999734457451451	0.4999940364476509	0.49999893984244237	0.5000248538179505	0.500000374265916	0.49999965509598576	
0.8333383453078083	0.8000065338367707	0.7499950721418001	0.6666556319624546	0.49999431473053885	0.499999149867755	0.5000258542474462	0.5000002743329361	0.4999997236784822	
0.8333382220189834	0.7999711222441516	0.7499381552826241	0.33303515032649234	0.4999895305054392	0.49999923007709296	0.5000251190006146	0.49999940139888155	0.4999998186539463	
0.8333323863379403	0.8000032683508173	0.7499390070852369	5.684619469058935E-6	0.4999910641391845	0.4999996137890302	0.5000248780373183	0.5000008275884379	0.4999994870290153	
0.83334092246196	0.8000143821962709	0.5000717758900503	0.9999654256267871	0.4999933926782864	0.4999994066816009	0.5000254875286054	0.49999945543764973	0.4999998551565896	
0.8333399893346901	0.8000077031286847	0.5000717758905114	0.500086224377329	0.4999934695583042	0.49999962375063106	0.500024942763446	0.4999979420015501	0.49999985499627364	
0.8333397899951339	0.799991790899256	0.4999680143525302	9.377259775054612E-6	0.499994225687538	0.4999979572747148	0.5000249033821478	0.5000008660550872	0.4999976321386041	
0.833340027148483	0.8000142067861844	0.25000665473414485	0.9999794772309658	0.4999933203966838	0.4999992723016204	0.5000251514565168	0.5000005393228322	0.4999976368313252	
0.8333379472545267	0.8000141993985763	0.25000179154245905	1.0031144974779376E-6	0.4999936981758898	0.4999986285487879	0.49998933390722833	0.5000005173425899	0.4999976035562112	
0.8333394131002617	0.800006918276217	2.0852177111840953E-5	0.49985990245962836	0.49999332716549927	0.4999991292620123	0.5000249014556342	0.5000009141400958	0.4999995025795999	
0.8333391563289514	0.5999834229507902	0.9999985053881753	0.9999996122854942	0.49999084048505166	0.4999993767606548	0.5000251261345703	0.4999979301120164	0.49999917089109097	
0.833338136630698	0.5999834280047258	0.9999973244219592	0.6666556319662515	0.4999892651769354	0.4999991458086426	0.5000253220785911	0.49999566463896983	0.4999999702675935	
0.8333372247439937	0.5999828733844128	0.9999657982544289	0.33318646309701283	0.49998490903606335	0.4999995718104046	0.4999882099812545	0.5000005560448514	0.49999948856697357	
0.8333323818054168	0.599983596479329	0.999993927126714	5.606084157472514E-6	0.49999148190094406	0.49999922096329774	0.5000256721393329	0.500000308082502	0.4999977786812553	
0.8333134481393015	0.5999833737025675	0.6666629250767289	0.999999611094653	0.4999908342687098	0.4999991549948623	0.5000251326912599	0.49999794351228294	0.4999996094050982	
0.8333370645300333	0.5999819701229856	0.6666597386032064	0.5000161189810749	0.4999936692407077	0.4999998115879525	0.5000251088333247	0.5000004623013793	0.49999923437779137	
0.8333412448152647	0.6000487281205796	0.666659469274886	1.0337030108630146E-4	0.4999922242270069	0.4999998037889447	0.5000249082353283	0.5000017759137315	0.4999995734630623	
0.833361623209947	0.6000558357840657	0.333486347368484	0.9998201949984515	0.49999344669573476	0.49999860572835536	0.500024821249947	0.500001018835361	0.4999948013248529	
0.8333612233068011	0.6000558357645258	0.33348644715434855	4.1686795355458205E-4	0.4999934475826504	0.4999994249014523	0.5000248192175226	0.5000009102444933	0.49999465833938983	
0.8333391837090781	0.599992225504494	1.4876809524311149E-5	0.4997450499775071	0.49999473614524437	0.4999994777808426	0.5000250592041281	0.49999952713162693	0.49999977724985617	
0.8333638265073489	0.4004102867379263	0.9994282175649138	0.9996308056753715	0.4999937135432584	0.5000052130768193	0.5000253239391803	0.5000001569204182	0.5000000084856979	
0.8333393827366581	0.4000182722797719	0.9999657205108444	0.5000162032059046	0.499993833916994	0.49999970541250555	0.4999874463701506	0.5000009631398321	0.49999949179222275	
0.8333407069074227	0.4000152116878941	0.9999813676906009	5.639205925996356E-6	0.49999145756303526	0.4999994580853769	0.5000248552053291	0.5000003113845961	0.4999994561962787	
0.8333639702414782	0.3999354986768908	0.5000890542717938	0.9999934782901081	0.4999938348861203	0.4999994838984715	0.5000248296866955	0.5000009527687114	0.4999992951904341	
0.8333612342515314	0.40028246930958516	0.5001906758333666	4.2581866324107795E-4	0.4999936588315816	0.5000000202210888	0.5000248191642013	0.5000003651910945	0.4999999636249319	
0.8333628311841729	0.4002769227386772	2.4049584135718398E-4	0.4467240531878729	0.49999339240908197	0.49999965223256526	0.5000251247547505	0.500000956356561	0.4999996420165843	
0.8333639242480718	0.2002072930316499	0.9995509739896167	0.9996304072392186	0.49999380803738624	0.5000025249801782	0.5000253452083875	0.5000007650380708	0.4999999578659755	
0.8333419502108035	0.20021419204124782	0.9995632676278096	7.19125856745907E-4	0.4999917382573976	0.49999977983906735	0.5000256764792246	0.5000004001477981	0.4999993746209029	
0.8333795621099035	0.20046094747961857	0.002069205097649975	0.48928129639873863	0.49999148837935803	0.49999974222774296	0.5000251240865803	0.5000006135580265	0.49999937507795605	
0.833339175996693	4.164063192438501E-6	0.04297715099764704	0.5301455581646638	0.499993591881309	0.49999909943324317	0.5000250317056574	0.5000007911673857	0.4999999472311396	
0.6667102863788245	0.999990508608657	0.9999330627524314	0.9999966263996587	0.49999311992409246	0.4999985748636889	0.50002510607799	0.4999975541855319	0.4999994586897656	
0.6666631400992057	0.9999994330000118	0.9999986380243588	0.7497958289386091	0.49999354129564694	0.5000001708840887	0.5000251252259155	0.5000000571736906	0.499999957811079	
0.6666597574916956	0.9999994902431107	0.9999985930364548	0.49999769598097127	0.4999937942739752	0.5000001617024257	0.5000251267631283	0.5000000389439844	0.4999968823718027	
0.6666578961979027	0.9999979365853223	0.9999982481845378	0.2499966164251366	0.4999891521932247	0.49999961718158076	0.5000252208683447	0.4999967340706067	0.5000000625636178	
0.666708881514797	0.9999741747182073	0.9999380036900052	1.4209004651732327E-5	0.4999877084230654	0.500003117489376	0.50002525812768	0.5000003126985978	0.49999967979229026	
0.6667106870860849	0.9999904688429309	0.749996147315571	0.9999966263996587	0.4999931624841116	0.49999916208678413	0.5000248151992643	0.49999763336837694	0.49999945644296173	
0.6666561442629427	0.9999978326104911	0.7500234822193539	0.6666559538769732	0.49999441409152406	0.4999998474488057	0.5000248039400419	0.500000322841296	0.4999994540056104	
0.6666562217008971	0.9999978192843048	0.7500619909890004	0.3333647634521189	0.4999940293402421	0.49999958222702817	0.5000251964503459	0.5000007841791457	0.4999972067035537	
0.6667109522455488	0.9999776232841752	0.7500476736846383	1.3733749867381675E-4	0.49999139066155324	0.4999998229063134	0.5000250545313297	0.5000003064349715	0.49999936131238437	
0.6666442152966497	0.9999970814633009	0.4999938088784656	0.9999965707906736	0.49999050016811475	0.4999981309963745	0.5000257534272531	0.5000005067117592	0.4999969482179309	
0.6666563262710461	0.9999960935076131	0.4999675839590218	0.5000133702140243	0.4999931424260185	0.4999988171005543	0.5000247999832583	0.5000003319129438	0.49999946207830964	
0.6666583579284991	0.9999957523482368	0.4999680409975726	1.1795395160233816E-7	0.49998766131903355	0.5000000378900638	0.5000251154033781	0.5000003559887131	0.49999761403331633	
0.6667405645908784	0.99999378993767	0.2503264176684218	0.9989149204729889	0.49999463037896436	0.49999947718913645	0.5000250279638874	0.500000280505451	0.4999994603559137	
0.6666614037521534	0.9999958751372222	0.25011124394590384	3.123687871205345E-5	0.4999933274877181	0.499998847492481	0.5000250266785212	0.5000003613142415	0.499999816960518	
0.666731588438502	0.9999433847933095	1.1091903952886078E-4	0.4994700741844485	0.49999331418390447	0.49999936809458556	0.5000249017639659	0.5000008850295148	0.5000001065716168	
0.6666437519585104	0.7500495569242289	0.9999102832969061	0.9999992611878799	0.4999939257776621	0.5000000759891745	0.5000251280093236	0.5000006343964353	0.5000000188155244	
0.6666438188110604	0.7500495569242289	0.9999936022401303	0.6666550655169032	0.49999380507077595	0.5000001118424772	0.5000251253210499	0.500000826404304	0.5000000201789225	
0.6667067788449416	0.7500485592996924	0.9999294158166563	0.33350432666560414	0.49999006161279697	0.5000045331577804	0.5000269149553238	0.5000008116097223	0.4999997297306858	
0.666657903809216	0.7500117299606426	0.999998292289074	1.1471735261280855E-6	0.49999126342010647	0.49999948809533856	0.5000251317161751	0.5000002776351561	0.499999484140271	
0.6666629528862908	0.7500471828562183	0.6666570486366616	0.9999972758024319	0.4999936468052324	0.49999860885425773	0.5000248862242337	0.5000003679165373	0.499999918025146	
0.6666627987407657	0.7500485876511706	0.6666597777194531	0.5000133745722399	0.4999936350403039	0.4999986149064867	0.5000250249550163	0.4999978680533826	0.49999974768868977	
0.6667022509900441	0.7500485592975471	0.6667090437582616	1.5566922885149048E-4	0.49999229020146474	0.4999998434738969	0.5000252278562729	0.4999969520649388	0.4999996877512337	
0.6666510048731876	0.7500494339522591	0.33333729392768585	0.9998970737271455	0.49998887453650737	0.4999998674166027	0.5000250275861358	0.5000005441925418	0.49999935057984674	
0.6667371139612326	0.7500485865648555	0.3335443056515295	7.160809694932941E-4	0.4999925602480286	0.49999943447820283	0.5000251446727759	0.5000002931346983	0.4999968862122408	
0.666658224317773	0.750049431781986	1.4121437177117731E-5	0.50038385769184	0.49999220244902276	0.49999962144560567	0.5000249398646349	0.4999979510656453	0.5000000103874719	
0.6667365090376007	0.5000947914032878	0.9999114061093133	0.999649119505601	0.49999251464576855	0.49999987815204605	0.5000250041905924	0.5000005102772629	0.49999992192501275	
0.6666630146181451	0.5000894115572665	0.9998384769803087	0.5000782321372607	0.4999935368905715	0.4999998885449094	0.5000250174783724	0.5000005658884553	0.4999992452403032	
0.6667950977465236	0.5002769726479389	0.999581164416692	4.3585535518408795E-4	0.49998773250341383	0.4999998612597711	0.5000252479040024	0.49999956716704086	0.4999946847779191	
0.6667365076460946	0.5000946231897038	0.5000823385797155	0.9996545187523872	0.5000211951804205	0.4999980711351652	0.5000250081216335	0.5000004967371146	0.49999709005496523	
0.6667939202279191	0.5000972451695913	0.5001702857962876	7.084857662474711E-4	0.4999886317411606	0.4999981300421384	0.5000250185638879	0.5000005114905182	0.49999708565306716	
0.666741068399155	0.5002671861823661	5.63413262703887E-4	0.5439493278818646	0.4999906946987775	0.5000001548786435	0.5000248797412984	0.49999689756045285	0.49999907811174255	
0.6667387232868844	0.2503480007517361	0.9995977427164466	0.9996346018714183	0.49998703294964375	0.4999989426257738	0.5000249881719703	0.49999960957664147	0.4999997893357514	
0.6669547580541655	0.2506796173514491	0.998537954858586	7.117591989230887E-4	0.4999885864641182	0.4999990858690419	0.5000250197242498	0.5000006358858889	0.49999904026747605	
0.6666944029576118	0.25001312550915183	7.100258124226785E-5	0.5005902869761543	0.4999906796115944	0.49999948183569776	0.5000248264605814	0.5000005396145947	0.49999686371448676	
0.6666526495817015	2.4345667742492218E-5	0.9916287138718223	0.5188775177198938	0.4999931577253966	0.4999991611344636	0.500025548730479	0.5000005710385372	0.5000008808655962	
0.5000478494221381	0.9999907202688355	0.9999480206490732	0.9998680126678748	0.4999889536059207	0.4999970486430769	0.5000251220703127	0.4999975284470361	0.4999996579927959	
0.49999365690298864	0.9999569340184532	0.9999274544943331	0.6667614232667164	0.49999193807280107	0.5000001169591359	0.5000269741564927	0.5000008079346474	0.49999735329982137	
0.5000485818989173	0.9999572816317256	0.9999484762427763	0.3333674833714815	0.49998978354511747	0.4999996024523007	0.5000251235286511	0.5000001671190177	0.49999698604105747	
0.5002340993439555	0.9998324436598512	0.9997847617770816	3.0425016915352544E-4	0.49999187267945705	0.500005161441088	0.5000248532293508	0.5000007100571117	0.49999477268166453	
0.4999925672597119	0.9999903658863933	0.6666995516714357	0.9999955074326488	0.4999930358488868	0.4999975178315387	0.5000251694663085	0.5000004085351557	0.5000003776767438	
0.49998962926545093	0.9999877680829705	0.6667000424248751	0.5000161279452312	0.49999066286500804	0.4999992383281272	0.5000250139818047	0.500000282554098	0.4999972656527369	
0.49998962926545093	0.9999998293572671	0.6667000424248751	1.0087783234241583E-5	0.49999240139800266	0.49999985097012606	0.5000250138533872	0.5000002811138935	0.49999719116740615	
0.4999834824897286	0.9999994547545813	0.33328667314558813	0.9999941924718305	0.49998961538209835	0.49999987133464135	0.5000250151430613	0.5000005482281993	0.49999963899772454	
0.49998314735158456	0.9999649336022066	0.33328667332090706	1.777202880338687E-4	0.49999433148757644	0.5000043113728921	0.5000251205706691	0.5000004536893193	0.49999972662135767	
0.5002159386387661	0.9998653708266471	3.86635604030114E-4	0.5137634072694365	0.49999303853287436	0.49999881966254067	0.5000251642324887	0.5000005343898005	0.4999999430364113	
0.49998334131676553	0.6666942242563252	0.9999114454602972	0.9999935707673324	0.4999924196071624	0.4999975802092148	0.5000251564462732	0.5000006361010325	0.49999991308897124	
0.49999208631347436	0.6666915523217969	0.9999929856962324	0.5000294716770131	0.49998930632534155	0.4999988952639758	0.5000250216583902	0.5000002868461937	0.49999972671295023	
0.4999894160876613	0.6667019908468639	0.9998743791506726	3.067447692770652E-4	0.5000181475167184	0.4999998502594523	0.500025010316027	0.5000003257474828	0.49999716011123707	
0.4999925800971583	0.6666916660936234	0.5000640471498445	0.9998707984153108	0.49999197555905955	0.49999948980045794	0.5000248230128377	0.5000009706837367	0.49999698601748294	
0.4999899614459993	0.6666949746805697	0.5000850428102201	1.0872901784913299E-4	0.49999331545609815	0.4999994166026514	0.5000248178915776	0.5000002954057895	0.500000964818319	
0.4999921337051493	0.6666949669580328	4.408132753599066E-4	0.49591602155146786	0.4999883946611159	0.4999993683140893	0.5000250154612089	0.500000183855066	0.49999611625786744	
0.4999924860682456	0.3333684287783956	0.9999326420965685	0.999993494580227	0.49999397921326	0.49999865484830347	0.5000253343256176	0.5000005588112605	0.4999992577946198	
0.5000410066814118	0.33336642660696	0.9999771681461834	4.7241290992755536E-4	0.4999946112176561	0.4999998075245709	0.5000254597578985	0.5000008158501226	0.4999994510631561	
0.5000465640968866	0.333375981885886	6.940049127235337E-4	0.9958568676981919	0.49998644551016025	0.49999946925679944	0.5000253471998163	0.5000005464044966	0.49999930674987914	
0.5000409930144204	5.952888903386355E-5	0.7084305894940185	0.32731792934348913	0.49999159172534646	0.4999981233800344	0.5000250050657512	0.5000002465501211	0.4999980644130146	
0.33335121053479005	0.9999523417008908	0.9999934395595458	0.9999905118109184	0.5000160845994719	0.499999250325437	0.500025216068812	0.5000004011749086	0.5000001525863059	
0.33345946352981376	0.999843984043054	0.9998630920947987	0.500031014988676	0.49999157826278223	0.49999924854006356	0.5000250103631037	0.500000321896887	0.5000000824410676	
0.3334077635208564	0.9999375925001063	0.9998836995894637	3.866590513645592E-5	0.5000215019634828	0.4999992265152814	0.5000250763125378	0.5000008201058648	0.4999961763136917	
0.33335675961959965	0.9999869460709846	0.5000825018988465	0.9998945805089008	0.4999911454047905	0.49999948972622127	0.5000251652594225	0.5000013868674333	0.49999681498652576	
0.3337471404889906	0.9997266024356438	0.5002943828694848	0.0011056246703587957	0.49999303136832113	0.4999994015041	0.500025070117905	0.5000015887603566	0.5000010400948206	
0.33346392246533996	0.9998427734427033	2.870470765602973E-4	0.46114077997500746	0.49999428622124503	0.49999892450816996	0.5000250830525899	0.5000002170472693	0.49999616052025714	
0.33340245809711894	0.5001481122190452	0.9998851771544265	0.9996198731622742	0.4999915755483856	0.4999994244559192	0.5000251403918209	0.5000008245060303	0.5000000971444513	
0.3334079636497903	0.5001506155016295	0.9998222830043387	1.9571260888620232E-4	0.5000198111285977	0.49999901038419386	0.5000250456051913	0.5000007895237456	0.5000008481053589	
0.3334608033898667	0.5003242630518617	8.68625055332686E-4	0.49996929246810307	0.4999938339011677	0.4999997075238525	0.5000251434453583	0.5000001664718418	0.4999995634863361	
0.33376270629555393	0.0011106823408668668	0.6711780229691738	0.3871324446729047	0.49999328876782106	0.49999922872426406	0.5000248817581826	0.5000007594735744	0.49999917877064964	
0.1675659150462271	0.9963440771822792	0.9996397270082104	0.9987167166481506	0.49998936615784356	0.5000041638776546	0.5000256881345021	0.500000411439809	0.5000003948746353	
0.1673012219638058	0.9972179343937868	0.9996307956041627	0.0012348565438457704	0.5000140700878433	0.49999885308110936	0.5000251617726971	0.5000002969986374	0.5000002755149588	
0.16730092190841414	0.997456733806036	0.001439900231870048	0.6134946209451181	0.49998888987886714	0.5000047723862496	0.5000252176096693	0.5000014630744599	0.500000328309184	
0.1672481189990609	0.0029196809914350252	0.5449701349380088	0.5665649365378129	0.4999894197265267	0.49999899749726934	0.5000250439066862	0.49999987565702253	0.500000391859177	
2.7788233894987524E-4	0.7114395177119132	0.6272804351609844	0.48352807563921824	0.5000207704239712	0.5000037910124097	0.5000251655005044	0.5000002955916312	0.500000960627687	
