0.9999968701202415	0.9999982361938617	0.9999922082348566	0.9999946702476953	0.5000168335348901	0.4999998533766607	0.49998692660904687	0.49999647648228734	0.5000107554062881	
0.9999934210845928	0.9999956514882654	0.9999922921806756	0.833325248874024	0.5000169009581391	0.5000001024563362	0.49998799416716294	0.4999959062624945	0.5000104055622708	
0.9999763337591214	0.9999870415394523	0.999990781113708	0.6666305906427294	0.5000169025425947	0.49999599613107276	0.4999869686005151	0.4999964572686782	0.5000103711368381	
0.9999987291074923	0.9999970230084254	0.9999781573563225	0.5000106719776877	0.500016906488043	0.5000001312133013	0.49998644123155317	0.4999957113940009	0.5000243711076173	
0.9999819731904661	0.9999883189949055	0.9999950323667562	0.3331546764072196	0.5000169102762891	0.5000005293110787	0.49998767442604936	0.4999953589508987	0.5000082583514631	
0.9999961749359759	0.9999981227685805	0.9999959461095236	0.16668588931701095	0.5000168262992379	0.5000001330543767	0.49998637006554736	0.49999564037450467	0.500009466655563	
0.9999897304414774	0.9999944983563976	0.9999780195589888	4.856973533209007E-6	0.5000169099109691	0.5000001359699366	0.49998625438279315	0.4999865737658338	0.5000102279000328	
0.9999927147070626	0.9999738669638877	0.8333119249284473	0.999997960408109	0.5000168241808717	0.50000012406196	0.4999877080877554	0.49999509346835214	0.5000108569212512	
0.999990785976457	0.9999861737594221	0.8333119249284473	0.8001207409821636	0.5000168292851859	0.4999997042830465	0.499987679414034	0.49999617424011245	0.5000072313688134	
0.9999907697767413	0.9999667994240196	0.8333219628202987	0.5999375851707034	0.500016905792526	0.4999999141581394	0.49998277236455413	0.4999947531368762	0.5000086163196547	
0.9999907604956836	0.9999970012213001	0.8333193186246028	0.3999448188709147	0.5000169057748047	0.5000001134565625	0.49998654832256173	0.49999528887213407	0.5000086284248058	
0.9999946638695085	0.9999824207563494	0.8333163088733894	0.19999496099171493	0.5000169208030019	0.5000005396516981	0.4999876742148925	0.49999535015920243	0.5000084964163796	
0.9999946382694905	0.9999863082492477	0.8333079835690205	4.748159788656661E-5	0.5000169012798042	0.49999989260537764	0.49998656601433433	0.49998719790049284	0.5000085864006054	
0.9999932687460505	0.9999862251479918	0.6667120826594203	0.9999642642625066	0.5000168572328172	0.5000005583768783	0.49998706200693976	0.4999958137990219	0.5000095433867896	
0.999990941150714	0.9999895072701039	0.6666710489887739	0.7499056471653772	0.5000168299129004	0.500000549643642	0.49998705362745904	0.49999572593836294	0.5000068511266991	
0.9999929521685065	0.999997614407715	0.6666677337904072	0.5000179491237443	0.5000169208475842	0.49999937946495265	0.49998646024618426	0.4999972604249815	0.5000094346574413	
0.9999899768012876	0.9999831189526392	0.6666584279679327	0.2499029088476129	0.5000168821002473	0.500000539322062	0.499986670146011	0.4999953473090407	0.5000091094065273	
0.999999878694586	0.9999944486230015	0.6666584130312052	5.071053366503009E-6	0.5000169140973563	0.5000001358796969	0.49998655876718046	0.4999947176357938	0.5000093895727641	
0.9999824157267564	0.9999877600272298	0.5000331007303701	0.9999485969489001	0.5000169124567968	0.5000000438761075	0.49998778057211013	0.4999964156394668	0.5000097120103726	
0.9999934166580725	0.9999863359901922	0.500033141434056	0.6665857636149207	0.5000168254023272	0.5000007743929193	0.4999869268969929	0.49999692966460824	0.5000262557307503	
0.9999943980708762	0.9999980363409398	0.5000340516918875	0.33333949292715825	0.5000168875420976	0.5000000978472798	0.49998659054971617	0.4999945257387119	0.5000101218731983	
0.9999818008810926	0.9999877455212919	0.500097643299898	1.4001197986752978E-4	0.5000168750258414	0.5000005456331367	0.4999832493156332	0.4999870925686393	0.5000108749169728	
0.9999927764836875	0.9999865073541956	0.3333604747702791	0.9999882617854308	0.5000168637651302	0.4999999221721574	0.499986239839808	0.4999969710240739	0.50000718084635	
0.9999927523025189	0.9999890950249941	0.33335730905145067	0.4999985393102186	0.5000169231271487	0.4999994029283967	0.4999870201660844	0.4999855536357321	0.5000097045585274	
0.999989932859584	0.9999820568021044	0.3332623516816204	5.829513482389743E-6	0.5000169200821585	0.5000008007679883	0.49998743783436367	0.49999509382276164	0.5000073322774156	
0.9997106338424683	0.999777319922371	0.16750295614849156	0.9997686634390699	0.5000167169367267	0.499999745580152	0.4999870239204877	0.49999526825687957	0.5000099924050008	
0.9999901317466022	0.9997963162142198	0.1674144714549489	0.004548505755668786	0.500016891946057	0.5000007893222248	0.49998701317126193	0.4999853669808338	0.5000245859243757	
0.9999910923387079	0.9999865124481861	3.2715358670470007E-6	0.48735400027195985	0.5000168470964071	0.49999942734693453	0.4999874336104494	0.49998536015336725	0.5000247360744554	
0.9999934502991871	0.8333697958865627	0.9999965753222008	0.999978143360422	0.500016902379497	0.5000001559953796	0.499987681301835	0.4999959142941176	0.5000083008003507	
0.9999929265725406	0.8333374472864152	0.9999847846360381	0.7999628497115002	0.5000169077926824	0.5000001388094337	0.4999870479816861	0.49999589528331695	0.5000090658358934	
0.9999798946046481	0.8333953372848479	0.9999666993585612	0.5999374837438961	0.5000169064303734	0.4999996946429145	0.4999865581283017	0.499995072794515	0.5000239990801444	
0.9999832144237943	0.8333381636962505	0.999977171201184	0.40011945502064794	0.5000168787920998	0.4999998714160461	0.4999866702729142	0.4999955134861975	0.5000104332108256	
0.9999980820447617	0.8333368731278381	0.999983149409187	0.19999689023701026	0.500016876116235	0.49999988887563496	0.49998760625236144	0.4999956882360156	0.5000099260208466	
0.9999903222411346	0.833311697614013	0.9999794206978129	1.5964201962760487E-6	0.5000168976055004	0.5000001576002513	0.4999866602332177	0.4999955436208438	0.5000092890446516	
0.999996053357126	0.8333374670536036	0.8000314405946336	0.9999891086530085	0.5000168626291857	0.5000001278157623	0.499987130988836	0.4999974679960027	0.5000072038957197	
0.9999940789920663	0.833337475275023	0.800026403070712	0.7499661998571091	0.5000168429915005	0.5000001429694093	0.49998637358195536	0.49999567733442224	0.5000071925652911	
0.999998945795911	0.8333375271510369	0.800026390306523	0.5000054302847882	0.5000168434306765	0.5000001130810647	0.49998772362718	0.4999954072877919	0.5000093408272733	
0.9999978212115709	0.8333368431086886	0.8000272828910827	0.2500956816709867	0.5000168768453916	0.5000008491898144	0.49998667691061977	0.499995990058145	0.5000107754611376	
0.9999995317173447	0.8333375213332183	0.8000264680836306	5.4824531308870515E-6	0.500016907890683	0.49999986547761993	0.49998663318476966	0.49999565063843565	0.5000103267543001	
0.9999960615649095	0.8333387458453904	0.5999912842836211	0.9999718727816513	0.5000169043046423	0.499998061279516	0.49998794351031906	0.4999974823537828	0.5000084561564097	
0.9999932531536593	0.8333367471560998	0.599989876323425	0.6667161024949024	0.5000168371513424	0.4999998740189192	0.49998687265413433	0.49999516697876056	0.5000238225429218	
0.9999812288599857	0.833337403453727	0.5998368295564311	0.3335956670369708	0.5000168458134815	0.5000001221013761	0.49998780256013303	0.49999565942793245	0.5000088075666081	
0.9999812957563491	0.8333343599349126	0.5998368295564311	1.0953469166866395E-6	0.5000169079201852	0.5000001239509335	0.49998662764859103	0.4999953461226407	0.5000086875028386	
0.9999943537648095	0.833338874853494	0.39997288891285887	0.9999997084124785	0.5000168352684039	0.50000053111604	0.499986604593092	0.49998734419045515	0.5000100265671116	
0.9999929656611667	0.833336786458373	0.39997498402355197	0.5000084588209452	0.5000169231144884	0.49999938375064973	0.499987018997637	0.49999495852579123	0.5000245823436982	
0.9999852947009125	0.8333344502969963	0.40014016987673473	2.0223577353374716E-4	0.5000168968537092	0.49999947574299825	0.49998785126122364	0.4999956563354523	0.5000086874860749	
0.9999818872354453	0.833338881294374	0.20020745186322317	0.999428143191884	0.5000168973327278	0.49999972276695864	0.4999877796292983	0.49998540863134694	0.500009054176339	
0.9999814871584607	0.8333399604249724	0.20019214358862217	4.4211086962618547E-4	0.5000168974075346	0.49999949718109504	0.49998784440834065	0.49999534882757873	0.5000090584987378	
0.9999863600977219	0.8333386699037667	1.1313735337905751E-6	0.98126104378859	0.5000169042633001	0.5000007690683379	0.49998619363666924	0.49998733282179303	0.5000095373289092	
0.9999968810375427	0.6666985400538268	0.9999854638147812	0.9999662550049061	0.5000168615543231	0.50000012768733	0.4999873637424509	0.49999664768913854	0.5000083100596391	
0.9999902250250874	0.6666639662032895	0.9999902059443911	0.7499241161223854	0.5000168828678181	0.5000001865215032	0.4999873552749179	0.49998753062861256	0.5000071098988697	
0.9999985900209942	0.6666696572739021	0.9999980681154367	0.5000296822340645	0.5000168388260272	0.5000001241556095	0.4999864413137026	0.49999571328828996	0.5000215319394306	
0.9999903486696665	0.6666910539883212	0.9999782019602084	0.25007918737091944	0.5000169122139329	0.500000142170712	0.49998662731044163	0.49999570810852256	0.5000103259864223	
0.999994023344848	0.6666910582871531	0.9999778608547665	2.9989928225175177E-5	0.5000168878547734	0.49999990616272255	0.49998624323904783	0.49999542627707694	0.5000102285910328	
0.9999968091475865	0.6666691199843817	0.7500200733287293	0.9999720981515537	0.500016856944674	0.5000001574562988	0.49998810567104324	0.49999489022119914	0.5000095532494234	
0.9999990434213123	0.666679935613857	0.7500163459547504	0.6666295994648768	0.5000169044657208	0.49999811912774594	0.4999875172143156	0.49999746203787326	0.5000215565764797	
0.9999988199832878	0.6666693560896869	0.7500201580669825	0.33336439976337484	0.5000168177941815	0.4999994315140483	0.49998759375261664	0.49999493019397206	0.5000099328853951	
0.999983010671714	0.6666217476682372	0.7500188416953796	5.3316342689095585E-6	0.5000169083953594	0.5000000085627483	0.49998308926068025	0.49999566638971776	0.5000102772906933	
0.999995443767903	0.6666638801247	0.5000355030092425	0.999966232084289	0.5000168982039283	0.5000001397215703	0.49998734077049867	0.49999568096719155	0.5000070799788108	
0.9999930787412766	0.6666788363828047	0.5000329229159436	0.5000211671783074	0.5000168481596525	0.5000005960434284	0.49998783127323926	0.49999521976373285	0.5000087431645801	
0.9999930836544403	0.6666789228484945	0.5001566115666801	1.4806797419312433E-4	0.5000168481583155	0.500000625038817	0.4999858086006142	0.4999952350274133	0.5000086929363672	
0.9999932910361858	0.6666797015500152	0.25012337300420945	0.999674255077418	0.5000168939902391	0.5000001700066085	0.49998620107951863	0.4999874556748348	0.5000091669004048	
0.9999958995750292	0.6666705285764544	0.25016336287790336	3.772698423236119E-4	0.5000168935990347	0.499999729911671	0.4999830854571324	0.4999962013813358	0.500009551311395	
0.9999931740496557	0.6667190327032643	8.275987442264283E-5	0.997001450423233	0.5000168342946266	0.5000001817903489	0.499987678060461	0.49999523546813995	0.5000098391033514	
0.9999968971908593	0.5000058485857153	0.999984890284867	0.9999858610564577	0.5000168498663302	0.5000000978465277	0.49998751400418906	0.4999949105412272	0.5000090676148606	
0.9999801006080413	0.4999988420510156	0.9999899444647156	0.6668437059448662	0.5000168380598964	0.500000033982418	0.4999866358205468	0.4999957067992647	0.5000103235609187	
0.9999992204121356	0.4999973174006639	0.9999978901112465	0.333328239075021	0.5000168829650482	0.5000001855333547	0.4999873120576037	0.4999963593515962	0.5000098665189131	
0.9999955120758739	0.4999973174006639	0.9999977741780285	3.066968446058477E-5	0.5000172499445132	0.5000001393952374	0.49998628357280905	0.49999580406707617	0.5000264082230722	
0.9999997287465292	0.5000059094565462	0.6666587041562668	0.9999922207645907	0.5000168903437856	0.5000000126231225	0.4999875026140638	0.49999615397744146	0.5000090690872568	
0.9999980608134946	0.5000059214660165	0.6666483033948543	0.4999676713302718	0.50001684579244	0.49999856937450343	0.4999877446055117	0.4999959560112907	0.5000093390559355	
0.9999990682554577	0.5000059366381205	0.666692773350357	1.245836851368853E-4	0.5000168927929555	0.4999998738484603	0.499987469985286	0.4999964933938645	0.5000094409819142	
0.9999902217021579	0.5000755465402911	0.33355348118367073	0.9996136852534699	0.5000168623181214	0.5000001898383364	0.4999876753014399	0.49998728739948417	0.5000070959218483	
0.9999844551010765	0.5000082361942793	0.33332995259684295	1.4132554276544758E-4	0.5000168930156084	0.4999987145429273	0.4999878250763644	0.4999961449475453	0.5000090463719259	
0.9999934966757593	0.5000060418119524	1.0582267564391264E-6	0.9894218145433918	0.5000168365919568	0.5000000478072422	0.49998781689800365	0.4999956003166109	0.5000094554301471	
0.9999934839840414	0.33342977049834005	0.9999290233568234	0.9998102192184681	0.500016900664506	0.5000000246892731	0.4999841372124303	0.49998734748568957	0.5000095997331225	
0.9999997205587766	0.3333438870617233	0.9999816332599921	0.5000022386681713	0.5000168284775249	0.49999944924079226	0.4999848161984182	0.4999873373172975	0.50000940475479	
0.9999954961409074	0.3333438870617233	0.9999371234464931	3.179721781507104E-5	0.5000168619345524	0.5000000304275655	0.4999874954463149	0.4999871189295608	0.5000099383361509	
0.9999959760018763	0.3333438224932565	0.5000592694710759	0.9998090324928669	0.5000168487119395	0.5000000520090915	0.4999875413702617	0.4999956130142719	0.5000091208155101	
0.9999999999043782	0.33334210080828786	0.49999769020132645	1.0550751544957957E-5	0.500016836268358	0.5000000476643047	0.49998772902868077	0.4999955971378541	0.5000089979886453	
0.9999989678219752	0.33334228846426633	1.0634868268351606E-6	0.998616845822202	0.5000168263830835	0.49999899993523783	0.4999877184192785	0.49998734010924073	0.5000106178648497	
0.9999973821315424	0.16690652328501726	0.99991758311539	0.9993645680625417	0.5000169254299808	0.5000000433703835	0.49998774564033793	0.49998739508708195	0.5000088660847402	
0.9999999791719706	0.16673404402673087	0.999960559093933	3.4879126585879905E-4	0.5000168479072135	0.5000000252216875	0.49998785116991373	0.4999960488761156	0.5000099329865552	
0.9999938386106025	0.1667340616468382	3.364889823389487E-5	0.7455351028066204	0.5000168399640541	0.49999973661062574	0.4999877266541621	0.49998735125745797	0.5000106317322438	
0.9999997428357131	2.305817138753552E-6	0.5006848175200118	0.794062416758811	0.5000168457871147	0.5000005677514073	0.49998801384910674	0.4999956660631556	0.5000091421737696	
0.8333591900199585	0.9999804143522897	0.9999940327993521	0.9999936394943467	0.5000169058684341	0.5000001220823456	0.4999868808553461	0.49999534313567295	0.5000070484259993	
0.8333575606391692	0.9999860270372168	0.999990972275308	0.799962854102294	0.5000168289549874	0.500000124595938	0.4999869401173444	0.4999960161634881	0.5000071023655079	
0.833360989016479	0.999966743908913	0.9999781914203285	0.5998348010972544	0.5000169020042828	0.49999998191653877	0.4999864642421931	0.49999483061969785	0.5000070965139126	
0.8333576070371687	0.999975628874482	0.9999873013973408	0.3999904270063473	0.5000168452487612	0.5000001386565035	0.4999875584541583	0.49999595807505876	0.50000985061441	
0.8333576210705581	0.9999823536145444	0.9999963270477631	0.19996937245521892	0.5000169216154271	0.5000005275752037	0.4999876742197636	0.4999964512930104	0.5000082521595297	
0.8333574331376499	0.9999852551382019	0.9999902525580218	2.0261074036864633E-5	0.500016900828121	0.500000097380731	0.4999863818030428	0.49998678923685475	0.5000082652226467	
0.833359160247336	0.9999803929126136	0.8000127155809088	0.9999687712506458	0.5000168287568353	0.5000001159672064	0.49998653207884514	0.4999955615464268	0.5000070890435552	
0.8333587620970355	0.9999963835122799	0.800026166066204	0.7499625659045963	0.5000168289191844	0.5000001433723598	0.4999877564762903	0.49999550879469334	0.5000071418851552	
0.8333530062398755	0.999996358798351	0.8000239361652324	0.5000200875311467	0.5000168361098588	0.4999999245833371	0.4999877589048724	0.4999977980383284	0.5000096537783905	
0.8333531466131185	0.9999864723569372	0.7999607764790981	0.2500710434699993	0.5000168381689476	0.5000005473125038	0.49998724137302836	0.49999646554946864	0.5000068358073221	
0.8333576088863829	0.9999974851957226	0.7999605499444763	5.041752288204446E-6	0.500016897687904	0.5000001157037216	0.49998639011927654	0.49999565411907176	0.5000092352291601	
0.8333604816562349	0.9999861982629712	0.5999894435551407	0.9999761542446381	0.5000169058992612	0.5000004445604046	0.49998688059536944	0.4999969714394913	0.5000070490630515	
0.8333604957946007	0.9999861273468414	0.5999894926394032	0.6665846565794142	0.5000168275352191	0.5000004772489456	0.4999866649361516	0.4999969100952005	0.5000070516012307	
0.8333636009256239	0.9999861331657283	0.5999896689745484	0.3333396193493149	0.5000168383794636	0.49999992860504777	0.4999874911372414	0.4999948815075549	0.500008621460023	
0.8333574318055608	0.9999852867146903	0.5999896689745484	1.0661068317815433E-5	0.5000168175433517	0.5000005479045498	0.49998724291013275	0.4999966915497927	0.5000089712864481	
0.8333536814464724	0.9999858794797827	0.39996617458883366	0.9999998824347167	0.5000168637979822	0.499999813304398	0.4999862016263328	0.4999965522682836	0.5000086680001312	
0.8333615901348244	0.9999818059995568	0.39996611959703204	0.5000053955489909	0.5000169021625257	0.49999942602195097	0.49998742696598025	0.49998732489853365	0.50000920330587	
0.8333574881970642	0.9999866760367808	0.39996543000336787	3.922517840151041E-5	0.5000168385139118	0.5000001388569562	0.49998731687130227	0.4999953302534759	0.5000090674074702	
0.8333604697157165	0.9999788129440353	0.20020915636837958	0.999298784444894	0.5000168370486555	0.4999991781734183	0.4999862877711912	0.4999956952677396	0.500009526461723	
0.8333628130552475	0.9999871806335766	0.20019222764944727	4.478317740951012E-4	0.5000168907685553	0.49999948123483146	0.4999872515913704	0.4999985514854733	0.5000095086744468	
0.8333565288877498	0.9999890253612997	2.1123066044422322E-5	0.9972962505271499	0.5000168833798188	0.5000001069805855	0.4999872952668231	0.4999957103592452	0.5000087492037997	
0.8333604156712183	0.8000256559906879	0.9999766693406881	0.9999550170744751	0.5000168300731269	0.4999960288431873	0.49998706177350905	0.49999634517831715	0.5000071240611105	
0.8333576527408081	0.8000099590332342	0.999976039978073	0.7499624471017505	0.5000168266406636	0.49999999980478793	0.49998694273390304	0.49999633098254487	0.5000071347564364	
0.8333611746795734	0.8000138029354367	0.9999794454095561	0.5000167434123088	0.5000168228539708	0.500000133877238	0.49998730386889095	0.49999660698993753	0.5000087669590012	
0.833355922482365	0.8000527575333726	0.9999877928887998	0.2500793402346122	0.5000169058216903	0.5000001470744271	0.49998776189800337	0.4999964718954626	0.5000096379029466	
0.8333572613374023	0.8000527255442517	0.9999778601364537	2.8803375439767825E-5	0.5000168242690577	0.4999999017364183	0.4999865709690479	0.499995441674754	0.500009536025564	
0.8333604796660111	0.8000254981710193	0.7500201369999822	0.9999543423864969	0.5000168372594314	0.5000001108724126	0.4999861894573014	0.49999605270170355	0.5000092781497717	
0.8333604458005327	0.8000260601302576	0.7500166696216212	0.6666324435729628	0.5000168261580626	0.4999990611621331	0.4999879713454594	0.4999966642091046	0.5000092574617868	
0.8333002492694054	0.8000028582341765	0.7500356227753542	0.3333403576173009	0.5000168379035025	0.4999999199468117	0.4999866668601664	0.49999506672020383	0.5000232718973916	
0.8333572727357984	0.8000027946113808	0.7500374782317658	2.881251414615569E-5	0.5000168761103295	0.5000001350779746	0.4999873504407381	0.4999950741010639	0.5000087791798639	
0.8333604793531014	0.8000062009560708	0.50003269452853	0.9999287192226443	0.500016848121341	0.500000595301835	0.499988002051146	0.49999654690833595	0.5000093078828948	
0.8333616711521747	0.8000045224861895	0.5000328037191412	0.5000050478556041	0.5000168989917387	0.5000005784235363	0.49998803389322094	0.49998758088092743	0.5000085775211544	
0.8333615833810399	0.7999407066634356	0.5000443662391534	1.7112711056898645E-5	0.5000168183831151	0.5000001155203369	0.49998780815105975	0.49999520323628666	0.5000089700648319	
0.8333671536687908	0.8000018426797308	0.2500012036523731	0.9999955917309488	0.5000168438226487	0.4999993241939521	0.49998703844602455	0.4999861535235406	0.5000102178727864	
0.8333660861240294	0.8000054039941134	0.2501610378097487	4.38461979566597E-4	0.500016855127523	0.49999916519244436	0.499987834386409	0.49999835520186425	0.5000095679002396	
0.8333535590255766	0.8000020287978856	2.8680767917611416E-6	0.9958416836911457	0.5000168388701253	0.4999998668841347	0.4999878034617893	0.4999874938201885	0.5000095629139719	
0.8333625990504252	0.6000990826382008	0.9999604955973247	0.999911128640234	0.5000168425250331	0.49999922453969925	0.49998663673042576	0.4999962386063707	0.5000105056708183	
0.8333077205226954	0.6000167851404979	0.9999299342276667	0.6668346256279126	0.5000168285390689	0.4999996067985449	0.49998651738154093	0.4999974760059142	0.5000098912432617	
0.8332998494139526	0.599901135643649	0.9999947053998153	0.3332443320045984	0.500016905707238	0.4999998970987222	0.4999873114174549	0.49999647128362107	0.5000094344273504	
0.8333628929190211	0.5999928372075324	0.9999901359800327	5.448989653957968E-6	0.5000168400634739	0.5000001292591508	0.4999865707994518	0.49999487222275607	0.500008594273606	
0.8333583962740327	0.6001206753765804	0.6667408161918701	0.999879779477667	0.5000168446946857	0.4999999814885771	0.49998783884502235	0.4999959661817652	0.500024708906941	
0.833355306482106	0.600117109429928	0.6666482410254074	0.49999897137875543	0.500016847448951	0.49999998264338447	0.49998787056729116	0.4999960457932826	0.5000093387408036	
0.8332884721105466	0.599998929616818	0.6666928129479148	4.5317340238398325E-4	0.5000168579592613	0.4999999721340151	0.49998652836766805	0.4999964575298226	0.5000094158282137	
0.8333633266546883	0.6001483579490846	0.33326322967170685	0.9999870851538774	0.5000168468243422	0.5000001205107204	0.4999878389807175	0.4999952029764806	0.5000088237254162	
0.8333554036284531	0.5997855100761997	0.33326323984220413	1.220115347284824E-5	0.5000168892818008	0.49999959071993244	0.49998716586373215	0.4999967204816314	0.5000104894591716	
0.8333569584258972	0.5998879676736095	6.488713985204021E-7	0.011606135594688233	0.5000168388284472	0.49999988373637533	0.4999873120625053	0.49998733714834154	0.5000093053001007	
0.8333631079971451	0.40002963740183284	0.9999610411545549	0.9999908430048121	0.5000168480129065	0.49999901442181793	0.49998793938185265	0.49999482362299574	0.5000112488679772	
0.833357142630408	0.4000296369194849	0.9999688096720908	0.5000028819377121	0.5000168273132433	0.49999971820098477	0.49998796515497895	0.4999878412275255	0.500011254250892	
0.833360581570829	0.4000270948110725	0.9999453077548656	7.139947002832808E-6	0.5000169061619314	0.4999986621922878	0.4999875950231168	0.4999873698328533	0.5000090749657932	
0.83336065921641	0.40002806312270667	0.5000584872808114	0.9997900483053531	0.5000168358390807	0.4999999505455106	0.4999878787487907	0.49999545828630176	0.500009391300797	
0.8333611067818785	0.40002701738884366	0.5000585092322621	8.525811331072182E-5	0.5000168369402503	0.5000000103928263	0.49998768319089004	0.4999954791156969	0.500009131013218	
0.8333632764112908	0.3999846762169489	1.0350549884370288E-6	0.9992131499610726	0.5000168363445341	0.4999999728056663	0.49998784410144337	0.49999493124243394	0.5000089296539626	
0.8333653550833704	0.20082218325869786	0.9987750750696681	0.9984755052710169	0.5000168474721055	0.49999972385367125	0.49998785668964735	0.4999960415889652	0.5000093983348415	
0.8333604761008183	0.2001904626087621	0.9999414877113888	3.486855876017737E-4	0.5000169056719044	0.4999986712464661	0.4999873440121642	0.4999873958294304	0.5000091974547297	
0.8333604761008183	0.20037761247285166	8.522655086494191E-4	3.486855876017737E-4	0.5000169056719044	0.4999986712464661	0.4999873440121642	0.4999873958294304	0.5000091974547297	
0.8333604779830887	1.9199280812842723E-5	0.6788317718399559	0.518538979861095	0.5000168554795814	0.5000003016229845	0.49998774464564866	0.4999874067253466	0.5000093387374036	
0.6666805358911041	0.9999955334736195	0.9999944562192691	0.9999331009109924	0.5000169022985808	0.5000002731501877	0.4999879989293677	0.4999954512136305	0.5000096636628413	
0.6666868259574075	0.9999954682856531	0.9999708572039707	0.7500463692690867	0.5000169316942549	0.4999993413682992	0.49998799587412046	0.49999659118475037	0.5000101322954374	
0.6665414420956901	0.9999964945997707	0.9999880665856747	0.4999864086634623	0.5000168232219303	0.4999993380123957	0.4999879976785675	0.4999965918558639	0.5000102083916764	
0.6666711976141338	0.9999851041541598	0.9999717546512833	0.25028260099793076	0.5000167935973947	0.5000001261016708	0.4999873253241098	0.49999642136020916	0.500008853124763	
0.6666747841071361	0.9999981710632568	0.99997837922516	2.8791584938448633E-5	0.5000168243124665	0.49999990264241223	0.49998658306452426	0.49999562594406627	0.5000089141329472	
0.6666804795797927	0.9999956797441494	0.7500201552653267	0.9999351359112324	0.5000169274745349	0.4999999828689309	0.49998657725225426	0.49999477851532526	0.5000101867225947	
0.666680484182607	0.9999833135123881	0.7500165075193203	0.6665673097200109	0.5000168306387136	0.5000001435343902	0.49998766963608393	0.4999877644425985	0.5000087273890752	
0.6666714298464979	0.9999985788180572	0.7499868358781571	0.33335897349193483	0.5000169319995332	0.49999937846839315	0.49998784979051786	0.49999648050588347	0.5000104788325117	
0.666680019489583	0.9999912317656349	0.7499256704623606	1.2357960238126423E-6	0.500016889806149	0.49999970816658496	0.49998665938844783	0.4999953927352464	0.5000088092583833	
0.666679811939732	0.9999792877172538	0.5000337796810279	0.9999259012118759	0.5000168183437426	0.49999998954548264	0.4999873904068263	0.4999952517928607	0.500008800189313	
0.6666878068299645	0.9999894444557884	0.50003458656195	0.49998093136423016	0.5000168183518564	0.500000093978722	0.49998666418308285	0.4999963100809603	0.5000088160799345	
0.66669491831312	0.9999902165938983	0.5002191836251076	3.182803769295774E-4	0.5000168313487973	0.5000005457206445	0.49998726115733333	0.49998704649541736	0.5000091080395223	
0.6666794928393085	0.9999889272080624	0.25000437896148	0.9999261724079028	0.5000168183490445	0.4999991579272387	0.49998665951249277	0.49999799755548185	0.5000088038531465	
0.6666847400704088	0.9999828100108572	0.25004102315244503	4.623352806158044E-5	0.500016902170682	0.4999995406826638	0.4999872678048231	0.4999868563007167	0.5000107582701716	
0.6666796515238391	0.9999819773743259	4.172493826497401E-6	0.010718859072580078	0.5000168380849448	0.5000012675896189	0.4999873312505051	0.49998502768334463	0.5000094340701681	
0.6666799032714452	0.750078260763523	0.9999841630468289	0.9999267774154433	0.5000168349914083	0.5000029372349531	0.4999861279155969	0.4999961490345245	0.500009466375848	
0.6666715064653094	0.7500624441754558	0.9999689124526729	0.666633963308114	0.5000169269276078	0.5000005361766808	0.4999880012223618	0.49999653985761827	0.5000071098823836	
0.6666799246908326	0.7500624457324319	0.9999689841407379	0.3333323009277311	0.5000169285957081	0.5000005520049279	0.49998707823412886	0.49999639756946185	0.5000087646587835	
0.6666711972958397	0.7500583629164486	0.9999716422986067	2.9287225446439033E-5	0.5000167936124436	0.499999901486155	0.49998732427254905	0.49999564255572615	0.5000089121678122	
0.6666715580929086	0.7500783136243374	0.6666764019978866	0.9999297807229285	0.500016840171637	0.5000001207301318	0.4999878398973829	0.499994922361535	0.5000098134420582	
0.6666710049504507	0.7500623289809548	0.6666696021193805	0.5000112035332784	0.5000168159609228	0.5000006091619513	0.4999867302549238	0.49999493411935586	0.500009809523838	
0.6666800556907161	0.7500624370703779	0.6666696416381218	9.490170395195325E-5	0.5000169123369091	0.5000005989572911	0.49998809481760803	0.49998671022951335	0.5000098342985511	
0.6666710237139793	0.7499417813092946	0.3331882359805706	0.9999120518011999	0.500016907772575	0.5000001396003544	0.49998664606918203	0.49999552315197293	0.5000092805297188	
0.666680101780233	0.7500736968364217	0.3331960189711129	3.385310491687082E-5	0.5000168901768529	0.5000001553998347	0.4999871635297536	0.49999707424516227	0.5000109043904398	
0.666670970670286	0.75004575054455	9.210744613074359E-5	0.4999931807294753	0.5000168926333177	0.500000623322077	0.49998739085662913	0.4999944113437375	0.5000098170195537	
0.6666715405493934	0.5000317457778755	0.9999596862323573	0.9999657790074327	0.5000168400866066	0.5000001206940938	0.4999878455899424	0.4999882609759742	0.5000070760699354	
0.6666797946425393	0.49997899224900966	0.999987207959617	0.5000009107771188	0.5000168453808947	0.4999998994370753	0.49998706774021406	0.4999959992431674	0.5000094360937474	
0.6666706046181892	0.4999785065789904	0.9999874873444639	4.780849599776563E-8	0.5000168454174388	0.5000001386567737	0.4999864902284082	0.4999960692147659	0.5000098776166222	
0.6666707052927241	0.49998552419194864	0.4999326791094812	0.9999868969285032	0.5000168272956561	0.4999996649491896	0.49998769261867665	0.49998783146787795	0.5000093382086221	
0.6666711921468197	0.4999785067113981	0.5000832294613574	7.953983782550896E-5	0.5000168272767678	0.49999998468200785	0.49998736027647883	0.4999879688346426	0.5000094403492827	
0.6666797289014182	0.49997848816532464	3.896011134202397E-5	0.026631755665501522	0.500016829318452	0.49999969471015565	0.4999863251703657	0.49999633495567836	0.500009284990775	
0.6667203468410638	0.25027536745756573	0.9993105988482017	0.9997725246824465	0.5000168377306884	0.49999932843970335	0.49998789873223387	0.49999473294090485	0.5000106942604905	
0.6667190418150764	0.25027536745756573	0.9996096227121977	4.433303167706293E-4	0.5000168585304798	0.500000368161953	0.49998780047983366	0.4999877771790082	0.5000105616743138	
0.6666968182398068	0.25024430852794105	7.548920170638044E-4	0.33797228620180114	0.5000168348160315	0.5000065347588857	0.49998780927989067	0.49999662410374984	0.5000079151132909	
0.6667218322389131	1.1129279499671546E-4	0.5254173561647122	0.5058987692408592	0.5000168455990833	0.500000123567903	0.4999873538965322	0.49999593245685836	0.5000091405907875	
0.5000759568786398	0.999840689456266	0.9998262899461202	0.9999953809864449	0.5000168382699328	0.500000145585145	0.49998792334024766	0.49999540977946305	0.5000082296575833	
0.5000686469840422	0.9998869809068412	0.9998315004594485	0.6665719416719862	0.5000167945881282	0.5000002855623568	0.49998793092388677	0.49998824522190044	0.500009600516264	
0.5000761460944498	0.9999732031496972	0.9999769383353644	0.3333472033309602	0.500016852860567	0.5000002691717199	0.4999880655578211	0.49998680315619953	0.5000082873999319	
0.5001300194641255	0.9999369482061765	0.9998479793872964	9.675875574076733E-5	0.5000168488349673	0.5000005586642777	0.49998463691448713	0.4999966839251583	0.5000255738825984	
0.5000673242069299	0.9999677726863654	0.6667174037924396	0.9998805361110741	0.5000168419505526	0.5000004368555275	0.4999880701164651	0.4999879653956901	0.5000070000873406	
0.49997890980207216	0.9999680434509267	0.6667183322399675	0.5000108778163791	0.5000168381221378	0.5000001439704678	0.4999880686941243	0.4999961984838065	0.5000245321303228	
0.5000761386946961	0.9999731944572531	0.6666890762540921	2.301040313896648E-4	0.500016838617116	0.500000566760572	0.49998805996052637	0.4999959800379877	0.500009436078034	
0.4999174840667433	0.9999868581252096	0.33318501565486974	0.9999669665430362	0.5000168275591729	0.5000004533030213	0.4999867804597482	0.49998731232194055	0.5000250674584704	
0.500135055514662	0.9999760862461254	0.33385305776945196	0.0011980268084913577	0.5000169037410945	0.4999992104010709	0.49998603610520426	0.49998685603781584	0.5000091577808314	
0.5000830729101944	0.9999574920196792	1.2276752127338142E-4	0.49979538720796474	0.50001683586129	0.4999997867476984	0.499987245498368	0.4999956359849842	0.5000247616386462	
0.49997844631864136	0.6666825542110488	0.9999541453114749	0.9999989297026795	0.5000168378571322	0.5000002700292824	0.4999880141606011	0.49999622662999166	0.5000243290102968	
0.49997835110259903	0.6666825542110488	0.999984630170422	0.5000008856617831	0.5000168378387774	0.5000003691614309	0.4999880141606011	0.49999622713571307	0.5000234589348588	
0.5000810869585693	0.6667173837910524	0.9998773635162831	5.2369907970682065E-5	0.500016793726585	0.49999970444395664	0.49998461536454547	0.4999964180549238	0.5000246214827425	
0.5000748169050013	0.666681700245051	0.5000178787025835	0.9998862363704574	0.5000167962276313	0.49999970070182415	0.4999880290930124	0.49998778411129025	0.5000093974539872	
0.5000743068069067	0.6666828860806002	0.5000604861306107	2.809799727229266E-4	0.5000167942520297	0.4999991446067573	0.49998461529011695	0.499994803288619	0.5000093732551584	
0.5000741715644145	0.6667154066427265	2.1709109638216629E-4	0.04924535427255052	0.5000168869118334	0.5000013824564374	0.4999879645126572	0.4999970509229923	0.5000091436673331	
0.5000746427280014	0.33343613477246237	0.999831167456217	0.9997768986327961	0.5000168551059597	0.4999997059129718	0.49998780759051353	0.49998778413819145	0.5000109018916213	
0.5000824029219485	0.3334371741131596	0.9996260410921979	5.734639747158321E-5	0.5000168374891357	0.4999999990351491	0.4999862681533933	0.4999951419701289	0.5000092860860641	
0.5000744657976789	0.33343613477246237	3.369583614650784E-4	0.5413275769146142	0.5000168531986472	0.5000000778434713	0.49998441628961215	0.49998777920470266	0.5000093884336788	
0.5000787978328661	1.6563601479975293E-4	0.5000215131872877	0.9819264542166459	0.5000168971774815	0.5000000167522676	0.49998808939737643	0.4999965015172379	0.5000244620451623	
0.33345045674709306	0.9998356177371523	0.9998924262071616	0.9998816441331615	0.5000168890358465	0.49999999195361133	0.49998328416068344	0.49998708512910955	0.5000098558099709	
0.33374693633910957	0.9995622069561638	0.9995467480132142	0.49998635609299075	0.5000168269490671	0.5000002938646061	0.49998625062307966	0.49999620284238694	0.5000243466441445	
0.3337468341506441	0.9995558144773143	0.9995814178451472	3.756551886483395E-4	0.5000168877765372	0.5000013567981584	0.4999854878770002	0.49999635876050924	0.5000098487982557	
0.3336246360062113	0.9995704549787598	0.5000605952920054	0.9995387779595541	0.5000168306622841	0.499999702366222	0.49998791228067574	0.499987774385062	0.5000096970009421	
0.3337470411428044	0.9995315116549044	0.5000605952920054	0.001036240953908562	0.5000168343106057	0.5000000783531796	0.4999865044982378	0.4999950664695509	0.5000238185773069	
0.3337516992254295	0.9995297358939801	0.0010413731113900213	0.5400059827150298	0.5000168915274702	0.5000006260926261	0.4999871890798141	0.4999872988696742	0.5000111347235694	
0.3336248029671445	0.5006388428824716	0.9995391453370371	0.9995261471197433	0.5000168280712829	0.5000002930627025	0.49998794050829465	0.4999877574820514	0.5000099143367691	
0.33357836130160967	0.5006388428824716	0.9995402016186611	0.0016169793299068425	0.5000168196360061	0.5000003419684855	0.4999862527781318	0.499996226513016	0.500025023702961	
0.3336245105766771	0.5006396658839242	0.002606524017842173	0.5368309266574899	0.5000168184303876	0.49999998220753056	0.4999863944115839	0.4999875322842104	0.5000095420793705	
0.33345869542071005	3.476646918425957E-4	0.4969799217866757	7.047415210001684E-4	0.5000168376278472	0.5000003390210901	0.4999867862825152	0.49999513769688736	0.500011093101199	
0.16748112555564693	0.9996087518203749	0.9976396119741814	0.9983784492072195	0.5000168274789262	0.5000002819662728	0.4999855516891906	0.4999951596481009	0.5000256295852665	
0.16670444347224983	0.9999871482984394	0.9995886723812171	9.019478480909449E-5	0.5000168264691235	0.500000291180398	0.49998627486411285	0.49998777968211494	0.5000243377473551	
0.1669440783756462	0.9999603468665867	0.001086794947901806	0.4851309942549163	0.5000168277113294	0.5000000497320508	0.4999881027686415	0.4999952154209079	0.5000093860683922	
0.1669801027618434	0.0012987075292619776	0.7392696245277646	0.49788483773343317	0.5000167712252623	0.500000000521734	0.4999880647840465	0.4999962024607306	0.5000094419855963	
8.54525228619063E-7	0.008640663929917636	0.9863515798693743	1.422245607933248E-4	0.5000168267959204	0.5000003357712014	0.49998805353738107	0.499995413623509	0.500009661499738	
