0.9999766146625052	0.9999955845266348	0.9999922238855428	0.9999864341441532	0.5000128585821216	0.500058300717809	0.49999874829481816	0.49999301631218657	0.5000194627011488	
0.9999733641374193	0.9999983322653575	0.9999927606568186	0.83341182859828	0.5000119483718171	0.5000079702193715	0.49999778460774497	0.4999891110350079	0.5000266892001933	
0.9999649087563643	0.9999880439573777	0.9999894393768745	0.6666454201303176	0.5000116667529114	0.5000059751933005	0.4999987568662485	0.49999281714661475	0.5000267452040197	
0.99996344228475	0.9999804140426725	0.9999875612720096	0.4998772802426899	0.5000126706008693	0.5000575393912325	0.5000003632907475	0.49998835384997403	0.5000229768130795	
0.999994125458916	0.9999914498860949	0.9999946058976428	0.3334033918475994	0.5000115804039696	0.5000033781665263	0.4999989769040433	0.49999331404362024	0.5000251957159083	
0.9999943581750494	0.9999980826435358	0.9999944208064185	0.16669729911005413	0.5000117099060061	0.500011615143352	0.4999989933688225	0.4999933389326646	0.500024683012262	
0.9999898806246894	0.9999996281010198	0.9999893909686403	2.747005893623795E-6	0.5000117522295215	0.5000023543033555	0.4999987080592131	0.4999940994168061	0.5000295807277553	
0.9999929737162007	0.9999952655323336	0.8333562955092301	0.999987143830633	0.5000117043955817	0.5000026732255847	0.499998584841736	0.4999930167932883	0.5000179266642908	
0.9999798844821308	0.9999994613665042	0.8333167497181531	0.8000040627476994	0.5000117275798017	0.5000090770233989	0.49999783965059047	0.499992517019588	0.5000186824416065	
0.999984907215228	0.9999880311402027	0.8332607553735737	0.6001222377543874	0.4999944956789891	0.5000096570821125	0.49999904044620286	0.4999883572513241	0.5000224862401694	
0.999984820815332	0.9999913536614754	0.8333130934850613	0.40009933052885777	0.49999473033613057	0.5000022999268867	0.5000012270383339	0.49998795172591426	0.5000195345121794	
0.9999983899512569	0.999994018783236	0.8333065484962773	0.1999975681954395	0.500011587635242	0.5000021981792665	0.499999103473477	0.49999178650053977	0.5000251462988035	
0.999994598436112	0.9999983285646603	0.833243097886533	4.414772863821451E-6	0.49999256305225254	0.5000120163376154	0.4999990066841503	0.4999916818877051	0.5000262015375033	
0.9999954185283294	0.9999995335415959	0.6666875918487966	0.9999869560390754	0.5000118164900523	0.5000077539608182	0.4999990534345645	0.4999896523596689	0.5000213703492438	
0.9999793457965547	0.9999997956022821	0.6666857727654957	0.7499961110617993	0.49999130194182145	0.5000079265605614	0.49999899085236255	0.4999935008267373	0.5000269197290186	
0.9999882669365852	0.9999988888010548	0.6667120557921316	0.4999290646105592	0.4999925792932366	0.5000143278132255	0.499999065280852	0.4999935138384705	0.5000267509970348	
0.9999900736934155	0.9999896976229663	0.6667703008457286	0.2501017578317052	0.500011998961741	0.500004556182729	0.500001332989042	0.499987631913371	0.5000279072268007	
0.9999942692400183	0.9999943429370681	0.6667715301476678	1.2312359125855497E-4	0.5000121419687498	0.5000120072275596	0.49999899631397104	0.49998744438554255	0.5000260214338789	
0.999997481228375	0.9999987089915903	0.5000062184951228	0.9999927466327377	0.5000150376421516	0.5000082424861912	0.49999887776917906	0.49998964676916874	0.5000214189985285	
0.9999962956897046	0.9999984899757665	0.5000171026975737	0.6667134009763993	0.500013954527382	0.5000119047511409	0.49999887713728364	0.4999937780924024	0.5000214123375107	
0.999999171837394	0.9999907204668568	0.5000092312112183	0.33328766052789727	0.5000116193179629	0.5000047962114553	0.4999986406831125	0.49999215507901623	0.5000172359575982	
0.9999846519032652	0.9999951815586509	0.4999425399255594	9.059377928838328E-6	0.4999919153065353	0.5000052888288642	0.4999986799589367	0.4999925702848128	0.5000253325752343	
0.9999955869670881	0.9999942646162462	0.333403740840483	0.9994908098392872	0.4999920391680937	0.5000043758973461	0.4999989593852983	0.49999131051742396	0.5000185642718026	
0.9999942877187196	0.9999943997371014	0.333403740840483	0.5000172278789202	0.49999202453328606	0.5000123554950885	0.4999987135153098	0.4999913021186884	0.5000285736477211	
0.9999942877187196	0.9999990055524873	0.3338199678402474	3.1522347410656293E-4	0.4999924370277627	0.5000034695045361	0.4999963239827808	0.49999137466796667	0.5000286018113648	
0.9999990887034347	0.9999934478389677	0.16672801651881627	0.9997804471211257	0.4999902402418186	0.5000107059142609	0.49999666099319956	0.49999123813533947	0.5000269222689718	
0.9999945657526073	0.9999945934939756	0.16672852536785931	3.183448162220018E-5	0.4999916063132974	0.5000056790939179	0.499998949181816	0.49999131151445436	0.5000187507729471	
0.9999991485577897	0.9999986847433566	4.253596948411431E-5	0.033280472458684984	0.49999171425978384	0.5000123547005697	0.49999989146733853	0.4999911193893141	0.5000260003562387	
0.9999988318773531	0.8333578305519143	0.9999911854853402	0.999982254365264	0.4999956683536814	0.5000078125248382	0.5000005004536495	0.4999922866596934	0.5000274379567045	
0.999999866188977	0.8333675159834543	0.9999912085309135	0.7999991367945427	0.5000129064763421	0.5000132393494762	0.4999985817789554	0.4999881827658269	0.5000193480450229	
0.999985014949519	0.8333666810717449	0.9999998132504194	0.5999455565479294	0.5000119250384154	0.500013488930717	0.4999979301354378	0.4999930765089003	0.5000247976210195	
0.9999806386149444	0.8334225283400991	0.9999977591910529	0.40004027830219363	0.5000121412036386	0.5000136393200977	0.49999782733357534	0.4999922977933246	0.5000248646972578	
0.9999988619399618	0.8332669479154698	0.9999979856681329	0.19992607322758105	0.5000115825085808	0.5000026527720307	0.5000011324320084	0.49998796898983144	0.5000228797859871	
0.9999948681847365	0.8332669597928453	0.9999908333854772	6.451069459989934E-6	0.5000116274685628	0.5000112060766707	0.4999989427844233	0.4999933158848062	0.5000253560730106	
0.9999635384957529	0.8333675898821865	0.800071109006858	0.9999823563360928	0.5000129129269222	0.5000051709439145	0.4999993123980639	0.49998772113371537	0.5000238811836883	
0.9999810666917884	0.8333586094872214	0.8000720488866171	0.7499958541731793	0.4999962910099056	0.5000156360708763	0.49999858175299006	0.49999226909357025	0.5000191893850601	
0.9999847523335972	0.8333674943955782	0.7999597041665477	0.5000569052637391	0.49999423947517496	0.500003335143992	0.5000002075411627	0.49998851152542556	0.5000227162924702	
0.999983934588181	0.8333496035301206	0.7999645727832037	0.2500562596012344	0.5000115819921551	0.5000045388538815	0.49999908131564785	0.4999921415325672	0.5000267517712088	
0.999989690541281	0.833371824050521	0.8000681600759205	2.892214795064677E-5	0.5000117512735022	0.5000044038252798	0.5000010330732094	0.49998787076784174	0.5000228919533836	
0.9999942308083725	0.833357727987092	0.5999979329181514	0.9999853605721541	0.499995606191156	0.5000079505072567	0.49999792467932136	0.49999154198784657	0.5000222310152962	
0.9999370214624774	0.8333820759312136	0.5999989768358055	0.6667566719761674	0.5000118671653058	0.5000134275810262	0.49999817989427997	0.4999914853176413	0.500019396877991	
0.9999983773365538	0.8333556911799306	0.5999903252037372	0.33328315972818834	0.4999923693092486	0.5000111445155583	0.4999991018343122	0.499987896178877	0.5000192714674104	
0.9999987863383718	0.8333498821787833	0.5999906234038517	3.691814426377388E-5	0.5000116164068766	0.5000131139318892	0.4999990742914377	0.49998792977942674	0.5000198027408976	
0.9999941666743123	0.8333213728923614	0.4000577991663208	0.9999963526619342	0.5000127922691753	0.5000128863699097	0.4999987539398727	0.49999078757420085	0.5000206836841637	
0.9999933826740871	0.8333495521468673	0.40001271151477874	0.500061594320073	0.4999923873535212	0.5000029795547247	0.4999962423172573	0.49998783868943786	0.5000193920291802	
0.999999994537887	0.833335206614486	0.4000127601748906	1.7606978939716237E-6	0.49999114567369163	0.5000103122986819	0.5000011377270606	0.4999877770514476	0.5000192694548844	
0.9999968011534827	0.8333367534495533	0.20011071441902142	0.9997803344657902	0.5000133228916984	0.5000138456666886	0.49999887226692263	0.499991578275802	0.5000217653839099	
0.9999955399997896	0.8333884314970003	0.20010865658549903	4.271829585466331E-5	0.500011910645191	0.5000050724564377	0.4999984977840703	0.49999115384821813	0.5000218319514036	
0.9999983804220893	0.8333854437180642	5.38220657195624E-7	0.47410042429167815	0.49999275912331015	0.5000070810852223	0.49999866346821004	0.4999913251167779	0.5000261872775457	
0.9999733041996912	0.6667536901050932	0.9999092432183586	0.999987352969766	0.5000118657498459	0.5000077810613123	0.4999981183966433	0.4999929757443872	0.5000180101269581	
0.9999906809613978	0.666594530405032	0.9999994650569818	0.7500224136508113	0.4999896615307595	0.5000171565840978	0.499998675344501	0.4999885243515229	0.500019348958824	
0.9999986716856701	0.666871622311318	0.999833431745823	0.49993750184444635	0.5000117437736903	0.5000104936771751	0.500000968745916	0.4999917790614787	0.5000285029272763	
0.9999939274337902	0.6666998695875069	0.999994536759422	0.25009509548672115	0.5000121424542945	0.5000024011256881	0.5000013442419786	0.4999934428638079	0.5000711964345325	
0.9999841142977618	0.6667046770606343	0.9999967303881104	3.2970260157589256E-5	0.5000115756095693	0.5000045586570353	0.500001086084788	0.4999878705552609	0.5000242537457287	
0.9999445324968641	0.6666954828415823	0.7500073474058054	0.999626959323151	0.49998867134302993	0.5000077719926203	0.4999978473797399	0.49999304984780435	0.5000222884587979	
0.9999984158707356	0.6666954828415823	0.7500073474058054	0.6666645598669371	0.499989759979865	0.5000111591954935	0.4999990964696408	0.4999879129927233	0.5000195099467153	
0.9999983789684919	0.6666998664390693	0.7500224941203972	0.33328243274410446	0.5000118243024813	0.5000031754136961	0.4999986262027117	0.49998785563428055	0.5000197824607776	
0.9999977166190295	0.6666998611618961	0.7500220073298384	2.8486214620376577E-6	0.4999872758063743	0.5000049946354106	0.4999980729143585	0.4999934601444649	0.5000243952279303	
0.9999997325523755	0.6666998741927084	0.4999619681968235	0.9997746222637046	0.49999296076111804	0.5000126382276526	0.4999920218386899	0.4999894184335281	0.5000187120875469	
0.9999967796848419	0.6666271307694542	0.49999607883363856	0.5000627649163788	0.5000131570068578	0.5000048552578309	0.4999987017742808	0.4999880177740996	0.5000194476430143	
0.9999936998306356	0.6666998671722909	0.4999870852227716	5.379973044221358E-5	0.5000110845488757	0.5000031035945265	0.4999979421644775	0.49998793896877985	0.5000190827453977	
0.9999997325523755	0.6666998741927084	0.25005292450989464	0.999767430006202	0.49999317975398233	0.5000126382276526	0.4999920218386899	0.4999896079960714	0.5000202028867017	
0.9999963787678269	0.6667099213993826	0.25020809217228906	3.357610256389254E-4	0.500010479418242	0.500010716496496	0.5000013144780799	0.4999918721942782	0.5000235263319561	
0.9999994947269204	0.6667050415513391	9.237289972311444E-8	0.9990447536183046	0.49999275831042245	0.5000094818324639	0.49999864726218635	0.49999208077828466	0.5000262817611233	
0.999980990936512	0.500024054637117	0.9998960424884716	0.9999948117915846	0.5000118713715861	0.5000077671251903	0.5000002516962734	0.4999912570875809	0.5000191725780209	
0.9999999654223013	0.5000253552374734	0.9999991647705171	0.6662713144094498	0.500012529316639	0.5000080371207751	0.49999862121105154	0.49999125173475933	0.5000173425060163	
0.9999840802594959	0.5000053862489195	0.9999648326723535	0.33316033832391895	0.5000110633302066	0.5000025771841043	0.49999908878332927	0.4999926359010319	0.500022303032123	
0.9999934857236715	0.5001146843972961	0.9999826200635685	3.692232725181184E-5	0.5000131830214224	0.500005048759974	0.4999988896370796	0.4999935160275071	0.5000196935793271	
0.9999966231066774	0.5000281598354381	0.6666629513923125	0.9998383027569633	0.4999873294644488	0.5000107890297142	0.49999712060816753	0.49999365442766835	0.5000184125229284	
0.9999935127289082	0.5000056923321287	0.6666450933677194	0.5000163453785768	0.5000130778664268	0.5000012608685711	0.4999990641140882	0.49999313005165663	0.5000175961795996	
0.9999963841350196	0.5000054941827285	0.6666317357816334	1.0493782096479358E-5	0.5000139526178479	0.500013771492604	0.49999893111895893	0.49998913261831424	0.500021524445528	
0.9999983969969132	0.500223778255219	0.333897068955501	0.9989377948243181	0.49999334722309363	0.5000008917039739	0.4999989049502178	0.4999895101713821	0.500026311179341	
0.999993446126129	0.5001669072280135	0.33319761019298094	1.3163648734112863E-4	0.5000138650420222	0.5000127193302554	0.4999990835312948	0.49998422238356316	0.5000299266225325	
0.9999975558873652	0.5000256585524667	1.0052710247256771E-7	0.5001147167408171	0.500011798440406	0.5000123919675266	0.4999961366059127	0.4999893290140205	0.5000191998728457	
0.9999990287478181	0.3334491299984386	0.9999615967255789	0.9998572433042849	0.5000138991836174	0.5000592699614789	0.4999971376989871	0.499992399241411	0.5000177711284512	
0.9999883282763009	0.3334489844195415	0.9998197534303858	0.4999278866434738	0.5000147543984246	0.5000159936955078	0.4999978575871168	0.4999935358463105	0.5000196318339568	
0.9999897385413571	0.33344601160511717	0.9996697349103411	3.4500241741200786E-5	0.5000137951101826	0.5000140249697296	0.5000013000632131	0.49999353733306157	0.5000174290065721	
0.9999847190956449	0.33343678968479135	0.5003752932707887	0.9993628024781288	0.5000100813005542	0.5000007635504341	0.5000012993341045	0.4999935407149222	0.5000174146900509	
0.9999937495652971	0.33339763525272104	0.49994823550068007	1.207524633851745E-4	0.4999918195246849	0.500005298804844	0.49999893542791624	0.4999936294100367	0.5000176500016142	
0.9999983836288953	0.33334206840663366	2.7992774317253666E-5	0.5756570309392355	0.5000143370780767	0.500000926598291	0.49999598613035806	0.4999893804150356	0.5000191207207815	
0.9999938135245782	0.16693138566286755	0.9995105275283288	0.9992993358184232	0.5000125313560466	0.5000126977602535	0.49999905990171195	0.4999939394311868	0.500025134031308	
0.9999841822938978	0.16680951237096758	0.9997654944450685	4.8145435827935836E-4	0.500013916030037	0.5000034332651005	0.49999898955983235	0.49998928654265834	0.5000208869844016	
0.999990791878426	0.16681038209112298	3.4493387344861775E-4	0.4397974576553536	0.49998686047050495	0.5000014196978011	0.49999892624901604	0.4999936935674059	0.5000175406340556	
0.9999838791630487	3.453964470106981E-5	0.6687589023904061	6.42904108224247E-4	0.5000139180411419	0.5000045995994953	0.4999988862720146	0.49998931469716623	0.5000197917829985	
0.8333264250439406	0.9999881933103543	0.9999912362865346	0.9999821289659161	0.5000116403653453	0.500007723862863	0.5000005487928163	0.49999247476287995	0.5000220313914024	
0.8333264309033793	0.9999903969316895	0.9999651689647673	0.8000014870679226	0.5000128567371321	0.5000032171426686	0.49999868172211204	0.49999198700851333	0.5000170219679424	
0.8333353371002309	0.9999918182761053	0.9999925946071612	0.5999988552614784	0.49999517503681995	0.5000040147936737	0.500000286412965	0.49999225797298374	0.5000172150185935	
0.8333264964192633	0.999996640945872	0.9999949702211155	0.39999215635880875	0.5000109391572842	0.5000007655067535	0.4999989777010415	0.49999386567851717	0.5000253556052854	
0.8333255182304701	0.9999995404677696	0.9999981012085282	0.19999969987825467	0.5000121335806461	0.5000024779936904	0.49999912270837804	0.4999938711973785	0.5000268283210749	
0.8333281928735525	0.9999993001519937	0.9999971603217392	2.867965153012508E-6	0.5000117430978686	0.5000024219121938	0.4999991187398986	0.49999213164261797	0.500032567907443	
0.8333271698068794	0.999999558493328	0.8000688880707513	0.9999871557831592	0.5000117496760872	0.500000786712693	0.49999860130083285	0.4999923670598209	0.5000179089159298	
0.8333271734027371	0.9999995398052623	0.7999751976289751	0.7499967294386826	0.5000100614430381	0.500003112162721	0.499997663094517	0.49998871332625733	0.5000271688383283	
0.8333264462401266	0.9999770814918408	0.7998551220510673	0.5000296081190456	0.4999941033432752	0.5000172363239614	0.5000002309535563	0.4999935939403584	0.5000278025537485	
0.8333281776006082	0.9999963886195492	0.7999690779745181	0.24998815917501405	0.5000120909570324	0.5000024767700086	0.4999991214961412	0.4999922229094069	0.5000278056335516	
0.8333282365173984	0.9999989536025904	0.799967774665955	2.7287136015809082E-6	0.5000117259792783	0.5000051860935092	0.4999990762195562	0.49999216710379096	0.500023084310873	
0.8333271802404161	0.9999964866433838	0.5999979220191684	0.9999801873867684	0.5000118139730653	0.5000078338473419	0.4999991584292122	0.49999148637236634	0.5000265891411544	
0.8333271802404161	0.9999964238044433	0.599998962006125	0.6667571285093893	0.5000117558425179	0.500013780697269	0.4999987540345043	0.49999148526718706	0.5000182651388774	
0.8333266143162598	0.9999986751396962	0.599998992751716	0.3332866041874233	0.5000115968017428	0.5000039196779017	0.4999994265151117	0.4999941804805333	0.5000279213672778	
0.8333282922434608	0.9999983173699518	0.5999980614194479	1.6355514027373863E-5	0.5000123084640741	0.5000120091187349	0.4999984387562274	0.4999916862043045	0.5000263158426095	
0.8333250112400447	0.9999956148577434	0.4000512040524788	0.9999197073238509	0.5000136905076844	0.5000103588584945	0.4999987520866468	0.4999912322850951	0.5000213923419538	
0.8333507077820423	0.999994245571362	0.40003128154547574	0.5000160173375813	0.49999249164951126	0.5000052382040187	0.4999987780115434	0.49999246129716207	0.500026895315728	
0.8333288657912244	0.9999900138902873	0.40003128925638504	8.362201970068503E-6	0.49999217858393125	0.5000052939700659	0.50000081613518	0.4999925267085985	0.50002113268404	
0.8333504786144523	0.9999987216806007	0.2001088651663901	0.9996665357349087	0.5000117231491424	0.5000525120651912	0.4999966775600162	0.4999911366451634	0.500021804628954	
0.833350607659676	0.9999975927751249	0.20007889334483206	1.743627332979646E-4	0.5000140015725563	0.5000050543218715	0.4999984944585951	0.49999418720241967	0.5000279207982246	
0.8333395451826449	0.9999943651325603	3.257635235543635E-8	0.02415133770004385	0.49999199984955994	0.5000052420652561	0.4999987800286976	0.49999247920405715	0.5000286024894243	
0.8333264165021721	0.8000473941610492	0.9999911105104472	0.9999871549108923	0.5000101436758758	0.500000816702925	0.5000005353212419	0.4999881891900829	0.5000197749672385	
0.83332717336458	0.7999581274273698	0.999999578534654	0.7499958365920674	0.500012815770291	0.5000032194811265	0.4999986562684742	0.49999227683634284	0.5000171524990161	
0.8333273813354367	0.8000087512295795	0.9999994275750543	0.5000278916566198	0.5000118300972387	0.500018442254188	0.5000002194131629	0.49998948707358076	0.5000172310283575	
0.8333145366264103	0.7999856536987761	0.9999979694233374	0.25003679893737096	0.5000115826249177	0.500003880140666	0.49999911479790726	0.49999382779644813	0.5000196816675793	
0.8333252325585713	0.7999879377577115	0.9999956522319295	1.2951158339740623E-6	0.5000116253144584	0.5000049769639091	0.5000011148045659	0.49999343332437113	0.5000279876878955	
0.8333136980857425	0.8000454709363735	0.7501579445017678	0.999907516237547	0.5000102669115359	0.500012560405982	0.4999991235480083	0.4999922227815734	0.5000178971022615	
0.8333271747319654	0.8000216101199406	0.7500207906668859	0.6666661023829952	0.500011688922291	0.5000061084339481	0.49999931057964925	0.49999423270991256	0.5000270950065905	
0.8333272225764449	0.8000088298287261	0.7498758577922157	0.33328315961462013	0.5000118691271165	0.5000111631447974	0.500000383085759	0.49999227478697716	0.50001957729717	
0.8333266619948306	0.7999896839995706	0.7500188840267366	2.930172027117076E-5	0.5000117741435544	0.5000117927358105	0.4999990273136618	0.4999936589138166	0.5000195805867866	
0.8333271718168982	0.8000200185722917	0.5000078104614636	0.9999871779474837	0.5000101816063955	0.5000149390799913	0.49999917083327283	0.49999222256481524	0.5000173575020243	
0.8333507378665532	0.8000211198328692	0.5000063436596058	0.5000281948679263	0.5000119177257679	0.5000059586095523	0.4999988730241799	0.4999894686032928	0.5000174240563664	
0.8333263187028175	0.8000215067344485	0.5000406740113758	1.713880454450707E-6	0.5000116051235437	0.5000048250218159	0.4999985366251472	0.4999938123210165	0.500024686113008	
0.8333383339852493	0.8000217644718557	0.2500411154974726	0.9999329856747371	0.5000128893934418	0.5000118927634564	0.49999654532873933	0.49998933785478167	0.500022127009982	
0.8333511397829977	0.799989638256108	0.2500457626709459	1.7259304935821003E-4	0.4999913899925581	0.5000050709159446	0.4999986803008121	0.4999942297412718	0.5000268082056729	
0.8333387277337374	0.7999869236163074	3.61596807728259E-8	0.00400124876614232	0.4999885791303267	0.5000049437458475	0.49999786704155225	0.4999917123442988	0.5000272148844758	
0.8333272399398646	0.5999785219191606	0.9999206554903581	0.9999947817012459	0.5000118679419755	0.5000153847351354	0.49999788975476545	0.49999124717497	0.5000186990224927	
0.8333269862942748	0.5999754094569186	0.9999995196753132	0.6666680336873072	0.49998987912805326	0.500003010553443	0.4999986807957948	0.4999920038552099	0.5000218317106011	
0.8333267503211831	0.5999774872397621	0.999983187680594	0.3331482171662025	0.5000121390762816	0.5000045105308328	0.49999781960993117	0.4999945218927375	0.500019625545909	
0.8333267526603548	0.5999774746709242	0.9999974748156988	4.521388443613394E-6	0.49999261440679243	0.5000051271877295	0.4999984427638539	0.4999936217697459	0.5000230621874984	
0.8333268022504475	0.599980634469197	0.6667958671721652	0.9999419764359546	0.5000101352866415	0.5000060650881831	0.5000031531155061	0.4999912055868184	0.5000189340151473	
0.8333269515909064	0.5999808538885424	0.6666629329093343	0.4999920332364781	0.4999896897062868	0.5000056538671358	0.5000011038744444	0.49999283627702884	0.5000223727214054	
0.8333271581306516	0.5999765638428779	0.6666585414908669	1.9533339676610237E-6	0.4999918797138872	0.5000050375328488	0.4999984659993001	0.49999346657609006	0.500019711022839	
0.8333268096319846	0.6000754382262977	0.333522762259839	0.9995709610106044	0.4999936331333326	0.5000180855121538	0.49999904120451233	0.4999911506875802	0.5000256738947193	
0.8332977990567034	0.5999730385508996	0.332996714230003	2.0043366827732914E-7	0.4999909936229113	0.5000106356464041	0.49999847306535067	0.49999142458916096	0.5000231057903202	
0.833338702935286	0.5999772128516245	1.17393671644761E-7	0.036651324398316754	0.5000134036647476	0.5000137544444835	0.4999979440484142	0.4999893226713917	0.5000186883814279	
0.8333268936131205	0.4000319789992707	0.9999201994127147	0.9999960874156612	0.4999928524452045	0.5000125941536816	0.49999637009647524	0.4999893441838922	0.500017333516515	
0.833326893331815	0.40003195850151235	0.9999650830567092	0.5000187873441405	0.5000118538499703	0.5000003675260059	0.5000013437799357	0.49998916360757995	0.5000173705944233	
0.8333266826643685	0.40013540412885845	0.9997945165768303	1.1586856926032121E-4	0.5000119904293018	0.5000164774725894	0.4999969482123486	0.4999876096626867	0.5000231473312139	
0.8333267738334582	0.4000423447891708	0.49994646111166846	0.9999907366041555	0.4999883262392416	0.5000106456534186	0.499997932997164	0.4999935820429007	0.5000186910227032	
0.8333266828725902	0.4000423652252081	0.4999464740033097	1.4144007447198083E-6	0.49998884026644846	0.5000055426538833	0.49999892682812375	0.49999363629555904	0.5000176066592871	
0.8333239721665707	0.3999404953842337	1.2439837365892255E-7	0.010695449969118587	0.49999281862745587	0.5000020627020527	0.5000013174099728	0.4999933646123874	0.5000193580461709	
0.83334499360235	0.20007803594837376	0.9997663941302298	0.9998807715031969	0.5000139145238561	0.5000134861014544	0.5000013057875096	0.49999214238308903	0.5000174132867863	
0.8333475082175412	0.20007803594837376	0.9996816157439117	7.678051628878108E-5	0.49998684737992827	0.5000137597749023	0.5000014302834527	0.49999358269281985	0.5000175377049865	
0.8333244919974758	0.2000792787459372	3.3768680465416385E-4	0.49007222674339634	0.49998953440554356	0.5000025212053538	0.5000012773184357	0.49998937939750404	0.5000173726106777	
0.8333447384794125	9.63123930413238E-7	0.9776675312867791	0.5390111993588793	0.49999214350375965	0.500002622552416	0.5000012533862069	0.49999211830616314	0.5000187430974916	
0.6667292604426551	0.9999867448815691	0.9998909759781859	0.9999893076519648	0.5000117525457665	0.5000151742228794	0.49999818691258224	0.49999200746964545	0.5000179893568781	
0.6667274479355096	0.9999733883917574	0.9999573197128676	0.749996556623944	0.5000128814424661	0.5000050599208632	0.4999993115334432	0.4999817399765836	0.5000714283866522	
0.6667293164723751	0.9999732594864019	0.9999714826233703	0.4998832179822044	0.4999943332232437	0.5000026138109963	0.4999979727657174	0.4999930566578341	0.5000200052304313	
0.6667283169917263	0.9999725294274333	0.9999712591306041	0.25018667565974473	0.5000117396360826	0.5000049865471471	0.5000001328875263	0.4999929987056301	0.5000204349113228	
0.6667060739680616	0.9999727925961109	0.9999918941324546	6.06174045038681E-5	0.5000117409135724	0.5000047261970124	0.49999843947093914	0.49999398091863184	0.5000290417968807	
0.6666848888110417	0.9999757752142377	0.7499174404316178	0.9999866332115835	0.4999938624879625	0.5000051042866636	0.4999973714065291	0.49999238004164903	0.500017666465235	
0.6667281660815395	0.9999576990586648	0.7498971882461714	0.6666260878763371	0.500012197314362	0.500005325930116	0.4999979248850496	0.4999937932925408	0.5000249813856498	
0.6667271018725736	0.9999607458883026	0.7499003866097904	0.33326997118103696	0.5000122187444583	0.500015132859303	0.4999969064846975	0.4999941245055788	0.5000235341615513	
0.6667283086947642	0.9999617226042249	0.7498688751702153	1.3450271908588529E-5	0.5000121379318265	0.5000046375687008	0.4999990461930809	0.49999406220906245	0.500028190874803	
0.6667271363084974	0.9999799149388219	0.4999197796095417	0.9999882044553917	0.5000116390573395	0.5000030414887239	0.49999866434388096	0.49998958577976205	0.500020257718031	
0.6667255074475037	0.9999968919908538	0.5000113002522715	0.5000149624327864	0.5000130160160279	0.5000032070210022	0.4999993217359025	0.4999938727664225	0.500020000153394	
0.6667060177865182	0.9999577035805075	0.49991348863790636	2.460199157147332E-6	0.5000121967216756	0.5000053045734267	0.49999840156070663	0.4999936224763599	0.500033652440112	
0.6667255695351767	0.9999904084212441	0.25022514043589794	0.9995863987281324	0.49999090231000165	0.5000123442382441	0.49999884061487854	0.4999935605706241	0.5000253279201212	
0.6668915235539729	0.9999975920192813	0.2501653213894023	0.0016326002906110748	0.49999074328642	0.5000054813428195	0.4999978451560534	0.4999911225203933	0.5000221182134531	
0.6667059314261274	0.9999696547077395	5.1375384632105695E-5	0.0019330050263215992	0.4999913710631487	0.5000124720479586	0.49999884358422775	0.49999080591135914	0.5000329725467225	
0.6667271308249828	0.7500436351456927	0.9999567710640173	0.9999789793103994	0.5000117227198614	0.5000091698580393	0.4999978330586143	0.49998819806345907	0.5000185935587209	
0.6667271368547946	0.7500436140921973	0.9999647300717356	0.6666257673838097	0.500011725905482	0.5000054378666667	0.49999819944760104	0.49999374525872714	0.5000248482536734	
0.6667047400823384	0.7499706085140097	0.9999832341033851	0.33327294675598923	0.5000116876422623	0.5000026014888137	0.4999979565995741	0.4999940905884602	0.500020926982648	
0.6667042972434243	0.749970615907249	0.9999829295545836	2.386899345885375E-6	0.5000116231755372	0.5000027108626158	0.4999986356630679	0.4999933234699277	0.500019320523404	
0.6667252733950467	0.7499624683323095	0.666793832958577	0.9997869374211499	0.49999118506567464	0.5000012380881569	0.499998843255259	0.49998927537190796	0.500017708207783	
0.6667044772895553	0.7499705855267043	0.6666674904975851	0.5000160520046193	0.5000120956332876	0.5000051838243394	0.49999896223216184	0.4999894717852053	0.5000174318332316	
0.6667042501264759	0.7499705889113406	0.6666585549848525	1.690729145397465E-5	0.499991672587704	0.5000050004843521	0.4999987656683291	0.49999368885071727	0.5000201473055497	
0.6667253676791394	0.7499629585700723	0.3335831943149844	0.9995857533701112	0.4999909071278737	0.5000118592259815	0.499998872310045	0.4999940349751366	0.5000222003610642	
0.6667253676791394	0.7499629585700723	0.3335831943149844	1.0918536243743665E-4	0.49999169952924133	0.5000121639187681	0.4999986274144309	0.4999940760302458	0.5000203117835312	
0.6667062007850341	0.7499843733879604	3.5126700300797776E-8	0.9833721349758695	0.49999059185602934	0.500004940413331	0.49999875735154525	0.49999170822397954	0.5000220855952271	
0.6667271523175118	0.5000462193247783	0.9998323938512943	0.9999789748716216	0.50001394244915	0.5000061085687496	0.4999993123868465	0.4999874706119834	0.5000240571973578	
0.6667049388044243	0.5000822593930891	0.9999801196315703	0.4999952989084283	0.5000165106475752	0.4999990990243392	0.499998623239546	0.49999427752812076	0.5000196562988556	
0.66672407424126	0.5000822996885975	0.9999679225406907	1.1564504478074172E-4	0.5000114624702077	0.5000034733951149	0.49999688761524974	0.49999358991996057	0.5000182540777042	
0.6667238513078848	0.5000808343189734	0.4999988140021235	0.9999865395362766	0.5000124957197049	0.5000048574962965	0.4999986290528224	0.4999919753179949	0.5000196036887474	
0.6667203599662295	0.5000450659631529	0.5000035440679801	3.737157339192456E-5	0.5000127778547758	0.5000624551788572	0.4999993192345471	0.4999884222085619	0.5000200885050206	
0.6667240789992409	0.5000837256277313	3.495961503550936E-4	0.5015585421230244	0.49999321676567354	0.5000031539730884	0.49999187525708766	0.49999199364788105	0.5000200286482449	
0.6667219316342419	0.25027219697217395	0.9999650790895894	0.998972958731837	0.5000137857736465	0.5000007780626863	0.500002388094814	0.4999891652085322	0.500022146383051	
0.6667813591808166	0.25027206749435993	0.999620917328554	0.0011530967803241696	0.499991054670288	0.5000005029905983	0.49999936571553805	0.499988423730642	0.5000242131844232	
0.6667824455255917	0.2504199771558916	0.0017499698298220623	0.5222251111665972	0.5000131888778431	0.5000149468836388	0.4999987166922045	0.49999243467335874	0.5000197866255519	
0.6667207349614377	1.0371820352866878E-4	0.9603897580460035	0.49768463671623664	0.4999907202639861	0.5000005182385973	0.4999978890219435	0.4999936910473143	0.500018693163454	
0.5000009351646673	0.9999808690733264	0.9999893390568513	0.9999894160397843	0.5000129468793526	0.5000146411249397	0.49999817086802323	0.4999897298871264	0.500020201221886	
0.5000030465881183	0.9999809791798899	0.9999910518110973	0.6666260056515745	0.5000115667937765	0.500005331858026	0.49999696242829705	0.49998839903911535	0.5000198369458863	
0.5000009165787702	0.9999910562191102	0.9999996015132705	0.33334302168353525	0.5000114664467222	0.5000053468087174	0.4999982069686603	0.4999936863850542	0.5000290437987832	
0.5001859578166066	0.9998934088080583	0.9998312000574916	2.2500270925058857E-4	0.5000132413851625	0.5000037975030042	0.4999987971985013	0.4999938691188823	0.5000289347830477	
0.500000899126222	0.9999994298352842	0.666658614199805	0.9999997963542452	0.5000128379035651	0.5000111990709993	0.4999986583679797	0.4999892317054861	0.5000284409359256	
0.5000009260249781	0.99999967026313	0.6666586887224771	0.5000332606954287	0.5000130131855938	0.5000053197364477	0.49999857547613796	0.49999378484891194	0.5000235518612349	
0.5000009260224231	0.9999997276242151	0.666658688918155	8.299891060698971E-6	0.5000120373293166	0.5000048582180219	0.49999882978105614	0.4999941978623723	0.5000203970339961	
0.49999049626060404	0.9999897038232061	0.3335847975603972	0.9999964551963453	0.4999916627392916	0.5000046341782155	0.4999992714673935	0.4999938528796726	0.5000202927104075	
0.5004141795656798	0.9994634712486771	0.33358732064865937	9.467196888121865E-4	0.5000139227558399	0.5000061064077786	0.4999991561410695	0.4999936959205155	0.5000202939006303	
0.5000054930122197	0.9999918707734176	2.811351372629864E-4	0.5237493625285345	0.49998847560210324	0.5000043386755711	0.4999956909693579	0.4999938527643962	0.5000265928938057	
0.5000395042859229	0.666689504171947	0.9998892767740174	0.9999252921579969	0.500011504997992	0.5000020748164872	0.49999741137587433	0.49998925839419034	0.5000295915026807	
0.500000280142292	0.6668821131629195	0.9998484055977627	0.4999166359603646	0.5000128964670765	0.5000167314287067	0.4999991633514706	0.4999937880072153	0.5000196876201558	
0.5000052857278788	0.6666825176097373	0.9999836388324144	1.9126836829285804E-5	0.5000116869461991	0.5000059221532585	0.4999992021928254	0.4999938173217014	0.500020029595241	
0.5000052643451066	0.6666890596892195	0.4997617501584237	0.9998280767254473	0.5000115037351289	0.5000020945284315	0.4999991521953238	0.49999365159681086	0.5000295787956653	
0.5000051941772783	0.6666787586488956	0.49975876237846045	1.1900043586582495E-5	0.5000129779367006	0.5000043413234734	0.4999991897430849	0.4999938106075017	0.5000265947096038	
0.5000403637960722	0.6666834660902152	8.324879258986284E-5	0.3831997922471184	0.4999916412013482	0.5000049038543494	0.499998716292773	0.4999938530185032	0.5000238058360619	
0.5001092875429375	0.3334218789791643	0.9998491282985877	0.9990190990594331	0.5000138448047127	0.5000149814245416	0.499998750454125	0.4999939383750702	0.5000203959545282	
0.4999181263020779	0.3331570052263675	0.9999979194620419	7.666347215289939E-5	0.5000120930306823	0.5000039348060547	0.4999987749638861	0.4999937916089757	0.500027868915108	
0.5000403621631415	0.3334307158602891	2.0225404672079804E-4	0.5005211927067512	0.4999944180712258	0.5000048879272496	0.49999877879926324	0.49998842841798385	0.5000204935765943	
0.5000322050359408	9.196468330174639E-5	0.530698797061811	0.060339262690665196	0.5000119145087425	0.500005893444482	0.49999887072272087	0.4999891672555797	0.5000174934094473	
0.33347914374564114	0.9998271830347715	0.999591716253963	0.9999864699074761	0.5000129481113897	0.5000011224123518	0.4999991019488293	0.4999931472115346	0.5000257388787787	
0.33347981534899934	0.9998273665171731	0.999795396699993	0.5000117255016323	0.4999905632696696	0.5000024857820552	0.5000000051895874	0.4999930639644763	0.5000242779128435	
0.33348125465290873	0.999865611038476	0.9999701968985292	2.518234163413055E-5	0.5000122374863303	0.5000042832156278	0.4999991676583457	0.49999374578663247	0.5000290023469637	
0.33345239386637604	0.9998335424453307	0.49996549424826214	0.9999888166167596	0.5000132561828563	0.5000025176868572	0.49999811419760065	0.49998953130741997	0.5000283283359129	
0.3334792559003709	0.9999691699179101	0.5001311740981393	4.962913302510393E-4	0.5000122270854946	0.5000025271858405	0.49999199448397086	0.4999937457683673	0.5000262984864405	
0.3334597481299543	0.9998257206088056	2.5428540515243236E-4	0.45503132425718196	0.5000122084910249	0.5000024830981203	0.4999978201259626	0.49999366596042233	0.5000243856696562	
0.3334594223169369	0.5002928235310684	0.9990271117045346	0.9999116497480909	0.5000122215871454	0.500003157244319	0.4999911604870178	0.4999895091046607	0.5000203802178571	
0.3334812556890601	0.5003855076888271	0.9993276276128246	7.669421575210398E-4	0.5000122376532844	0.5000040958545577	0.4999988010495402	0.49999191855442604	0.5000204231887401	
0.3334806804941997	0.5002926313284011	7.606220803134112E-4	0.49382623896179983	0.500012070734374	0.5000031473055362	0.4999911597600191	0.4999937646032136	0.5000204788317849	
0.33371070906405803	0.0015919909661151754	0.6277872777438277	0.8597290485358664	0.5000114246074712	0.5000029370539644	0.4999978136344686	0.4999929908942828	0.5000258461380216	
0.16681555735897763	0.999833538806344	0.999794657814978	0.9994724701121164	0.5000128676059591	0.5000025368998259	0.49999906489284623	0.4999885322284854	0.5000282230730604	
0.1669692202660213	0.9998652865503108	0.9993240933641159	1.8547951693867037E-4	0.5000149185549081	0.5000624885724853	0.499999940498513	0.4999936805137612	0.5000290411633008	
0.16681561005806733	0.9998276535169816	2.815070408929422E-4	0.49695474766625064	0.49999381142142896	0.5000018649086981	0.49999726914554754	0.49999382265903064	0.5000195446215965	
0.16736634592653163	0.002934017515213716	0.5246467671585533	2.898844284953961E-4	0.500012850532132	0.5000021945200002	0.49999782803111276	0.4999930079506925	0.5000202514833978	
5.7666831102642924E-5	0.48976991489716326	0.3259346640327233	0.49557824728552213	0.5000128521801437	0.5000029723136871	0.5000008993978571	0.4999938039649722	0.5000201740817468	
