0.9999979815650375	0.9999998765035644	0.9999999739188248	0.9999999661071916	0.4999991133503391	0.5000014849276395	0.5000002414688343	0.500059828671638	0.5000003182436681	
0.9999787246145355	0.999993442312526	0.9999891057757961	0.8332398353358309	0.5000004596640764	0.5000024216602481	0.500001867233889	0.5000066684397727	0.500000195897107	
0.9999438015424931	0.9999640342646422	0.9999971685306788	0.6664579847023915	0.5000004707076005	0.5000024006719747	0.5000003489292921	0.5000059575002168	0.4999997450965191	
0.9999943586710258	0.9999989811230988	0.9999968848719598	0.5000090826003561	0.49999992743858324	0.500005531252552	0.4999970247876526	0.5000006789409398	0.5000005059923165	
0.9999905405932195	0.9999985468020989	0.9999980420302821	0.333310249831346	0.5000005089390572	0.5000026733933516	0.5000004736916224	0.5000009268756856	0.5000003111654467	
0.9999816837820857	0.9999980800871644	0.9999979902599156	0.1665750921696703	0.49999991002762706	0.5000027608215198	0.5000004295252254	0.4999866817360425	0.5000002798392074	
0.9999841621488869	0.9999908955483672	0.9999985439190325	1.023378303960582E-5	0.5000004437909402	0.500002622013416	0.5000006841221186	0.5000007951867087	0.4999963250817299	
0.9999931744231025	0.999997968296379	0.8333451137948351	0.9999978854829789	0.5000009878026093	0.5000024212623924	0.5000005413936581	0.5000019840523097	0.4999994715465504	
0.9999931543355397	0.9999946517699914	0.8333432418286674	0.7999712346915014	0.4999993315196999	0.5000025694120659	0.5000002736396508	0.5000046058639606	0.5000004244226797	
0.9999930445790898	0.9999937691509799	0.8333410710628057	0.6000331777074046	0.49999955201198243	0.500002286287481	0.5000005561593702	0.5000058946199067	0.5000004427751149	
0.9999928991166711	0.99999982661855	0.8333410702343804	0.39995776025710256	0.49999955694666653	0.5000027318230905	0.5000012682467547	0.4999810029779613	0.5000004431690849	
0.9999952084626323	0.9999908955728917	0.8333298911139226	0.1998951750700719	0.5000004527618548	0.5000026730586989	0.5000003541390058	0.4999645934021491	0.49999781924162506	
0.9999967561297669	0.9999978658498389	0.8333355399581293	6.505129328883648E-6	0.4999998638547994	0.5000027100644114	0.49999913322115297	0.500001841511066	0.4999982581752831	
0.9999935237064485	0.9999979620183173	0.6666794160576315	0.9999850960076384	0.5000010367056128	0.500001420115597	0.5000002739771428	0.5000036052301305	0.5000004196067395	
0.9999978322424189	0.9999980002384006	0.6666793212975904	0.749993504772571	0.4999993512353699	0.5000014081729964	0.5000002737684079	0.5000027871210482	0.5000004298734693	
0.9999989663854055	0.9999994919747396	0.6666792782260578	0.5000178859923082	0.5000003298447901	0.5000014904594542	0.49999960066672333	0.5000028616375656	0.5000000193116578	
0.999913186033194	0.9999855591271987	0.6667019278971781	0.2500769417691044	0.5000013819350724	0.5000014767458957	0.500000613410293	0.49999950778087837	0.5000020307567775	
0.9999821479031945	0.9999981315382248	0.6667019278971781	3.537747045571705E-5	0.4999998925884581	0.5000026723627271	0.49999905529385036	0.4999855809003526	0.5000019911520716	
0.9999884586004258	0.999991652523546	0.5000917622153237	0.9998373114071861	0.5000002157936668	0.5000022986264101	0.5000014125309343	0.49999970077868827	0.5000003475991861	
0.9999975275271161	0.9999981818060482	0.500004786469508	0.6666555002114972	0.5000002390573145	0.5000016095714293	0.5000014061096923	0.4999875180538364	0.5000004919517962	
0.9999312666878154	0.999987740480649	0.5003433124635426	0.3334361196788344	0.5000007009671764	0.5000025399930146	0.5000006796470943	0.5000022955490369	0.49999950484486033	
0.9999753821235452	0.9999850573115463	0.5002248012327803	3.03680880718175E-5	0.4999998937023729	0.5000025723778672	0.5000006133074865	0.4999810388893351	0.50000030902429	
0.9999973907106999	0.9999981997939503	0.3333378711292638	0.9999873040272198	0.4999998474089429	0.5000015609177605	0.5000010591839917	0.49998860068698125	0.5000010426335839	
0.9999977376509867	0.9999982050670916	0.33333794570916325	0.49998003399276475	0.49999969146068374	0.5000015908572775	0.5000005493313281	0.5000025242910606	0.4999991740717607	
0.9999922366840833	0.999998600152307	0.33333787124543235	1.1887930720493598E-5	0.4999994992865677	0.5000024908481443	0.4999996737163697	0.4999870567556653	0.5000002879097284	
0.999992183300408	0.999942685203638	0.16668685832024643	0.9999927780383023	0.4999994373382531	0.5000015878238557	0.4999996910504652	0.4999825937396245	0.4999999648550729	
0.9999977503241381	0.999974243351605	0.16685306825709345	5.537538594277777E-4	0.49999938769796587	0.5000029273459902	0.5000007592069812	0.49999872657914557	0.499999979771882	
0.9999723277652174	0.999976098538793	1.2306987563215036E-5	0.023891794896249336	0.49999947072900636	0.5000027339572545	0.5000012434603184	0.4999987537207613	0.4999995492104158	
0.9999962671135293	0.8333279053012828	0.9999971937911186	0.9999987302313907	0.4999995822214526	0.5000024877753548	0.5000006661976255	0.5000576716995416	0.4999966494235153	
0.9999976431971414	0.8333332572337918	0.9999985739254131	0.7999712996793404	0.5000001144150055	0.5000024694613117	0.5000005614238895	0.49999984798970515	0.5000004135625303	
0.9999839889969585	0.8333306465013248	0.9999977642443778	0.5998936312895978	0.4999999300001678	0.5000011326316617	0.5000018842269861	0.49998410723480213	0.5000011697597201	
0.999992811449896	0.8333310899693542	0.9999969605802581	0.3999578320577953	0.5000001673316019	0.500002410333001	0.5000002019128114	0.5000020203613452	0.5000000412437514	
0.9999909778060295	0.8333066328093174	0.9999961873798784	0.19990806413258497	0.4999997880554141	0.5000024654325302	0.4999999002883757	0.5000016414403525	0.500000300565881	
0.9999943513105587	0.8333066200866529	0.9999995244637876	5.804148785100969E-6	0.5000002069215705	0.5000026638031374	0.5000004662231481	0.5000009450731264	0.49999826278922305	
0.9999960553137968	0.8333294273987666	0.8000407303009173	0.9999817526086585	0.500000254224351	0.500002521414322	0.5000006448449498	0.49998661161273067	0.49999674385926657	
0.9999976767876952	0.8333330549638633	0.8000038953654555	0.7499971958720882	0.49999953771702976	0.5000022870069417	0.5000018162456149	0.5000052578900341	0.49999946761034886	
0.9999957725711959	0.8333314434793175	0.8000037866733006	0.500045160227564	0.5000001673376832	0.5000022813325952	0.500000633802155	0.49998750835910444	0.49999951493889694	
0.999993003213468	0.8333072937161753	0.7999974188948895	0.24989682165960886	0.49999995741445563	0.5000026412122124	0.5000005029308885	0.500007932214883	0.5000018351963377	
0.9999966680378554	0.8333048547517055	0.7999974192203659	1.7923128398869835E-7	0.5000001081191587	0.5000027633741598	0.49999957321858307	0.5000015296577484	0.5000022676995554	
0.9999904351786912	0.8333317131277524	0.6000212731650126	0.9999910780034457	0.5000002571842431	0.5000014802888093	0.5000006201567934	0.5000581292049207	0.5000002808940903	
0.9999946127722708	0.8333323880026756	0.6000212525502946	0.6666999439683923	0.500000120702333	0.500002264445992	0.5000006336790166	0.5000006903447242	0.5000017559460063	
0.9999976211436088	0.8333327049437637	0.6000160252517817	0.3333905663852887	0.49999956234492027	0.5000025302519222	0.5000002756468835	0.5000053282856186	0.49999954216127473	
0.9999953707015602	0.8333325305937929	0.6000632752828868	3.813284989438952E-5	0.4999998169956264	0.5000028068206777	0.5000010188896117	0.5000049815512372	0.4999975797849842	
0.9999999007807949	0.8333284863701078	0.4000067369103587	0.9999881987313473	0.4999993352500716	0.5000026101589119	0.500001050143785	0.5000032022768596	0.5000000241007762	
0.9999975673935516	0.833332394121695	0.4000043939934412	0.49997420489295696	0.5000001207132023	0.5000022814167553	0.500000657252373	0.5000024315352152	0.5000003758105714	
0.9999975522233404	0.8333325000180474	0.4000044088302881	7.5469324075531295E-6	0.5000001170191464	0.5000046649629923	0.5000015920249167	0.5000003115053754	0.5000002343026129	
0.9999999091933508	0.833345444772774	0.1999992430019343	0.9999882739612042	0.49999931825711863	0.5000012367096148	0.500001233689499	0.5000014063510827	0.49999994545209325	
0.9999928835139515	0.8333325963459641	0.19999981864102484	2.1686368704899964E-4	0.4999993544979701	0.5000022937810428	0.5000004230483445	0.4999865717490798	0.50000222369538	
0.9999999771555079	0.8333333724164235	2.4420738868649142E-8	0.0018173414513602826	0.49999982969882917	0.5000016016724362	0.5000014087020046	0.4999991733586281	0.4999990737528068	
0.9999999738983395	0.6666696624829783	0.9999953314480419	0.9999991140349007	0.5000010403442009	0.5000015207962963	0.5000016125251131	0.4999872670304888	0.5000012766105222	
0.9999916391959996	0.6666688524063966	0.9999532033400348	0.7501803838550933	0.5000008973693463	0.5000065034461451	0.5000002119565016	0.4999903983753944	0.5000003513799698	
0.9999943427415037	0.6665881191317423	0.9999996228538228	0.5000017683992066	0.5000006857402809	0.5000025404785933	0.5000008489547537	0.4999878152490075	0.5000001435799073	
0.9999892684648803	0.6666849659486311	0.99999723357614	0.2500379157017435	0.5000001311745847	0.5000026505470877	0.49999992223005396	0.4999877275007192	0.4999995018318494	
0.9999998041818546	0.6666850870012514	0.9999954689936474	9.038812018034494E-6	0.4999995964036417	0.5000027294966628	0.49999970665731047	0.5000015911335738	0.499998319060911	
0.9999984706302377	0.6666781828380244	0.7499771622782526	0.9999919478582286	0.5000001731297173	0.5000013261320532	0.5000007300364306	0.5000040999084666	0.49999784514307444	
0.9999647361497345	0.6665895423939371	0.7499770897671464	0.6671577420222817	0.49999984300458616	0.500002534119306	0.5000008521897324	0.49998781111908364	0.5000001666914762	
0.9999914690491677	0.6666849282791106	0.7500150121828456	0.33344365499394046	0.4999999450433652	0.5000053119075447	0.500000231214404	0.49999036810931047	0.50000039611518	
0.9999999002844074	0.6666782236527289	0.7499834123665767	9.014172352928437E-6	0.49999959612597267	0.5000026426662765	0.499999700937716	0.5000036702918936	0.5000002907822103	
0.99999929245577	0.6666781688687341	0.5000108421355477	0.9999916103267733	0.5000001157498641	0.5000026966598461	0.5000007323959753	0.49998542516882816	0.4999999302811262	
0.9999994629014607	0.666678227106222	0.5000053076640217	0.4999960917840038	0.5000001154100668	0.5000025309675565	0.5000007465346512	0.4999829979612357	0.500000013480483	
0.999990106009906	0.6666740268915259	0.500008697994619	5.575931979078067E-5	0.5000001364611291	0.5000029210825091	0.5000015144740657	0.49998217637291326	0.4999993637620402	
0.9999944643901885	0.6666782237841651	0.25004167793666304	0.9998292089911962	0.5000001156839425	0.5000026949774311	0.5000012532210608	0.5000013840009888	0.4999999232293349	
0.999993613430707	0.6666740174207159	0.25002125631271405	3.200505471325108E-5	0.5000001546091911	0.5000029224943919	0.500001562114664	0.49998389141231003	0.5000022179397368	
0.9999977530561055	0.6666795373577404	1.0997019215851717E-5	0.5159860114166689	0.49999971749108263	0.5000012614800532	0.49999973675602805	0.5000028828871571	0.5000025010035641	
0.9999976753637233	0.4999614478774905	0.9999844994414461	0.9999964700499767	0.4999996012364051	0.5000028455034223	0.5000017963040918	0.5000057179285139	0.5000024655115675	
0.9999168298824402	0.5001206117761755	0.9998893421501969	0.667153803413269	0.5000001368131489	0.5000053253772345	0.5000005380399378	0.4999996025197403	0.5000021790175903	
0.9999696446643355	0.5000476850709418	0.9999644413843026	0.33344045568585934	0.49999993963208256	0.5000053080126295	0.4999992969516896	0.49998527408670973	0.5000000303954301	
0.999980026565528	0.5001089412364246	0.9998985501067745	2.0159817127315052E-5	0.4999998577385675	0.500003087849427	0.5000005173649473	0.4999826134885388	0.5000021128988764	
0.999990153177079	0.5001152108551757	0.6666555731031388	0.9998870098444005	0.4999995505283859	0.5000029335422941	0.4999997135944169	0.49998759154412653	0.5000004340217701	
0.9999944427480478	0.5000171002034872	0.6666712238118084	0.4999991048727392	0.5000004819073643	0.5000022047912275	0.499999687010014	0.500000716665806	0.5000017706350481	
0.999994626520309	0.5000079350817325	0.666671225314737	3.520397065961534E-5	0.5000004587596524	0.5000022167188397	0.49999968789613175	0.49998746675702055	0.500001776753743	
0.9999949920402544	0.5000228675625282	0.33336518079528893	0.9998841974800418	0.5000001312661257	0.5000059744072975	0.500000286403639	0.5000024709887202	0.500002176783427	
0.9999954213112483	0.5000228675625282	0.3334182831242588	2.0992762519757028E-4	0.5000001510228829	0.50000219736914	0.500000595761813	0.4999840911550155	0.5000019699511428	
0.9999994745254459	0.5000175110432246	1.4252454873457784E-5	0.5007140607166863	0.49999981953696165	0.5000028632742416	0.49999970994826975	0.4999877618213721	0.49999840233408893	
0.9999613363720569	0.3334696254980839	0.9995934079887646	0.9999492324488342	0.5000007035139249	0.5000025331269189	0.5000005376074469	0.49997845715548356	0.5000012863628199	
0.9999980926205462	0.3334695025422601	0.9999644788822638	0.5000590780212574	0.4999994935536483	0.5000053018070053	0.5000004136873276	0.5000034449834312	0.5000002687665497	
0.9999917788503265	0.3334695038722243	0.9998954303550427	2.3777290569312255E-4	0.5000002034878932	0.5000024510747308	0.5000009684802676	0.4999815704350948	0.4999959629321666	
0.9999930137896813	0.3334732428353831	0.5000046027221707	0.9999241400838005	0.4999999232208846	0.5000027307631207	0.5000004766568447	0.4999841583354555	0.5000020351841831	
0.9999684464258984	0.3334697116650735	0.5000045646613913	2.1808054555566558E-4	0.4999999216224657	0.5000027221783733	0.500000475997548	0.4999841578347662	0.5000013101544604	
0.9999954228453309	0.33346953211278507	3.710993825025155E-4	0.4992889381784397	0.5000004784261811	0.5000022028904523	0.5000005764355885	0.4999787367575239	0.5000012896710432	
0.9997581293237016	0.16804098655700894	0.9950385872686236	0.9977864514659548	0.49999982683591976	0.5000058042224204	0.5000002822405903	0.500002156778889	0.4999958001478698	
0.999902691477762	0.16804098655700894	0.996376924838772	0.0017793352661981121	0.5000004966150676	0.5000024109517224	0.5000002958193898	0.5000021250952764	0.5000010252963077	
0.999970093144994	0.1672428987275045	0.003809418899926916	0.4703844619909293	0.5000000620125694	0.5000033210505551	0.5000005521079278	0.4999840946828026	0.4999958839831075	
0.9999983472083231	2.7779494346806084E-6	0.4980588980652743	0.04117436243135615	0.49999941730909914	0.5000032198534832	0.5000020059140813	0.49997915793977404	0.5000012829259308	
0.8333376828186906	0.9999999221858826	0.9999999391895031	0.9999983506631923	0.49999934741981406	0.5000026040231808	0.5000020300937007	0.5000046337672787	0.5000002004889121	
0.8333355025569965	0.9999959413399244	0.9999941875632793	0.7999731963077792	0.5000006452063747	0.5000024917428431	0.49999992612945676	0.5000577895943159	0.5000012402259891	
0.8333376897419478	0.9999996883205183	0.9999952900191068	0.6000660189495668	0.5000007004199515	0.5000025324619606	0.5000003541005533	0.5000044895439008	0.5000003682229237	
0.8333367457425803	0.9999988678431755	0.9999980252778286	0.39995775978608583	0.5000010843232675	0.5000018106876015	0.5000005210416727	0.4999805940836194	0.5000003989544305	
0.8332887866115392	0.999998644259908	0.999998966670215	0.20011658736840343	0.5000004741130483	0.5000026733310553	0.5000003742652966	0.500001450587036	0.49999771392262643	
0.8333385160013539	0.9999986442209196	0.9999990177173049	4.435646005663652E-6	0.5000004657333236	0.5000026732617043	0.5000003742423661	0.5000016274657997	0.4999980616533858	
0.8333355844149263	0.9999979024560002	0.7999950051418778	0.9999995181085605	0.5000001212876358	0.5000065089715717	0.5000018407899978	0.5000050476653147	0.5000001944587097	
0.8333365386616847	0.9999980923070425	0.800003544525798	0.749994952087497	0.49999968834908337	0.5000022764044707	0.5000003883375691	0.5000067253904019	0.4999990893047158	
0.8333363923541279	0.9999936576260222	0.800019563310905	0.5000142590790024	0.5000003727894563	0.5000052390848976	0.5000003850838449	0.49999717002193494	0.5000004118857236	
0.8333364023249688	0.9999939823532752	0.800019563310905	0.2500763641508489	0.4999998072442226	0.5000021866817881	0.5000009848859789	0.49998414602814045	0.5000003450700701	
0.8333372105719931	0.9999939855269697	0.7999954215878236	2.5959567916108004E-6	0.5000002545243482	0.5000021934063084	0.49999991059500665	0.4999868390424189	0.5000003450701614	
0.8333356345690583	0.9999979033643006	0.600026753280089	0.9999981457962506	0.4999998595770643	0.5000064396012353	0.5000006224764313	0.49998875894328	0.5000004009789792	
0.8333365104666787	0.9999947233719029	0.6000267396862637	0.666646724511913	0.500000216526555	0.5000014443266857	0.5000006171934883	0.4999876740302477	0.5000004576659058	
0.8333363877147308	0.9999974478729265	0.6000145253434035	0.33338963500670826	0.500000284300054	0.5000012897030659	0.5000009911406716	0.5000003735947076	0.5000004067060811	
0.8333382729603421	0.9999999573877238	0.6001510759513011	3.115329041133362E-5	0.4999998133533742	0.5000025283167081	0.5000001829331316	0.4999868641824346	0.500001190757362	
0.8333376644511077	0.9999970340243662	0.4000043328471322	0.9999916095249662	0.5000002324194579	0.5000024246053989	0.5000010592965624	0.5000056844990866	0.5000004417573187	
0.8333386636704605	0.9999874717695344	0.40000525554108013	0.5000459312164792	0.5000002388452518	0.5000026416665114	0.5000001783961728	0.49999873749451906	0.4999995619086573	
0.8333386668649184	0.9999975578114871	0.40000525819713795	3.422287424074628E-7	0.5000002321706198	0.5000046410166136	0.5000010482096087	0.5000017056749554	0.5000018457135271	
0.8333387973007812	0.9999970347591669	0.19994771764930014	0.9999854267894801	0.5000002321863117	0.5000015783667391	0.5000010553925833	0.5000021355272457	0.5000004280972508	
0.833348047654805	0.9999738916707824	0.20010769717297633	2.116122249718263E-4	0.500000137678581	0.5000024653223664	0.5000008869698985	0.5000018938355617	0.500000417398091	
0.8333387911447651	0.9999876873130553	1.3101669979836972E-5	0.503822810904249	0.5000018067536642	0.5000024323280794	0.5000007563956267	0.5000024063103152	0.49999920784008034	
0.8333364618576223	0.799999401916083	0.9999953180454307	0.9999964173815158	0.4999996110396983	0.5000015325427903	0.500000238892526	0.49998401477875387	0.5000004615023536	
0.8333356735387691	0.7999995375721947	0.9999984077026274	0.7499918025057036	0.49999977982930743	0.5000028351931535	0.500000207836054	0.5000050879605816	0.5000004540782559	
0.8333364929504122	0.7999995379814877	0.9999976002925028	0.5000020285393262	0.4999999323039448	0.5000027431656227	0.5000005209112126	0.500001713383721	0.5000003282243085	
0.8333364537796583	0.8000000230423068	0.9999976692984407	0.25007636901042385	0.49999992786206027	0.5000026116650805	0.5000004079217301	0.4999975388743826	0.5000003584257644	
0.8333365251729453	0.7999980653887783	0.9999998769730611	6.502534977682575E-6	0.5000004654827566	0.5000023040146759	0.5000003696537105	0.4999756161361356	0.4999964277821466	
0.8333365339265805	0.7999995406460662	0.7499845380501309	0.9999964166207495	0.5000004762340716	0.5000022537431499	0.5000010225273739	0.5000053539264708	0.49999659760518467	
0.8333366762868121	0.7999974440825524	0.7499841355013643	0.6666997099635114	0.500000120838817	0.5000022630239367	0.5000005565803302	0.500002233116389	0.5000004107427134	
0.833336404167714	0.7999974439923266	0.7499829093950251	0.3332948615456728	0.5000010625691766	0.500001271467399	0.5000010180133451	0.5000018275079855	0.5000004177932014	
0.833336126842671	0.7999980614900877	0.749982950743825	5.668492529620284E-8	0.5000010638016569	0.5000026695617771	0.500000805144571	0.5000018519447348	0.5000000422148521	
0.8333395493199355	0.8000015052491684	0.5000357256596413	0.9999226117139107	0.4999998544721353	0.5000015014171422	0.5000015509948231	0.5000050386088003	0.5000000666505422	
0.8333372190220165	0.7999969411547324	0.5000042043307538	0.49997359266136693	0.49999932941412895	0.5000011907028173	0.5000012257237262	0.5000024297144835	0.5000003149410823	
0.8333361347345983	0.8000019234950845	0.5000781402228885	5.9861739943859936E-5	0.4999994974207318	0.5000025162483419	0.4999995703132273	0.49998161963150367	0.49999752746611315	
0.8333393940130716	0.8000015052491684	0.25006672321823575	0.9999712986343192	0.499999693336345	0.5000015014171422	0.5000005641057079	0.500002455400119	0.5000004170546616	
0.8333393935835265	0.80000127048045	0.25006674865870715	2.1485149837847128E-4	0.4999996933364472	0.5000015090771726	0.5000015114744069	0.500001183211714	0.5000004335797957	
0.8333381665682316	0.8000012943478029	8.784072637037824E-8	0.9386456057953385	0.5000007121408787	0.5000046271969293	0.499999651287572	0.5000025442172964	0.4999999661594464	
0.8333366161654899	0.6000183131886427	0.999955699867046	0.9999913134194774	0.5000002106231769	0.5000024965715265	0.5000016236444115	0.49998575818758123	0.5000010492184134	
0.8333356338717555	0.6000178764508133	0.9999970298002825	0.6665153927392533	0.4999997769006255	0.5000024985249599	0.5000016241355647	0.5000077307502092	0.5000010840139826	
0.8333365913056835	0.6000270453663823	0.9999645234730044	0.3332388703797676	0.49999990076251943	0.5000053619117438	0.5000004034189801	0.500004652576058	0.5000002575818013	
0.8333364113126507	0.6000221395652346	0.9999954774969531	2.8239724266241485E-5	0.5000001340758132	0.5000027660482561	0.5000005073315119	0.49998541008170744	0.5000020532424185	
0.8333375451675505	0.6000161746752941	0.6666726752071891	0.9999911423831072	0.49999970391293663	0.5000027008987025	0.5000007294345459	0.49998589409621463	0.4999993555945901	
0.8333403014017123	0.60001060759346	0.6666385661734209	0.5000527482227198	0.4999995391302358	0.5000021984782758	0.500000723768028	0.5000002294606567	0.4999993789854598	
0.8333365977949192	0.6000113117370478	0.6666425060454225	1.3805535148649618E-6	0.49999999696001207	0.5000027873675793	0.49999950096398	0.49998541819982656	0.5000022485787353	
0.8333366282665964	0.6000119522429292	0.3333649418123471	0.9999189431156842	0.5000000640187421	0.5000026730454015	0.5000015519850043	0.5000024978949925	0.5000000666044281	
0.8333366298108265	0.6000118600962597	0.3333649581990456	6.001326318539838E-5	0.5000000648550359	0.500002184475987	0.500000682414276	0.5000003073903706	0.5000020190082041	
0.8333363579076761	0.600027871420665	6.012347510118075E-5	0.5006388113319784	0.4999995381516307	0.5000025720973611	0.5000005227311093	0.5000018173588937	0.5000019446918242	
0.8333375470702234	0.4000299607509587	0.9999014826628848	0.9999980250895135	0.4999997348074265	0.5000025281694636	0.5000002978141598	0.49998524343712003	0.5000000221530208	
0.8333392051701936	0.4000293252974897	0.9999602623468243	0.5000425357762005	0.4999997395468029	0.5000026011856915	0.49999949987014863	0.5000028627686932	0.5000017817698712	
0.8333386146722205	0.4000291348180587	0.9999605072756031	6.0265430080827254E-5	0.4999997236943908	0.5000026005027731	0.5000005681438685	0.49998248454025124	0.5000022779796744	
0.8333406567968104	0.4000294240151307	0.4999911690295123	0.9999437379352417	0.4999995393358097	0.5000012567636841	0.5000007444386232	0.5000002075534539	0.500000308504431	
0.8333364427106664	0.4000294238019137	0.4999911340665317	5.829099885744574E-5	0.499999840154403	0.5000024962608144	0.5000005884151356	0.5000011662279749	0.5000010720264374	
0.8333363987325874	0.4000286394840143	3.720916204304984E-5	0.4840498655190287	0.4999999371358687	0.5000030898322863	0.5000006825164592	0.5000043662072448	0.5000020244882686	
0.8333403793321932	0.20016756616756476	0.9998974844275313	0.9995222471244194	0.5000006414136132	0.5000026180098934	0.5000007340588108	0.5000001455598796	0.5000009474367335	
0.8333391496627643	0.20016443071067852	0.999897580616704	2.847184743188304E-5	0.4999998323282329	0.5000026055651146	0.5000005831922524	0.5000032327327604	0.5000010714667135	
0.8333403506801678	0.20015484697679375	6.470602736028952E-4	0.49966630039570653	0.49999975600158497	0.500002540793879	0.5000005025517463	0.5000044310017443	0.5000020462828756	
0.8333365540525937	1.0359678113858184E-5	0.9765886656794465	0.5328587366589371	0.5000004592556571	0.5000025818242326	0.5000002888551031	0.5000045687304912	0.5000017416841662	
0.6666832449131826	0.9999905384415583	0.9999943216752951	0.9999996707405816	0.5000006978425275	0.5000013762743748	0.4999999605510459	0.5000078565385085	0.5000004715065699	
0.6666746334610517	0.9999956231458952	0.9999860556522228	0.749995135404612	0.5000006663233456	0.5000025656271	0.5000007544363774	0.5000051714252689	0.500000361300148	
0.6666156371428491	0.9999998751793547	0.9999989500652128	0.5000139385267962	0.5000003716814044	0.5000052013307266	0.5000003673143	0.4999974794858805	0.5000019384859591	
0.6666747956328983	0.9999986288699922	0.9999990226746472	0.2500498786487456	0.5000006675026792	0.5000026600926563	0.5000004108835356	0.500001409589097	0.5000003111473982	
0.6666748012956506	0.9999908955492596	0.9999985439190325	1.023378303960582E-5	0.5000004437909402	0.500002622013416	0.5000006871279348	0.5000007951867087	0.4999963250817299	
0.6666157026499429	0.9999999327326387	0.7500956069346124	0.9999816444164749	0.499999824596418	0.5000025695579515	0.5000005782959546	0.5000045941048473	0.4999966805326055	
0.666614606435993	0.9999999399740153	0.7499724302318779	0.6666965822249212	0.500000485847637	0.5000024387573939	0.5000006344988318	0.5000053573746907	0.49999666389360814	
0.6666396428256075	0.9999940118854519	0.7499814655178476	0.33329461717925774	0.5000010740476858	0.5000014388736466	0.4999999910497661	0.5000053107739535	0.49999715744036183	
0.666604058941902	0.9999998059745089	0.7500487534652962	1.8567762554397055E-5	0.4999997745420472	0.5000024917185598	0.5000002680010405	0.5000005577617821	0.5000020307443167	
0.6666883231510259	0.999979544967011	0.4999974363683906	0.9999995719694024	0.5000001105960624	0.5000065137571689	0.5000018294294948	0.5000013936033483	0.5000029206920125	
0.6667250245785837	0.9999583324769272	0.49999622911184793	0.5000459146469232	0.4999995025917886	0.5000022628598958	0.5000005655063413	0.4999985785609228	0.500000431407512	
0.6667264248307022	0.9999735199248097	0.5001128676195598	2.0616199246335765E-4	0.5000013841966107	0.5000046087875768	0.5000009961176954	0.4999998930508572	0.5000004117052105	
0.6667392553940175	0.9999364840234317	0.2504200144852431	0.9986823207613568	0.5000001350171984	0.5000049117143579	0.5000009855878373	0.499977336569025	0.49999907019337764	
0.6667219410787663	0.999960278564975	0.24998836433589428	1.690000609589811E-5	0.49999968250060733	0.5000017295473879	0.500000697849338	0.4999842691779948	0.5000008660314563	
0.666735964051486	0.9999736145871874	8.007313694632923E-5	0.4948848160419249	0.5000001358217365	0.500002473675732	0.5000009002553263	0.5000018941872028	0.49999906795730326	
0.666700491408032	0.7499450661043837	0.9999996807953262	0.9999979343742854	0.4999996730719515	0.5000029046246476	0.5000002249102761	0.4999867386077526	0.5000012502377479	
0.6666031736584827	0.7499352839681115	0.9999989257427093	0.6666979347610457	0.5000001125999114	0.5000022624645717	0.4999997042346209	0.5000005700759883	0.5000011512603405	
0.6667736983541392	0.75011651966925	0.9999972269268018	0.33331408725508593	0.5000010549116546	0.5000018413347244	0.5000003771145098	0.5000014508966164	0.5000004243460745	
0.6667717249810101	0.7499174016625516	0.9999640535210252	9.156349066484208E-5	0.5000001096329899	0.5000026220928473	0.5000007850482677	0.4999848113147274	0.4999962997546365	
0.6666892923416191	0.7499778791769028	0.6666993189305638	0.9999332500575095	0.5000005364514936	0.5000022251449626	0.5000006008192669	0.5000005655919849	0.49999988539006157	
0.6666918078645441	0.7500430309458022	0.6666723206875688	0.5000125517857564	0.5000004791837065	0.5000022239362565	0.5000003369073873	0.5000005728519795	0.5000011784264035	
0.66677782775959	0.7500116558134532	0.6667457259336436	2.2457515873046052E-4	0.4999998212486012	0.5000021848882459	0.5000004115509912	0.5000003088164446	0.5000002335505871	
0.6667262822122745	0.7500120106960327	0.3332620473206141	0.9999984677218798	0.5000001079960549	0.5000022941434947	0.500001392111512	0.5000016281538362	0.500000340822084	
0.6667633511099078	0.7500120153191512	0.3333685834907144	1.557344770319222E-5	0.49999999880001716	0.5000025333309039	0.5000005950299226	0.5000017170029948	0.5000009701103557	
0.6667267618323267	0.7500125740878436	1.4101649817907497E-7	0.4680506544096395	0.4999994390600297	0.5000026023665753	0.5000005973593061	0.500000780422735	0.5000009608071665	
0.6666993038358416	0.5000069495892185	0.9999083379691884	0.9999191641860934	0.5000006463277749	0.50000286497442	0.5000010666631495	0.500001810734996	0.49999975123725277	
0.6666971887171266	0.5000171005185712	0.9999740227734588	0.5000424958399246	0.5000006463353392	0.5000022990098776	0.5000006879127363	0.500001724472651	0.49999678263957914	
0.6667712144534931	0.5000174442966328	0.9999526249886925	1.1581937134794238E-4	0.4999999282769706	0.5000042272190014	0.5000005183516079	0.5000052880667101	0.49999754701273064	
0.6667675263507203	0.5000009199293947	0.5000059061297042	0.9999191641860934	0.4999998714752552	0.5000022495611388	0.5000005269220021	0.5000009663488799	0.5000020851122128	
0.6665760820231471	0.5000083823112116	0.5000067982038255	1.9455547559274302E-5	0.49999988342710416	0.5000027971945901	0.5000006831960732	0.5000018265186799	0.4999996734509961	
0.666673284751875	0.5000218110862454	4.561261905796843E-5	0.49652932273006256	0.4999998059640261	0.5000021959886576	0.500001123290507	0.5000017288372146	0.5000007621560694	
0.666947435339543	0.25105408963423637	0.9983107770710028	0.9992745687137924	0.4999998021970808	0.500007715217887	0.5000050101923696	0.5000048361282986	0.5000009726155392	
0.6668364696890546	0.25056747278064206	0.9990890164604822	6.133011568881339E-4	0.49999972878608145	0.500005882989305	0.5000011014813316	0.49998487225214505	0.499996535972048	
0.6666973821567123	0.25012720479511635	3.216165550663497E-4	0.2974794995938647	0.4999997835226406	0.5000023180888686	0.5000011219194517	0.5000010407939551	0.4999998805026964	
0.6666742136597761	1.8891069984484238E-5	0.46670938364669123	0.569391336955894	0.4999995357125395	0.5000026862470504	0.5000000954405022	0.49998314983069553	0.5000020298277245	
0.5000193838136864	0.9999786807934956	0.9999991724950471	0.9997429435309603	0.5000006421665629	0.5000022240802434	0.5000054586596475	0.49998808164825287	0.5000017009190003	
0.5001900326989333	0.9998075414477532	0.9996451229029613	0.6663745413093096	0.500000519866618	0.500002558698526	0.5000005741351565	0.5000042758828178	0.5000048667824705	
0.5000111007828991	0.9999036846756343	0.9999817724326487	0.3333109594262668	0.5000021607530435	0.5000023534908588	0.5000013562886966	0.4999832308018305	0.5000008749493191	
0.5000195870338839	0.9999975114907238	0.9999761468430926	1.6557161268158574E-6	0.4999999405779101	0.5000018237765554	0.5000010367204124	0.49999911656142504	0.4999974711188772	
0.5000121877926266	0.9999864981591783	0.6666006749574646	0.9999974253511406	0.5000006942520778	0.5000025903667201	0.500000832431957	0.5000017428717308	0.5000020936888706	
0.5000111007629432	0.9999813429636505	0.6666800496928735	0.49993745208529866	0.5000007733052668	0.5000022691987888	0.5000011223065753	0.5000009001201157	0.49999934384622	
0.5000111069258758	0.9999964494300859	0.6666798530850443	2.3486993730218884E-6	0.5000013812321237	0.500002795948623	0.5000014093597198	0.5000071750025403	0.5000026812128335	
0.5000110803715558	0.999983395834628	0.33333400791130713	0.9999891623883015	0.4999999327893967	0.5000025891517759	0.5000005847615006	0.49997264379646894	0.5000007474682764	
0.5000111002730198	0.999982206467038	0.33333400791126244	1.5877619089690507E-5	0.4999999386212391	0.5000027030313635	0.5000007382124736	0.5000066690630561	0.4999993980325526	
0.5000115534225986	0.999984951867075	1.5724775004509343E-5	0.4805725837011963	0.4999996944177134	0.5000023545177654	0.5000012372905199	0.500001667449944	0.5000007426054222	
0.5000110791771791	0.6666153616259284	0.9999981880440393	0.9999974167333711	0.4999997717654302	0.5000070302835931	0.5000008177203068	0.5000019832801528	0.49999682396108763	
0.5000110791068882	0.6666358972071104	0.9999981771215127	0.4999518016397807	0.4999997715029895	0.5000021382675773	0.5000010197033526	0.5000019832801528	0.499996822873029	
0.5000120680122709	0.6666153994837131	0.9999999685760691	9.153650259672732E-6	0.4999999634139136	0.5000025945869943	0.500000703758949	0.5000049238149213	0.499997168699768	
0.5000122225333482	0.6666357349077741	0.5000063480675336	0.9999973966535977	0.4999997855301857	0.5000026242186836	0.500001129514941	0.5000007875575408	0.5000002219675905	
0.5000110957988223	0.6666357471437584	0.5000063986031311	2.4832223660780713E-6	0.499999826926321	0.5000025775932033	0.5000011148351947	0.5000016589123637	0.5000002538149662	
0.5000111535095965	0.6666357468455452	7.156350313313565E-6	0.5593928346017818	0.49999940990237407	0.5000023450301091	0.5000012295566559	0.5000018339188298	0.500000252564819	
0.5000358918848608	0.33360822861115463	0.9995403848245648	0.999681737834134	0.5000020972633462	0.5000042369329903	0.5000005655697423	0.5000075755479122	0.5000010140812632	
0.5000454592902658	0.33345155229204043	0.9996428908088303	1.1628525826012355E-4	0.5000006424114517	0.5000020406809059	0.5000011762492041	0.5000017040005189	0.49999662638016773	
0.5000454161839999	0.3336082286112825	8.573726526919789E-4	0.48219752100654034	0.49999954335533475	0.5000020466378768	0.5000007246223636	0.5000014954582965	0.4999966269645899	
0.5000100914725032	2.0597771110279707E-5	0.4952370062356237	0.48637359741374764	0.4999998678881381	0.5000028119066026	0.5000005833936902	0.5000008891926739	0.4999982929689256	
0.3334313875148505	0.9998973142200998	0.9998782596034996	0.9999890475800867	0.5000002107689978	0.500002843654348	0.5000006535429696	0.5000593423035522	0.500001200446574	
0.3334313474333529	0.999892637589642	0.9998567947504967	0.49993714289214697	0.5000003360339977	0.5000025138338557	0.5000011271227499	0.5000043929064546	0.4999993596148423	
0.333427689976391	0.9999021948467591	0.99985639434224	1.0877528759447838E-5	0.5000003451928394	0.5000027176130729	0.5000013475440168	0.4999849425087407	0.49999936541357815	
0.3334275887556469	0.9998917155797943	0.5001676808615881	0.999680103016424	0.5000022497824085	0.5000029709025627	0.500001113009481	0.500004956161453	0.49999714388795535	
0.33343308131821464	0.9999043843065919	0.5001756983912734	1.936941247809959E-4	0.49999980486202694	0.5000022707726739	0.5000013453933623	0.5000011792316651	0.5000012584719747	
0.3335563167816204	0.9998134876600118	7.575789248834119E-4	0.5150974023504631	0.499999487145137	0.5000025688520767	0.5000007377043332	0.4999991089413841	0.5000008034319696	
0.33342759818640155	0.5001082774546326	0.9998568045021674	0.9996432882149087	0.5000003358370233	0.5000028436826742	0.5000012971992783	0.500006603951557	0.5000012510678635	
0.33342763166949363	0.5001134237401315	0.9999966770118847	1.2772804022236466E-4	0.4999999342129864	0.5000043216798971	0.5000005787824039	0.5000016590110363	0.5000011319453347	
0.33343525447617517	0.5001082857132759	7.694770701773799E-4	0.02583947183634494	0.500000192020499	0.5000026400444421	0.5000012026520586	0.5000018608029192	0.5000011463732741	
0.333525658848844	8.173172959640875E-4	0.7070533154800582	0.0864160009452376	0.5000004150848079	0.5000028433302091	0.5000005820012771	0.4999743403015832	0.5000012950383457	
0.16839552001914737	0.9955502175048403	0.9984324141085993	0.9950992791808232	0.5000001968607736	0.5000026371895425	0.5000012651754523	0.5000080876265788	0.5000005993541272	
0.16734843721994636	0.99998827266514	0.9980282586233513	1.867049803202977E-4	0.5000006472536809	0.5000022240375492	0.5000012433745388	0.5000099442848156	0.49999711112689743	
0.16682605077209348	0.9998125512494715	6.909309666051789E-4	0.5687004828522457	0.49999938927003773	0.5000025881135891	0.500000709828109	0.49998128006216724	0.5000002139568741	
0.16735012315809766	0.0036495475304866853	0.498625185972168	0.5042511481621699	0.5000007289104826	0.5000023022504055	0.5000006996735117	0.500000172523019	0.4999999209446766	
9.317845318519702E-5	0.6993568934686755	0.46249920433459746	0.5363081337981096	0.49999977646151456	0.5000042860177759	0.500001096139533	0.49999980148449835	0.5000020265158114	
