0.9999896295860868	0.9999956999821382	0.9999968718986515	0.9999996014767755	0.5000127511560832	0.5000218146042053	0.5000002557947295	0.499999015865629	0.49998987575582304	
0.9999921685032728	0.9999724304710977	0.9999999917737056	0.8332065208139924	0.5000086465434049	0.5000217374092006	0.49999765331496027	0.4999990542726661	0.4999921571090445	
0.999989601235764	0.9999900234614161	0.9999984966371389	0.6665833875823851	0.5000052671837167	0.5000216954366216	0.5000006947429231	0.4999986377073538	0.49999172381076146	
0.999989959137875	0.9999944687423538	0.9999966388444843	0.500032214314099	0.5000092858856999	0.5000217337515184	0.49999620295263025	0.5000010176559186	0.4999916424399912	
0.9999850834179771	0.9999759477311986	0.9999696858012586	0.333493760555769	0.5000094049374726	0.5000225601002932	0.5000000058434868	0.4999996618716932	0.49999149219465655	
0.9999964218678769	0.999976226693767	0.9999881290318839	0.16671604546538915	0.500013461877667	0.5000225958267425	0.4999999655943266	0.49999903340902124	0.49999185727623574	
0.9999980195282394	0.9999944765024387	0.9999975892190319	1.159530538676317E-5	0.5000110649516715	0.5000229887862444	0.4999967625226349	0.5000011582396452	0.49999098253861596	
0.999990673262212	0.9999994688228532	0.83335979961447	0.9999859505116213	0.5000083148558466	0.5000218115669276	0.5000003189439699	0.49999914283382707	0.4999898751489286	
0.999990301852448	0.9999901958533813	0.8333851061600656	0.7999789559801527	0.5000087211438567	0.5000216924698082	0.5000000197956234	0.49999907289604206	0.4999918134276345	
0.9999903530141661	0.9999954649162108	0.8333851061600656	0.5999938159122037	0.5000086696576617	0.5000226843732565	0.5000000025112018	0.4999990468427429	0.4999918323452442	
0.9999903126081499	0.9999933837710469	0.8333807189855708	0.4000935699762167	0.500009082444887	0.500022641887828	0.4999999273208524	0.4999991055575087	0.4999911075973402	
0.9999857304222027	0.9999963300735171	0.8332084557475566	0.1999745778767879	0.5000102974641611	0.500022593218366	0.49999992842215546	0.4999985149337395	0.4999911159348484	
0.9999854121993949	0.9999977339475467	0.8332247069664261	8.174006168841269E-5	0.5000095864500469	0.5000217467913001	0.49999992109043173	0.4999980500800474	0.4999915910559525	
0.9999933082207325	0.9999941909633738	0.6665906015086472	0.9999992939429881	0.5000082805359366	0.5000220513537138	0.5000000439080249	0.5000014156260012	0.49999178791625576	
0.9999965417675585	0.9999961958892819	0.6666638916478128	0.750020469696192	0.5000086669413949	0.5000220453974815	0.49999997314149	0.49999907060225557	0.4999924802391052	
0.9999905704972527	0.9999944917319517	0.6665706068432181	0.5000329217894575	0.5000091650789645	0.5000217495981917	0.5000003890194953	0.5000010852854266	0.49999040489040836	
0.9999902351941853	0.9999963095311825	0.6666161536421886	0.24999664054659065	0.5000119728252042	0.5000226253707655	0.49999990027921215	0.500001123686794	0.4999914207829156	
0.9999969428405565	0.9999897981875383	0.6666573347907969	6.931499916598344E-7	0.5000092765360187	0.5000226513212411	0.49999407891529635	0.4999982463711796	0.4999914964344627	
0.9999975751978065	0.9999904077190501	0.4999633665639884	0.9999960974381874	0.5000129699609439	0.5000217422658144	0.5000003257706676	0.5000005642507672	0.49999042719290604	
0.9999985277464574	0.9999963530302403	0.5000322472412085	0.6666372825781731	0.500005166997697	0.5000217576766547	0.5000009793587373	0.49999853833068153	0.49999167636018405	
0.9999918462189685	0.9999963893022544	0.5000321955715921	0.3333456921651781	0.5000063839133015	0.5000230137857143	0.5000009480697362	0.5000004815071023	0.499991418802239	
0.9999632326436081	0.9999707987528801	0.5001760086005786	3.221839227056419E-4	0.5000103395921591	0.5000219348344024	0.500000888833705	0.5000004772748522	0.4999913471003002	
0.9999882802759754	0.9999962213911543	0.3334505041771287	0.999859548472484	0.5000060944935779	0.5000220304050473	0.5000014227263676	0.5000005363956451	0.49999014393476193	
0.9999882999330684	0.9999929155762421	0.33341897475041526	0.5000426101656555	0.5000072629178182	0.5000220617916346	0.5000007658686809	0.5000008345718858	0.49999013004617376	
0.9999925653636506	0.9999899748968692	0.3334517020672723	1.1866184888369762E-5	0.5000073253808038	0.5000218413525938	0.49999967503266535	0.4999988890359549	0.49999006690182973	
0.9999900292044428	0.9999967930703667	0.1666084464182361	0.99991569079711	0.5000131761263111	0.5000220530172379	0.5000003385447882	0.5000005737573738	0.49999145671653694	
0.9999762172178738	0.999998787728392	0.1666084464182361	6.381517480539043E-5	0.500013196844078	0.5000224360137215	0.5000014948807883	0.5000005352421735	0.49999142071936337	
0.9999997803955366	0.9999957996530365	1.846165423123217E-5	0.5250068674754517	0.5000108503897196	0.5000220959053845	0.4999972818649694	0.5000004666333777	0.49999054413633787	
0.9999977686228793	0.8333491805012909	0.9999976551216058	0.9999961695753639	0.500009170069976	0.5000217719236498	0.4999998993785157	0.4999996548591396	0.49998981790155916	
0.999996115061337	0.8333499082204968	0.9999999386710237	0.7999789549206708	0.500010859860887	0.500021737042373	0.4999998961875958	0.49999849356893616	0.49999172459679864	
0.9999964822854477	0.833349602637319	0.9999997598089765	0.6000318089782083	0.5000085915894185	0.5000217141451718	0.4999997260496183	0.5000008230835491	0.4999918157246812	
0.99999643408567	0.8333873091164912	0.9999998308065006	0.40011675701451904	0.5000099347720945	0.5000225528316438	0.4999934104190863	0.499998771719782	0.4999917073392671	
0.9999903331974959	0.8333898872999109	0.9999699810471997	0.1999731113640523	0.5000093662481848	0.5000226175813969	0.4999937301265646	0.49999985656618373	0.4999909655002451	
0.9999964233741695	0.8332835367405151	0.9999476039947162	1.0522263129376956E-6	0.5000093931981773	0.5000225956418167	0.4999999653787532	0.4999997216017365	0.4999914619456896	
0.9999936906189894	0.8333496348194649	0.8000173915395619	0.9999940810733056	0.500008270196446	0.5000217461374425	0.500000045204311	0.5000010758231447	0.49999183622171334	
0.9999985009416905	0.8333579737720473	0.7999750161630677	0.7500234053826111	0.5000121208232231	0.5000216891603567	0.4999996004969785	0.49999887613709393	0.4999901549365227	
0.9999925032218352	0.8333590801179508	0.7999750181022238	0.5000495633774368	0.5000091027762309	0.5000219431619567	0.4999996042742228	0.5000002303622246	0.49999239941276075	
0.9999862899861813	0.8333898867167063	0.8000154146021559	0.25014670067355516	0.5000103204407885	0.5000217496090611	0.4999995497721938	0.4999996837427834	0.49999186589293665	
0.9999970394940445	0.8333878488017733	0.800018524133026	3.126149362573917E-5	0.5000093944223906	0.5000226095939517	0.4999940531471884	0.49999993133932824	0.4999912961328659	
0.9999881688256839	0.8333585807940299	0.6001219036749569	0.99986523280533	0.5000083590586135	0.5000226423690859	0.500000945315555	0.5000006113076904	0.49999240731493094	
0.999921272436597	0.833355565230028	0.600110809238944	0.6666485864915525	0.5000089408464018	0.5000219209371174	0.500000322777551	0.4999991555164193	0.4999917330736749	
0.9999927665248577	0.8333590320830958	0.6000094402203799	0.33347925237804826	0.5000090077979662	0.5000221971606229	0.5000007564666814	0.5000016965250066	0.4999923958935987	
0.9999944680199556	0.8333595069173395	0.5999898655635059	4.44217850545741E-6	0.500009312345575	0.5000230689005228	0.5000007421007711	0.4999983904596556	0.4999924143837687	
0.9999776143173861	0.8333585785451996	0.4001505682038932	0.9996962177529952	0.500010473020147	0.5000219145031859	0.5000003164292861	0.5000005987402447	0.49999239076040836	
0.9999897130936037	0.8333590320849656	0.3999741916907389	0.49995636779266195	0.5000088982490062	0.5000221705429043	0.5000009823345057	0.5000000677368401	0.49999253136156185	
0.9999917321941755	0.8333610670094631	0.39997099162302274	2.431251909458227E-5	0.5000073204762735	0.5000228662334258	0.5000007408806973	0.49999988113099797	0.4999902582668106	
0.9999898508130547	0.8333590382319849	0.200043896360203	0.9998737126981322	0.5000089417440197	0.5000221160003617	0.500003250796921	0.5000018446043772	0.4999905909632645	
0.9999927602760988	0.8333590382206147	0.2000438885578745	1.4260937802233284E-4	0.500007492012801	0.5000217694179283	0.49999621263571337	0.5000005151601297	0.4999917663849771	
0.9999992470906452	0.8333554351425766	1.1130532006616685E-5	0.9063511261449184	0.5000073354205666	0.5000222338478791	0.5000005286451038	0.4999989411550556	0.4999902937338003	
0.9999975627500902	0.6667119415872952	0.9999976554286932	0.9999613402181937	0.50001087482309	0.5000217731481404	0.5000001302155876	0.49999965184809547	0.4999917262849881	
0.9999906916995754	0.6667843823171699	0.9998592155967886	0.749973319252859	0.500005702514709	0.5000222169406611	0.5000002354571458	0.49999872409817986	0.49999195979285715	
0.9999983936496755	0.6666938258120771	0.9999915378935713	0.4999916755265901	0.5000055559044596	0.5000226525503614	0.49999410988430487	0.4999990521885623	0.49999176856032795	
0.9999945240063771	0.66669384514048	0.9999689869793856	0.2500106348141149	0.5000125025337995	0.5000225391406822	0.49999672046853344	0.49999885666963867	0.4999909579515778	
0.9999945237571075	0.6666991000648433	0.9999780717705962	2.9575035520587587E-5	0.5000096407390758	0.5000229695467022	0.4999967614990165	0.4999998651624755	0.4999910007045677	
0.999993655641282	0.6667118670626874	0.749954382290993	0.999961347600964	0.5000107947274565	0.5000222226897095	0.5000001501179985	0.499999652451011	0.4999920229411244	
0.9999935821182147	0.6667502320294568	0.7499573207776659	0.6667495323055963	0.5000055426530068	0.5000221522198341	0.5000004756709555	0.49999706149282713	0.49999190073424615	
0.9999979171180848	0.6666980776934727	0.7500124152260089	0.333316331074987	0.5000124982438318	0.5000225380547261	0.49999671427343867	0.4999999317965341	0.4999912723602184	
0.999999269233357	0.6666977733597101	0.7499554916403968	2.1276553024167128E-5	0.500007284506634	0.5000225793077177	0.5000001914991208	0.5000004593473965	0.49999243009554833	
0.9999817305302215	0.6667552207453754	0.49996558669139185	0.999913184997444	0.5000106936175331	0.50002193075818	0.49999605339567066	0.500002396746763	0.49999109650137646	
0.9999921011978891	0.6667442803189095	0.49996057526210247	0.5000479503685445	0.5000091823897653	0.5000229784302745	0.5000001932249888	0.4999987603357241	0.49999056985419243	
0.9999944020477316	0.6667339336495347	0.49992634799428176	1.2839949293315539E-5	0.5000101609395905	0.5000230973852107	0.5000002387682542	0.5000005612810893	0.49999050232554954	
0.9999190993908988	0.6669335460042713	0.25089535435007976	0.9969794570539493	0.5000059982529971	0.5000218582418111	0.4999983897257125	0.49999828921110523	0.49999062428219226	
0.9999813083033862	0.6667604466832282	0.25018804507588815	3.536458655423343E-4	0.5000106890779895	0.5000218345488846	0.5000033855256399	0.4999991008343138	0.4999914477298664	
0.9999896663290954	0.6667444032948665	3.540329942804358E-5	0.4871008677015296	0.5000106721132199	0.5000218067465139	0.5000008842535894	0.5000005057662303	0.4999917451942953	
0.9999963853094148	0.5001375555280836	0.9998731058829488	0.9998923321979591	0.5000057733146971	0.5000226726640481	0.5000002636759416	0.499998767551718	0.49999049011420815	
0.9999607000260934	0.500147088297715	0.9998481213197501	0.6667494933306561	0.5000109437415254	0.500021754523198	0.5000004675433503	0.4999987288748133	0.4999918574280329	
0.9999628851095272	0.5001295363374271	0.9999573764980925	0.33332022767161024	0.5000103213156335	0.5000217999043032	0.4999930295395337	0.500000196201533	0.4999905836946626	
0.9999310119867183	0.5001321682394266	0.9999631668735068	7.942251800721406E-4	0.5000072998886138	0.500023188827416	0.5000002438285213	0.4999998295429449	0.4999905743456744	
0.9999905821843746	0.500136724376209	0.6666758511840188	0.9999008219625389	0.5000057738499879	0.5000226874636162	0.5000002659350706	0.49999876595563497	0.49999064799647275	
0.9999886389620328	0.499988772166473	0.666716239490017	0.5000456103078316	0.5000110148585166	0.5000249811299811	0.5000002691388518	0.49999885496943575	0.4999924769166418	
0.9999944590569311	0.5001681305414312	0.6667162280487108	5.397448197343245E-4	0.5000072600910518	0.5000226527974762	0.5000007511483984	0.5000001816158153	0.4999902579820275	
0.9999633381396864	0.5001681796017026	0.33395469055759436	0.9989548007273142	0.5000082342306983	0.500023703798209	0.5000004661088072	0.4999990583124048	0.49998993997044044	
0.9999770872146375	0.5001206266626234	0.3335253215396392	5.977102770313424E-4	0.5000059980380369	0.5000218589616918	0.5000004920470343	0.49999900753322657	0.4999913009164674	
0.9999970536217743	0.4999777805547829	5.6234668026484496E-6	0.8190508887681148	0.5000064101989482	0.5000224669923771	0.5000000616138124	0.5000005307201801	0.4999916894073037	
0.9999948757635119	0.33333929483920094	0.9999425297945199	0.9999888889280982	0.500005865615008	0.50002494273303	0.5000002504671627	0.4999986655713456	0.4999905909081281	
0.9999946742398909	0.33333941183275817	0.9999910534380783	0.5000484454270275	0.5000076549836069	0.5000226798486963	0.4999929801515021	0.49999842408001477	0.49999146665011995	
0.9999999072205641	0.33356990206679354	0.9998477683774878	6.128565389815983E-4	0.5000081835869069	0.5000238104623448	0.5000005712478257	0.5000001668810727	0.4999904725433947	
0.9999939488938139	0.33333929487765385	0.500106379293131	0.9998105046833783	0.5000111702651899	0.5000222900845182	0.5000001945561654	0.5000012085681668	0.4999906217507784	
0.9999939486956845	0.33333954750597966	0.4999444962250902	2.3980233423537387E-5	0.500006327222459	0.5000229948649122	0.49999610451592524	0.5000016542049223	0.49999134488706376	
0.9999970485816599	0.3333396565159295	1.0548704535313818E-5	0.4151487004436686	0.500006328643339	0.500022467015509	0.4999997297190301	0.5000005287173869	0.4999913152119676	
0.9999618332038814	0.1669219317405574	0.999298521173038	0.9995738963272769	0.5000061466904802	0.5000239196761707	0.4999972969682302	0.500000034528243	0.49999047200530167	
0.9999618332038814	0.1669219317405574	0.999298521173038	6.102864210289207E-4	0.5000061466904802	0.5000238092407587	0.49999984674678966	0.500000034528243	0.49999047200530167	
0.9999749683513922	0.16683259985204155	0.0010839681691502618	0.5240659030264392	0.5000069373221329	0.5000246101977113	0.5000007508774902	0.5000001894173759	0.4999913273019808	
0.9999996675737144	2.3158229801502897E-6	0.8525874889384651	0.4989606877997316	0.5000063315879216	0.5000223877966029	0.5000002935223253	0.500000615107349	0.49999184459668217	
0.8333272120698122	0.9999995227624892	0.9999997615235527	0.9999991678147464	0.5000096283768095	0.5000217773223687	0.500000304391994	0.49999912108196387	0.4999918287858212	
0.8333278107521706	0.9999994812728011	0.999999758115578	0.7999790343033523	0.5000096238864221	0.5000219400682592	0.5000000201794279	0.4999990669110836	0.49999249272045065	
0.8333321382260506	0.9999954461209194	0.9999993745121485	0.5999931642838034	0.5000089681177025	0.500021748240899	0.5000008376573674	0.5000000519026497	0.499990665787785	
0.8333272653319609	0.9999934848743656	0.9999997238424299	0.39991127641656676	0.5000052965820053	0.5000217416365759	0.49999992539918126	0.4999996804952453	0.4999918756062451	
0.8333273169301684	0.9999945850603279	0.9999881675190645	0.1999725061032706	0.5000099435699848	0.5000226325760371	0.4999995393944839	0.4999990374891643	0.49999186976711724	
0.8333258193331856	0.9999962990415369	0.9999989055580826	1.923980342391496E-6	0.5000094047982889	0.5000229889660492	0.4999999716349726	0.49999985285470827	0.4999909659524585	
0.8333274262704661	0.9999965764326196	0.8000162254041199	0.9999997264304393	0.5000101309053673	0.5000217374612337	0.5000003098267386	0.4999991974477133	0.49999167668090566	
0.8333278045408047	0.9999986400435389	0.8000174481289632	0.749972796238224	0.5000100578311876	0.5000227130024583	0.500000015651445	0.4999988428040196	0.4999916680470385	
0.8333271859705383	0.9999951341954875	0.8000153470206406	0.5000393283884998	0.5000092101291892	0.5000217466412729	0.5000000747046058	0.49999906267262406	0.49999181985154734	
0.8333269771559283	0.9999934011602006	0.8000153497701024	0.24996782064728842	0.5000092143414099	0.5000217496155905	0.5000008666479371	0.500000030990316	0.4999918658498938	
0.8333346931286548	0.999996482035379	0.8000154076742545	1.4238594224614882E-5	0.5000099808898354	0.5000217606524814	0.4999995429624032	0.49999970040971553	0.4999918720347033	
0.8333398705732947	0.9999874425474725	0.5999520964723608	0.9999992176455483	0.5000082920686962	0.5000220988719445	0.5000003768189147	0.49999910105898393	0.49999250947838997	
0.8333258213200285	0.9999873121276752	0.5999911645719468	0.6668350444191092	0.500005500394374	0.5000220792526773	0.5000003935114995	0.5000009786084554	0.4999922292399068	
0.8333284013722684	0.999998573801812	0.5999862681588864	0.3333458531166217	0.5000064164011874	0.5000220792689001	0.5000008413205566	0.4999990147576007	0.499992048416266	
0.8333284015059113	0.9999989175214534	0.6000086260673718	9.202378547367115E-6	0.5000062692014838	0.5000221216616688	0.4999998556483125	0.5000019365813152	0.49999151199011593	
0.8333268792682171	0.9999997151525865	0.39997419359497227	0.9999999514145228	0.5000088892670533	0.5000221019629162	0.5000003301085035	0.5000005471357656	0.499992428307521	
0.8333267444950041	0.9999928928676993	0.3999741891906666	0.4999556910549918	0.5000089646685104	0.5000221024678112	0.50000020600766	0.49999906278809086	0.4999917418495179	
0.8333282483915951	0.9999977926773026	0.3999742573092682	2.1901807908652744E-6	0.5000120815114558	0.5000221341261837	0.4999999587605329	0.5000002997333528	0.4999918020455807	
0.8333341231544172	0.9999966779285249	0.20004370181669603	0.9999159944969754	0.5000102372139339	0.5000221572071393	0.5000002675705797	0.5000005944398981	0.49999142389325213	
0.8333342912100846	0.999992813915217	0.20004371974119609	3.684986455226794E-5	0.5000102443484828	0.5000221223976242	0.5000002047674232	0.5000005544617949	0.49999138769044277	
0.8333342181375277	0.9999958219803767	1.10719894531361E-5	0.5552239402144303	0.500010096320929	0.500022102824797	0.5000003230322664	0.5000004839406307	0.49999210728960164	
0.8333270274160958	0.7999785916082665	0.9999976860752635	0.9999965795386089	0.5000089218920556	0.5000217627624284	0.5000003166026388	0.4999991949470289	0.49999082414810525	
0.8333273732793286	0.7999891839007026	0.9999975579083393	0.7500243534204039	0.5000086957837977	0.5000217685168591	0.5000009269787634	0.49999964580082845	0.4999908735014582	
0.833334256246651	0.7999896523570427	0.9999893935095272	0.49997450042826075	0.5000120595858173	0.5000225994510463	0.5000006494076507	0.49999867546121124	0.4999905987639622	
0.833332538597874	0.7999896824608936	0.9999976744047817	0.24996858384367	0.5000093626329838	0.5000225324177713	0.5000009002025878	0.4999999523396637	0.4999919128983679	
0.8333325598943918	0.7999877747051867	0.9999999556182099	4.175209665854704E-6	0.5000073443934842	0.5000229736568061	0.4999941326431371	0.5000009338641028	0.4999916891494399	
0.833323892972772	0.7999784351759961	0.7500850324662391	0.999977835376104	0.5000089468527065	0.5000216916674337	0.5000000212774967	0.4999988841378058	0.4999904894054651	
0.8333272299691638	0.7999924090458834	0.7499450219848929	0.6667529697972058	0.500009613301908	0.5000219421740333	0.5000003134340261	0.49999914436309023	0.49999185602357527	
0.8333342995473727	0.799991881304081	0.7499575762446157	0.33334814587270295	0.5000067307644032	0.5000219456080621	0.5000003110539356	0.4999987946106585	0.4999910986749517	
0.8333342978566496	0.7999917544074894	0.7500265901526884	1.4494114013308384E-5	0.5000067326576202	0.5000226041266107	0.5000003086498082	0.5000014129865409	0.499991888223232	
0.8333276605160794	0.799974825181629	0.4999541325291078	0.9999851903402425	0.5000107727154188	0.5000224776766036	0.5000004881934135	0.4999999336809399	0.49999113327671085	
0.8333342846013599	0.7999916468455576	0.5000353017342192	0.5000491760139956	0.5000055701186644	0.5000221643811298	0.5000003269409931	0.49999852116668286	0.4999924770120201	
0.8333342157685818	0.7999917803396976	0.5000353036621606	4.0167344380078765E-5	0.5000101362822196	0.5000217599500968	0.5000002047342228	0.5000011751655526	0.4999923853470932	
0.8333344215729641	0.7999917804654664	0.25000584021049366	0.9999845219043447	0.5000060934921653	0.5000218778207739	0.4999999487284669	0.5000012787004207	0.49999167216166784	
0.8333342915624132	0.7999999913344024	0.2499965649365078	6.817647017109352E-5	0.5000061690889157	0.500022119484326	0.5000002591618485	0.5000008506685121	0.49999240982858256	
0.8333344098412392	0.7999917625701777	9.432998450981805E-7	0.42641616381880887	0.5000062417557652	0.5000221020257803	0.499999950043762	0.5000013460469903	0.49999246402727043	
0.8333337039702414	0.6000045438181223	0.9999977011727409	0.9999843269456253	0.5000096454136641	0.5000225564825879	0.500000314536315	0.49999886188881254	0.4999906166315549	
0.8333344429240913	0.6000161028843857	0.9999971336744411	0.6667344101569973	0.500005548738838	0.5000217388967894	0.5000003647543807	0.500001594960681	0.49999167515062476	
0.8333326012048341	0.5999923434900778	0.9999976959221334	0.3332903128968984	0.5000086058548484	0.5000234297675652	0.5000001953706132	0.49999886157040835	0.49999153271004193	
0.8333323897829349	0.5999575071310556	0.999999950181036	4.988636243517924E-7	0.5000093310036473	0.5000225359690986	0.499999817491281	0.4999998635949796	0.4999909629739286	
0.833334365131893	0.6000045876125745	0.6667003125663329	0.9999832913087894	0.500009188606449	0.5000217465808855	0.5000003022071792	0.4999991960693917	0.499990511533793	
0.8333345571571358	0.5999971979782015	0.6667003034744136	0.5000490993898103	0.5000102200943931	0.5000217378686683	0.5000007237640549	0.5000011379145715	0.49999237893051	
0.833332396338896	0.5999971993359473	0.6667003034744136	1.025688331885337E-6	0.5000072612744448	0.5000225509646028	0.5000002252364456	0.49999971258670595	0.4999913836690997	
0.8333343318490027	0.6000272331884586	0.3337650581849758	0.9992478964751308	0.5000055172651459	0.5000219001649931	0.49999997021199355	0.5000013564325702	0.49999185296095405	
0.8333302084207349	0.6000382119096613	0.33355729051526095	1.4190135347088502E-4	0.5000074749893392	0.5000229002280044	0.49999974645020767	0.5000016984784399	0.4999917139485189	
0.8333343867059486	0.6000270494804064	5.1056306626285296E-5	0.5323936045024609	0.5000059582961051	0.50002198572508	0.500000494252869	0.4999998586575197	0.4999913926125149	
0.8333316544106892	0.4000396579607977	0.9999906446629251	0.9999563951673056	0.5000064088770253	0.5000217333743429	0.4999999921193691	0.49999863370732306	0.4999906532210594	
0.8333278019976412	0.40003960696146396	0.9999446416160093	0.5000486293488092	0.5000054316243228	0.5000231523843448	0.5000001219845763	0.5000003660336468	0.4999914930616401	
0.8333325343964951	0.40004003807329275	0.9998483868350688	3.706325408042612E-7	0.5000061436918772	0.5000225505532032	0.5000008994532941	0.4999998616044393	0.4999918728243359	
0.8333308264498859	0.4000411335494457	0.500106300056033	0.9998112694275562	0.5000058141175248	0.5000230660201564	0.5000001877434349	0.5000012094391838	0.4999906310897569	
0.8333340562195936	0.4000400396548033	0.5001062235540468	5.004882829192229E-5	0.5000090524214049	0.5000224401399755	0.49999650422108877	0.5000003519426268	0.4999911379265006	
0.8333277000321951	0.40004112585005813	1.0203080500061728E-4	0.4890516829955041	0.5000079432240608	0.5000217719805109	0.5000002352887348	0.49999905163610525	0.49999167348362417	
0.8333319561409506	0.20003192610231932	0.9999631399719734	0.99993361124146	0.5000058823066721	0.5000231887458796	0.5000002379084527	0.5000012896112319	0.49999115864327287	
0.8333229946416135	0.2000271371724814	0.9999975375554307	2.385888339520879E-5	0.500007278491009	0.5000226529312428	0.4999970575181739	0.5000004110197098	0.49999118794079445	
0.8333276579180575	0.2000227541146312	1.0103790775303146E-4	0.49767533205288805	0.500005473726595	0.5000235163400513	0.5000001939434839	0.50000039838079	0.49999180244631763	
0.8333323752310039	6.644524248337208E-6	0.658208314684571	0.5236325809725532	0.500004798200142	0.5000237513296385	0.49999708480275623	0.500000495319804	0.499991597644045	
0.6666675434315303	0.9999966070366518	0.99999744312594	0.9999997258756496	0.5000084380403879	0.5000217733232828	0.4999975797249395	0.499999048167901	0.4999921710922376	
0.666663508190207	0.9999962358864709	0.9999992238124604	0.7499743183429551	0.5000085151341966	0.5000217485460053	0.49999374038182803	0.49999913432004	0.49999170844728924	
0.666662267018432	0.9999999049024831	0.9999977472241179	0.5000496649146667	0.5000109814044883	0.5000217468402978	0.5000007768186365	0.49999906568739977	0.49999189833005747	
0.6666630527837847	0.9999940797420176	0.9999965807337647	0.2499694808121983	0.5000086733482767	0.5000217415910972	0.5000007814841505	0.5000011582546556	0.49999183268826686	
0.6666931290541287	0.9999770206313604	0.9999872259093802	2.481929488368659E-5	0.5000092859504828	0.5000226466332041	0.5000007751268528	0.49999821271025124	0.4999909583498781	
0.6666944299302688	0.9999937281312713	0.7500982291224872	0.9999527283062873	0.5000087208134085	0.5000219931187292	0.49999747659779314	0.49999899368991185	0.49999058693886494	
0.6666915487228506	0.9999744900715976	0.7500849614097386	0.6667036498693498	0.5000056523216074	0.5000239477687268	0.5000003916666894	0.499999227424698	0.49999070762811476	
0.6666904493304482	0.9999934703208426	0.7499461774407747	0.33334584629779634	0.5000111167365155	0.5000218001183271	0.5000008648740571	0.5000011059002643	0.4999919086779569	
0.6666901371026432	0.9999897107044219	0.749848073790543	7.480668910148154E-7	0.5000053076487068	0.5000229651098304	0.49999974996520696	0.500001064554819	0.49999150195941205	
0.6666922056663672	0.9999745673613502	0.5000366269350918	0.9999851902800087	0.5000054238114825	0.5000224772252698	0.5000004697894026	0.5000004008476412	0.4999922358604447	
0.6666852171008346	0.999987429424131	0.500037677522441	0.5000470661608472	0.5000051336125467	0.5000237515850977	0.5000005171701483	0.4999991864225965	0.4999915495866241	
0.6666961255633843	0.9998968624264319	0.5001051963281959	5.535596429236842E-5	0.500004950644307	0.5000229797255155	0.4999972863507897	0.49999857764944716	0.49999101290644515	
0.6666935949642694	0.9999890192637547	0.2500493348921064	0.9998772646307179	0.5000055131631431	0.5000221062669398	0.4999977664036875	0.5000005671398524	0.4999914289573165	
0.6667613023458491	0.9999498426289622	0.25021233676613613	6.18644497464325E-4	0.500005998849349	0.5000230800000846	0.5000031234825301	0.5000008504094127	0.4999916195870861	
0.6666956781749283	0.9999928605571501	3.917407277848062E-5	0.5568430509579432	0.5000100316708069	0.5000224532410711	0.49999691335458507	0.5000009850911652	0.4999914866508838	
0.6666635030242237	0.7500651045032047	0.9999881835671163	0.9999740213940549	0.5000096381003394	0.5000220413375457	0.49999767217579383	0.49999994209221277	0.4999905948475904	
0.6666635649068579	0.7499752351211919	0.9999990240928762	0.6667600914012363	0.500009195644225	0.5000227161066663	0.4999934324748432	0.49999875023868673	0.4999910972183455	
0.6666642514194262	0.7499758557483253	0.9999999995452442	0.33335541240991395	0.5000118517844159	0.500023155387553	0.49999999280496626	0.49999960977583924	0.4999906914366915	
0.6666891383949529	0.7499655291919498	0.9999998536800501	3.686317201289803E-7	0.5000097286324222	0.5000225842577798	0.5000001888582765	0.4999996875806594	0.4999918306285656	
0.666691222654723	0.750035552365482	0.6665677222030961	0.9999965813727322	0.500008709635744	0.5000227168946807	0.5000004699054296	0.5000003950678914	0.4999908582283594	
0.6666844629088939	0.7500595806216974	0.6666608012176517	0.5000511163417278	0.5000054722163428	0.5000226132898942	0.5000038580873917	0.5000011846456638	0.49999241853850096	
0.6666853840737922	0.7499914647129957	0.6666994558777786	4.10507168888686E-5	0.5000072917223385	0.500022614081074	0.5000009828767877	0.4999988013220116	0.49999131574621575	
0.6666922900979375	0.750035552365482	0.33350195261759963	0.9989010077473602	0.5000086457969156	0.5000218841398494	0.5000004687114246	0.5000010817610537	0.4999916867051193	
0.6667613463874614	0.7500915272357648	0.3332636710783424	7.4991663629582E-5	0.5000053829505733	0.5000221081730747	0.49999764333754226	0.4999989379054281	0.49999203517055557	
0.6666923707267263	0.749884064845155	2.565123424310683E-4	0.4781087631204939	0.5000059869333072	0.5000217480160509	0.5000002528573105	0.4999984892730546	0.49999168419069917	
0.6666801111231271	0.4999942161196285	0.9999917195071226	0.9999903255805138	0.5000061801231069	0.500023078536168	0.499993791418704	0.5000000806193147	0.49999090232684723	
0.6666801111231271	0.4999942161196285	0.9999917195071226	0.5000505997557787	0.50000616090909	0.500022680509527	0.499993791418704	0.5000000959612436	0.49999045552877386	
0.6666808474097216	0.5000096735140581	0.999883235643056	3.728303658071326E-7	0.5000100469171906	0.5000225712710631	0.5000001884675633	0.49999970788831954	0.49999134405617884	
0.6666751645405914	0.5000356510972197	0.5001068540540581	0.999985298817384	0.500004195443269	0.5000224956725057	0.49999973067778947	0.5000009976780454	0.49999063482054423	
0.6666811586538884	0.4999390521727608	0.5000940215220467	1.5352751474073586E-6	0.5000064792150511	0.5000238440627806	0.4999972493510969	0.5000007954764868	0.49999025936116426	
0.6666957321271753	0.5001729674317605	3.3951143513620574E-4	0.5081273566784342	0.5000048768207843	0.5000235728880335	0.5000013995020489	0.4999987097508896	0.4999914702976418	
0.6667052154821899	0.2505731194794013	0.9987215557574266	0.9992547770025053	0.5000063561248166	0.5000237972398427	0.49999629834982656	0.5000005233082233	0.49999068831258836	
0.6667272008925789	0.2502174061954131	0.9998921294671519	9.396969948153068E-4	0.49998290668522294	0.5000224181416639	0.4999995750684262	0.5000000916986693	0.49999131896601084	
0.6666960886502001	0.2502210388626413	5.585016925111544E-4	0.37026861833788094	0.5000114968643423	0.500021858260006	0.4999962248309418	0.4999987120504838	0.4999914144615931	
0.6666845067347232	4.245043206754432E-6	0.0029436650441010404	0.9985578999279919	0.5000082084766929	0.5000239202817928	0.49999714889307045	0.49999897695856355	0.49999131970446514	
0.5000477452541908	0.9999877906740362	0.9998945897718331	0.9999894426354015	0.5000096250070629	0.5000236493913399	0.49999988102902876	0.5000011188002293	0.4999905966767226	
0.5000624115098478	0.9999841790911365	0.9999494200073006	0.6664382838443131	0.500009554832423	0.5000220580047234	0.4999995386531352	0.4999991248038009	0.49999101558846726	
0.5002036342575317	0.9998877248608181	0.9997332318955479	0.33342412931372833	0.5000101093639879	0.50002345531275	0.5000002541096159	0.5000009904606578	0.49998994394394186	
0.5002106029177747	0.9999860859763581	0.99995131843565	3.016301188739838E-4	0.5000097008035368	0.5000220625236864	0.49999998615653235	0.5000010355557858	0.49998476411763676	
0.5002581528933329	0.9997939913852126	0.666667592298346	0.9996464825699756	0.500004206039712	0.500023713776303	0.49999803937390647	0.4999999933950868	0.49999103010687	
0.5000473824141436	0.9999168726706628	0.6666660487115791	0.5000113583956184	0.5000048888817408	0.500023136551861	0.5000038888412115	0.5000010335861266	0.49999012762626677	
0.5002585949876548	0.9998107978880627	0.6666675347163176	4.854602528885139E-4	0.5000066956754494	0.5000235480338694	0.500000168209214	0.4999987424127088	0.49999115066093747	
0.5002075476785581	0.9997934616455437	0.3334604286522408	0.9996772406843639	0.5000072808015161	0.5000237395201106	0.5000012744610978	0.5000009441528219	0.4999920277774085	
0.5002585946861678	0.9998123870835396	0.33384836857472494	0.0014121995180477634	0.5000063278510606	0.500023003818926	0.499999592653537	0.4999984888747882	0.4999913384276808	
0.5002592860393538	0.9998030084821397	2.0949349860969286E-4	0.502597785048768	0.5000059812418026	0.5000237374508503	0.4999997538763683	0.5000022925199414	0.4999820698017028	
0.5002442626569121	0.6666718452418043	0.9998947776755559	0.9998784740575419	0.5000080160816837	0.50002363673121	0.5000011237020258	0.5000010086361817	0.49998946200837624	
0.49993479749723035	0.6667139618159277	0.999982290511996	0.500008654808791	0.5000052950269669	0.5000227168284818	0.49999780169054603	0.5000014111932621	0.4999913178664881	
0.4999310019793723	0.6662463235429563	0.999997546758367	2.496995714790375E-7	0.5000056745151046	0.5000231425434051	0.5000002619289327	0.5000010250731006	0.4999915518315274	
0.5002032588377965	0.6667176985897014	0.5001054739088764	0.9994835860521184	0.5000094951095724	0.5000221602455125	0.4999927479863409	0.5000014083004574	0.4999905110062892	
0.4999295308843272	0.6664718004673841	0.500105387717017	2.1228348513783725E-4	0.5000052207135407	0.50002207871256	0.499999950636233	0.5000012392512267	0.49999167710143844	
0.5002585829966463	0.6664291059250822	2.646431900658865E-4	0.4780429327713983	0.5000062511254832	0.5000230670435619	0.49999959266551036	0.49999838665544305	0.4999913954729364	
0.5002013500964573	0.3337635667426427	0.9993022990150388	0.9993924370158478	0.4999840604378408	0.5000218671758547	0.5000002351777049	0.5000012101024492	0.49999140675154824	
0.499928450355751	0.3333111051257991	0.9999925978447276	1.4179828253104733E-5	0.5000100373613144	0.5000237978714034	0.49999984939371966	0.5000014093524728	0.49999133792152883	
0.5002015325644825	0.33377770157117925	0.001417744782324093	0.4756306797291353	0.5000054742313365	0.5000219581023042	0.49999731935378705	0.5000013080101422	0.4999914783756905	
0.5001227247367309	1.865258218735082E-4	0.7784649424162853	0.4953515871497781	0.4999822506955256	0.5000228162527298	0.4999995159433615	0.4999991745838505	0.4999913428976029	
0.3334234310640039	0.9998943390671708	0.9998850948487812	0.9998701289402905	0.5000101450809783	0.5000236382430996	0.49999764145707637	0.49999853398366295	0.49999062820899176	
0.3334271369052086	0.9998923940250268	0.9999264228216272	0.5000107515157625	0.5000053439856282	0.5000235443085357	0.500000943856108	0.49999917876759814	0.49999139820372246	
0.3334208315934962	0.9998738892857182	0.9999618599649089	7.783949220379752E-5	0.5000085530624526	0.5000239964119058	0.5000015701495018	0.4999991135544611	0.49999059641400556	
0.33342631116775373	0.9998735429499352	0.5001033196366983	0.9998824761957341	0.5000052355803177	0.5000240258261507	0.500000566991947	0.4999990977972422	0.49999130379791185	
0.33342083255884947	0.999873976051326	0.5001053877624476	5.4627634177713074E-5	0.5000072512119265	0.5000220300780744	0.5000012284295348	0.4999985756581292	0.4999910063062581	
0.3334203884337865	0.9999211133633561	2.6289726663197155E-4	0.5086168274541253	0.5000067617324018	0.5000229901667493	0.5000005185242622	0.4999984940708676	0.4999911625478861	
0.33333872307672596	0.5000089938243556	0.9999975504867326	0.9999156721616063	0.5000053710202281	0.5000235444147655	0.5000015378820458	0.49999844181969005	0.49999139816816734	
0.33342058786080625	0.50000603176088	0.999985773299627	5.4528410082268534E-5	0.5000053847061067	0.5000235491518215	0.5000012259774131	0.4999985761354929	0.49999139820763316	
0.3334200037533444	0.5000166283567475	2.2401620712053996E-4	0.5147111145152373	0.5000067567537754	0.500023025000051	0.49999971604433874	0.4999984939738313	0.4999911630693605	
0.33339494149072246	1.9939105080791383E-4	0.8046505069271435	0.4753066342805176	0.5000052378141822	0.5000219545151998	0.5000002232997213	0.5000013403470833	0.4999913077097708	
0.16677161605386268	0.9997906607793393	0.9999110769530587	0.999870873635513	0.5000140138476	0.5000240078058843	0.4999975579159187	0.4999999576756884	0.4999913174462559	
0.16714538205723223	0.999168488356651	0.9988482415520915	4.457366646600391E-4	0.4999810097123686	0.5000239962769149	0.5000004065339315	0.49999990634983094	0.49999154756777797	
0.1669400740151879	0.9997859241923278	0.0015824810038872956	0.49975424834520954	0.5000064959066329	0.5000239511050394	0.4999971213292188	0.4999999914230163	0.499990450019433	
0.16677095270987236	4.970133741744372E-4	0.7667728219894697	0.5136218395913461	0.5000062094615221	0.5000239492823153	0.500000354992102	0.5000006077946308	0.4999917793166955	
4.552316248657151E-6	0.6669082648427452	0.5009487834224069	0.9876138028744023	0.5000072725142362	0.5000237975358746	0.5000012012155932	0.49999850178868516	0.49998514559358326	
