0.9999940906413384	0.9999982830601277	0.9999942100269286	0.9999944975451287	0.5000015878144147	0.5000088925476159	0.5000019388490682	0.500001359645871	0.4999987664359643	
0.9999990754783505	0.9999987860184804	0.9999976969287128	0.8333419800181078	0.4999995712433021	0.5000068782109887	0.499998307985085	0.4999977585730666	0.4999990690693341	
0.9999950594481617	0.9999987746538774	0.9999925647584037	0.6666934154341816	0.5000001290294068	0.5000024463461977	0.5000004027912399	0.5000014381433584	0.4999990859067742	
0.9999905569581888	0.9999738541407028	0.9999998099175255	0.5000038475162359	0.4999997031568298	0.5000068148228506	0.50000009166603	0.4999975509320262	0.49999818385622596	
0.9999935547058459	0.9999751666791429	0.9999979164943923	0.33320530865261466	0.49999970354587325	0.5000026663096167	0.5000006487349115	0.5000011939309129	0.49999847877785897	
0.9999991198334607	0.9999891199860204	0.9999967631489547	0.1666691677616878	0.4999993794121833	0.5000038459418109	0.5000001405938205	0.500001364752059	0.49999807268976354	
0.9999862094887969	0.9999922340710694	0.9999946514067882	8.072250155555563E-6	0.4999996370803831	0.5000026603752512	0.5000006392641231	0.5000003095655569	0.4999981719634521	
0.9999993113447995	0.9999995828764122	0.8333260362993464	0.9999965074593701	0.5000001296237678	0.5000025578774118	0.5000004028402553	0.499999689016291	0.4999990773981825	
0.9999967491245051	0.9999995432617034	0.833317360428236	0.7999946367091123	0.499999831374504	0.5000064863082315	0.5000004154128745	0.5000004888658083	0.4999986472810857	
0.9999864182947997	0.9999840283049671	0.8333327811685508	0.5999117561340005	0.49999935280898855	0.5000024197845125	0.5000003622855617	0.5000001842327538	0.5000001204931934	
0.9999949642857484	0.9999997642761799	0.8333333429844569	0.399984752136588	0.4999998637402054	0.5000040627116109	0.5000003499625327	0.5000002683809034	0.49999845632054535	
0.9999935166253582	0.9999941706728963	0.8333614853365624	0.2000155603080283	0.4999995221241341	0.5000022987734798	0.500000095224763	0.5000012132313707	0.49999973099983297	
0.9999952072842871	0.9999941273103483	0.8333615032885933	1.768425505095011E-5	0.499999294421342	0.5000035864057689	0.5000001406066473	0.5000001398564468	0.49999971588603065	
0.9999834610049761	0.9999743242817501	0.6668062463568047	0.9998731273929926	0.5000016545759648	0.5000064538437409	0.5000019720930083	0.5000004788669447	0.49999865282987516	
0.9999776362714574	0.999978418609032	0.6668060245965971	0.7499231994639673	0.5000016513016492	0.5000064533178925	0.4999995998007255	0.5000005037482101	0.5000001662031696	
0.9999794403611049	0.9995555064018418	0.6666565743772184	0.5000256139722787	0.5000001317934357	0.5000037320103371	0.5000019841122734	0.5000007279945957	0.49999863429290364	
0.9999801279146996	0.9999897089766899	0.6666552995805217	0.25017435915525993	0.49999932098907773	0.5000027126182471	0.500000349996415	0.49999934801405266	0.5000000852500386	
0.999998893594811	0.9999947442428097	0.6666553369515127	1.7949642672028388E-6	0.4999997055853988	0.5000036545160912	0.5000012600518882	0.49999864668208144	0.499997613125933	
0.999999177335814	0.9999959026984916	0.5000104871630388	0.9999796344586191	0.49999921053033747	0.5000063954971344	0.5000013254254239	0.49999819399005657	0.4999972756568496	
0.9999972789663484	0.999989034094707	0.5000030346554697	0.6666214042535107	0.4999998459688645	0.5000021468069279	0.4999999037716819	0.4999985497562687	0.49999946696391906	
0.9999972929553811	0.9999959074994095	0.5000106553276014	0.33340170987584233	0.49999981715615716	0.5000043292795678	0.4999999826740415	0.5000006004296302	0.4999984585437349	
0.9999795707224785	0.9999800941490711	0.5001494563526272	4.3629850102052737E-4	0.4999990782692115	0.500028240184216	0.5000003089938575	0.49999885811144346	0.49999647788767526	
0.9999998498450543	0.9999960610728768	0.33337446721368136	0.9999910673789516	0.4999998312351739	0.5000062905847822	0.4999995661434434	0.5000012622491221	0.4999992099177533	
0.9999972950441527	0.9999965289866444	0.33335689924466405	0.499998275183864	0.4999990684074942	0.5000052773597942	0.5000002940325704	0.5000005972456341	0.4999984446862526	
0.999997932603946	0.9999965006898618	0.3333568981897796	5.287049790065834E-5	0.4999997725193096	0.5000053098457066	0.5000000707387403	0.5000005922366496	0.4999983680309667	
0.9999986913713638	0.9999952412002893	0.16675293548992356	0.999809760239446	0.49999931632298655	0.5000063991527598	0.5000002948337151	0.500000466710778	0.49999997018388803	
0.9999985980347561	0.9999952467256601	0.16675194661347806	2.4471244082495934E-4	0.4999993609093635	0.5000063817136512	0.4999998504526458	0.5000004837803462	0.499999882428413	
0.9999998046375914	0.9999964984963622	5.599226465560319E-6	0.4944713935888142	0.5000002278259852	0.500006718274376	0.5000001834413929	0.5000005155662925	0.49999978796156863	
0.9999989767816881	0.8333414828835498	0.9999942155118483	0.9999944346613922	0.5000001354588806	0.5000086498213255	0.5000014119774805	0.500001197655526	0.4999987589878688	
0.9999958592910013	0.8333420437513721	0.9999910541448107	0.7999955234833033	0.4999997931081147	0.5000022391304025	0.4999998135523161	0.5000011138331553	0.5000001779027353	
0.9999967151049679	0.8333407321650178	0.9999911880307226	0.5999799764824695	0.49999977528020983	0.500003550852462	0.5000002865405605	0.5000004485553108	0.5000001366686575	
0.9999970519891994	0.8333407554172831	0.9999987611529512	0.39998475255872906	0.4999993285942312	0.5000023283508127	0.5000002642371169	0.5000004483975304	0.49999949012388123	
0.999997101561541	0.8333406762251194	0.9999906702190056	0.20002868386499184	0.499999650236888	0.5000026896572358	0.5000003360094707	0.4999986991755879	0.500000275306642	
0.9999927525123528	0.8333433864504239	0.999994683710822	8.062277807470338E-6	0.49999965344720093	0.500007851982854	0.500000336310183	0.5000011867950089	0.5000001044469242	
0.9999967325702172	0.8333404184420932	0.7999917571502345	0.9999511133996318	0.49999876459921383	0.5000035377320755	0.5000015361353791	0.5000011428702186	0.5000001551268956	
0.9999967322102398	0.8333404935674597	0.8000172797982447	0.7499253829230998	0.49999876691618084	0.5000037132932413	0.4999998659886867	0.5000001636937754	0.5000001509994686	
0.9999950305039356	0.8333410995923743	0.7999855813149852	0.5000053646635175	0.49999934246390054	0.5000036738047381	0.5000002986900904	0.5000005294534817	0.49999960968180557	
0.9999958012850931	0.8333408335572533	0.7999869692709384	0.2500147522480649	0.5000021761515827	0.5000035470682049	0.5000012315480946	0.5000006053860959	0.49999984389405705	
0.9999961557013294	0.8333346943922696	0.7999861544192289	4.667208194692776E-6	0.50000221804365	0.5000054237427055	0.5000003458000045	0.5000005420285482	0.5000008912477236	
0.9999956474686617	0.8333411113753907	0.599896592899159	0.9999991545108428	0.49999981346612515	0.5000078752479775	0.4999998209800803	0.5000020532349377	0.49999863644887055	
0.9999796565135617	0.833341184834841	0.600030271563919	0.6666532383346385	0.4999991957696372	0.5000024382477549	0.4999996823867167	0.500000555603682	0.49999883481262675	
0.9999982070117297	0.8333446721300742	0.6000317277562688	0.3334073448576981	0.49999977282521607	0.5000035451342766	0.5000002900538221	0.5000004868768901	0.5000001497465232	
0.9999959614469007	0.8333449401047401	0.5999499891320901	1.0960904789922338E-6	0.5000009042270442	0.5000036556570456	0.49999959324023646	0.49999934611604824	0.5000000984287661	
0.9999993182381514	0.8333908819666287	0.40012897546792087	0.9997881873714888	0.4999992800330965	0.5000063023195758	0.5000000349296824	0.5000000216631032	0.49999921214488463	
0.999999671557313	0.8333446635321833	0.40001690232415693	0.4999974481271725	0.4999997585037605	0.500006302639371	0.49999989317485155	0.5000000558376936	0.4999992316087465	
0.999998963055046	0.833344613992814	0.40001690232415693	5.868142565673695E-5	0.49999932395575303	0.5000036547759344	0.5000007098562015	0.49999932196784025	0.49999998683114527	
0.999982797337308	0.8333445394981365	0.2001426102048868	0.9995501726351772	0.5000009545947105	0.5000064905718156	0.49999960318608866	0.49999826578822404	0.5000001142417074	
0.9999815842528006	0.8333465263115749	0.20014261273549147	5.571122873096914E-4	0.49999949504705027	0.5000037912325759	0.5000001831034756	0.500000380855651	0.4999998843137565	
0.9999993999651078	0.8333373009436056	5.336812442058478E-6	0.49967242628107666	0.49999932241141926	0.5000068480236366	0.499999864991485	0.4999985322814389	0.4999997546582073	
0.9999976142889349	0.6666999880947159	0.9999597101534593	0.9999616708944655	0.5000001158307193	0.5000071769415231	0.5000012913660615	0.5000011976697387	0.5000002728238234	
0.9999966759039436	0.6667033513974747	0.9999592603262584	0.7499926234375299	0.49999953304316763	0.5000058015368191	0.5000002929865006	0.4999984273275433	0.49999999404432804	
0.9999950338280713	0.6667122177216245	0.9999857804606412	0.5000047999712414	0.5000001718702995	0.5000023527227191	0.5000006125234572	0.5000006169359021	0.4999989997831924	
0.9999957607603487	0.6666922223645109	0.9999752873499181	0.24998997518058447	0.4999992909473221	0.50000244505874	0.500000093492721	0.5000009413555343	0.49999907121955667	
0.9999936448291367	0.6666922223645109	0.9999552030069441	3.899247433741815E-6	0.4999997114806137	0.5000023611205068	0.5000000939891664	0.5000013997147293	0.4999998981114273	
0.9999969709137503	0.6667000611353961	0.7499542237120026	0.9999613835084741	0.4999994468757032	0.500005293912189	0.49999987233243864	0.5000009076325197	0.5000001612614595	
0.9999970615733826	0.6667032495486989	0.7499531561537344	0.6666517659265573	0.49999934167782933	0.5000083150407519	0.5000007449370494	0.5000004498939058	0.5000000957144153	
0.9999931682698368	0.6667089462138654	0.7500380921697898	0.33336223943697335	0.49999934136895957	0.5000024314369852	0.4999997592103908	0.5000004491558356	0.5000000048251203	
0.9999945036783062	0.6667025244574853	0.7500026106866728	1.2383238330252069E-5	0.4999995760527261	0.5000055458838211	0.5000012189005997	0.5000005802101414	0.5000011104542071	
0.9999967358798689	0.6667087391132943	0.500012032229609	0.9999356913655715	0.49999876736544585	0.5000163744267092	0.4999997677535821	0.499997471013575	0.4999999694224454	
0.9999961635464951	0.6667039621839768	0.5000030645402963	0.49999845750783767	0.49999941751696536	0.5000025864268378	0.49999987722058825	0.4999997194202305	0.5000000040053546	
0.9999929653507448	0.6667031212500036	0.5000030645402963	1.2508480784466199E-5	0.49999982461943027	0.5000052350114434	0.5000005703009821	0.5000011579021366	0.4999998357980552	
0.9999880527770293	0.6667259823193258	0.2503267049511662	0.9987027630362266	0.4999997620266699	0.5000022752429814	0.4999999494364427	0.5000000620131063	0.5000001057759468	
0.999985988901285	0.666722988926396	0.2503267049511662	7.643231178479093E-4	0.5000003082196662	0.5000026115147437	0.4999998363153071	0.5000004703639479	0.4999998176279189	
0.9999986552692841	0.6667201246944451	1.1439992869212617E-4	0.5064222971155675	0.4999993530529807	0.5000023352974151	0.5000001428662525	0.5000004820629095	0.49999985935027447	
0.9999800370893439	0.5001288647982001	0.9998777864539569	0.9998030863190306	0.49999583243983003	0.5000025206350946	0.5000006105669923	0.4999998273161656	0.4999996472191084	
0.999994072044174	0.5000754308483117	0.9998838137181929	0.6666374728535025	0.4999992135728265	0.500005876320035	0.4999963388705878	0.500001387423581	0.49999998690799036	
0.9999933761917397	0.5000243884182287	0.9999953369090145	0.3334114206489856	0.4999996632651593	0.5000026203955552	0.5000001637632299	0.5000010843332038	0.49999963099888145	
0.9999928416386432	0.5000272405901294	0.9999306151121095	4.082133449814466E-6	0.4999996592704087	0.5000027335756244	0.500000719367464	0.5000011016707726	0.5000002790775736	
0.9999940468408421	0.5000215579017815	0.6666463323503365	0.9999860553936512	0.4999992088937744	0.5000026409142768	0.4999963614269295	0.5000002767543147	0.4999996360129194	
0.9999978045031743	0.5000215579017815	0.6666674597288341	0.499997155448325	0.49999980635942115	0.5000025918593498	0.4999998532188526	0.5000013178565759	0.49999963101130485	
0.9999881973733851	0.5001705403646346	0.6666908073752472	2.9444841631837756E-4	0.4999992162340652	0.5000024389125586	0.499999713004327	0.5000004790369642	0.49999882596257467	
0.9999961470413704	0.5000228291879271	0.33363705618210565	0.998760327298009	0.4999993972478819	0.500002640756447	0.49999990653001986	0.5000000318108206	0.4999988366031397	
0.9999961470413704	0.5000227928984252	0.33363705618210565	9.485205472517327E-5	0.4999993982366007	0.5000026139854864	0.49999990653001986	0.5000000281241527	0.4999988366031397	
0.9999930640078517	0.5000451654888433	7.431262582273648E-5	0.500181302093853	0.4999994177010199	0.5000025847827214	0.4999999509370465	0.5000013106287183	0.499999987992958	
0.9999923286339988	0.33341743585518885	0.9999180318358944	0.9999389747106635	0.49999917727286963	0.5000101000576309	0.5000005880554674	0.5000005882507444	0.49999981810967287	
0.9999960514129821	0.33334233104467975	0.9999063391729848	0.5000300945263499	0.49999929270684346	0.5000024337684978	0.5000007233077806	0.5000009277717965	0.49999996406085623	
0.9999868279121641	0.3334145922199561	0.9999321405154583	2.860925456048927E-4	0.4999992728268713	0.5000025752007008	0.499999924010218	0.5000013983260506	0.499999650173801	
0.999992332105351	0.33341356987274295	0.5000030651263899	0.9997870904357012	0.49999915818683605	0.5000024531317121	0.49999923933393997	0.5000017740007687	0.4999998046381592	
0.9999881697432274	0.3334146783183743	0.5001458713608968	3.3414688893188113E-4	0.5000001549619285	0.5000024457480454	0.4999999923412333	0.5000006692004146	0.5000000452748415	
0.999979106052657	0.33341724636777725	3.314453425658369E-4	0.49999848261962254	0.49999953292004556	0.5000021513019098	0.4999986127367815	0.5000006929158318	0.5000001058602379	
0.9999923321670685	0.16676467295343367	0.9997332747182329	0.999945165960236	0.4999993417630251	0.5000024527226223	0.50000045128461	0.5000013090102845	0.4999999792027993	
0.999942558142961	0.16738586582108325	0.9989950684187391	0.002489604105423149	0.49999919678823784	0.5000021959357944	0.500000603813558	0.5000005854181407	0.5000000018046533	
0.9999885333843707	0.16738997210950265	0.003766999732510293	0.5004910815917831	0.49999927654785825	0.5000025674079603	0.499999829369062	0.5000004147125691	0.4999999570445412	
0.9999817721770141	2.1517812080873444E-5	0.9993722239085673	0.5746474723222915	0.49999929433849666	0.50000228733816	0.4999998406328644	0.5000004139538782	0.5000000006013068	
0.8333364216194185	0.9999985193726151	0.9999977193927844	0.9999996597553954	0.49999982594939657	0.5000067424857186	0.5000004233202491	0.49999987515108446	0.4999990915584538	
0.8333387039351532	0.9999998586254245	0.9999940120305759	0.7999932699180392	0.49999983439584955	0.5000047184197586	0.5000003313217867	0.5000000328586092	0.5000001615371933	
0.8333505688895539	0.9999911530285829	0.9999939849464398	0.5999799269587651	0.4999996465108937	0.5000073060734427	0.500000294034835	0.4999986382752816	0.49999860146752095	
0.8333461451866794	0.9999935836288399	0.9999971592236383	0.3999913178754876	0.5000019423634601	0.5000024841148772	0.5000012501281649	0.5000005620549289	0.499999474232521	
0.8333461612432729	0.9999904898138205	0.9999911068518967	0.2000296141584483	0.49999965893411413	0.5000026906443383	0.5000003393170296	0.5000004076931193	0.4999981812999725	
0.8333461754851231	0.9999939102321946	0.9999963078323683	4.905967429743449E-6	0.5000022673188721	0.5000027007375742	0.5000001836539151	0.5000010842200996	0.49999995406587894	
0.8333386104946291	0.9999998273154189	0.7999736695065353	0.9999965316996928	0.4999998263885198	0.5000046400868782	0.4999998192935937	0.4999999762476962	0.4999984432732279	
0.8333359851489065	0.9999998684143058	0.8000382079371446	0.7499222097825157	0.49999983660672026	0.5000047164867155	0.49999781287620687	0.5000011363584755	0.5000001650346937	
0.8333477560849264	0.9999916854543706	0.7999740034554725	0.499999232181755	0.49999980139007993	0.5000023572055731	0.5000003526935757	0.5000002769639749	0.49999843565566104	
0.8333483440309837	0.9999882085220669	0.8000383907654218	0.250014428138542	0.49999961406192994	0.5000068763774512	0.5000001469145468	0.49999872078831215	0.4999986364594296	
0.8333462169030585	0.9999922227951723	0.7999732949562907	8.066710465346683E-6	0.49999978556093577	0.500002584939496	0.5000012261305932	0.5000003148028067	0.499998389073355	
0.8333513211162838	0.9999831323695715	0.599943592718552	0.9999950389493707	0.49999915430294517	0.5000021909948885	0.5000004119033645	0.5000004888188695	0.4999986559419755	
0.8333392553763294	0.9999893712987078	0.5999053701697276	0.6666402706268445	0.5000001309069824	0.5000025121612162	0.5000019466197955	0.5000007283752362	0.49999864093655627	
0.833335847882687	0.9999917513265529	0.600029858394795	0.3333855262370626	0.4999998012205313	0.5000022413679771	0.5000013071887419	0.5000004665518755	0.5000001463894685	
0.8333373181133209	0.9999964811445929	0.5999506885019311	1.6188405326785036E-6	0.49999982580837343	0.5000037118338575	0.5000012091212717	0.5000012849677847	0.4999978462451815	
0.8333373943232366	0.9999893778165634	0.40010198607381187	0.9997869417956328	0.4999998335994033	0.5000022566132034	0.5000003015782111	0.5000005922384398	0.5000006096825993	
0.8333373704325149	0.9999976910022412	0.4000169023257778	0.49999748005121925	0.5000002347779653	0.5000052694711026	0.4999997987987306	0.5000005910984794	0.4999997833599647	
0.8333392483175259	0.9999966178465804	0.40001759545543664	4.072577372169474E-5	0.4999996444127532	0.5000053532901882	0.5000001159864885	0.500000661914804	0.4999998397859155	
0.8333383179806899	0.9999882952431525	0.2000629850264801	0.9997868148120803	0.5000000734535036	0.5000051553457153	0.49999949643095454	0.4999985360701407	0.49999990054949955	
0.8333389563562105	0.999982312334817	0.2000629513489522	2.446827154100016E-4	0.49999976271663793	0.5000053383967404	0.5000011248330116	0.5000004574828122	0.4999999002841959	
0.8333395445983822	0.9999924723984867	7.315938207877809E-6	0.5105107061642983	0.499999816835954	0.5000054263717292	0.5000001146726049	0.49999818836146737	0.5000001319009589	
0.8333355898826161	0.8000116470026538	0.9999939616087208	0.9999846534625146	0.4999998364711084	0.5000051588141237	0.49999830903776077	0.5000009374503103	0.49999974135270914	
0.8333360683861342	0.8000116488418276	0.9999900208722569	0.749994041226377	0.49999983638320333	0.5000022541566317	0.4999998811240128	0.4999996971081897	0.5000002020474141	
0.833350477481283	0.8000116445381434	0.9999900482269418	0.5000039563733725	0.49999981875869676	0.5000018871690306	0.4999983473988401	0.5000007924491774	0.4999983966444468	
0.8333388829604108	0.8000097836243036	0.9999940948850572	0.250049339113565	0.5000018850017676	0.5000024725373622	0.5000000957151214	0.5000014096866334	0.4999999249667817	
0.8333388997990934	0.8000024790880079	0.9999967444083419	4.761687517688997E-6	0.5000019278695342	0.5000023867003527	0.5000000918648436	0.5000011866341711	0.4999999621263428	
0.833336152938735	0.8000116424311204	0.75000469292902	0.999998320268507	0.4999994121105258	0.5000022576513553	0.49999984561336897	0.5000011235222268	0.5000001778590445	
0.8333504791755324	0.8000116488872917	0.7500045914753457	0.6666470969369317	0.5000015412318274	0.5000021958966017	0.49999985447348105	0.5000000835153376	0.5000002024936814	
0.8333358198305537	0.8000102048886459	0.7500023220641502	0.33336245001974124	0.4999996622058235	0.5000022467799614	0.5000006610332448	0.5000014402311845	0.5000001998216344	
0.8333385425935087	0.8000100896761401	0.7500025849681387	1.2379889363712668E-5	0.4999996549434529	0.5000025289702614	0.5000003364721114	0.49999877117125147	0.5000001551672003	
0.8333356251284986	0.800010797652863	0.5000099804739632	0.9999949940846766	0.4999997820184519	0.5000029633468834	0.5000006678579679	0.500000568455606	0.5000001935075841	
0.8333352647683872	0.7999810678829846	0.5000017895586334	0.5000134715509049	0.4999993422539671	0.5000037996969151	0.4999998186111715	0.49999864147269485	0.49999993606485077	
0.8333354421905014	0.7999788891537696	0.5000018006390583	6.048005049601803E-7	0.49999965720187967	0.5000027199335502	0.5000007108645685	0.4999986459199938	0.4999988532484945	
0.8333382995854991	0.8000110680745113	0.25005614746785015	0.9998332068215541	0.4999998431237368	0.5000021066631513	0.4999999763000602	0.5000003132686998	0.49999990113113446	
0.8333384073758192	0.7999787642381325	0.2500562475644638	2.017911917254214E-5	0.5000000672894714	0.5000020665220205	0.49999999493245967	0.5000004498464259	0.49999995973360184	
0.8333358165022209	0.800011496274568	7.327292335706598E-6	0.5255160148194742	0.499999786863733	0.5000055868691244	0.4999999733374498	0.5000005597428344	0.4999997962233135	
0.833295793137993	0.6000328656069125	0.9999910115606994	0.999961135298264	0.500000137558244	0.5000025987845967	0.4999998941342402	0.5000006103805696	0.4999998314464652	
0.8333495564576964	0.5999849019114287	0.9999996593244038	0.6666472676335222	0.5000000805049626	0.5000058432159382	0.49999954085551845	0.500001496950621	0.4999997972773538	
0.8333496114013741	0.6000108143787901	0.9999901689296468	0.33336224070287446	0.5000001650421525	0.5000025869111654	0.5000001772493927	0.500001440689878	0.49999988547972724	
0.8333463281480186	0.6000027269947393	0.9999970841990444	1.1320387303094652E-6	0.4999994987381989	0.5000026900014053	0.5000007325979036	0.5000004048109415	0.4999999161517019	
0.8333385060896814	0.6000096255120755	0.6666490787866242	0.999970409329076	0.5000010226045409	0.5000026800147991	0.49999991174192243	0.4999996492823323	0.49999961676837806	
0.8333390591046903	0.599988331945685	0.6666490786624553	0.5000006262249392	0.5000010676953774	0.500002687992527	0.49999989781225446	0.5000003812685488	0.499999598572532	
0.8333382911857427	0.6000107460376982	0.6666474899083744	1.9982586524829186E-5	0.49999997281228675	0.5000053839955545	0.4999992341057618	0.5000012978229977	0.4999999121444728	
0.8333208425510715	0.600044339752002	0.33344654873534396	0.9999434231035705	0.5000000631851649	0.5000051784186461	0.4999995371992146	0.5000003373269711	0.49999976728315676	
0.8333487368110306	0.6000139413801282	0.3333577936110021	2.0181540179979718E-5	0.49999965733872953	0.5000023759871804	0.49999982140823573	0.49999864590601595	0.4999989166043017	
0.833338996127896	0.5999874320456584	2.7575526054298273E-6	0.5372431684386044	0.4999997894762117	0.5000063369466612	0.500002584000005	0.5000011729388298	0.4999988555969372	
0.8333187736970408	0.4002288596676303	0.9996687002904943	0.9997732595400772	0.5000016816665657	0.5000025502036859	0.5000001388197146	0.49999979227727104	0.4999996551180797	
0.8333188018182462	0.4000165727901678	0.9999901749460478	0.5000005983053378	0.5000001777783571	0.5000025511362721	0.4999998310468595	0.5000014469503227	0.4999990005200889	
0.8333394652266828	0.40011826413354823	0.9999324381134468	1.359271441534499E-4	0.4999994805030552	0.5000025918637421	0.4999999001651153	0.5000014096843862	0.4999992107438092	
0.8333388537125244	0.4000128534191544	0.5001457669419911	0.9997874345843935	0.4999995138207354	0.5000026432507046	0.49999988273485374	0.5000011648533947	0.49999877718349495	
0.8333486744321432	0.40010192715284626	0.500131003363241	2.904847161882365E-4	0.4999993232288568	0.5000020948365512	0.4999999366794297	0.5000005648737064	0.5000000050865949	
0.8333188018182462	0.4000165727901678	1.36964990554711E-5	0.49737338281357923	0.5000001757142776	0.5000025571290901	0.4999999499342259	0.5000014257502042	0.49999896088894336	
0.8333530847913779	0.2003916249512872	0.9989953246397394	0.9992523866988817	0.4999994033141304	0.5000025093523731	0.4999997826364056	0.5000004864552511	0.499999648017002	
0.8333383344599	0.2003916249512872	0.9992085516361207	7.27934913771322E-4	0.4999993409163367	0.5000026241089282	0.5000004814283594	0.5000013267370569	0.49999984492425914	
0.8333385339129777	0.2000148339090224	5.8552989629256924E-5	0.43433093941179723	0.49999943465120844	0.5000020887066465	0.49999987498508786	0.5000005788995834	0.49999983670914216	
0.8333357563055435	1.4449483232703564E-6	0.9927979948775254	0.5369513322851144	0.4999993435903605	0.5000025337495662	0.5000001745760282	0.5000013408782367	0.49999996853846773	
0.666672084642161	0.9999865765604526	0.9999959426398917	0.9999609114973348	0.49999936267952955	0.5000046059983689	0.5000007112141643	0.5000012147540517	0.49999835310576574	
0.6666672490416055	0.9999997617916416	0.9999945385461322	0.7498944548313496	0.5000004687405307	0.500004742489062	0.4999999008333731	0.500000608513808	0.4999995520977256	
0.6666718772935435	0.9999956509167627	0.9999900126472987	0.5000584827801758	0.4999991516841922	0.5000019744050742	0.4999999595728254	0.500000837240408	0.4999999745327468	
0.6667273576877437	0.9999501126304001	0.9999886132025452	0.2500501284005579	0.5000019879570042	0.5000069223522365	0.4999994345319589	0.5000004788019811	0.49999858095226274	
0.666705540602484	0.9999736322100784	0.9999549768520608	1.4298075635117789E-5	0.4999990619474044	0.5000050828586036	0.5000002543404807	0.500000456865462	0.4999991741694994	
0.6666704981259732	0.9999874531785173	0.7499550915858582	0.9999963848122669	0.5000022807759501	0.5000021707160693	0.5000012873974395	0.5000005736603323	0.5000003292191262	
0.6666671528295591	0.9999542681739636	0.7500320948105519	0.666646315519184	0.5000015875998198	0.5000050294374023	0.5000008237949226	0.5000005916997158	0.500000277878581	
0.6667046758870911	0.999971119364789	0.74999701711858	0.3334160156049379	0.4999997194040248	0.5000025812547652	0.49999996918293	0.500000848135636	0.5000001998135511	
0.6667823795223116	0.9999254180409002	0.7499551965627315	1.064687856520965E-4	0.4999997192233011	0.5000042398499944	0.5000007715369875	0.5000004855517023	0.4999999085571661	
0.6666679568261513	0.9999893666891949	0.49987513574175113	0.9999994920363008	0.5000002335721121	0.5000047333213099	0.5000002971225036	0.5000004784418045	0.5000001170818688	
0.6667058207076362	0.9999825710937584	0.5001422182680046	0.49999473867237604	0.5000006146550187	0.5000026059540493	0.499999905611781	0.5000013174429564	0.4999999047797271	
0.6666675673884325	0.9999857795275662	0.5001601294860003	1.148124003116851E-4	0.499999751395336	0.5000043005314342	0.5000011974043321	0.5000004246516174	0.4999984524152635	
0.6667093422730354	0.9999870055836165	0.25005704454811006	0.999644010611419	0.49999983058106595	0.500004946742527	0.5000003801784993	0.5000004631809656	0.49999909330673276	
0.6667220153642175	0.9999837288746719	0.2502092597665495	3.673985866035778E-4	0.4999997190300261	0.500005775971211	0.499999837219311	0.5000004779529366	0.49999754152817555	
0.6666710212733058	0.9999837814120139	2.822933797920084E-5	0.5000316129038773	0.4999991534775922	0.5000050932363758	0.4999995535267261	0.5000012131863272	0.4999975441497104	
0.6666719582217998	0.750024955458423	0.9999943168422843	0.999965115088108	0.50000051401247	0.5000048863472522	0.500000515847871	0.5000006380899266	0.49999988026647046	
0.6666691907710621	0.7500553910339565	0.9999376224565591	0.6666767485171763	0.5000022271410565	0.5000026624390623	0.5000004635650852	0.5000000109935068	0.4999999387081417	
0.6667316901977708	0.7499595367109512	0.9999537400567479	0.3333606756732228	0.5000001911511011	0.5000025563471621	0.5000000902417079	0.5000006975058198	0.49999989494008673	
0.6667048136204903	0.7500289755567946	0.9999543796160394	1.0632725960373227E-4	0.5000001920186296	0.500004166398216	0.5000007836159962	0.5000008356003938	0.49999771839672746	
0.666670484962157	0.7500250131716056	0.6666864432306503	0.9999665002465913	0.5000005439578888	0.5000048482827348	0.4999999153001151	0.5000008240162886	0.49999988281426144	
0.6666693591034728	0.7500264639515827	0.6666904488541148	0.5000307801797828	0.5000017686581835	0.5000078598766526	0.49999975666686497	0.5000009655147342	0.49999963008273157	
0.6667052192546621	0.7500264935183204	0.666701770133469	1.0595017825984332E-4	0.5000017138427552	0.5000021749003377	0.49999981528995435	0.5000004921034588	0.49999962567715445	
0.6666705164532609	0.7500250194543018	0.3334492696164442	0.999950045800221	0.49999914861038025	0.5000050275487866	0.4999995512629391	0.5000004873961822	0.4999984527175644	
0.666671101302351	0.7500250640498589	0.3334381441244256	2.69849136125669E-4	0.4999990447443046	0.5000024900136343	0.49999929381165487	0.5000002761974623	0.49999841835651687	
0.6667067348510228	0.7500240579986872	1.355142966596181E-4	0.4964620319770637	0.49999975253812984	0.5000021236374828	0.49999990086363794	0.5000005876186306	0.4999991131465628	
0.6667070626466107	0.5001717689668326	0.9998420934579002	0.999801066755523	0.5000002139609189	0.5000027236749501	0.499999449580755	0.5000015350909175	0.4999991246180673	
0.6667077559981845	0.5000643292286769	0.999931491974546	0.4999948085587873	0.49999919733867687	0.5000019861837125	0.4999993027069585	0.5000011649645958	0.49999897283261835	
0.6667077559981845	0.500064249326537	0.9999897944934667	9.914850180629082E-5	0.4999995181027744	0.5000019689269551	0.49999987389462924	0.5000004645651682	0.49999995067535946	
0.6667067256902421	0.5000575656106059	0.5000331137789109	0.9998317169257667	0.5000019536021639	0.50000248092752	0.4999992944221088	0.5000002637040543	0.49999917541801253	
0.6667095549438214	0.4999790486837357	0.5000024554907406	8.952504073038737E-6	0.4999999276041527	0.5000024428992215	0.4999993238103117	0.5000005915854143	0.5000002001325284	
0.6667065969812694	0.4999790486837357	2.7662125974598653E-5	0.520534007853213	0.5000006893030655	0.5000025461745522	0.49999989721481414	0.50000059656761	0.49999911520538987	
0.6667084557277665	0.2502089193422092	0.9996499472087036	0.9995911446312671	0.49999945792501205	0.5000025687920565	0.4999998097756525	0.5000004920948183	0.49999887427217243	
0.6666291716634959	0.2500353802702793	0.9993631448293968	7.882753155878907E-6	0.4999994573926846	0.500006488207445	0.499999879291509	0.5000012354763756	0.49999913013457736	
0.6667084576838881	0.25021020656776094	9.102166638253364E-4	0.9389943264389672	0.500000685904176	0.5000045023766169	0.49999840240974963	0.5000004876741846	0.499998937720297	
0.6666668927261402	5.301193810564042E-6	0.6946915997345373	0.43208696471829844	0.4999992729242951	0.5000026081879799	0.4999999038315144	0.5000004106027608	0.4999990358163	
0.5000539134028443	0.9998404514781607	0.9999891279845012	0.9999125955206474	0.49999980861980475	0.5000053507593718	0.5000003693095211	0.5000003398025812	0.5000006468906895	
0.5001762367987481	0.9998604417390958	0.9999238601747555	0.6666472213459518	0.5000004564040413	0.5000068938827784	0.49999967707292287	0.4999983674001588	0.4999994756958134	
0.500054124650192	0.9999893805847089	0.999987147502458	0.33349367013323333	0.49999950276686156	0.5000052707559871	0.5000003108246416	0.500000729944573	0.5000006484762206	
0.5000542745129444	0.9999895831261149	0.999987147502458	5.58505575998236E-5	0.49999949523146187	0.500004741911781	0.49999871194502377	0.5000003835321116	0.49999856949599303	
0.5001898864291687	0.9997868586520698	0.6666863875478389	0.9999076844620499	0.5000009982124463	0.5000023373234957	0.500000528192629	0.49999830008414564	0.49999962866666803	
0.5001719367046605	0.9998202558520346	0.6666937208643751	0.5000059278497324	0.4999998291922739	0.5000050938075368	0.4999999592705493	0.5000007318801603	0.49999830912235227	
0.5000502260890471	0.9999822934945275	0.6667003025182383	1.0504309870034754E-4	0.49999923039645183	0.500004739967523	0.4999986782226939	0.5000005911883684	0.49999942965580946	
0.500178786852963	0.9999885701509177	0.3339180153835851	0.9983546762784898	0.5000000099613786	0.500005091538874	0.5000005741609754	0.5000015435372368	0.5000007002664069	
0.500320462984703	0.9998089876992119	0.3339179069722715	0.0016128760459137015	0.4999999236401335	0.500004948004082	0.5000008643883053	0.500000132763101	0.4999992433034765	
0.5000209991545052	0.9997757312178733	6.898647571462551E-5	0.4830975710082066	0.5000006402297177	0.5000027945545783	0.4999999130874663	0.5000009668973168	0.4999999444911851	
0.500176244118479	0.6665716920740843	0.9998437008389196	0.9998456851823397	0.49999927477901496	0.5000050915520964	0.5000005741273662	0.5000015581480085	0.5000007009076289	
0.5000498382120858	0.6665798638249686	0.9999870743209993	0.5000060914982857	0.4999999820923968	0.5000051245597844	0.500000561016897	0.5000015933172711	0.4999999576974452	
0.500051185499367	0.6665738883250041	0.9999998677180818	2.246202287880726E-4	0.4999994952452526	0.5000047396314872	0.499998778855222	0.5000003842677005	0.49999864314131703	
0.5000484519170134	0.6667284976121277	0.5001337270147197	0.9997072515076506	0.5000006420865906	0.5000050777724413	0.499998763237438	0.5000006331058666	0.4999984170024131	
0.5000501511305159	0.6666927314960409	0.5001334546510094	2.2244203886230128E-4	0.4999992143234171	0.5000027754350402	0.4999998336986627	0.5000006051200457	0.49999945116284106	
0.5000189224009819	0.6667124061354385	6.898647571462551E-5	0.4843160744271736	0.5000006751729555	0.5000027945545783	0.49999941054518454	0.5000009646761312	0.4999990569152047	
0.5003050578202956	0.33414107589401004	0.9990350748834411	0.9993795845845117	0.49999899052771746	0.5000070066572803	0.4999998664581962	0.5000005847675697	0.4999998822553889	
0.5003204824399095	0.3341811625709487	0.9990442090017685	0.001496501579710402	0.4999994030057808	0.500007501870758	0.499999789770484	0.5000004934499914	0.4999998911636963	
0.5000485642362305	0.3333080111219125	8.633744370215085E-4	0.967887971697655	0.4999991808322628	0.5000021792466086	0.4999982527873857	0.500000373966061	0.4999989389136182	
0.49997306915279316	2.3234914473193257E-5	0.5483413492176984	0.06605267527890121	0.49999945637365917	0.5000050252646806	0.5000007023152587	0.500000603291888	0.4999989525494181	
0.33333895077527864	0.9999983120850984	0.9999965995561053	0.9999963194964323	0.49999964681456127	0.5000046063590678	0.5000008147054102	0.5000004945020968	0.5000002147709042	
0.3333389509982173	0.9999934221634948	0.9999942949129881	0.5001554695536913	0.4999994078278542	0.5000048493883809	0.5000002500328944	0.5000005859332624	0.49999988825623276	
0.33334096841984934	0.9999940266354777	0.9999994537312835	6.756510095923096E-6	0.4999997867225106	0.5000054669380167	0.499998801034225	0.5000003611492705	0.4999991659827314	
0.3333265419313946	0.99999960656856	0.5001464943981839	0.9998724983503162	0.499999087402361	0.5000049443304322	0.4999996907105486	0.5000010151730732	0.4999990924511977	
0.33334096850779876	0.9999456087833662	0.49994843498822183	2.2460709355793021E-4	0.49999922374460803	0.5000027181577298	0.4999997790698229	0.5000005997271699	0.4999991769989864	
0.3333449476195456	0.9999982156969306	1.3765885250946043E-4	0.4778141183672082	0.4999997094267752	0.5000050931803222	0.5000005834119569	0.5000004405612044	0.49999909249094465	
0.3333409360085068	0.4999402620931713	0.9999994538412416	0.9999118825639356	0.500001102621421	0.5000075543410049	0.49999984950783144	0.5000003698829321	0.5000003228260947	
0.3333408036699353	0.5000587248124069	0.9999994241852237	2.2391480322401995E-4	0.5000009361962168	0.5000043136957345	0.49999986450362033	0.5000004590409599	0.49999921621303867	
0.3334811329908203	0.5004205150159327	0.0010832742949136486	0.4828251118713818	0.5000009374568847	0.5000074793479057	0.4999998426494383	0.5000015638121061	0.4999999861622402	
0.3333923963861716	2.3234914473193257E-5	0.4952696735607159	0.06605267527890121	0.49999913927763545	0.500004935964348	0.5000007023152587	0.500000603291888	0.4999989546978237	
0.1671101529725607	0.9991197223409747	0.9991661236226119	0.9994888768258996	0.4999996385986894	0.5000051720466788	0.4999983478690447	0.5000006009030886	0.5000001796069035	
0.16711732893226453	0.9995158523662026	0.9994758742856462	0.0014960811578682794	0.4999993969763504	0.5000070400450627	0.4999982142721662	0.5000005732845725	0.5000001329000745	
0.16710872877440797	0.999534107029564	0.0021789349984120275	0.500697595646735	0.4999994584477775	0.5000051603892472	0.5000007017232594	0.500000605237819	0.49999943143115044	
0.16647621342888472	6.834006201511257E-5	0.9976423001769315	0.9747657414299191	0.4999998529821995	0.5000052825460147	0.49999880903670135	0.5000005975752582	0.500000323982124	
3.395469895695058E-6	0.6614448696286066	0.9696480910012282	0.5221015300414202	0.4999993102068621	0.5000068245879871	0.5000006724337704	0.5000006040309831	0.4999987174119092	
