0.9999890174714078	0.9999963249514292	0.999994150925686	0.999962254717631	0.4999986243981399	0.499998214447745	0.4999984398954391	0.5000001695733851	0.5000003399777506	
0.9999975801445611	0.9999969460241019	0.9999904528966694	0.8333684723422616	0.4999988041565819	0.49999901375494415	0.49999894453489274	0.4999993341895737	0.500000522129878	
0.9999949529322174	0.9999968671085261	0.9999955568992086	0.6666843835583875	0.4999986107199061	0.4999991247175654	0.499998267968071	0.49999939158707807	0.49999935840184434	
0.9999950007172069	0.9999992271505378	0.9999954097667725	0.499972807559524	0.49999813375784	0.49999913635004517	0.4999878569743772	0.49999985236178396	0.49999957097036135	
0.9999962358551765	0.9999683812641207	0.9999177054819829	0.3329164443710633	0.4999985087682458	0.4999988374336777	0.4999973884305159	0.5000002946970895	0.5000007061214023	
0.9999976962853907	0.9999506623811298	0.9999755290101935	0.16682467468879728	0.49999860782466404	0.5000007528649851	0.4999984767514075	0.500000310036734	0.4999995790921798	
0.9999913739585754	0.9999939049601211	0.9999171993499926	1.762962509832118E-5	0.4999986460019323	0.4999986574486281	0.4999908999807701	0.5000007906109841	0.4999992844085012	
0.999995998681964	0.999990314963799	0.8333210921872218	0.9999939831891499	0.49999864969330665	0.4999993605887768	0.4999913370141319	0.5000001110331539	0.5000009961754674	
0.9999961837576087	0.9999905343311775	0.8333758359152049	0.8000291691583239	0.4999985242734086	0.4999993271533503	0.49999850157622383	0.5000000512575123	0.4999993839401486	
0.9999905976763631	0.9999950645278849	0.8333721616268576	0.5999725210163196	0.4999981398220332	0.49999831542318207	0.4999983347747721	0.49999987787091615	0.5000011343661768	
0.9999909942147815	0.9999940626126417	0.833374174499596	0.4002065226844048	0.499998605888842	0.49999907965984886	0.4999983272142611	0.5000013666448513	0.5000011437786406	
0.9999964008009793	0.9999944721864289	0.8333571970746048	0.2000149814583509	0.4999981635656127	0.4999989311339516	0.4999983057844865	0.49999952915402096	0.500000971518101	
0.9999930602408132	0.9999921489408621	0.833359963626108	1.6840737327892065E-5	0.49999860225702975	0.4999992933649364	0.4999983342862305	0.5000003423703923	0.5000007256424771	
0.9999965318756835	0.9999963545887192	0.6666737911650187	0.9999986435550112	0.4999984665047319	0.49999859324773993	0.499998269956193	0.5000002450897599	0.5000007264160504	
0.9999963095341063	0.9999906410060422	0.6666735008446301	0.7499970769012236	0.4999985007300774	0.4999985998250417	0.49999070242182864	0.5000000526112867	0.49999941356526867	
0.9999962870152979	0.9999993431303003	0.6666705954527721	0.5000646255168907	0.49999841644070403	0.5000013216285404	0.49999764358448984	0.4999991475421734	0.4999995497171529	
0.9999910521990026	0.9999934286959423	0.6668240902054661	0.2500291208280849	0.49999722742425845	0.4999992239171528	0.49999773584059726	0.5000003367748657	0.5000009721937022	
0.9999862499709473	0.9999814258782082	0.666824091855565	1.598479937732443E-4	0.49999618330487255	0.49999918854489767	0.49999088325757884	0.5000004332966009	0.4999993178716579	
0.9999963976732807	0.9999688713649827	0.5000680639770357	0.9997805250844535	0.499998466129088	0.5000010747294409	0.4999904839444028	0.5000009268973545	0.5000000828898519	
0.999989446708812	0.9999688558144337	0.5000680639770357	0.6663409101622819	0.4999977059246003	0.5000011021856541	0.4999901984765115	0.5000009268267507	0.5000000753745539	
0.9999898624186448	0.9999848296644797	0.4999627228477611	0.3334403740653942	0.49999932733561714	0.5000010921704968	0.4999979257389303	0.4999995597578042	0.4999999733745668	
0.9999902473175614	0.9999824757860184	0.49996276035255777	5.203412286763241E-6	0.4999993087163064	0.4999993402857481	0.4999981098786659	0.49999957591191957	0.49999998429228937	
0.9999894507800781	0.9999680281435303	0.3335528738556669	0.9995529460919382	0.4999985660761268	0.49999845635814005	0.4999906671540496	0.5000008614452048	0.4999994304286895	
0.9999896262026521	0.9999756439353364	0.33334702965775725	0.5002231266926234	0.49999833533814836	0.4999989991885928	0.4999906692457556	0.5000008681907029	0.5000006737419761	
0.9999962174991281	0.9999821233185509	0.3333200141435319	1.305233529774341E-5	0.49999727848859954	0.500000316627355	0.49999098095093053	0.4999998586499816	0.49999993624351025	
0.9999917407511377	0.9999759086874859	0.1666661306649487	0.9999998094392272	0.4999974631001084	0.5000011258210435	0.5000003896619283	0.5000011477106644	0.49999998981753835	
0.9999243090629872	0.999981693844215	0.1670003100072366	0.001191428430765407	0.4999974620642436	0.4999993290684058	0.4999906670274341	0.4999998617854426	0.49999999210812984	
0.9999896324758945	0.9999601015478939	9.950091089021106E-6	0.5199279535521656	0.4999993607712411	0.4999960975099006	0.49999098854239804	0.5000005033675069	0.5000012173396311	
0.9999896793217591	0.8332393832708783	0.9999903102963136	0.9999984041283686	0.4999986913363335	0.49999845897472034	0.49999107774443247	0.499999441066708	0.4999995353742757	
0.9999981147354897	0.8333409080016244	0.9999905809615192	0.8000303032102529	0.4999989530606779	0.4999984783163843	0.4999991811086124	0.4999998170820539	0.5000002914245644	
0.9999901006409961	0.8333411362619791	0.999990583462219	0.599948360383992	0.49999875818491823	0.4999986725827248	0.4999988487854571	0.49999990664863087	0.5000010788007944	
0.9999995861740988	0.8332871758992223	0.9999953119785069	0.4000857458518499	0.4999985834888486	0.4999984432812874	0.4999982974634904	0.5000000704792912	0.5000009714891526	
0.9999979244818167	0.8333412509768882	0.9999951986017924	0.200012376078804	0.4999985931582849	0.4999990796466699	0.4999991028536472	0.5000004374662735	0.5000007415645251	
0.9999953370371635	0.8333411243348763	0.9999952306338108	1.1809840985016145E-5	0.49999866334672655	0.4999986222761956	0.4999991050185798	0.5000057253464781	0.5000010080303516	
0.999997572511538	0.8333393286938452	0.7999999111532538	0.9999941201097942	0.49999865054441556	0.4999991433295326	0.499991051533805	0.49999996205923075	0.4999994422383734	
0.9999981720247767	0.8333393658963701	0.7999837640777497	0.7500135310580842	0.4999986853855592	0.4999990280905986	0.49999030148729556	0.4999994723471518	0.49999997961055664	
0.9999971281187594	0.8333408472996766	0.7999811321302707	0.4999766595325886	0.499998560950498	0.4999991384735439	0.4999975100950029	0.5000004037136212	0.5000009722528764	
0.9999930747066852	0.8333408494471201	0.799981083071458	0.25001384029927276	0.49999860221406844	0.4999990854228807	0.4999975053297742	0.49999958417501583	0.5000007257957744	
0.9999947284098861	0.8333411480993883	0.7999835694485846	1.918492695422282E-6	0.4999958247335371	0.49999914084998337	0.49999872385233596	0.49999985529324886	0.49999954555115506	
0.9999970785450331	0.8333393708347464	0.6000208432797814	0.9999833290734388	0.4999992485056661	0.4999985349498028	0.4999979589944334	0.5000008955551961	0.5000005252322658	
0.9999971160969648	0.8333393708359603	0.6000187092578548	0.6665810683954227	0.4999992035319352	0.500005939546066	0.4999980643338548	0.4999999669748463	0.49999943039555833	
0.9999913533520467	0.8333390861477354	0.600037078747724	0.33326290635294203	0.4999986602303098	0.4999984920453328	0.49998708538045605	0.5000000714238131	0.49999941130938386	
0.9999900058009542	0.8333431137792636	0.6000631134077709	1.165291430967987E-4	0.499996267794885	0.4999993251085142	0.49999802083645906	0.5000009441936277	0.49999952801627423	
0.9999970217234405	0.8333390965858031	0.4000046926476106	0.9999943344809193	0.49999746417082036	0.4999991475947933	0.4999977153036207	0.4999998588877782	0.5000000022875263	
0.9999971114788658	0.8333391032975493	0.3999910504479817	0.4999903660281635	0.4999983040790177	0.499999209640382	0.4999996983920794	0.500000417269526	0.499999954990219	
0.9999970647898716	0.8333433247641655	0.3999910371973164	9.750934372871941E-7	0.4999988987960503	0.499999432416112	0.49999088762004806	0.5000003382102598	0.4999995203188105	
0.9999943983798386	0.8333448773697867	0.20016279159712685	0.99955381146696	0.49999746310225934	0.5000011652519646	0.4999975261627511	0.49999986953045306	0.4999999908162108	
0.9999947320379196	0.8333432379214302	0.19999112630198126	2.8606090048628016E-6	0.499997469976604	0.49999932903291344	0.4999983753741428	0.5000005826870338	0.500000566654672	
0.9999958984971506	0.8333389527742151	4.8580023585590945E-6	0.5254776836048999	0.4999974623561012	0.5000011110670292	0.4999909896122262	0.4999998588361699	0.5000000340498777	
0.9999983069352288	0.6666719431584492	0.999990414279072	0.9999972997408403	0.49999862801349615	0.49999821334671146	0.4999984901977667	0.5000001374794479	0.500000339863165	
0.9999902579700313	0.6666739381419129	0.9999906921800809	0.7498986821534576	0.49999936074256196	0.4999984637542811	0.49999082713539134	0.49999959786437453	0.49999949775215236	
0.9999901813028171	0.666673682553683	0.9999889476910115	0.4998854959866973	0.4999987139751446	0.49999911725461765	0.49999850115461114	0.4999998365483836	0.5000010174432018	
0.999994062873955	0.6666902243247302	0.9999884838096695	0.25017997896351224	0.49999854731273424	0.4999989559584896	0.4999984935737113	0.4999998577893086	0.5000006888602323	
0.999994057716742	0.6666878887096825	0.9999744184862217	1.8523821057368198E-5	0.4999985404082609	0.499999044317629	0.4999984917041631	0.4999995878140077	0.5000007036122991	
0.9999975639885949	0.6666714773390595	0.7500339294452449	0.9999971965461223	0.4999986673095257	0.4999991283202338	0.4999968892245618	0.4999999618660105	0.49999961580932034	
0.9999925632322623	0.6666715298218397	0.7500200401016035	0.6666069811595599	0.4999983472696549	0.49999893452642724	0.4999869678390868	0.5000001288644239	0.5000000044861287	
0.9999902402351739	0.6666550677223821	0.7499673958373613	0.33333814657786276	0.49999878423399313	0.4999989525178685	0.49999787568892184	0.5000000210229986	0.4999999537035432	
0.9999923293613192	0.6666537288775882	0.7499842381948841	3.361221975514244E-7	0.4999985411116962	0.49999933135072533	0.4999983031822733	0.5000010805304427	0.4999994117240294	
0.9999902718727649	0.6666096933490409	0.5000557147492477	0.9999950613998502	0.4999985542353515	0.4999961289658739	0.49998990111669606	0.5000004661362456	0.5000005452824265	
0.999997117389298	0.6666560048823259	0.49998017189227795	0.4999970518165039	0.4999986331713462	0.4999984328430347	0.49999733341130526	0.5000006659637551	0.5000009723028945	
0.9999906958177397	0.6666480871814794	0.5000563135615002	7.305568066142426E-5	0.4999989220479656	0.4999988877306546	0.49999953335125863	0.5000001777509908	0.500000592217379	
0.9999906259799387	0.6667411058283584	0.25011046415566895	0.9996898261022972	0.4999968596344269	0.49999932106184647	0.49999066419080357	0.5000008808786435	0.5000012148462757	
0.9999946718332315	0.6666727365907545	0.2500352000901591	1.3272263378783419E-5	0.49999886261247994	0.49999865455281545	0.49999093548106927	0.49999954795618795	0.5000000249807419	
0.9999939887931502	0.6666073738176936	2.830470402243973E-5	0.5215117192482541	0.49999749411752065	0.49999933379428074	0.4999975933927738	0.5000006922354578	0.49999999822833935	
0.9999921732747935	0.49999049343412344	0.9999992780565166	0.9999752366618344	0.49999580698608176	0.4999982019199787	0.4999757131644707	0.50000015551872	0.49999779253264054	
0.999990161291579	0.49999047806713065	0.9999997127016528	0.6665850630826275	0.49999873760278113	0.4999990151906455	0.4999982424109408	0.4999997436588546	0.5000001107486636	
0.9999988184305073	0.5000305280539287	0.9999770741416071	0.33334085393818846	0.49999876798898546	0.4999990372308079	0.49999750791225783	0.4999998554646853	0.49999909781596824	
0.9999925837784674	0.5000302578407652	0.9999388893792609	2.1951333316362392E-5	0.4999986012335032	0.4999989714937843	0.4999969479414282	0.5000005276342991	0.4999982866070366	
0.9999968965362236	0.5000313476683913	0.6666312800371808	0.9999597865387856	0.49999867655384017	0.49999806984735173	0.499997556217712	0.49999912175524	0.4999982512846304	
0.9999981106184092	0.4999978275581202	0.6666414927338195	0.49999059484889663	0.49999834445787833	0.49999897954008476	0.49999832309487435	0.5000001275869633	0.5000010625548956	
0.999992492188897	0.5000302578366667	0.6667600228651793	1.686822712124212E-4	0.4999986102206378	0.5000024788086762	0.49999746755891106	0.49999981735736243	0.49999824330655995	
0.9999944675155765	0.5000276754140882	0.3334020486649107	0.99984743699835	0.4999973915182855	0.4999989294268457	0.49999948121191695	0.5000000010755399	0.5000004591115114	
0.9999966525503753	0.5000308775163025	0.33343175143954307	4.264031177499859E-5	0.4999982548229735	0.49999902889001424	0.4999984928875229	0.500007405237904	0.5000006640311879	
0.9999965920232141	0.4999907702024618	3.0021811510960728E-6	0.5323296319178233	0.499997655356458	0.5000023835576946	0.49999710541782233	0.5000009106375508	0.4999998172002119	
0.9999907440965146	0.3334487098836718	0.999915351737663	0.9997380476761405	0.49999754491800247	0.499999076761785	0.4999977038612138	0.5000004262932877	0.5000011315734372	
0.9999896870752407	0.333371230122842	0.999819518682771	0.4999824243530742	0.49999839378881555	0.4999990533129225	0.49999771665112075	0.49999982530798304	0.5000004396223086	
0.9999930356167617	0.33343105546582	0.9998506982241563	1.7441516609567305E-4	0.49999759930973525	0.499998717015354	0.49999772491744005	0.4999998758875954	0.500000193171743	
0.9999901549710418	0.33344099741899536	0.5000656243992866	0.9995786143804649	0.49999882274907625	0.4999990780995033	0.4999977434283866	0.4999998698014156	0.5000011509861262	
0.9999798529311922	0.3334409397533891	0.5000656075647428	4.0829664535234334E-5	0.4999987862711895	0.49999903371169757	0.4999974543918192	0.49999985168444966	0.4999992928690477	
0.9999531425306601	0.3334431366625538	5.564008206672779E-4	0.5422946392874866	0.49999825050155905	0.4999990555213273	0.49999840425086983	0.49999992211203015	0.500000440617683	
0.9999448791944229	0.16722637092577183	0.997893638795739	0.9995780133830763	0.4999984210090588	0.49999859050857776	0.49999772275451415	0.49999987687224406	0.5000005789710654	
0.9999433202890345	0.16722637092577183	0.9991052042746112	0.0012695010338472645	0.49999871002984914	0.4999985831802199	0.4999975520524514	0.5000004180345798	0.5000011021292823	
0.9999429701518673	0.1672262881883972	0.00406300973832141	0.0635716159219778	0.4999954947934872	0.4999983514203465	0.499997737194862	0.49999979762548413	0.5000011020200369	
0.999998084606936	7.186779791723552E-6	0.6657874226444168	0.5222815977888493	0.49999834748553673	0.49999862599208666	0.49999773366542366	0.4999998656332529	0.49999815297203837	
0.8333300732584537	0.9999967207101496	0.9999998333871045	0.9999981566051994	0.4999986601459957	0.4999993062439566	0.4999910779631559	0.4999999800774399	0.4999995628719852	
0.8333291201770692	0.9999972703402014	0.9999942915635937	0.800028691838193	0.4999987570967979	0.49999934497277104	0.4999990417941173	0.5000000919889414	0.49999999382349086	
0.8333308706739762	0.9999951087349501	0.9999978990772495	0.5999169999342605	0.4999986880513399	0.499999215168463	0.4999881573326165	0.49999964375263706	0.5000010503974287	
0.8333360100055821	0.999995108049	0.9999880662294005	0.40005424709444537	0.49999860568788745	0.4999989218426933	0.49999057200705815	0.5000003196673948	0.5000010514447465	
0.8333360415407735	0.9999963850303755	0.9999952364522906	0.200014093810271	0.49999861760999104	0.49999919903050866	0.4999912159367724	0.5000003240777642	0.5000010397630008	
0.8333285270566173	0.999998830776545	0.9999983202035668	6.472577900822347E-7	0.4999988229435686	0.4999993533453904	0.49999848965243626	0.5000003585021023	0.4999995456018386	
0.8333328193403009	0.999996445647743	0.7999971348884937	0.9999979955595606	0.4999972815525301	0.4999985155910998	0.49999107873723825	0.49999958442001197	0.49999935565477277	
0.8333308896568651	0.9999990637683189	0.7999981552100195	0.7500116419164422	0.4999983961937905	0.49999912445889955	0.49999809313277305	0.5000003071639958	0.5000009614026293	
0.8333352236473125	0.9999992275287638	0.799998979379932	0.49999606777631517	0.49999920281811416	0.4999990552098776	0.49999834442276675	0.5000003784553548	0.4999995521374821	
0.8333352376769053	0.9999994480238544	0.7999992852456282	0.2500289140230757	0.4999983355124227	0.49999913438730753	0.4999986546378891	0.5000003736591564	0.4999994295721259	
0.8333317063698207	0.9999973052921917	0.7999782236294406	2.30490691412958E-6	0.4999986623417796	0.4999994094159396	0.49999912374819994	0.5000010555238795	0.4999994026786462	
0.8333328711496835	0.9999951298207337	0.6000192309846965	0.9999842363905525	0.4999973854072688	0.4999986828379203	0.49999801897130114	0.5000001064745073	0.4999997998848923	
0.8333330060764541	0.9999971124062089	0.6000208302486362	0.6666579246050268	0.4999985999236881	0.49999847042113854	0.49999817790797796	0.5000002580016989	0.4999997909999996	
0.8333305944904087	0.9999949841802277	0.6000382641405902	0.3332711525844075	0.4999992264394649	0.49999920120680225	0.49999781656311354	0.4999995607341012	0.4999995925186258	
0.8333350519043118	0.9999753581403059	0.6000628885719596	2.303527729316483E-5	0.499998902239312	0.49999886533772714	0.4999976012663955	0.50000033841631	0.499999524816906	
0.8333507100211471	0.9999934971770684	0.4000047106001009	0.9999636791195333	0.49999738755058926	0.4999993077683637	0.4999904975905338	0.5000002434764385	0.49999958634958985	
0.833333008618808	0.9999950012204628	0.39999100506947716	0.5002230729077403	0.49999935371196114	0.49999900736927005	0.4999906694407288	0.499999572424219	0.4999995451570714	
0.833353187330767	0.9999998471141989	0.4001213054049029	4.1373598792857557E-4	0.49999819041490723	0.49999913004536006	0.4999904865894291	0.4999997036717285	0.4999995553268909	
0.8333330385374537	0.9999934898763688	0.20003830861256894	0.999876210059169	0.4999985267466795	0.49999890495537663	0.49999756415834096	0.5000004098745154	0.5000005383486442	
0.8333357622603901	0.9999679702956685	0.20031686556467238	8.94216347018779E-4	0.4999974070115415	0.4999991736352003	0.49999079519876866	0.500000699755078	0.5000024028625593	
0.8333328609098948	0.9999950139681566	8.394190406367117E-8	0.9660792055164322	0.49999750388629244	0.4999992214287504	0.4999906595359623	0.4999998153134775	0.4999999462491604	
0.8333297638701432	0.7999644337344697	0.9999994817600301	0.9999971611599565	0.4999983856216122	0.499998447157329	0.49999892760190123	0.5000002159960548	0.4999994989084043	
0.8333295979649241	0.8000241269915291	0.9999906783072107	0.7500086669832667	0.49999841170814713	0.4999984722163935	0.4999916488039057	0.5000002534502584	0.500000310495349	
0.8333354527760214	0.7999621884929705	0.9999904943754999	0.49997667872714635	0.4999986226700422	0.49999895791207893	0.49999156169122816	0.499999849037144	0.49999933847760825	
0.8333323359458116	0.8000237113530815	0.9999875652753754	0.2500142542215075	0.49999877193704995	0.49999893190938105	0.4999991056852606	0.4999995240281887	0.5000006756858382	
0.8333280549465357	0.8000238641799196	0.9999880571526448	1.714334526273779E-5	0.4999987834235215	0.4999989342037231	0.49999908228333434	0.5000003407908036	0.5000006609479577	
0.8333354697683188	0.7999651515760051	0.75003298462114	0.9999971882190277	0.4999974965389556	0.4999993251739125	0.4999983174216925	0.49999996054565526	0.5000006943448078	
0.8333310498761173	0.8000155311984344	0.7499580043060671	0.6666609601179968	0.49999866924407377	0.49999891098426114	0.49999030463321537	0.4999994596980279	0.499999610624402	
0.8333321558662278	0.8000239120216518	0.749959823402971	0.33342312702839594	0.49999879544349135	0.49999875221577833	0.4999911601077418	0.4999995626254943	0.5000005535248061	
0.8333376910075626	0.8000237259907933	0.7499595240202812	1.7143518480443266E-5	0.49999878447968127	0.4999990566298086	0.4999984800796608	0.5000003604423253	0.5000006653395918	
0.8333297610873327	0.8000434122254629	0.5000561866862154	0.9999450709953305	0.49999935482442387	0.4999985241214084	0.4999976455563153	0.4999998532643626	0.49999955203492724	
0.8333321559780256	0.8000409718209608	0.4999840832242185	0.49999557407052436	0.49999857159355643	0.4999988799383817	0.49999734291520675	0.5000009308734291	0.5000005271019258	
0.8333321566552341	0.8000265899510609	0.49998408278950573	1.879670242119404E-6	0.49999841803230616	0.49999878188949787	0.49999939408575156	0.4999995285210759	0.5000005735895728	
0.8333331378540142	0.8000152061835392	0.25003229561078294	0.9999359950584363	0.4999985346402884	0.49999890572360706	0.4999994168047063	0.5000004233724276	0.5000005260073312	
0.8333331056392126	0.8000152061792641	0.2500225326971129	7.315631095645655E-5	0.49999829020500286	0.49999917231045454	0.4999908678912655	0.5000004154173521	0.5000023987435672	
0.8333329764662509	0.8000152634567633	2.100129272074879E-5	0.49163608945720444	0.49999934890477893	0.4999993289050545	0.4999997662879164	0.500000969154575	0.5000000943734154	
0.8333514524852225	0.6000784658858905	0.9999489966390033	0.9998640683723985	0.4999988407367945	0.4999981926121323	0.4999910855412735	0.4999999710902011	0.4999996118319132	
0.8333308637864443	0.6000644094943706	0.9999467918622178	0.6665797569847465	0.4999987077306573	0.4999985155481	0.4999982927258393	0.5000001065568139	0.49999900740302095	
0.8333306589317964	0.6000623202713953	0.9999296029118513	0.33334985689719515	0.49999875840544616	0.49999850631901405	0.4999978763052334	0.5000000185665339	0.4999990119626617	
0.8333324154849863	0.6000755773949257	0.9999107184251947	1.882521787178291E-5	0.49999876917780034	0.49999769675649336	0.4999983308933179	0.500000603743611	0.4999994963610944	
0.8333514659211898	0.600076995092682	0.6666310859550388	0.9998888413488787	0.49999882325067446	0.4999994437564127	0.49999048794026574	0.49999958346699425	0.4999995888432502	
0.8333376156463619	0.6000636977103834	0.6668085918435788	0.4999905531588406	0.4999987625544737	0.49999898495818296	0.49999041674741396	0.5000001168989404	0.4999989785213679	
0.8333379679213568	0.6001225891538324	0.6667884168917223	1.5983322282023824E-4	0.499998753362415	0.4999991552655506	0.4999978708055077	0.5000012446814619	0.4999994929119783	
0.8333320790827878	0.6000904067515042	0.3335314204494972	0.9993384109269968	0.49999856843599555	0.4999990003552058	0.49999039689145275	0.500001035364339	0.5000006843990763	
0.833337676216523	0.60009040390718	0.33340331984954025	5.892874544971097E-5	0.49999829992474765	0.4999989990702184	0.4999903280600532	0.5000004169304813	0.49999991140597067	
0.8333377053382925	0.600065242593418	1.6160064973770165E-4	0.40835790111803283	0.4999985633391223	0.4999990000767869	0.499999938748792	0.5000004050711221	0.5000004324031012	
0.8333526027225924	0.4002958717184127	0.9995682438993843	0.999643006899162	0.49999748288001117	0.4999988682874975	0.4999898281630227	0.49999956283471203	0.5000004821323125	
0.8333495131612295	0.40001168877613924	0.9999846446484343	0.4999901946840488	0.49999750867730686	0.4999993599381695	0.4999973622885359	0.499999769392101	0.5000001212439357	
0.8333033773527564	0.3999925185605576	0.9999851265191043	1.4806046366916403E-5	0.4999980058529071	0.5000012651570229	0.49999769359819063	0.49999983644872015	0.5000008984636168	
0.8333527598367108	0.40000911659186145	0.5000565052166092	0.9998888825382168	0.4999988049083553	0.49999903010425517	0.4999981972653927	0.5000009382808508	0.5000000946692055	
0.8333378407943577	0.39999248986429725	0.4999755442663205	2.3503593395422258E-5	0.49999880052278883	0.4999984661305321	0.49999771138255705	0.500000703012454	0.5000004601489623	
0.8333526368418178	0.4002751599960042	8.528769292830598E-4	0.5035751434242293	0.49999835381358115	0.4999990304527863	0.4999904804349713	0.5000009304054571	0.4999999662157758	
0.8333519780588001	0.20016364555674065	0.9995563178110467	0.999904245536558	0.4999984062859363	0.49999893961798336	0.4999898666996303	0.4999998647151229	0.5000001094443476	
0.8333518283809033	0.20016667221799705	0.9997070520745805	4.934092417015832E-4	0.4999987189915449	0.49999936494416836	0.4999974516169115	0.49999984167284856	0.5000010728031367	
0.8333518025030172	0.20016698977681457	0.001179657375841442	0.4959746566602308	0.4999983393469155	0.4999983513082641	0.49999745352947267	0.4999995629177876	0.5000011114325942	
0.8333496444686146	2.593925262501704E-5	0.6650062396421785	0.5110968219383094	0.4999983938623919	0.49999905335774714	0.4999982177503589	0.499999776207599	0.5000009414283866	
0.6666757496998803	0.9999547199050838	0.9999998722581098	0.9999985748957707	0.4999958323333161	0.5000056730206058	0.4999978908530126	0.5000001069050289	0.5000006942984427	
0.6667189399505776	0.9999715154789788	0.9999079331056198	0.7500069942356082	0.49999738229155344	0.49999932118200013	0.4999985696344086	0.5000003052382619	0.4999995240261756	
0.6666695583140141	0.9999971236946993	0.9999993915189443	0.49997389898511263	0.4999987327144526	0.49999923464770624	0.4999981859974293	0.4999998606704829	0.4999999869394406	
0.6666532919080274	0.999989212835484	0.9999949994249623	0.2501713173067396	0.4999985881823247	0.4999992209745216	0.49999830783435484	0.5000007709480915	0.500000563245684	
0.6666700218967794	0.9999986253308929	0.9999987829157311	1.737807956081214E-6	0.49999887392219367	0.5000011277355912	0.49999762809477505	0.500001179777411	0.5000010112836483	
0.6667976787122859	0.9999995971488742	0.749968156286431	0.9998247928989914	0.4999969196910882	0.49999833072349986	0.4999971536950338	0.5000003240766028	0.5000000514509514	
0.6666687871904818	0.9999993182142022	0.7499664423450271	0.6666581480449912	0.4999968948896166	0.4999992488868875	0.4999983918944278	0.5000003195400431	0.5000000514894464	
0.666656521669507	0.9999995862101516	0.7499559084629331	0.3332742728359186	0.49999863383898985	0.49999903635098536	0.4999990862257106	0.4999998590858763	0.5000000490270202	
0.6666724563003324	0.9999999088886093	0.7499587140314518	1.0025516889141989E-6	0.49999839372094457	0.4999994083506235	0.49999829264039836	0.49999954684782466	0.5000006058092488	
0.6667286206849918	0.9999418914489475	0.49991870646571906	0.9999992631375348	0.4999960721846293	0.4999973573049701	0.4999982105667086	0.5000001288731716	0.5000011188743654	
0.6666701104933217	0.9999928406032077	0.4999799852200885	0.49997828960099155	0.499996575217002	0.49999900168577344	0.49999761844819784	0.500000305007566	0.5000010088723098	
0.666677847072619	0.9999849049050521	0.5001117249834228	2.1189346410606312E-4	0.4999987369243744	0.49999906943482664	0.4999992782454213	0.5000000732284353	0.5000006422530966	
0.6666687862987966	0.9999971211294117	0.2500192827626369	0.9999735730069659	0.49999689092469635	0.49999858324903873	0.49999066423123983	0.5000003180681952	0.5000001515992005	
0.6666694653798891	0.999965527061933	0.2500145175850633	5.587685664983104E-4	0.49999691294789905	0.5000014387885109	0.4999910069250032	0.49999942732914726	0.5000023050745946	
0.6666717935616328	0.9999948849754354	5.364654136000787E-6	0.9784789202987199	0.49999832829922003	0.5000014182978989	0.4999907434233917	0.5000008658194768	0.500002509017669	
0.6667313674331552	0.7500588355104105	0.9999102974812394	0.9998871548729181	0.4999984278366744	0.499998468990179	0.4999983067158524	0.500000262552664	0.49999995111419104	
0.6666758502364557	0.7500169929531344	0.9999994565663903	0.6665964574891939	0.4999959519127173	0.5000058299157427	0.4999978912538133	0.5000001125446514	0.5000005605079144	
0.6666760124637597	0.7500411649146357	0.9999470252174462	0.3333444916904208	0.49999844778407454	0.49999813675834526	0.49999847524312446	0.49999959219858436	0.49999940504607443	
0.6666700146284895	0.7500487191625277	0.9999698013019354	1.2133997507825716E-5	0.4999980637791373	0.49999914140858526	0.4999978727290855	0.4999998262170506	0.500001007743823	
0.6667189098165879	0.7500169120579643	0.6668334476715854	0.9996345007761189	0.49999738801972854	0.4999992708141763	0.4999969226699129	0.5000001159701115	0.4999995262910026	
0.6666600702386328	0.7500168209101614	0.6667898699322135	0.49997674227138933	0.49999931609103804	0.49999919394534476	0.4999984765554766	0.5000002649150072	0.49999955216689146	
0.6666724461923977	0.750041761687889	0.6667081612378104	7.600502795139963E-6	0.4999982614436301	0.49999907420822803	0.4999969253182426	0.49999947889586277	0.5000007367549153	
0.6667306707403966	0.7500440924077079	0.333588937889158	0.999383407796758	0.49999697494224005	0.4999992449986721	0.49999737699450403	0.4999994119313612	0.49999954801619384	
0.6667107292953904	0.7500443236664357	0.33358893803911804	4.118472521162618E-4	0.4999983555917051	0.49999914287354513	0.4999977158643853	0.5000007099167051	0.5000005767174983	
0.6667102608353855	0.7500443245710418	1.2367183296683467E-4	0.4540689935672052	0.4999973627467502	0.4999992463352189	0.49999813476364224	0.5000002824569989	0.5000005422511613	
0.666675101782131	0.5000597860607484	0.9999098805398857	0.9998761907329753	0.49999738714495134	0.49999893839820325	0.49999016089679155	0.5000001193321776	0.5000005392004832	
0.6666760982474944	0.5000353043969464	0.9999807771381675	0.49999055301010625	0.4999991249026513	0.49999837747277825	0.4999984796503306	0.49999967154781805	0.4999999665257478	
0.6666703056368302	0.49998257873522134	0.9999424784052673	5.993728339803308E-6	0.4999973683057387	0.4999990652495785	0.4999974581259229	0.5000006736463012	0.4999994797273888	
0.6666760948219717	0.5000352452986512	0.500056433630997	0.9998763039626564	0.49999672551791463	0.4999994230907003	0.49999824264253095	0.5000000989678636	0.4999999681128845	
0.6666767626663328	0.5000331216694145	0.5000565050722466	5.184083563700148E-5	0.4999982055518053	0.4999993336609038	0.49999706367166236	0.5000001280846491	0.5000005771282031	
0.6666715102001057	0.4999968838873534	2.1062835270903515E-5	0.4892190480554726	0.49999863504400754	0.4999983991852729	0.49999700366604305	0.49999993847155877	0.5000004978845888	
0.6667269423859584	0.25023140781052744	0.9995536733017034	0.999671555705281	0.4999974928160144	0.49999938195770316	0.49999079964319976	0.5000005103899211	0.500000101234592	
0.6667259511883957	0.2502312047770938	0.9997142735795753	5.052312365270863E-4	0.499998759027625	0.49999625542175596	0.49998558963529754	0.5000011885989257	0.5000010404413922	
0.6667306748748727	0.25023140136092725	6.796074704906278E-4	0.46937601603359513	0.499998850624193	0.5000040768916864	0.4999979442102088	0.5000000468268282	0.49999995365877775	
0.6666761408549325	2.589847549881466E-5	0.6737807449313831	0.49400521430600175	0.4999957334038059	0.49999936142697793	0.4999970482479685	0.4999998723708667	0.5000012228854608	
0.5002298794180564	0.9999110304152518	0.999894628780663	0.9997822940688839	0.49999848207557596	0.49999696955142964	0.4999909738305839	0.5000003953298416	0.5000005133417131	
0.500110568857813	0.9999171180297465	0.9999743573996855	0.6665880549930155	0.49999843072047323	0.4999992561543279	0.4999976244620943	0.4999997153801786	0.5000002123214501	
0.5001106731797691	0.9999170719801007	0.9999151712401663	0.3334048634225728	0.499998464717482	0.4999975561432723	0.49999759402644206	0.4999995672168522	0.5000005699317259	
0.5001426365072876	0.9998917639885503	0.9998796126322993	1.5960788865642902E-4	0.49999584667095015	0.4999993104721796	0.49999901402517954	0.5000002603043127	0.5000000962660094	
0.5001521026930893	0.9999110345239588	0.6667906670118589	0.9994035135198213	0.49999845908118196	0.4999973881777802	0.4999988198277048	0.5000002596332421	0.499999961290098	
0.500114391687329	0.9998800549344403	0.6667915297088656	0.49997539846993566	0.49999927676412204	0.4999991959746002	0.49999874043477477	0.5000002590548771	0.4999995558534401	
0.500063963900002	0.9999083914962289	0.666791458185839	2.0318892203636963E-4	0.49999910068800707	0.49999917041334585	0.4999978667568816	0.4999996943282935	0.5000004427834812	
0.5001499801836127	0.9999109341969576	0.33359192417962236	0.9993827809700195	0.4999984547284557	0.49999741156062333	0.499990381856613	0.500000898462728	0.5000005217989264	
0.5001106825654138	0.9999170615483951	0.33359192417962236	5.308707269943277E-4	0.49999663588435195	0.49999907908908503	0.4999915885775873	0.49999969623015983	0.5000005098671728	
0.5000640980910585	0.9999991609671388	2.689752368697495E-4	0.9234582115121246	0.4999987693216603	0.49999900520697377	0.49999807350999936	0.5000002908497919	0.4999991854930852	
0.500111575726659	0.6666842112890756	0.999861048253536	0.9997727917557457	0.49999736732407946	0.49999697056468534	0.4999986301281893	0.4999996919341128	0.4999981822409067	
0.5000568313520248	0.6666774577414273	0.9999491198954142	0.4999766677037439	0.499997310939542	0.4999985120405428	0.49999847730922553	0.4999996799238037	0.4999990024944305	
0.5000631504774308	0.6666784722977854	0.9999153709536122	4.501833135214892E-5	0.4999974117718981	0.49999917213419526	0.49999976961248865	0.49999957403825174	0.500000428299643	
0.5000620875156863	0.6667078600795645	0.4999130969506243	0.9999753040480136	0.4999974755236267	0.4999968835024926	0.4999986912079366	0.4999999168273561	0.4999999607396228	
0.5001428661437946	0.6667078600792499	0.4999764221157695	2.4407655224672835E-4	0.49999875745679917	0.4999992144236452	0.4999980719312018	0.5000007005347697	0.5000003931137458	
0.5000595737935789	0.6667059292937746	1.8283990847689502E-4	0.49164957047551716	0.49999942337073716	0.49999901044703376	0.4999998603739548	0.4999995002583643	0.5000004260595001	
0.5001594715531433	0.3339734422571105	0.9995672542716139	0.9990991599168628	0.49999841038305926	0.499996889497001	0.499998745150038	0.49999976728002204	0.5000011800090912	
0.5001124213185756	0.3337138104427973	0.9990065495486483	2.7932224773105294E-4	0.49999721675376785	0.4999991937148608	0.4999978778748702	0.500000108919699	0.4999995818908806	
0.500067207317537	0.33370561763608675	6.703649428155822E-4	0.5111928225250799	0.4999983217883887	0.4999966720606304	0.49998756259127014	0.49999991605097144	0.4999999258575834	
0.5001480430400186	1.790263787659896E-6	0.4997287109435867	0.031244333359828097	0.4999984301910746	0.49999665842297136	0.49999706494709284	0.5000006394429899	0.5000002001454559	
0.33351831454473646	0.9998667909168233	0.9996248214109539	0.9998336553148994	0.49999466584775626	0.49999787756423797	0.4999992698628078	0.5000001199315042	0.4999993691985228	
0.33350746480094867	0.9998649479150608	0.9996852104407903	0.4999428466132935	0.4999984254449578	0.49999950254210335	0.4999992088882928	0.499999683644283	0.5000005132700384	
0.333507745708179	0.999953964883422	0.9999986996359658	4.204482479341024E-4	0.49999895497213764	0.4999990676101706	0.4999992060391046	0.4999997083801242	0.49999956432395454	
0.33345871838975405	0.9999451005110377	0.4999180194416759	0.9993953259341573	0.4999984495430766	0.499999303158951	0.4999980725887769	0.5000003794121443	0.49999923410906455	
0.3334179360245109	0.9999534282802159	0.5001851288976561	4.172048545202136E-4	0.49999894118121735	0.4999990672418265	0.49999925284642255	0.4999997045209476	0.4999995644317941	
0.3334161460335785	0.9998765407928634	1.8295439614075812E-4	0.5213771896066761	0.4999989497078376	0.49999923773057314	0.4999992671104554	0.4999996822515033	0.4999999482966041	
0.33391846983199347	0.5018236663477099	0.998156032358588	0.9982120062741388	0.4999972148818317	0.49999926647420706	0.49999818931785983	0.5000003724183834	0.49999952319982544	
0.33351659914842174	0.500019594241619	0.9999270676892544	2.1431031908198712E-4	0.4999972164801213	0.49999919696015704	0.49999866062070186	0.5000000799681897	0.49999956009608215	
0.33341105195277104	0.5000849744580577	2.737552046280842E-4	0.4766897490449845	0.49999749250045217	0.49999914755679437	0.49998995960342213	0.5000003781893974	0.500000204413852	
0.33351714467907495	9.335291715721023E-4	0.6589412785852489	0.4991240400283598	0.4999969956322208	0.4999965565854496	0.4999982172232039	0.4999997037712513	0.4999999678601709	
0.16894736539168517	0.9973138905553045	0.99968825715686	0.9934183599012537	0.49999697669136944	0.49999949154624845	0.49999767864145944	0.5000011146008898	0.5000014700255239	
0.16736589016102893	0.9985029832647194	0.9987068806432401	5.610919653482795E-4	0.4999967425283171	0.499998071658752	0.49998603010974974	0.5000008746294371	0.49999624557133615	
0.16677480415593715	0.9998864662752215	2.7460174026976733E-4	0.5527123856912834	0.49999884840928693	0.49999925197780737	0.49999763801739283	0.5000000373810667	0.4999995629366413	
0.1667921612762383	4.8126600453074486E-4	0.7277015053671985	0.4644854628541649	0.49999749228688417	0.49999924005131147	0.49999066354827554	0.4999999274940517	0.5000002153883497	
8.972665287265702E-5	0.9626814689379058	0.6666164404720977	0.5007210196683537	0.49999794149464794	0.4999990835311978	0.4999900838026657	0.4999992076375393	0.5000015843161218	
