0.9999900545703263	0.9999972900885782	0.999997550702936	0.999999632130361	0.4999932199616517	0.49998672887618745	0.49999092281763374	0.5000008169283757	0.500002467883275	
0.9999742011247361	0.9999918151596323	0.9999979213819417	0.8333287080566547	0.4999921342201485	0.4999874370826134	0.49999086762413264	0.5000001558312307	0.4999993655608281	
0.999989291094387	0.9999911541084041	0.9999773372635432	0.6667429171834524	0.49999308727461944	0.49998755467727746	0.4999907211663811	0.5000008776262052	0.4999991364963028	
0.9999920284943679	0.9999766721927666	0.9999910957673349	0.5001161376276724	0.49999441888674073	0.49997842450198293	0.49999897462773457	0.5000007815443497	0.5000026644563963	
0.9999446329490197	0.9999993408003578	0.9999686179343898	0.3330921407966094	0.4999932906493221	0.499988941429128	0.49999690602566804	0.5000006612464152	0.4999999397585213	
0.999990649786112	0.9999903960967319	0.9999946627414448	0.1666568817712991	0.49999413213030797	0.4999777294037958	0.4999971133044564	0.5000006830911485	0.49999963698760197	
0.9999442545889254	0.9999962369819037	0.9999946628018463	2.0641576001325393E-5	0.49999472382833765	0.4999863579562159	0.4999890919309325	0.5000006832653683	0.49999971677807514	
0.9999876329467593	0.9999935641854732	0.8333800636608764	0.9999824739775558	0.49999450953834035	0.49998697944103615	0.4999974947478549	0.5000003052150431	0.5000017933485306	
0.9999961638270158	0.9999889646120285	0.8332664814551418	0.7999558601948162	0.49999267098008776	0.4999871075499489	0.5000003418134038	0.4999983876202462	0.5000017729597755	
0.9999905638230248	0.9999905192796184	0.8332833609253326	0.5999660913515598	0.49999287980355533	0.49998674776066027	0.4999979877492459	0.500000185528411	0.5000007238020188	
0.9999970776658034	0.9999828860572467	0.833295157592983	0.40008801413241835	0.4999928767706003	0.49998929865331815	0.4999902064980052	0.5000005157307269	0.5000016929047285	
0.9999891783553406	0.9999924067103886	0.8332987381106661	0.19995259612928362	0.49999392179578644	0.4999762961785437	0.4999996195432888	0.5000006665481984	0.5000021496369386	
0.9999981410054204	0.999991611929617	0.8332987041754499	4.106180466735949E-6	0.4999932894873645	0.49998046045897854	0.49999955072109087	0.5000006426733621	0.49999905523611055	
0.9999774332373877	0.9999962402084077	0.6666971427363911	0.999982602468405	0.4999928337318059	0.4999879379699338	0.49999798728867384	0.5000005848193797	0.5000004095877216	
0.9999981561915857	0.9999962360332831	0.6666686072072668	0.7500345058567304	0.49999229213140445	0.499986994766247	0.4999992200540868	0.4999999978108635	0.5000073322547797	
0.9999943667243643	0.9999975214746575	0.6666910635272654	0.50015424472387	0.4999908882998378	0.4999871219655119	0.49999198640768727	0.4999988047933308	0.5000021229519137	
0.9999955430497119	0.9999990879359264	0.6666910087764166	0.2499893879106393	0.49999284346274897	0.49998709840326405	0.4999927895254137	0.4999988710104839	0.5000021820476975	
0.9999885443341602	0.9999988641646634	0.6666635961006178	5.260913276901899E-7	0.49999351960787897	0.4999827741888379	0.4999912804420752	0.5000009290520887	0.5000023811134824	
0.9999838584819905	0.999997705570038	0.5000085965478885	0.9999677425308587	0.49999301767632776	0.49998605132456175	0.49999289195534363	0.5000001676197943	0.5000023167947709	
0.9999843913808868	0.999996258663299	0.5000005682007793	0.6667177281131671	0.4999921139867177	0.49998710690860065	0.5000003709209097	0.49999864832256463	0.5000072800048516	
0.9999890410278437	0.9999885231786284	0.49983904537432106	0.3333045719268129	0.4999939401869173	0.4999827363185052	0.49999215163294153	0.499998551844192	0.5000024002707607	
0.9998973917898542	0.9999142003691605	0.5007236389320602	0.0014610193754335016	0.49999316445166	0.49998593766035176	0.4999995465566127	0.49999850154687475	0.5000018952110029	
0.9999875950901131	0.9999941990251399	0.333326414060115	0.999999039213183	0.499993178909761	0.4999850634150801	0.499999169692464	0.4999986179920106	0.500001219169091	
0.9999838422954475	0.9999935026848417	0.33332579829569164	0.5000068084673702	0.4999939297424144	0.4999850181323202	0.4999912517277515	0.49999855917644453	0.5000019167388512	
0.9999838446988304	0.9999935880126992	0.3333261980684346	1.1990304464151182E-4	0.4999930205724429	0.49998503230327324	0.4999913068442522	0.5000002197132752	0.4999999998006892	
0.9999836660139416	0.9999957321867998	0.1667169914182688	0.9997859624871829	0.4999940456314062	0.4999851235183755	0.49999125804875694	0.4999986110312195	0.5000012873211683	
0.9999810052841767	0.9999983693876947	0.1667169914182688	5.22904175999235E-5	0.4999931650002198	0.49997734758982454	0.49999157283063345	0.5000004960984286	0.499999431933675	
0.9999258967887868	0.9999957266532776	1.0905515269234925E-5	0.08494729219874658	0.49999295136649785	0.4999810495264806	0.49999907733863763	0.500007241917952	0.500001324594661	
0.9999900081615117	0.8333280114569614	0.9999955087757219	0.9999971199677216	0.49999345148626784	0.49998714468204	0.5000004492787865	0.5000006422923219	0.5000004292900088	
0.9999899157528767	0.833327812096053	0.9999786135267549	0.799952315999185	0.4999927610973639	0.49998743622928776	0.49999945958438674	0.5000001388837901	0.5000007719403492	
0.9999988568074792	0.8333381591026238	0.9999912392438562	0.5999348093301252	0.4999928219117605	0.49998549977521084	0.4999903977155615	0.500000737088623	0.49999913409369384	
0.9999977457889939	0.8333361765576608	0.9999952480745746	0.39997608704248194	0.49999214572450107	0.49998931764333565	0.49999297592001735	0.4999980317241392	0.5000016489714968	
0.9999891766033265	0.8333361203913096	0.9999908002283738	0.20002353342423249	0.49999363865139146	0.4999864366279413	0.5000002921762778	0.5000006723492237	0.4999987810395902	
0.9999900351800745	0.8333358909859886	0.9999946842727677	5.073612983791781E-7	0.4999931762294458	0.49997849602532574	0.49999303893579977	0.5000006374680735	0.4999993298447327	
0.9999808788690967	0.8333136327379684	0.7999728574965626	0.9999826626348408	0.4999944438601471	0.4999863041802583	0.500000486441842	0.5000002754749487	0.5000004228084532	
0.99999618318706	0.8333379680920412	0.799995754763972	0.7500574368111116	0.49999267071067494	0.499987099170315	0.5000003716371187	0.4999986640390703	0.5000012679592244	
0.9999991457750962	0.8333360514746262	0.7999964512706293	0.5000024991289489	0.4999922251080379	0.4999877072329123	0.49999185650219274	0.4999984839700524	0.49999876778151064	
0.9999845154302124	0.8333462603583371	0.7999964832600989	0.2502102287065874	0.4999948071300312	0.4999875962799968	0.49999838359698323	0.5000006773881488	0.4999992024922456	
0.9999937013108644	0.8333358727651476	0.8000381479176785	2.1633827726399525E-5	0.49999475660009296	0.4999876524678249	0.4999982619106183	0.5000006950622028	0.5000015369979967	
0.9999905999019274	0.8333075204700298	0.6000191413095948	0.9999827662820319	0.4999934396368888	0.49998638146562946	0.5000002312156512	0.500000689955417	0.5000023970124902	
0.9999806318500587	0.8334078516773675	0.6000796671340013	0.6664901391111742	0.49999211966865065	0.4999864601100853	0.4999927910709765	0.5000001736787263	0.5000025181160848	
0.9999892518394865	0.8333359746095034	0.6000142066282395	0.3333092135762379	0.4999938612385425	0.4999877340339312	0.4999996174509559	0.4999986765074074	0.5000019161487183	
0.9999890897743356	0.833337233708293	0.6000339603456148	6.258161405121786E-5	0.49999183089496985	0.4999876656034973	0.4999998589054538	0.49999857843091106	0.500001497124817	
0.9999766116909974	0.8333075694716147	0.4002004212099886	0.9998741965776099	0.4999908126210892	0.4999827404831081	0.4999918237369158	0.4999985722002347	0.5000029354229787	
0.9999905389474811	0.8333447380182585	0.40021282889248033	0.49999349724712916	0.4999934729897223	0.49998676289860605	0.4999993464531034	0.5000007285811621	0.5000012633985137	
0.999984401919626	0.8333454175198618	0.40012431509282653	2.0397130436468867E-4	0.4999945622438955	0.49998339518851703	0.499996562797138	0.49999855278981664	0.5000018567248721	
0.9999837684670059	0.8333437801772711	0.20013569411575652	0.9990229648854745	0.4999939014851559	0.49998112554127566	0.4999992691030852	0.4999987495663417	0.5000018585907945	
0.9999802764259191	0.8333438125937035	0.20014768400689045	5.655509999760167E-4	0.49999388483135854	0.4999828740747361	0.49999923826867126	0.499998598917558	0.5000018558853918	
0.9999979461159141	0.8333437411686431	3.553075266479981E-5	0.49778496372145054	0.499992689841211	0.4999868436936379	0.4999994682084153	0.5000001150620195	0.4999993984670819	
0.9999991623031041	0.6666662578795163	0.9999913095100929	0.9999990272762144	0.49999205547317754	0.4999866929567099	0.49999104598065425	0.500000704566199	0.4999991278687806	
0.999990575890768	0.666666257729115	0.9999955580928084	0.7500567005452029	0.49999351658249946	0.49998646467545454	0.4999976030904368	0.500000924329962	0.5000026066654506	
0.9999919447450986	0.6666677840273474	0.9999946225545154	0.5001162434251545	0.49999345233518894	0.49998336353797646	0.49999725583301086	0.5000007152549674	0.4999994903857587	
0.9999900996403646	0.6667109611414631	0.9999909954818669	0.25019698572240906	0.49999390483185885	0.49997739980001377	0.4999932757309504	0.5000006880696648	0.5000000267175498	
0.9999981353007038	0.6666670969643393	0.999993529752568	2.3682946126325432E-6	0.4999936503031256	0.4999868046327389	0.49999973165912404	0.5000009208864685	0.499999322791853	
0.9999894232368524	0.6666663227438808	0.749912715004123	0.9999831271358275	0.49999243042273095	0.4999874640021264	0.49999086975551993	0.5000000728714524	0.500003119252214	
0.9999891615366447	0.6666624694687134	0.7500391515727203	0.666718756075119	0.4999934558431954	0.49997534433539587	0.49999258718837486	0.5000000092134415	0.5000033771861754	
0.999990193548731	0.6666624636580282	0.7500390021589937	0.3333527367123825	0.4999938851473483	0.49997732169776987	0.49999322384912936	0.5000007291455116	0.4999999896740957	
0.9999992173776031	0.6667066622116528	0.7500366633904013	9.70275413294781E-6	0.4999946356383419	0.49997662683169586	0.49999677160874745	0.5000008328653404	0.4999998952549426	
0.9999874581881719	0.6666653535895629	0.500009033129153	0.9999674528681437	0.4999923625101367	0.49998131352342107	0.4999918524712321	0.500000772870861	0.5000012647696983	
0.9999890316154622	0.6667067040747133	0.4999993005641441	0.49999241064869965	0.49999184133428404	0.4999765457324104	0.4999967694435186	0.5000008252172636	0.5000025719388949	
0.999993889371741	0.6666519301704557	0.49999685004510835	9.574478375427909E-6	0.49999447005598785	0.4999828828079224	0.499996569527629	0.49999794856015606	0.5000026516295601	
0.9999814814580062	0.6667167940367372	0.2502248360506012	0.998973221778193	0.49998923913165366	0.4999811302678351	0.4999918809283967	0.5000007076000463	0.5000008342384441	
0.9999809522332259	0.6667085609935061	0.25022483732322964	8.81269324833832E-4	0.49999327832387624	0.49998731957046905	0.4999927778780974	0.5000006895903796	0.5000025706996708	
0.9999929323634752	0.6667082047426319	7.406969916791504E-5	0.5549283504551186	0.49999299143877723	0.4999815018275981	0.49999189560807844	0.49999775633538823	0.5000000002123276	
0.9999825482960443	0.49997302602771826	0.9999954189279924	0.999996479526985	0.49999342581928535	0.4999756500358309	0.4999932626099402	0.499997447227078	0.5000023571555142	
0.9999959868866216	0.49997297208876706	0.999994666847122	0.666690630119065	0.49999345602514184	0.499981808005362	0.49999724977761545	0.5000009610311915	0.5000022026397183	
0.9999973254909136	0.49979910802259203	0.9999984078992201	0.33299643407650137	0.49999333224644443	0.49998284776714197	0.49999321724256185	0.5000005802309817	0.500001673034786	
0.9999537045398403	0.5001304431480145	0.9998307650103053	1.0027816880536382E-4	0.4999933206059839	0.49998286892921384	0.5000006202285504	0.5000006719602818	0.5000018069172335	
0.9999963814757256	0.49997062338312614	0.6666710708226241	0.9999994008021501	0.49999292529364636	0.4999855917323255	0.4999911647490944	0.5000006274689303	0.5000026516988869	
0.9999963971753458	0.4999706173507031	0.6666710763420076	0.4999924151538794	0.49999388447928983	0.4999803047469426	0.49999726397094824	0.5000007126033691	0.5000020375474876	
0.9999963637831442	0.4999701011491949	0.6666710760623611	5.559610031787453E-6	0.49999291765550785	0.49998563144002595	0.4999967853519439	0.4999984791278371	0.5000026614903855	
0.9999317180258364	0.5005691121399829	0.3343735445106574	0.9979668722289893	0.49999345504503523	0.4999856488540981	0.4999929341950771	0.5000010490814952	0.50000089074029	
0.9999926426730551	0.5005572909819682	0.33367690612853235	9.756176921791784E-4	0.4999929767762827	0.49998323490750035	0.4999986973116242	0.5000056234805706	0.5000001972106292	
0.9999895420245346	0.4999343664514766	4.638926042225519E-6	0.49595134618717934	0.4999930193943517	0.49998155702089714	0.49999180063892573	0.5000006307561777	0.5000008865069888	
0.999991581102582	0.3332326131298268	0.999992865606226	0.9999996303052924	0.49999390282751305	0.49997946317973546	0.4999972594427662	0.5000009262771218	0.5000002537185925	
0.9999853826518823	0.3332175801147544	0.9999928748735036	0.4999874481659189	0.49999389393427407	0.4999794247526058	0.49999725948755436	0.500000595773073	0.5000002536056386	
0.9999853730448631	0.333244588222934	0.999999937518477	2.2161211682321086E-6	0.4999929039924896	0.49998181881789705	0.4999970741677587	0.5000006610787571	0.500000197491223	
0.9999917343635581	0.33322085750160735	0.5000830183325528	0.9999416462811127	0.4999916933510624	0.49998333460232813	0.4999976234535828	0.5000057273196027	0.49999959311547426	
0.9999917402630107	0.33338254056360006	0.5000134258175425	3.482282326279229E-4	0.49999235588458557	0.4999809543945918	0.4999901708362968	0.5000025021769473	0.499999760792148	
0.9999885746095692	0.3336965554503225	0.0012679445962635676	0.48679054910716657	0.4999915663399048	0.49998336600911314	0.49999143001704704	0.5000056406841509	0.49999984271823683	
0.999991645369919	0.16661162706650345	0.9999983919125683	0.9999989694036787	0.4999897555700086	0.4999803886576329	0.49999016558906	0.5000007342952861	0.4999995807449503	
0.9999882478775225	0.16736309042532455	0.9976623019438162	0.0012525025010318713	0.49999156260111643	0.499983333594718	0.49999146480075	0.5000056643085178	0.49999957461904476	
0.999996341608757	0.16672521313410332	2.2294240445219885E-4	0.6633348348167443	0.499993392091718	0.4999815913192678	0.4999911363484041	0.500002403596681	0.5000001590968772	
0.9999970623641488	2.826811638838837E-5	0.5198566918068872	0.3452956433529759	0.49999304315241555	0.499983209438079	0.49999322181426153	0.4999976323028461	0.5000016440792134	
0.8333278299116738	0.999996703130589	0.9999992240147637	0.999998066853043	0.49999445992944724	0.49998650085829205	0.4999992611005298	0.49999845463243486	0.5000016964410551	
0.8333272919086296	0.9999936644500672	0.9999994347417359	0.8000145537913363	0.49999206047807504	0.49998650014801144	0.499997609842595	0.5000009339287433	0.5000016860844266	
0.8333280189585063	0.9999961967705396	0.9999996850119199	0.5999072095610202	0.4999921038001542	0.499985540481488	0.4999978422229888	0.5000009169358598	0.500000708885186	
0.8333295558613631	0.9999962113058325	0.9999771459056997	0.40008539602517523	0.4999921146436003	0.49998755684492574	0.49999847080569265	0.5000009338316651	0.4999990272779852	
0.8333278037273043	0.9999997371396641	0.9999990755000852	0.20002327397424827	0.4999939056024918	0.49998258465570045	0.4999990842485493	0.5000006566441987	0.499999914518578	
0.8333279873002792	0.9999993017013599	0.9999941318593072	3.406159715022543E-7	0.4999939348388043	0.4999784322953775	0.4999897676352302	0.5000006691360533	0.500002212946503	
0.8333272393826767	0.9999910094180599	0.8000389372729741	0.9999812329994333	0.4999923698293745	0.49998696776839363	0.499997582291864	0.5000003052330073	0.5000023909541571	
0.8333272895401127	0.9999935663175012	0.8000380302766293	0.7500324453226145	0.4999929178390636	0.4999863728372344	0.4999976098010845	0.5000009474754055	0.5000016738079514	
0.8333310627940748	0.9999978364979023	0.7999935997673422	0.5000060312692068	0.4999916936380527	0.4999880163113212	0.4999996007787364	0.49999835939365	0.49999927874401134	
0.8333464818400169	0.9999965182817989	0.7999964628310662	0.24991006958610473	0.49999314878203815	0.4999876009651448	0.4999967399023946	0.5000006766517215	0.4999992029178259	
0.8333276346554006	0.9999993285893726	0.7999939409431857	5.071678899097622E-7	0.49999321160710103	0.49998812687625505	0.49999683399642547	0.500000660659537	0.49999994535720954	
0.8333283685661147	0.999995670234589	0.600013453126893	0.9999864788713944	0.49999310946650277	0.49998605835097	0.4999973248185024	0.49999872710481924	0.50000234525566	
0.8333284077916493	0.9999954458028347	0.6000142213430173	0.6666059909070682	0.49999463913589043	0.49998634225631644	0.49999289379211526	0.500000848097508	0.49999999583469135	
0.8333284200482297	0.9999767079630084	0.5999302018089571	0.3332661718766624	0.49999391183319086	0.49998772350127957	0.499996328042544	0.5000007949856083	0.5000021784949595	
0.8333285497538779	0.9999987967915991	0.5999302017929913	3.0017730615520015E-7	0.4999939323258498	0.4999877286872618	0.4999918449073347	0.499998491711233	0.49999989324073807	
0.8333225430407224	0.9999957782234367	0.40010228298998873	0.9999484967347738	0.4999946112172367	0.49998917286305383	0.4999989695736308	0.4999985559406401	0.5000008668231485	
0.8333266878510628	0.9999959594735648	0.4001261651529076	0.4999504916826563	0.4999931872987016	0.4999812788069737	0.4999994970667126	0.500000115233189	0.5000015461378398	
0.8333273409932525	0.9999735689910259	0.4001234305688415	2.0538822537861487E-4	0.49999307855611125	0.49998337570492163	0.4999989604233787	0.4999985461913819	0.5000018376533591	
0.8333226766766796	0.9999888538140418	0.20014774493303433	0.9997688598829763	0.49999103183390475	0.49998280671008527	0.4999991700236993	0.5000009621394351	0.5000026511510107	
0.833326649291833	0.9999883914827601	0.20014466053354676	4.7996837113144057E-4	0.4999932322839763	0.49998112345020956	0.4999992685478279	0.4999986801079051	0.5000013168262574	
0.8333230199351767	0.9999982615952664	6.887301889012097E-6	0.025610881956470846	0.49999308081899085	0.49998288392878876	0.4999998861902431	0.4999986764479068	0.5000013580865312	
0.8333279217541838	0.8000012805163785	0.9999955622364844	0.999999521580049	0.49999350225763034	0.49998658085269915	0.4999914297945247	0.5000009193345889	0.5000024849664171	
0.8333278130147429	0.8000012808883411	0.9999961555275702	0.750031928725655	0.4999935042826872	0.4999869319989388	0.4999990021553615	0.500000904684816	0.5000007085973222	
0.8333295620130914	0.8000012414362865	0.9999750885205549	0.5001167123824938	0.499994376793472	0.4999875640526726	0.49999684675741	0.4999984325097951	0.5000001572756435	
0.833327812725296	0.8000041496520516	0.9999768881977847	0.24991406649237258	0.49999340091700084	0.4999827132893752	0.49999903801284895	0.5000009021982424	0.5000021062927424	
0.8333279916307789	0.8000042013288968	0.9999996830809648	9.597199129337929E-6	0.49999316389459736	0.4999871645134265	0.49999678268160774	0.5000008710188056	0.4999994157024616	
0.8333278281365518	0.8000015773437185	0.7500404917005481	0.9999623978541344	0.49999446004527204	0.4999865022777164	0.49999732397806346	0.5000010441456442	0.5000002136977473	
0.8333271791800524	0.7999998896159647	0.7500390872724908	0.6665429836112349	0.49999437642028344	0.4999863516038605	0.49999724368601217	0.5000010547983629	0.5000004517855793	
0.8333276238060695	0.799990422330666	0.7500358115849439	0.333311293354773	0.4999933351404713	0.49998617139797735	0.4999992891694627	0.5000010332499211	0.4999999020788234	
0.8333276293152023	0.799999936577948	0.7500358338806336	9.755301555836519E-6	0.49999390876419075	0.49998292560089586	0.49999677789398905	0.5000006607246039	0.4999998953087309	
0.8333310094217105	0.79999066517242	0.49999677257012926	0.999997468678548	0.49999291389448786	0.49998912757020775	0.49999909532077974	0.49999751950806737	0.5000006283643628	
0.8333310268658866	0.8000000414631645	0.4999981920162444	0.5000021049180954	0.49999171031920747	0.4999864917918136	0.49999909547025245	0.5000008918583713	0.5000008441165487	
0.8333309154852833	0.8000000433446824	0.49999656727230213	5.357154525545325E-7	0.49999171385200425	0.49998580531692544	0.4999990953338196	0.5000008974395056	0.499999893328186	
0.8333275745894292	0.7999753244196774	0.24992351864997198	0.9999975322116702	0.4999917235982858	0.4999794139834984	0.4999991003225036	0.49999765008091784	0.500000824610723	
0.8333311292070369	0.8000000567524382	0.24998655769161943	4.4768440572289837E-4	0.499993019483537	0.49998338927309555	0.49999656062436293	0.4999986732948837	0.49999983681338556	
0.8333310232074184	0.800000681240812	4.030060334799521E-7	0.022694653482365768	0.49999272834063363	0.4999865857631284	0.49999992620192374	0.499998567476234	0.5000014008098411	
0.8333280249372083	0.6000730035003817	0.9999624690703139	0.9999416201056613	0.4999928794590213	0.49997626960258956	0.49999121279344716	0.4999984873035974	0.5000025166149802	
0.8333296689503568	0.6000212842674129	0.999994578496036	0.6666393142688856	0.49999335673079176	0.4999782446693728	0.4999992351993736	0.5000010041687613	0.5000006097146169	
0.8333304321087484	0.6000732463361961	0.9999453319571324	0.3333715047595864	0.499994118637664	0.4999859530131531	0.5000003141423727	0.5000006226317288	0.5000016718382656	
0.8333276697364906	0.5999814923767517	0.9999881701336546	1.316377385124799E-4	0.4999932133405754	0.4999873861871976	0.5000003134899093	0.5000035746444481	0.500001672850695	
0.8333296091700297	0.6000731182604888	0.6666705086074326	0.9999554812740159	0.49999291452341893	0.49998563485261244	0.49999916084020274	0.5000005237774402	0.5000007639431965	
0.8333295567561754	0.6000730816247192	0.6666711016326627	0.499993497361476	0.4999934666308325	0.4999893991665238	0.49999910446921614	0.5000006235642609	0.5000007436898696	
0.8333237430641712	0.5999822878898341	0.6667053991210781	2.0897283708845377E-6	0.49999474723151294	0.4999831801642659	0.499998136351624	0.5000005493786215	0.5000007649361285	
0.8333270180252482	0.5999729858306476	0.3331846653494654	0.9999948792939618	0.49999290208641883	0.4999792407446066	0.49999101927968376	0.500000072442265	0.5000031016867107	
0.8333311137416742	0.6000680008466869	0.3335866271985937	4.5452023797358266E-4	0.49999413394604236	0.49997259298594365	0.49999282625824215	0.5000036394094995	0.5000006382183882	
0.8333315184252523	0.6000743062274386	1.65769347444699E-4	0.4854322184161354	0.4999928812266029	0.4999891223435047	0.4999989038941916	0.5000006337012926	0.5000008134989156	
0.8333242104689245	0.4000360470083147	0.9999691514448023	0.9999982810505003	0.4999897335151368	0.4999798625983117	0.4999977881871567	0.4999978977799783	0.500001364748361	
0.8333242140013196	0.4000360470083147	0.9999700479052531	0.5001820771895233	0.4999914393070086	0.4999811842912724	0.49999652865920713	0.5000007292035297	0.49999961618190314	
0.8333296905584082	0.40004045482855805	0.9999681129201389	5.348082094277547E-6	0.4999934714611934	0.4999893835771594	0.49999689410308495	0.4999980460891353	0.5000006460228468	
0.8333594021274522	0.4001819604533199	0.5001099529097117	0.9995229605864525	0.49999341497448563	0.49998325825891776	0.4999992422308999	0.5000029201206101	0.500001317639285	
0.8333592940826133	0.40002389650326037	0.5001103834192462	2.2652849290049243E-4	0.49999341877871795	0.4999815791566395	0.4999992352225337	0.5000007163814307	0.49999956443979554	
0.8333591524636408	0.40017981316364937	6.270911220948238E-4	0.44004716257107757	0.4999929278064766	0.4999855261630786	0.4999959529450002	0.500000638927598	0.4999999570847571	
0.8333234919300212	0.19989114743852177	0.9999960282247358	0.9999907823201242	0.4999897633595347	0.49997939048673	0.4999977068364267	0.5000006406663385	0.5000013076136753	
0.8333280392256281	0.19996755086759088	0.9999999371682018	4.57988131294798E-5	0.49999222957981615	0.49998093623071477	0.49999016693943704	0.5000007229781684	0.4999995697272314	
0.8333234630330502	0.19989237401100968	2.183749725261973E-4	0.4943310783044122	0.499991772954007	0.49998140574087396	0.49999967266398176	0.5000007869227449	0.5000002153533394	
0.8333277670894357	9.460306700776281E-6	0.9987906312144939	0.5044062120334895	0.4999936683957589	0.499981192027043	0.49999746720681376	0.4999985821051067	0.5000001970768816	
0.6666854648971097	0.9999859371075294	0.9999914482536018	0.9999825856959427	0.49999145515834853	0.49998415718090256	0.4999978528998263	0.49999845021117767	0.5000024609676137	
0.6666150815449079	0.9999997291553433	0.9999858452210245	0.7500742387548042	0.4999943712509599	0.4999891843514932	0.4999974654902293	0.500001039975476	0.5000064869903896	
0.6667093581125115	0.9999847933231096	0.9999697700746452	0.5001284038795143	0.4999914545519883	0.4999858098783279	0.49999683884780255	0.5000007941492722	0.4999999984267641	
0.6667413371548645	0.999988681858734	0.9999753988787251	0.25011010554371527	0.49999122190698375	0.49997849973279906	0.4999978480495904	0.5000009956170207	0.49999891154837217	
0.6666946874657645	0.999999298656807	0.9999580976307335	1.0328003564042216E-6	0.4999936060432666	0.4999803564719683	0.49999956558805164	0.5000006333153757	0.4999989267746555	
0.6667070220387168	0.9999886278124536	0.7500192457172514	0.9999414957569431	0.49999230327915883	0.499985869519178	0.49999695141107253	0.5000010399702395	0.5000027595788755	
0.6667068758214297	0.9999791481892181	0.7499476188877432	0.6664936895036373	0.499992665890178	0.4999892419810942	0.49999768835678976	0.5000008728360793	0.5000017183441458	
0.6666893504765568	0.9999822208802933	0.7499551039071645	0.3333116684003796	0.499993724871396	0.4999889760030358	0.4999967603955446	0.4999982649545804	0.49999901213385184	
0.6666943765944945	0.9999848547105147	0.749881617019163	1.053785885870858E-5	0.4999935248474245	0.4999880181741521	0.4999994205587297	0.5000007931187134	0.4999999348699489	
0.6667073348006947	0.9999418615614779	0.49999928443336794	0.99987194528363	0.4999945357834173	0.4999891948230698	0.4999989672463216	0.5000007425143134	0.5000008468286603	
0.6666921864948259	0.9999778737824234	0.49999928443336794	0.5000020926191566	0.49999348501478075	0.499988916146047	0.4999991293813216	0.4999987868788231	0.5000008304816381	
0.666686683740037	0.9999673401684962	0.49999989629072183	5.939323143461342E-5	0.4999923040871955	0.4999813068783339	0.4999966555930058	0.5000041662549425	0.4999991726435138	
0.6667076465361431	0.999992625911387	0.25007487510590565	0.9997473307276382	0.4999947461485947	0.499980976642111	0.4999859130689285	0.49999725290771285	0.5000012208827512	
0.6667110321618057	0.9999718775435819	0.2500748749908545	2.0506473023642783E-4	0.49999155754145647	0.4999809915728374	0.4999929644984698	0.49999855784555086	0.5000064300767867	
0.6667123471550032	0.9999587351409589	7.348057771793288E-6	0.894237990697352	0.49999469406316777	0.4999828615571592	0.4999989069765338	0.4999973948633593	0.5000013795100872	
0.6667087312564289	0.750053070463852	0.999994578726292	0.9997901137198103	0.4999944254443347	0.4999890104599355	0.49999914795010386	0.5000005851809801	0.500000727901957	
0.6666899865932068	0.7500499818354466	0.9999770967072314	0.6664642890865216	0.4999939147893195	0.49998917740007454	0.4999968256933821	0.5000010143443998	0.5000021013828361	
0.6666901821974368	0.7501131656758887	0.9999375109335561	0.3333586586984875	0.49999368972994884	0.49998751214836934	0.4999968200711413	0.5000011556394672	0.5000006478986848	
0.6666929063874503	0.7500545596553314	0.9999588228807499	8.396217027951158E-6	0.49999340452155033	0.49998042442788754	0.49999952324904784	0.500000898884811	0.4999990394786884	
0.6667075883264755	0.7500530758004963	0.6667615234366745	0.9997490292904547	0.4999929566624333	0.4999857894174864	0.5000003482529591	0.5000039161807288	0.49999894412751233	
0.6666893506194146	0.7500508011983853	0.6666582804062637	0.4999898557408531	0.49999266810133164	0.4999855331447347	0.4999933863843923	0.5000008786330662	0.4999997398606773	
0.6666902439645769	0.7500531237706295	0.666756086481286	9.483256961113955E-5	0.4999931372451442	0.4999856334803324	0.5000000387189524	0.5000010655172482	0.4999989354342068	
0.66669217081465	0.750050542184143	0.33347593982042545	0.9996300737170115	0.49999283355082735	0.49998849602844875	0.4999991016173532	0.4999987924459513	0.5000021608028613	
0.6667073381988795	0.7500693531995327	0.33339150421213204	1.8475277129858088E-4	0.4999928694672316	0.49997819339758814	0.4999981045628304	0.5000007922121043	0.5000021239205543	
0.6667068202688344	0.7500531691530897	1.4345114285893676E-4	0.4401482851079174	0.49999295517603115	0.4999855235582276	0.49999796290735204	0.49999849954574166	0.5000019993402688	
0.6667076989979662	0.49997325013521954	0.9999915195658039	0.9999902278154257	0.4999913650658834	0.49997560871866764	0.4999978471094224	0.5000028996780511	0.5000016688684854	
0.6668147488325523	0.49996092316375684	0.9994227370730802	0.499960460496249	0.499991379850757	0.49998564084274194	0.49998956405661016	0.5000009625964597	0.5000007868330341	
0.6668245253797458	0.5004240922858596	0.9995987603977589	5.643986989338949E-4	0.4999934873159497	0.49998109553101755	0.4999973274071305	0.5000009560252022	0.5000026691078655	
0.6666898556130478	0.49995683219885817	0.5000685550024986	0.9999731280487911	0.4999947703299187	0.4999815555551849	0.49998990174122193	0.5000008719920152	0.5000013071607103	
0.6666891557736524	0.49996089114573244	0.5000685550024986	9.723307943905194E-5	0.4999913347935604	0.4999815192092727	0.49999709559288275	0.5000009780391028	0.5000020454687317	
0.666712878012475	0.5002469647641141	6.222278691534126E-4	0.491606694549997	0.4999928800625899	0.4999815285853304	0.4999980902449801	0.49999810765626385	0.5000021243712913	
0.6668131247493684	0.24998087118213053	0.9998824844538681	0.9999999869825547	0.49999161818934246	0.49997898187391915	0.4999992471191439	0.5000009414523365	0.5000002372282858	
0.6667991268462861	0.2502587492584649	0.9994008438093503	5.636393707014742E-4	0.49999369050717074	0.4999811922585022	0.4999974713856768	0.49999858149257304	0.4999996143718366	
0.6667135531097994	0.25027547405779266	9.758987246477335E-4	0.5062856685481932	0.49998970283722366	0.49998121466946077	0.49999978655527416	0.5000050643668993	0.49999984546567194	
0.6666930529940799	2.37474288619234E-4	0.5869204613022595	0.49905625294194034	0.4999939028607632	0.4999810886625266	0.49999935775652365	0.4999983308163793	0.499999684235743	
0.5000743265805052	0.99997916640608	0.9999947257479653	0.9999341633945517	0.49999442908766817	0.4999890178652368	0.4999991863611957	0.5000039141438424	0.5000024743340878	
0.50007431153047	0.9999887200207741	0.9999903928677535	0.6664479562145887	0.4999922952308561	0.49998580889546435	0.4999994183895037	0.5000006155680246	0.4999999030649317	
0.5000611779141825	0.9999782846182627	0.9997076908917547	0.33330334152029434	0.4999939289599495	0.49998917729051756	0.49999935780637955	0.5000002015400343	0.5000005438727846	
0.49992475757019206	0.9999934834646976	0.9999983710502443	3.574322829270521E-6	0.49999347074936606	0.4999888476344969	0.4999978920596395	0.5000004815398307	0.49999941835958245	
0.5000127846518395	0.9999770572322209	0.666716980595737	0.9999493120554716	0.4999942423198673	0.49998487411284626	0.4999986852831096	0.5000001539689496	0.5000025201948426	
0.5000312160667434	0.999988917848016	0.6667481237231787	0.5001143619013132	0.4999926642042675	0.49998904579684195	0.49999811787819753	0.5000007945309782	0.4999997400749654	
0.49992278763702175	0.9999886147999908	0.6667557113151634	2.0525908062661263E-5	0.4999939145540533	0.49997770024325977	0.4999982410711947	0.5000001825885236	0.50000056348852	
0.5000654227667799	0.9999997185875971	0.3337927154830571	0.9993211739160963	0.4999946755031006	0.4999805153560248	0.4999901403567901	0.5000008761186231	0.500001289184533	
0.5000652819555144	0.9999395893380795	0.333398197182945	1.848636939859573E-4	0.49999416416105025	0.4999810600549859	0.49999815443814466	0.5000008788636139	0.5000016996514608	
0.5000237856470356	0.9999864846055925	4.3800874544447366E-5	0.9848072962270611	0.49999479874261943	0.49998113534900224	0.4999937267112828	0.49999792497493617	0.5000034491522208	
0.5000313358012156	0.6668352428331705	0.9999587931082287	0.9998677581232147	0.49999227866613005	0.49997907713496226	0.499993629478823	0.5000010051577841	0.5000020167192538	
0.5000313520792714	0.6667549604108393	0.9998722824628508	0.5001180257515472	0.49999390529754123	0.5000057789247208	0.4999991057477882	0.5000009658629349	0.5000025149997811	
0.500031863960164	0.6667237751303964	0.9999558125321995	9.916776664749554E-6	0.4999937374466673	0.49998326239558327	0.49999819660124795	0.49999824802820614	0.49999940255611675	
0.5000247468272551	0.6667538998499609	0.5001079076611824	0.9996769356058282	0.4999936648655948	0.5000049781964071	0.4999992933258692	0.4999982468799863	0.49999993599243503	
0.5000207445305526	0.6667262215604495	0.5000884225516593	2.6212862933252244E-4	0.49999347452005244	0.4999891831088177	0.4999997031543517	0.49999849584427764	0.4999987787295035	
0.5000248674711038	0.6667279333061987	1.44924936768107E-4	0.5000631582638518	0.49999128560423395	0.49997846637326515	0.4999982299865264	0.5000007386912811	0.500002007880312	
0.5000309355644167	0.3334523181566691	0.9997469376068118	0.9998657150715538	0.49999227041450156	0.5000048435426719	0.499999451044819	0.4999983928346091	0.5000005204722456	
0.5000333012426271	0.33345231281874854	0.9997536392927575	9.947084493400205E-5	0.4999913632902234	0.49998333235204556	0.4999993479811033	0.4999985197163552	0.500000536333704	
0.5000248428423468	0.33345231801913683	2.4637756970144036E-4	0.3430681992944728	0.4999939271577963	0.49998916890768164	0.499999346205523	0.4999985161486219	0.5000002983400063	
0.5000312718916676	2.3764229172218432E-4	0.7330786548489215	0.5001225829961252	0.499991281567804	0.49998144422885704	0.4999896878952209	0.4999984524337609	0.5000018664794947	
0.3334518088192323	0.9999782845596915	0.9999946161649621	0.9996708652873363	0.4999912145806326	0.4999837021048138	0.4999993574529114	0.5000006043670757	0.5000005441634406	
0.33345216780167153	0.9998745442955662	0.9999580152518451	0.49998812459609066	0.4999931578132469	0.49998037073709706	0.49999823303717184	0.500000944635918	0.5000020386504159	
0.3334521742132186	0.9999785068081849	0.9991542220285627	1.6857004677570619E-4	0.4999913734618602	0.4999824261296575	0.4999982030875353	0.4999982909743095	0.5000025996495775	
0.33354990724670863	0.9998814176440965	0.5001543066477601	0.9993214720858778	0.49999121775465144	0.4999805923735254	0.4999979901435088	0.49999825865425174	0.5000017085752888	
0.3334524068490106	0.9998755615695383	0.500161839745108	2.469160825462397E-4	0.4999903979194654	0.49998149330792074	0.49999805297705446	0.4999987491912071	0.500003266448738	
0.3335461193794673	0.9997546255371247	3.217437592883247E-4	0.5050336306077869	0.49999041563333474	0.49998150469775665	0.49999855594955767	0.5000009326596969	0.5000033146302907	
0.33345270940033694	0.5001882016373563	0.9999835277458478	0.9996675302340615	0.49999420616930185	0.5000065834616192	0.4999993673867695	0.5000001797912634	0.5000020811147259	
0.3334525288374802	0.5004752513478982	0.9991364993988614	8.188099139881758E-5	0.49999128685745725	0.4999835515385102	0.4999993560852417	0.4999981189588354	0.5000005441633508	
0.3335461193794673	0.5004753902746892	0.001570749502424897	0.5238909376465599	0.49999137305344166	0.4999815910631068	0.49999811482326706	0.4999987179588895	0.5000024521647531	
0.3333538033832971	2.3764229172218432E-4	0.6764448965530843	0.496616589687083	0.4999904706296127	0.4999815376216766	0.4999982124463071	0.49999812477279	0.500001977738528	
0.16679429778528992	0.9998813728759651	0.999973201265257	0.9998446840543904	0.4999902575530436	0.4999728750697913	0.4999826126398975	0.49999797176042493	0.5000016795185814	
0.16662353960509707	0.9999878011901308	0.9999908932669268	1.7289212917979995E-4	0.4999811594068686	0.4999728999211734	0.4999991644418781	0.4999982481381578	0.4999994241227498	
0.16681649557605038	0.9999370855043204	5.301211976423928E-4	0.5034974023776995	0.49999017857172695	0.4999806066791493	0.4999980853755058	0.4999985572626799	0.5000016730049044	
0.1670250409369527	0.0016224898030158252	0.6973727093928372	0.5348816098756393	0.4999912177060542	0.4999805622718455	0.4999979234865203	0.4999981312266313	0.5000020740363607	
7.72918680230772E-6	0.6669704216319607	0.6601169827103434	0.9988611679210387	0.4999939733774202	0.5000051417971209	0.4999937598723132	0.5000010312027581	0.5000017045465183	
