0.99999535396451	0.999998899622323	0.9999752356832651	0.9999978177610676	0.5000145521362888	0.49997815701056736	0.4999915173058911	0.4999967053606031	0.5000085576845037	
0.9999573086843658	0.999989910250153	0.9999746294145706	0.8334825744016984	0.5000143166252055	0.49997815581019506	0.4999992557041569	0.49999954292637216	0.5000411920961836	
0.9999992523856588	0.999998957439529	0.9999889789513098	0.6666606984060209	0.5000137378426405	0.49997767131701404	0.49999902601411117	0.500003879826131	0.5000083674294337	
0.9999879544530469	0.9999989627753156	0.9999956922240874	0.49997688348332864	0.5000137369815251	0.49997807269783945	0.4999985522221806	0.4999987147258195	0.5000078170324318	
0.9999874717511138	0.9999922250778344	0.9999781494050417	0.3331701326199795	0.5000146088237594	0.4999778750474038	0.4999998760208083	0.4999997364291108	0.500007847258455	
0.9999974253064529	0.999997391961493	0.9999990529136183	0.16667803076325277	0.500014155268885	0.49997781778098854	0.5000081026401629	0.4999986512476906	0.5000258311082334	
0.9999874143896903	0.9999953802174552	0.999999222614128	3.1833736800535216E-6	0.5000142389977874	0.49997800302113066	0.5000003326204213	0.500003189051899	0.5000088440424763	
0.999998803190693	0.9999946146660834	0.8333308350684762	0.9999992975236736	0.5000140643093335	0.4999782001070893	0.5000003560943684	0.499999669819627	0.5000056452167497	
0.999994705651063	0.9999991981827938	0.8333379617448629	0.8000183331229523	0.5000140650543345	0.4999780077452856	0.5000000223955213	0.4999964532637047	0.5000074857454214	
0.9999982147226639	0.9999962599828904	0.8333309229875608	0.5999843556982773	0.5000141678494293	0.4999780576454504	0.4999996539803811	0.49999879314444	0.500007622749599	
0.9999972085659086	0.9999934867127264	0.8333612028928747	0.39999676887338953	0.5000137406570496	0.4999780663052116	0.5000001914278126	0.49999688455251234	0.5000082875978032	
0.9999880069427542	0.9999942214437458	0.8333625751213596	0.19995533259460022	0.5000141067599589	0.499976210002973	0.5000061803559679	0.49999732795387	0.5000058108896754	
0.999999358195282	0.9999998733742996	0.8333611636163253	1.2944046471722709E-5	0.5000146392691767	0.49997697379166695	0.5000006928503753	0.4999985324796823	0.5000050078428288	
0.9999596218565738	0.9999991169795055	0.6668070923481767	0.9999431545684699	0.5000140469458716	0.4999770716881823	0.5000001541432881	0.4999965668958765	0.5000075498164417	
0.999989902080078	0.999996964334734	0.6667282543439854	0.7499063092967085	0.5000134547220796	0.4999772967567857	0.5000001835133919	0.49999964025158933	0.500003685444732	
0.9999901833760418	0.9999919621339648	0.6667114418481114	0.500029551634538	0.5000141133688129	0.49997796167466174	0.4999989080807697	0.4999995541235502	0.5000072047072978	
0.999997456667082	0.9999974604988566	0.6667284118601209	0.2501060762598648	0.5000142579610095	0.4999778066214256	0.5000001735374947	0.499998483238104	0.5000083850221201	
0.9999561722561575	0.9999974550127761	0.6666144952324291	1.452683694918362E-5	0.500014623491522	0.49997789508883694	0.5000059699410407	0.49999914587823446	0.5000058974771268	
0.9999996291643813	0.9999999392647514	0.49998919633656724	0.9999933622074213	0.500018160687926	0.49997772836979654	0.5000004979340393	0.49999969379425657	0.5000052310637868	
0.9999861359937992	0.9999724238413311	0.5000790496332773	0.6664138145366652	0.5000138908176812	0.49997773538993306	0.4999989638880497	0.49999956171942306	0.5000086074290641	
0.9999928891691959	0.9999979324909014	0.5000408257325651	0.33336857253892405	0.5000135371671609	0.49997766950435485	0.5000005255817911	0.49999983967815387	0.500005043365792	
0.999990417293406	0.9999957822729955	0.5000314732859719	1.5778441408177574E-5	0.500013891728185	0.499977739056738	0.5000008133612919	0.4999986408338139	0.5000086102625324	
0.9999943856548199	0.9999971463573473	0.3333010960741693	0.9999998991793301	0.5000141146154053	0.49997766200551474	0.5000017015378224	0.49999959194747706	0.5000078344140337	
0.9999897838313379	0.999996981900703	0.3333425207967573	0.4998811873587492	0.5000141052267961	0.49997796193745525	0.49999892761024983	0.49999959169041175	0.5000079646620773	
0.9999994411177097	0.9999971143393226	0.33334038289234663	1.6512311053430335E-5	0.5000142454956069	0.49997658398961575	0.499999469472174	0.4999995818726154	0.5000028439834263	
0.9999885674959733	0.9999571186806465	0.1669059502455096	0.9991218942118013	0.500018474096238	0.499977793372985	0.5000000183250854	0.5000030458187426	0.5000334297627638	
0.9999894016431161	0.9999997120768372	0.16671808867708598	1.6488218204294006E-4	0.5000144278934382	0.4999767353746479	0.5000000242140543	0.4999995818311243	0.5000028653929037	
0.9999881758119757	0.9999972739413374	7.892089058709129E-7	0.5574747453968463	0.5000146773828784	0.4999778236723061	0.5000002728950321	0.49999957142073487	0.5000079156928797	
0.9999986691205096	0.8333315798139145	0.9999976090859012	0.9999957342848818	0.5000143086223009	0.49997796379814174	0.49999998919932565	0.4999992952981687	0.5000064052117956	
0.9999990142677094	0.8333315971548774	0.9999737586183797	0.8001255701112826	0.5000140117477198	0.4999779638272632	0.5000003503887769	0.49999926526378435	0.5000086730077821	
0.9999958162663225	0.8333374226440311	0.9999966192342777	0.5999780463428614	0.5000139287108066	0.4999780240053206	0.5000002326073769	0.500003658906838	0.5000079991627007	
0.9999890230994982	0.8333308193661609	0.999997813261064	0.40005581631089837	0.5000140368193262	0.4999779122446835	0.49999965906491767	0.4999996396456833	0.5000009492195097	
0.999987555436271	0.8333311658213779	0.9999927361840321	0.200072443590014	0.5000155039353673	0.4999778766247721	0.5000061850835579	0.49999856615376936	0.5000058139931758	
0.9999979703495275	0.833331155487026	0.9999990974138067	5.223200681126454E-6	0.5000140930382565	0.499976936086803	0.49999949926290915	0.4999967671656162	0.5000085907518751	
0.9999987712715955	0.8333309406632492	0.79995906817306	0.9999929628647739	0.5000140647499949	0.499978260720155	0.5000002787815637	0.4999996749580158	0.5000056120323542	
0.9999991975360918	0.8333376017813918	0.7999896123159541	0.7500124610770414	0.5000140474770475	0.4999778161008175	0.5000001102794421	0.4999995282265992	0.500007353873779	
0.9999997106217811	0.8333338265952198	0.7999896614865518	0.49998879361356136	0.5000184708523718	0.4999777821329464	0.5000002125314046	0.4999996762766359	0.5000048718036055	
0.9999954943238129	0.8333308173167343	0.799962659245005	0.2500543875967845	0.5000142546192297	0.499978017153427	0.49999921119542134	0.49999677803515435	0.5000057909678395	
0.9999999194654746	0.8333338164677876	0.799962659245005	8.325625792222464E-8	0.5000141178469777	0.4999777799536564	0.5000000480736586	0.4999995953582961	0.500004893627966	
0.999996428203425	0.8333316411177942	0.6000103038528168	0.9999811115908128	0.5000143047994594	0.4999781759048556	0.5000001317803336	0.4999996517290335	0.5000018249143823	
0.9999990235510304	0.833331565472989	0.6000134749930667	0.6666715108026462	0.5000141163861551	0.4999777987152573	0.49999975818083175	0.4999995279900987	0.5000083706034654	
0.9999861967954001	0.8333321692533162	0.6000105887491982	0.3334543461800114	0.5000134210910208	0.4999778031220552	0.4999997615433204	0.5000000274166617	0.5000028339599177	
0.9999996706106858	0.8333308959269113	0.6000008916070858	1.6305849141884683E-5	0.500013772241107	0.49997795994269545	0.4999994677748656	0.4999985260287735	0.5000084827377196	
0.9999990237565604	0.8333315510788655	0.4000061593540188	0.9999816458481167	0.5000134483910973	0.4999781780845505	0.49999828017444364	0.4999996078086332	0.5000075977925297	
0.9999898355952124	0.8333314957834588	0.4000055699664403	0.5000474307008176	0.5000141148136634	0.49997764855591825	0.5000008248088817	0.5000000326069127	0.5000027796676888	
0.9999645517706558	0.833331161292426	0.39999772664907934	4.591185517624219E-4	0.5000141159570645	0.49997791667466535	0.5000005746304054	0.49999848216037623	0.5000079267561603	
0.9999892956328388	0.8333315488716901	0.20009795661517984	0.9996115030821093	0.5000137429039332	0.49997764857900984	0.5000008329377138	0.4999996191969861	0.5000041469697065	
0.9999878262886719	0.8333338208051774	0.20009803914837318	2.3823768598433385E-6	0.5000141805421361	0.4999779411048122	0.4999993902421195	0.4999995861721976	0.5000029526881743	
0.9999884699998584	0.8333316004983545	1.0754879575615155E-6	0.544599576917659	0.5000146667191618	0.4999777291647681	0.4999993277671921	0.4999995311354576	0.5000079133881166	
0.9999899450945476	0.6667230233814457	0.9999739232605392	0.9999407893937601	0.5000140595487005	0.49997768826151023	0.5000000233061908	0.5000001015607614	0.500005674858977	
0.99999097643703	0.6667230339392427	0.9999365499519198	0.7500124745350639	0.5000140566899693	0.49997819554103806	0.49999843125911386	0.50000061646636	0.5000056429367554	
0.9999872677616515	0.6666388198992648	0.9999986814168333	0.500161345769937	0.5000139033271115	0.4999778073707624	0.500007755265315	0.4999995337034683	0.5000051441783637	
0.9999867451279044	0.6666408649865625	0.9999999509134183	0.2500618789855833	0.5000140453864693	0.49997799509972435	0.5000088910415654	0.49999876622932293	0.5000074162410103	
0.9999880939354187	0.6666384031069102	0.9999931005078131	4.514711155894785E-5	0.5000140995935385	0.4999778924220534	0.5000070393429452	0.4999969600997072	0.5000059176772336	
0.9999903380435685	0.6667230234690428	0.7500782599069811	0.9999408386672951	0.5000140484569549	0.4999776779878439	0.5000001077634092	0.4999997692332839	0.5000081948584031	
0.9999902134336573	0.6667230234690428	0.7499990622738063	0.6666686584403576	0.5000138187226003	0.49997782445935274	0.5000062651367763	0.5000031971733782	0.4999999312518678	
0.9999895478844866	0.6666374073185463	0.7499990454533143	0.3332639864854474	0.500014640286827	0.4999778269757736	0.5000078147561436	0.4999988304019538	0.5000008826047994	
0.9999979471633029	0.6666407018652741	0.7499989343234199	5.302567350142907E-6	0.5000140383506176	0.4999779426040471	0.4999994401137888	0.49999961944420124	0.5000085651192442	
0.9999881203443758	0.6666865639154222	0.5001523347362054	0.9997650923688565	0.5000148812188975	0.49997666674369384	0.5000017020374823	0.5000028504797741	0.5000079459177545	
0.999992125075295	0.6665527269086823	0.5000353992173693	0.5000639312261865	0.5000142272175432	0.4999779296978365	0.4999918828657824	0.5000034698207032	0.500000946615023	
0.9999927864343208	0.6666852994121644	0.500041327501982	1.6627638438722114E-4	0.5000138920291858	0.4999778099067525	0.500001404575811	0.5000040494619863	0.5000079259765932	
0.9999950349677642	0.6666872062800017	0.25005562132911063	0.9999766452681171	0.5000181219645816	0.49997784047112	0.5000016870755711	0.5000029784403316	0.5000079086834904	
0.9999746880387428	0.6666842315139726	0.2503873798602763	0.0014622313637900897	0.500014114263901	0.49997778570066725	0.4999978141033984	0.4999996893496376	0.5000067885836509	
0.9999996035171663	0.6666821384552329	2.3445820909614275E-5	0.5531931012510874	0.5000138774594249	0.49997798389498305	0.5000001649608316	0.4999996288961065	0.5000064723539935	
0.9999896280781475	0.49997224021565845	0.9999982373566635	0.9999877941390058	0.5000137969689663	0.4999782588863787	0.5000065611751939	0.5000029829685351	0.49999992501907614	
0.9999920849760311	0.49999544255267236	0.9999982652509668	0.6666686741317557	0.5000139036153974	0.4999778247418857	0.4999986824938557	0.4999998092376437	0.5000010509870899	
0.9999928425330596	0.4999941001618499	0.9999978070581476	0.3332224247418827	0.500014930916668	0.499977816196205	0.49999870099655586	0.4999965406185299	0.5000257036863899	
0.9999920662944649	0.5000221904441716	0.9999929008403822	3.237764951968159E-5	0.5000155692909939	0.49997819246231356	0.5000068193785047	0.4999994273369267	0.5000043988901927	
0.9999920849660242	0.4999723639731907	0.666759463137018	0.9999796879756244	0.5000149296956446	0.4999778150597042	0.4999984180862622	0.49999958508911374	0.5000018564748419	
0.9999902100475025	0.5000221830938545	0.6667571234672185	0.49978758285184227	0.5000139260817381	0.49997790274557097	0.49999834495592027	0.49999924432754433	0.5000043464083802	
0.9999920060863656	0.5000221830905334	0.6667514618331561	7.66099269942848E-5	0.5000147305348217	0.4999779030342857	0.49999795862614366	0.5000026909101515	0.5000363461893443	
0.999989191275042	0.4999854722889483	0.33320656587610886	0.9999951000931664	0.500014023438783	0.49997669621568785	0.5000008927787969	0.4999996075804022	0.5000019233255557	
0.9999996328312811	0.4999854700097998	0.3332065919377223	1.695743331788737E-5	0.5000140130023217	0.4999778861433945	0.5000017341198766	0.4999997415997281	0.5000022774512666	
0.9999847828229815	0.4999853465880947	8.124569297197751E-6	0.09980314360298911	0.5000140891311387	0.49997789586529506	0.49999931359911537	0.49999821142276785	0.5000064888212973	
0.9999992482266612	0.3334328907577355	0.99997415588842	0.9999935705530782	0.5000151025454308	0.4999778041884273	0.4999987593658209	0.4999979824332535	0.5000018236168842	
0.9999926345419482	0.33343297249478393	0.9999847197342179	0.5001008219808782	0.5000139098477029	0.4999778161037269	0.500007425682303	0.49999952773569595	0.500001968680268	
0.9999994741258026	0.33334559482277065	0.9999984319879617	2.5279452737410996E-5	0.5000139488285177	0.4999777997359506	0.5000085245876692	0.4999997184526389	0.5000083354392899	
0.9999973201178897	0.3333459722474141	0.5000991174120503	0.9997821561690501	0.5000135873637075	0.49997817758536667	0.5000005590534934	0.4999996566687873	0.5000018368126243	
0.9999872273625897	0.33334597924410064	0.5001146115613939	1.8356032352400016E-4	0.5000143124215979	0.49997780402289743	0.5000018019227691	0.500000086146089	0.5000379799056067	
0.9999967530455472	0.3333429982478975	2.2395640561716386E-5	0.036333514809931425	0.5000138765588765	0.4999781841080491	0.4999986476678464	0.49999796162997595	0.5000013995129613	
0.9999947752787729	0.16729305839776168	0.9982040259986751	0.9982856074342275	0.5000152750114384	0.4999780836960432	0.49999940193284453	0.5000032079231348	0.5000381080093349	
0.9999994768160566	0.1666670038200482	0.9999670693736389	3.165733804976671E-4	0.5000139591269492	0.49997775847073245	0.5000080846823873	0.4999992593953007	0.5000074249316045	
0.9999946740190659	0.16668126085516846	8.894931321618005E-5	0.9996118137480773	0.5000135825704157	0.49997817242868625	0.5000005679184996	0.49999897081603495	0.5000259949878503	
0.9999968425165812	3.8332618411451494E-7	0.026812732284363094	0.5109220880905858	0.500015885954494	0.4999781995925068	0.499998703019823	0.4999996726542241	0.5000074708903138	
0.8333296755175029	0.9999987882435131	0.9999994659114895	0.9999968144527566	0.5000140652419359	0.49997815549015295	0.49999835891302613	0.5000005139141518	0.500005557206384	
0.8333231712845495	0.9999933071329317	0.9999753172155198	0.8001069344985786	0.5000141432047761	0.49997815578480687	0.4999991850077672	0.5000000335408704	0.5000075845417042	
0.8333296374625473	0.9999997288790076	0.9999997410489689	0.5999855402597064	0.5000142540486698	0.4999777740130063	0.5000051469013722	0.4999987265262314	0.5000056686976434	
0.8333241065660653	0.9999997203555699	0.9999996635810813	0.3999726044165325	0.5000141209137287	0.49997784387214844	0.5000004443255387	0.4999987148038132	0.500008002033237	
0.8333240069220216	0.9999997201439738	0.9999998134342706	0.19995120729276517	0.5000153390768932	0.4999779816879426	0.5000009166506573	0.4999987147355149	0.5000048668134339	
0.8333302642341722	0.9999995488395373	0.9999988030147554	1.421291044860025E-7	0.5000142390421976	0.4999779625263315	0.5000001208271886	0.49999915405328144	0.5000077727661165	
0.8333296721138317	0.9999946504830245	0.7999590904817381	0.9999993705614808	0.5000143080836641	0.4999782042516083	0.5000046082202336	0.4999996387515312	0.5000056261018837	
0.8333320068769933	0.9999895272218835	0.7998999218701758	0.7500069580715584	0.500013680691998	0.499977803980406	0.5000013481820744	0.49999960291776957	0.5000075536733793	
0.8333296020181595	0.9999999561171616	0.8000160828596979	0.4999959844731459	0.500013853523031	0.4999778441980718	0.5000005384911341	0.4999985014583115	0.5000087073576478	
0.8333284345883527	0.9999921411262295	0.800011770124276	0.24993353197787135	0.5000140234445878	0.49997792354994486	0.49999958096562064	0.4999996512138904	0.5000082816901229	
0.8333236337501155	0.999999959468991	0.8000160877243541	1.776127936663006E-7	0.5000136426042145	0.4999777333225419	0.49999983454113484	0.4999991478194692	0.5000049810332738	
0.8333295557229095	0.9999991922219011	0.6000103231176874	0.9999891527652705	0.5000139453087153	0.4999777630545058	0.4999999908289863	0.4999996280764039	0.5000036165152595	
0.8333330705720384	0.9999957736335324	0.6000134751180893	0.6666714822843536	0.5000141161634919	0.49997779903851386	0.4999989273693682	0.49999954301520344	0.5000071952124918	
0.8333283571049498	0.9999971195488514	0.6000106257601147	0.3333061008179458	0.5000137132032184	0.49997791442779815	0.4999998480865568	0.4999983103246665	0.5000051857561363	
0.833330352438059	0.9999920481524037	0.599951515123724	1.1951787263347394E-5	0.5000139697639661	0.49997788769160106	0.5000005068658154	0.5000028495394776	0.5000051244605516	
0.8333328601116162	0.9999922186470742	0.40009724070423097	0.9997945676384801	0.5000138195605885	0.4999777403494855	0.500000056796599	0.4999996416943956	0.5000081506687937	
0.833331174931154	0.9999989992522278	0.40001601077008986	0.5000090244589468	0.5000134658562132	0.49997795796312766	0.5000000736356981	0.4999994450259537	0.5000052699289912	
0.833330272707068	0.9999957482423351	0.40002439292723946	4.1568715368611E-5	0.5000141785496748	0.4999780943192692	0.5000062310481492	0.49999695621435014	0.5000087749574913	
0.833331144592801	0.9999997198541021	0.20009811032406272	0.9996064402681619	0.5000134672977362	0.49997768616568167	0.5000017184202296	0.4999999134791309	0.500002829568685	
0.8333328124765509	0.9999773122085615	0.2001464439920356	4.5204296804660896E-4	0.5000144691588072	0.49997766715915365	0.500000075377624	0.49999964160380483	0.5000028923247086	
0.8333331640037943	0.9999990162865967	3.719231153650325E-6	0.49995862725653933	0.5000140210751375	0.4999779843890344	0.5000000281382032	0.4999968914048617	0.5000031996240343	
0.8333327497464836	0.8000018716178409	0.9999995123801787	0.99999572492922	0.5000139220619852	0.49997780441207507	0.4999986007358094	0.5000000174687965	0.5000076758593658	
0.8333327768059215	0.800002121950936	0.9999950677324063	0.7500069440652123	0.5000139262740653	0.49997815872164725	0.5000002012370847	0.5000000626670715	0.5000028535150449	
0.8333294935650029	0.7999996449718665	0.9999996622149635	0.5000015248783777	0.5000152237899458	0.49997779088864747	0.5000080018260719	0.49999871301393717	0.5000025457194676	
0.8333241022029002	0.7999995121823436	0.9999774917737891	0.24994044053873005	0.5000137296561808	0.49997799648936186	0.5000004625802231	0.49999880227018195	0.5000078124909929	
0.8333301494070476	0.7999994992630958	0.9999999881272571	1.3510271317809397E-5	0.5000145528088468	0.4999779622440526	0.5000001032968852	0.49999914245277666	0.5000077758753282	
0.8333295587199266	0.8000020671581428	0.7500459021503286	0.9999779624790693	0.5000139446749723	0.4999781456802114	0.5000000200942155	0.5000000715901233	0.500003779983266	
0.8333300019702089	0.8000088144275592	0.7500000953424247	0.6666989561170796	0.5000138997673451	0.4999782122972685	0.5000005861670055	0.5000032941896982	0.5000027809148203	
0.8333299703554856	0.8000105490500351	0.7499684943384229	0.3336347566365689	0.5000139701608695	0.49997797947613704	0.5000003249002024	0.49999967204337087	0.5000026813868126	
0.8333301510335881	0.8000109780687854	0.7500273569414878	1.3530468288727068E-5	0.5000139741553566	0.49997796450886756	0.5000069408007317	0.49999913811816155	0.5000074551870937	
0.8333311424237035	0.8000106801893097	0.5000406382782894	0.9999851539720075	0.5000134548787201	0.49997776309884784	0.4999982081376641	0.4999998386480103	0.5000036677439283	
0.8333303199845987	0.8000056928696628	0.5000375698412314	0.49997306140440645	0.5000137269486022	0.49997791489794285	0.5000005637536856	0.49999971752330225	0.5000029323541817	
0.8333296726505803	0.8000088600341844	0.5000375552111324	1.6220650008452476E-5	0.5000138329907411	0.49997795758086216	0.5000001374196853	0.4999996913648366	0.5000087274782675	
0.8333302609710109	0.800010609706165	0.25001807740205206	0.9999578893375084	0.5000140696571841	0.49997780874070896	0.5000000145515318	0.4999999773531947	0.5000118385911124	
0.8333303170102425	0.8000106130082284	0.25001806307166874	1.8093149133770035E-5	0.5000136488349077	0.49997767430668727	0.5000016589968357	0.5000028546470098	0.5000027896252496	
0.8333328605196603	0.8000106079328543	2.3190903161499825E-5	0.573189060092365	0.5000142196346572	0.4999779546798426	0.4999993091765078	0.4999997472328999	0.5000081032248246	
0.8333312501648689	0.5999631606456048	0.9999991908553055	0.9999957148519717	0.5000139133426118	0.4999781887770641	0.5000005916497382	0.4999996015281555	0.5000079852711433	
0.8333297420918158	0.5999625152759945	0.9999995826777905	0.6666108608807387	0.5000147837227567	0.4999779014604747	0.4999986193048418	0.5000034700950738	0.5000078794574397	
0.8333092149740975	0.5999625261923944	0.9999993574146953	0.3332638272146672	0.500015098290217	0.499977905758226	0.4999993316861507	0.4999968393478557	0.5000058009703368	
0.8333290430752502	0.6001288949788444	0.9999414538556144	1.700226615251729E-4	0.5000138324381647	0.49997680403720207	0.5000019051084077	0.4999991498087404	0.5000078402785118	
0.8333296742616763	0.5999621576027788	0.6667309840824001	0.9999907257155782	0.5000147909353785	0.4999778200332016	0.4999986331079279	0.499999249373953	0.5000078826300131	
0.8333319938480986	0.6000073462409539	0.6668763116979222	0.500051555530061	0.500013801100468	0.4999781727832214	0.5000013482022349	0.499998625031567	0.5000078884890805	
0.833329046557255	0.5999652530314749	0.6667514675004476	2.170014585437751E-5	0.5000145931486705	0.49997817426558205	0.500006097709687	0.49999867479883325	0.5000241657927289	
0.8333308016729363	0.5999622322640379	0.3332052745738001	0.9999914486213467	0.5000136348613897	0.4999778199506442	0.49999860967032694	0.49999977201865475	0.5000082202206501	
0.8333296091782056	0.5999528166616275	0.33320706181703935	3.4136149432518537E-6	0.5000136489535574	0.4999776726502839	0.5000016959214508	0.5000024477012464	0.5000027449428878	
0.8333329011933488	0.6000068380254103	8.121362575664424E-6	0.5501943944666077	0.5000142196570477	0.4999779534500713	0.4999993303046643	0.49999968084951657	0.5000066019182189	
0.8333295705927005	0.3999382398461486	0.9999996541751289	0.9999992344529534	0.5000139405326609	0.49997783575471466	0.49999875089814716	0.5000025960489088	0.5000049509078507	
0.833331931748139	0.39993675788518446	0.9999996953146254	0.4999987837420168	0.5000150705410175	0.49997783345075936	0.49999874394105115	0.4999982296095613	0.5000082962261877	
0.8333243582335614	0.40012080658285354	0.9999166277731054	1.884098174875141E-4	0.5000138309333642	0.49997796884082474	0.4999987134314771	0.49999871509800636	0.5000231587445961	
0.8333295718307918	0.39993826074794525	0.5000950680084654	0.9999819965363703	0.5000139359923084	0.4999781744443926	0.5000008082911518	0.5000026198065792	0.5000037088406039	
0.8333299425236139	0.4001253713589833	0.500095401389854	3.0616995824503705E-4	0.5000137291582122	0.4999781992492479	0.5000086851397597	0.49999710028124145	0.5000064408153498	
0.8333285069257013	0.40049795073075584	0.001376814841405144	0.4960307184008566	0.5000137311271953	0.499978202207491	0.49999877926513575	0.49999925515407484	0.5000074499402086	
0.8333300298952457	0.20017746718848464	0.9996209842824036	0.9996932462279704	0.5000142770735131	0.49997782333495044	0.5000003881081692	0.49999953058557844	0.5000074267845538	
0.8333299838027847	0.200163781145025	0.9996719762466324	3.060061251181569E-4	0.5000150417377347	0.49997682787457126	0.49999887047785435	0.5000025963793348	0.5000063277937606	
0.8333245128877341	0.20069305780748764	0.0027903166306383906	0.5046819260382296	0.5000139363342261	0.499978185938224	0.5000008248274272	0.4999997295596747	0.50000706690691	
0.8333291438886558	2.250851686438748E-7	0.03547675852956721	0.9587880791598599	0.5000139404991054	0.4999772665774722	0.4999990497247253	0.5000045011527812	0.5000070588469524	
0.6666696467533004	0.9999960236166177	0.9999994661749884	0.9999980510693408	0.5000155313471767	0.4999778002916767	0.49999856753959493	0.4999992448677025	0.5000057180017684	
0.6666666061721526	0.9999988922133071	0.9999996517354102	0.7500067772184377	0.5000143542591138	0.499978094501277	0.49999834091293416	0.4999996059739958	0.5000044546038079	
0.666666906073723	0.9999990316987694	0.9999999470871519	0.5000015096780588	0.5000179874419335	0.49997777994881704	0.5000003582295027	0.4999990578107158	0.5000060224785077	
0.6666659684734173	0.9999920736887988	0.999999662607955	0.2499404387371878	0.500013779839607	0.49997801062198294	0.5000004508198747	0.49999849454991285	0.5000047433675243	
0.666666098801918	0.9999975888733271	0.9999998726294977	3.5596119782360137E-6	0.5000143637129268	0.4999767668500789	0.500001009608454	0.4999985806153013	0.5000080323522079	
0.6666659850139448	0.9999946491839107	0.7499678675685706	0.9999982632156059	0.5000142703496598	0.49997780039464595	0.49999844072746286	0.49999968088512303	0.5000057710408428	
0.6666696120993397	0.9999978469560505	0.7500002235038379	0.6666998686795128	0.5000138993766756	0.49997821912997126	0.500005018231536	0.5000034875616357	0.5000023975710522	
0.6666672155375682	0.999988904535096	0.750038434583158	0.33332310508324114	0.5000143148329871	0.4999777136704928	0.5000041916187613	0.49999977167914084	0.5000080058653986	
0.6666658185710317	0.9999938295142097	0.750039232094381	4.493291315418294E-5	0.5000135907474608	0.49997809554376454	0.49999911096662303	0.49999982239056956	0.5000058978148839	
0.6666659578398315	0.9999945706926135	0.4999185783276693	0.9999971650386801	0.5000134689650615	0.4999782092393935	0.5000080641155544	0.49999878073127213	0.5000075069734482	
0.6666481433266429	0.9999682474849019	0.4998312787963982	0.5000321466084373	0.5000134564132469	0.49997733606438277	0.5000078963415215	0.49999833698685575	0.5000060156945185	
0.6666658133381248	0.999993829215104	0.5000231393568995	4.6999429795806816E-6	0.5000135942318635	0.4999780951052256	0.4999999057284085	0.5000005919900226	0.5000082746283039	
0.6667347171137649	0.9999927199556993	0.25034508515362924	0.9990071468600852	0.5000135316586414	0.4999775733763441	0.5000001125803781	0.49999937824108387	0.5000076435368309	
0.6666668082265155	0.9999983887992306	0.24997986998469793	1.6766637292571778E-5	0.5000134622842038	0.4999777553773758	0.49999920171965523	0.49999966182059236	0.5000084074505101	
0.6666695392389397	0.9999999205564126	8.540578736810035E-7	0.0010807402012198359	0.5000134671259562	0.49997793547214053	0.5000002762047456	0.49999939162097623	0.5000033974767797	
0.6666668425686417	0.750032221116978	0.9999948862841923	0.9999864360971807	0.5000139784929097	0.4999777704707401	0.5000070252434881	0.4999996389405176	0.5000090958348109	
0.6666670539475132	0.7500320803352986	0.999985224434174	0.6667004351033292	0.5000156583544285	0.49997788232636703	0.49999835146325255	0.4999985651499065	0.5000044871706748	
0.6666670545164821	0.7500320835460731	0.9999777296556558	0.3333245426845398	0.5000136894863993	0.4999778885362262	0.4999990874825523	0.49999859198615976	0.5000045125930144	
0.6666414430107864	0.7500324210277862	0.9999998735901735	8.148470639986443E-6	0.5000143675720299	0.49997783342361907	0.5000004181122077	0.49999665165261614	0.5000265491591229	
0.6666668425686417	0.7500322208811406	0.6668561712029774	0.9999808568631332	0.5000143455560758	0.49997829413837475	0.5000046746728813	0.5000000931112288	0.5000088462106964	
0.6666670517519783	0.7500318974100098	0.6665745879483899	0.499972897384044	0.500013460036102	0.49997802384500883	0.5000003308410724	0.4999984923772502	0.5000028354368681	
0.666666932797282	0.7500302161622577	0.6667938483408575	1.3079585205957793E-4	0.5000136050825532	0.49997788059151327	0.5000005572831134	0.49999906189523374	0.500003822670416	
0.6667651777680502	0.7500302043536771	0.33364858572918504	0.9993014185861134	0.5000138123751597	0.4999777039365817	0.5000096191712694	0.4999998111054152	0.5000083212558142	
0.6667049656106956	0.7500302043583886	0.33365398707498717	4.3713435724095117E-4	0.5000134563396198	0.49997792449424816	0.5000013490619157	0.499999811035935	0.5000073792950522	
0.6666680704699769	0.7500296486209793	3.784253501601387E-5	0.5175531913264404	0.5000136477151806	0.49997780570133254	0.5000018382568499	0.4999983369850968	0.5000025970613534	
0.6667925226427243	0.5002847571278377	0.9995894372385313	0.9997505591617502	0.5000184187220453	0.4999773802245067	0.49999913464030604	0.5000031619220762	0.5000082922622234	
0.6666763203903922	0.4999954592941533	0.9999897097659111	0.49996256501095293	0.5000145731745592	0.49997726642221557	0.5000058113969691	0.49999856109107654	0.5000005011371179	
0.6666482721414935	0.49998113653884824	0.9999999424292562	7.302147530333238E-7	0.5000135930843235	0.4999780856163205	0.5000007945781217	0.4999990645588018	0.5000074058243732	
0.6667658239864359	0.5000023527107882	0.5003958805644988	0.998853005912353	0.5000135182978638	0.49997772669505847	0.5000096359754339	0.4999982600491802	0.5000083535562637	
0.6666445615515747	0.4999812133030263	0.5000417125640738	1.0439472805164485E-5	0.5000138165089407	0.499977232571917	0.5000050731912821	0.4999982280401891	0.5000085771915396	
0.6666673085358457	0.4999855649046367	3.80765566268766E-5	0.552347995719675	0.5000134500478486	0.49997769306582585	0.4999991924026944	0.4999983004518723	0.500004530715157	
0.6666461139513374	0.2501050153127136	0.9998612196001982	0.9997816578168031	0.500017949714354	0.49997761667451573	0.5000082767851425	0.4999991480971816	0.5000073795481026	
0.6667946491493317	0.2507298227701844	0.9987515016815006	0.0015837640554177204	0.5000142301834656	0.4999781976816946	0.5000014357616273	0.49999721253952306	0.50003321258109	
0.6666675773192664	0.25010500935779634	3.6605977074460894E-4	0.5137844624812447	0.5000140153463936	0.4999777368102922	0.4999987404836571	0.4999985831204095	0.5000246193270489	
0.66676424061153	4.2401398004115575E-5	0.8949800425419752	0.49997279277116446	0.5000137342150807	0.49997822756165894	0.49999852311544857	0.4999997076159055	0.5000021361198642	
0.4999958703797761	0.999991480891404	0.9999592838283209	0.999957531863149	0.500013927769572	0.4999777952494544	0.49999928256822446	0.5000034879793257	0.5000025458170368	
0.5000749112150056	0.9999613458838346	0.9999946582503617	0.6666714755458526	0.5000136451797595	0.49997734170166397	0.49999924793863504	0.49999950579339947	0.5000091524115686	
0.5000751563030973	0.9999988814515307	0.9999897702848703	0.3333250739873815	0.5000136853425124	0.49997735777504004	0.5000044886943609	0.49999879706033934	0.5000058631421903	
0.4999936804989146	0.9999984160448775	0.999989017720072	4.822485215444608E-6	0.5000135603260938	0.4999780904129558	0.49999987124335865	0.5000063034280173	0.5000078629369078	
0.5000911804674785	0.9999923626496545	0.6665836513810005	0.9999368398254103	0.5000134196765366	0.4999777504416082	0.4999988679434218	0.4999996895926915	0.500007421138454	
0.49996474312966876	0.9999928855571933	0.6665798974774833	0.5000140455523355	0.5000143541174761	0.4999779106542339	0.4999985893322708	0.4999996773658858	0.5000073955814099	
0.5000729325566674	0.999992448080522	0.666908260181718	2.8183797243587207E-4	0.5000153185289455	0.4999779784607081	0.4999992612534834	0.49999935145144286	0.5000059646828225	
0.5002092359468145	0.9999895636383537	0.3339358942686775	0.9987654461809029	0.5000144015625346	0.4999777263453428	0.5000043392608223	0.5000007682460694	0.5000091238048726	
0.5000839359871634	0.999968261568246	0.3336484191349557	2.996071478862267E-4	0.5000138334133098	0.49997780380651247	0.49999908748224775	0.49999844512790437	0.5000085074205644	
0.5000814247318256	0.9999733280024441	1.3469914029862196E-4	0.5724341271816691	0.5000138457318707	0.49997793484138897	0.5000003126824621	0.49999833598149934	0.500006555190978	
0.4999988308811011	0.6667791763435539	0.9999951715929849	0.9999350848238596	0.5000150650177397	0.49997798906495006	0.4999993678890554	0.4999998616249756	0.500009622625886	
0.5000751850470058	0.6667794900128087	0.9998534312014923	0.5000508295029316	0.5000150625275054	0.49997736346418103	0.4999993391554036	0.4999998939742154	0.5000096136734434	
0.5000758726726219	0.6667933481433876	0.9998714194356905	9.725390855155402E-5	0.5000135664239383	0.4999777372128012	0.49999934168871546	0.4999990625625852	0.5000091597005152	
0.49996473264711067	0.6666443884011761	0.5000536303860355	0.9999651650089555	0.5000139993238308	0.49997779447590074	0.4999992098708236	0.49999913037731253	0.5000090716869674	
0.4999987424157332	0.6666403918060793	0.5000173764895045	9.604437464854704E-5	0.500013453240657	0.4999777981686922	0.4999989465900212	0.49999844758139494	0.5000039834020605	
0.5000760456820311	0.6667752562628553	2.2467343868904215E-4	0.5112400034014513	0.5000146472068693	0.4999777012592789	0.5000071008630125	0.4999991357738495	0.5000083722222944	
0.5002823817077554	0.33397611793996085	0.9984888576023928	0.9994579115559818	0.5000143381611317	0.4999781067774191	0.4999991086833968	0.5000000531438332	0.5000088565161558	
0.500075580089737	0.33351845677651915	0.9998473286666549	4.8740709111189773E-4	0.5000136232764874	0.4999777319971547	0.49999941726706193	0.4999984513406435	0.5000085085920044	
0.5000784644654783	0.33342987151082293	3.948835978138862E-4	0.5013120823646152	0.5000137488186651	0.4999779469924879	0.4999907160367614	0.4999991590769387	0.5000078105514848	
0.5000744695661052	5.322624969928968E-4	0.6310546441487717	0.49998785341921126	0.5000137312041618	0.49997763805995094	0.5000088381001366	0.4999981681999049	0.5000085209351265	
0.33326831430345416	0.9999921031689949	0.9999957462978972	0.9999982347610865	0.5000138726576173	0.4999782197535687	0.5000042773851223	0.5000036332141837	0.5000073855383977	
0.33348495133128897	0.9998011071204377	0.9998572910290464	0.499960999927124	0.5000138689725963	0.49997822100164263	0.4999987384625736	0.5000037844234446	0.5000090518820862	
0.33348763213434707	0.9998012139098222	0.999863494199212	2.7711484342307776E-4	0.5000141913288129	0.49997799932575376	0.50000074080029	0.4999991366768271	0.5000077726070307	
0.3335006796457488	0.9998176495245022	0.5001203043541738	0.9999585763355566	0.500013722540044	0.4999779357589767	0.4999992092031959	0.5000050026101978	0.5000302810800789	
0.3334882747736914	0.9998040913654266	0.5000696994219996	2.6846243927887355E-4	0.5000143724723257	0.4999777795567053	0.5000002490076673	0.49999911907504796	0.5000083927527004	
0.33348379903484027	0.9998011836156439	3.365434150925406E-4	0.5156720213288484	0.5000153436391876	0.4999779906692592	0.5000043569593617	0.4999991137954909	0.5000079329838013	
0.33348829136121005	0.5001768061841966	0.999667455524042	0.9996683173192589	0.5000164114555657	0.4999781062471051	0.4999988889692542	0.49999899998174746	0.5000107067146989	
0.3334326526042463	0.5001767985023099	0.9998431131028758	3.572673960064998E-4	0.5000143433072697	0.4999781052065082	0.5000004270359798	0.499999125281326	0.500008632632543	
0.3334885996516906	0.5001760286380479	5.905576587229011E-4	0.5011108470743528	0.5000186506209188	0.49997799837629503	0.5000044583573363	0.4999991396293773	0.500007946165082	
0.33352164133166584	6.168625061053756E-4	0.6125926153975381	0.5000496027329424	0.5000153662428863	0.49997639635314894	0.5000055463395505	0.49999937779159787	0.5000079424543075	
0.16711198912725259	0.9997980601408741	0.9987227270958473	0.999004071186563	0.5000143651121265	0.4999778193081802	0.499999093155649	0.49999909131457837	0.5000076223171559	
0.16711180752787944	0.9998016751083756	0.9986550005112909	2.6684285536879835E-4	0.5000143863354284	0.49997723681567685	0.49999943819719533	0.5000060523872211	0.500009014360883	
0.16711507127591033	0.9995308659088314	0.002239636040430093	0.5044397961873625	0.5000186906366297	0.49997804233120496	0.4999990845018494	0.5000046111022349	0.5000083759237542	
0.16673102253819141	2.9676908367376464E-4	0.5370409258709749	0.5070926206568962	0.5000138267035378	0.49997782011674724	0.49999926933492067	0.5000043567267166	0.5000090066332045	
5.254392881681585E-4	0.9998435176200291	0.6249184160876705	0.9996751405370229	0.500014161591033	0.4999778193081802	0.499999093155649	0.4999990825685378	0.5000084516792273	
