0.9999997388129909	0.9999848305695669	0.9999919720020204	0.9999460428797373	0.5000019356826781	0.4999897366525575	0.5000513950665961	0.49999413158454575	0.5000060752673577	
0.9999941494513008	0.999998507873487	0.999995794542901	0.833299444572447	0.49999335922024746	0.49998978539609173	0.5000490267092794	0.4999943535577024	0.49999595463174884	
0.9999942140287916	0.9999991510226206	0.9999966441635768	0.6666399120628976	0.5000019092718142	0.49998978948420053	0.5000503003467525	0.4999944104611423	0.5000045786368081	
0.9999990359377187	0.9999994985431349	0.9999953190508879	0.5000037398415164	0.5000019203255388	0.49999012950257077	0.5000504408797314	0.49999344845917204	0.5000069659669777	
0.9999978422929608	0.9999865000334708	0.9999969927035611	0.333515137150926	0.49999893863262207	0.499990114718155	0.5000502721295971	0.4999946593952761	0.49999665554051687	
0.999997550357995	0.9999979056499798	0.9999627522922121	0.16667505983802922	0.5000019707239176	0.4999900427800804	0.5000509170594731	0.4999934748405835	0.4999966527408071	
0.9999850682589057	0.9999974402106222	0.9999985881534752	2.975687925719651E-6	0.5000019725102217	0.49998995134158414	0.500051267156504	0.49999062225207785	0.5000044344704193	
0.9999997208674056	0.9999991439816416	0.8333374454932422	0.9999990505153824	0.4999993313758247	0.49998972646905415	0.5000504270526173	0.49999415120063917	0.5000060133929675	
0.9999995102144525	0.9999953813940705	0.8333396391131391	0.8000131476642401	0.5000019059756633	0.4999897807563644	0.5000185426437928	0.4999939451679938	0.5000060215168614	
0.9999988818418635	0.9999987177541769	0.8333396389888503	0.5999643249040716	0.5000008362272929	0.4999898836285633	0.5000205603242555	0.4999946569528214	0.49999531711488526	
0.9999980294825088	0.9999865609898155	0.8333410655226231	0.39996509567592076	0.5000007791372298	0.4999898662559729	0.5000503055198263	0.49999464673771904	0.4999965565900157	
0.9999957503285146	0.9999869061015637	0.833340871338086	0.20003963100130578	0.5000019593303865	0.49999016165622595	0.5000502503553378	0.49999444920051894	0.49999657675245124	
0.9999956717997901	0.9999989420485557	0.8333411998784336	1.1887451106264932E-7	0.49999989717523047	0.4999901611929345	0.5000502503162646	0.4999947850159317	0.4999965721885853	
0.9999997226711782	0.9999997627948	0.6666827162281378	0.9999922592296604	0.49999976437546717	0.4999897817696787	0.5000507223898333	0.49999396847097716	0.5000059905151925	
0.9999992397407421	0.9999985438892495	0.6666827165580929	0.7499893773890667	0.49999937713577924	0.4999898948589256	0.5000504810261418	0.49999441184078935	0.4999941763139724	
0.9999863297305033	0.9999937160089243	0.6666410538869271	0.5000094967206804	0.5000015389884566	0.499990162805678	0.5000501842288478	0.4999943218810055	0.49999546598722344	
0.9999905511109191	0.9999996352949614	0.6666365669788715	0.2499466149432361	0.49999911899457716	0.4999901406180667	0.5000503083590004	0.4999943054135618	0.500004625344324	
0.9999361435182844	0.9999858980759414	0.6665507272596833	3.5569092440174897E-4	0.5000003277312912	0.4999896672801127	0.5000508641378211	0.4999915429775912	0.5000051184836316	
0.9999911774703314	0.9999978836402329	0.5000486827838111	0.9999614504926674	0.5000010498661085	0.4999897874323034	0.5000505273368158	0.499991974451542	0.5000038215452456	
0.9999912582997784	0.999997720313674	0.5000452675920795	0.6666496750110354	0.500001049597977	0.4999898184476928	0.500050226061016	0.4999919251567088	0.500003823058524	
0.9999887167635677	0.9999912844953224	0.5000625040377208	0.33335586306976567	0.5000016055974552	0.49998961092721694	0.5000502970158751	0.49999428321513556	0.4999969373607402	
0.9999938354737238	0.9999791544272271	0.5000368903299194	4.707751163859395E-6	0.5000017107432434	0.49998981529180747	0.5000512142663015	0.4999944376562162	0.5000036602704384	
0.9999884107530025	0.9999828949414014	0.33349061390022705	0.9997514284770946	0.5000008391985049	0.4999897806809147	0.5000221183389283	0.49999422868252585	0.5000038690941231	
0.9999957589383347	0.9999940856904602	0.33329700340619656	0.4999787297653688	0.5000009865089456	0.4999897947113298	0.5000509991313844	0.49999195901604965	0.5000041137378333	
0.9999938477307264	0.9999933835178759	0.33329700340619656	8.840545846094754E-6	0.5000010394834924	0.4999897795358202	0.5000505103288158	0.49999032766235596	0.5000066268625504	
0.9999884107530025	0.999982949874689	0.16674353269793252	0.9997543266862376	0.500002001714806	0.49998974567967996	0.5000215306858359	0.49998917058937187	0.5000042940772218	
0.9999957953332143	0.9999833556267768	0.16675850215550303	2.178889984417913E-4	0.4999990885810647	0.4999891852844803	0.5000504036875681	0.4999931338290821	0.4999951652316727	
0.9999883328424479	0.9999912754047515	6.912810065996079E-6	0.47534123939692635	0.5000017461681412	0.49998981323449615	0.5000502970981311	0.4999919796439866	0.5000038701717744	
0.9999997105488323	0.8333339548018301	0.9999924809095558	0.999999037362556	0.5000019356665092	0.49998969174520974	0.5000504711276836	0.499993532004136	0.5000044398614807	
0.999999884582151	0.8333339402029062	0.9999986623355649	0.8000185421000185	0.4999993748503853	0.4999906674358427	0.5000504260076865	0.4999944842498972	0.4999967310287762	
0.9999996872151864	0.8333340094751882	0.9999939440288361	0.5999602504614788	0.49999895095940144	0.49999016375732924	0.5000508090101481	0.4999946573841457	0.5000041922163054	
0.9999980926040206	0.8333321826352023	0.9999966794971537	0.40003008803054807	0.5000017900670168	0.49998971918743035	0.5000504721791651	0.49999398843777937	0.49999617425558607	
0.9999966613658694	0.8333321148321947	0.9999982097771722	0.20004131023689908	0.5000018830135265	0.4999908431687951	0.5000513088713946	0.4999948275317665	0.49999665234067325	
0.9999870137740701	0.833330418383592	0.9999906544686031	1.4499428920332761E-6	0.500003063146724	0.4999907930543736	0.5000502415384968	0.4999948148148826	0.4999965446210667	
0.9999996075327914	0.8333339551319433	0.7999925581683408	0.9999999012232045	0.5000000629734122	0.49998982617091564	0.5000504225104836	0.49999415070452924	0.5000043214607931	
0.9999995911140922	0.8333320829976112	0.8000149889337963	0.7499893586371827	0.49999936995877325	0.4999906612036766	0.5000504271748314	0.4999941228075168	0.5000061947353062	
0.9999969035502918	0.833332108317547	0.7999771175016069	0.49996905649710516	0.4999999554097107	0.4999907890088632	0.5000474264330328	0.4999947873176686	0.5000049027656898	
0.9999980722300655	0.8333321145948553	0.7999775208754368	0.2499862557234823	0.5000018311119083	0.49999078558457144	0.5000505006003134	0.4999947766738695	0.5000042903351114	
0.9999875788244776	0.8333321145959373	0.7999765859168505	1.2072239202421104E-6	0.5000021378446751	0.49999090283966624	0.5000506516253116	0.49999427517982736	0.5000061263972737	
0.9999988451749822	0.8333336853140191	0.6000089076508782	0.9999991203100334	0.4999995694322739	0.49999012099920337	0.5000504804916515	0.49999364244556993	0.49999576919078514	
0.9999998794766956	0.8333320525088496	0.6000116930617216	0.6666499041104923	0.49999946656467487	0.4999888003017217	0.5000504571321145	0.49999415427931393	0.500011591589101	
0.9999963623872796	0.8333320130868843	0.6000067437834855	0.33326351265277315	0.5000001473403578	0.4999894557856535	0.500050742710215	0.4999941464706186	0.4999958298024789	
0.9999964359902422	0.8333306081589947	0.6000107389628601	7.824679612391955E-6	0.49999905721897764	0.4999898840859486	0.500050668725844	0.49999463005338346	0.5000046162054779	
0.99999208174528	0.8333487277105847	0.40009827804685255	0.9997964468762413	0.49999862330483924	0.4999898018825457	0.5000504814728391	0.49999493839323844	0.5000039281670466	
0.9999921093540723	0.8333264225353535	0.4000982607403992	0.4999756821793055	0.5000018018258989	0.4999884449350861	0.5000502297962399	0.49999354826217	0.5000036449225249	
0.9999935405451892	0.8333305343903179	0.40009827314665264	1.5427979319819875E-4	0.5000017877340192	0.49999002938368226	0.5000504216885839	0.4999932149188113	0.5000037024562397	
0.9999943650976847	0.8333498985313472	0.20005431409547542	0.9998252264959702	0.5000007002867447	0.49998981790764996	0.5000503253385759	0.4999943215698245	0.5000041367389465	
0.9999921758558081	0.8333304364002218	0.20005287619209372	1.5414477354867758E-4	0.5000021839823523	0.49999071596224237	0.5000503019516374	0.4999943358435989	0.5000036015628148	
0.9999887846928714	0.8333426187961279	8.547850309391095E-6	0.4829931033802113	0.5000008351679411	0.4999877329062127	0.5000211695676521	0.4999920291506875	0.5000042789558509	
0.9999966300748753	0.6666141423905769	0.9999996305663329	0.999999994034395	0.4999994712939999	0.49998978805938626	0.5000504136342591	0.49999419231252645	0.4999967451310327	
0.9999941715870927	0.6666127753579234	0.999995732483815	0.7501134790119246	0.4999994710744116	0.4999905599227705	0.5000489747938891	0.4999941942057402	0.49999737213701057	
0.9999990378936644	0.6666689256288393	0.9999953345736364	0.5000068950056378	0.5000019736776231	0.4999899770728172	0.5000504142855698	0.4999933203512982	0.49999673684457396	
0.999996597347656	0.6666689125403181	0.999998534091866	0.25000955890133564	0.5000019771075619	0.4999896744800823	0.5000505126211631	0.49999331735216823	0.4999966813156794	
0.9999988406511935	0.666668926018397	0.9999904452529955	8.021876112999148E-6	0.5000021703400277	0.49998936639228353	0.5000507164814212	0.4999915642717318	0.4999958977129118	
0.9999986341877506	0.6666682459177435	0.7500088694164511	0.9999923452290558	0.4999993603289939	0.49999065607226467	0.5000503766034624	0.4999944188551716	0.5000043365971771	
0.999998572609563	0.6666683170484192	0.7500088699259423	0.6665832234283742	0.4999993631260431	0.49999065606740695	0.5000503751493708	0.4999929876489768	0.5000037206219194	
0.9999875183053338	0.6666154591976743	0.7500008318573698	0.3330786817530631	0.5000008833029752	0.49998964052872835	0.5000503843615424	0.4999943754424565	0.5000041483742621	
0.9999965380055709	0.6666689174365217	0.7500004308935756	1.9393305730790647E-6	0.5000021653377758	0.49999077543651865	0.5000502519208113	0.4999937561042711	0.5000043101592275	
0.9999927504860437	0.6666163940678145	0.4999796109786144	0.9999776371535702	0.4999991561223387	0.4999898426636056	0.5000509969462973	0.49999367527343397	0.4999950451766343	
0.9999954654323082	0.666668891682157	0.49997995993379	0.5000078215431408	0.5000014790888243	0.49998959024489886	0.5000504307111976	0.499990325365321	0.5000038138461058	
0.9999920516624007	0.6667409471768675	0.5000411890752335	4.8502493370659896E-5	0.4999992279792814	0.49999199165232056	0.5000504311556504	0.4999938567916964	0.49999535740234047	
0.9999921728436127	0.6666163735462136	0.24998446872748312	0.9999877067949048	0.5000019379949976	0.4999877630126969	0.5000511186960948	0.49999303247686094	0.49999616204980324	
0.9999968236523845	0.6666714433889589	0.25014021550588733	3.434050412802255E-4	0.5000021775826469	0.49999076699964096	0.5000506937131645	0.49999375639764265	0.4999959624883562	
0.9999957647560342	0.6666524500044051	8.454908104869368E-6	8.994324307021739E-4	0.4999990872186092	0.4999891960703977	0.5000504061346364	0.49999352801512165	0.49999484645310494	
0.999988249286439	0.5001063416783165	0.9998392746547673	0.9998352054824592	0.5000024039853385	0.49998600724112446	0.5000502401022149	0.4999940762638212	0.5000046024425455	
0.99999194396161	0.5001063416783165	0.9998359071493883	0.6665596327679093	0.5000019564985577	0.4999890575628438	0.5000186555680249	0.49999296524223413	0.5000035536924665	
0.9999873406082229	0.5000842976641022	0.9998955433196844	0.3334782008764385	0.5000016629391267	0.49999206474246943	0.5000504113268737	0.49999498325403624	0.5000045652971057	
0.9999992621225442	0.5000696245834988	0.9997723919378877	1.5112792868981475E-5	0.500000898384983	0.4999885211211716	0.500050776965616	0.49999490991950046	0.4999959871084208	
0.9999883956149915	0.500063447883873	0.6669897028067404	0.9997688889301389	0.5000019462974061	0.4999897444488992	0.5000504771676715	0.499993778116097	0.5000037274168017	
0.9999920605478021	0.5000323397467845	0.6666603057236379	0.5000056932430854	0.4999989271501283	0.4999897954028601	0.5000498012356043	0.49999217628119513	0.5000037878054118	
0.9999999576761233	0.5000658275297499	0.6666600240257153	3.7852438491808296E-6	0.5000032248626758	0.499990355891851	0.5000503719528095	0.4999930907768888	0.5000063420127874	
0.999984854494983	0.5001150023653542	0.3334815272213038	0.9996714581872709	0.5000024455402994	0.49998962010052495	0.5000503839702354	0.4999939487392914	0.49999504848023474	
0.9999937879444326	0.5001183862759251	0.33348036458922714	4.5116366240487745E-4	0.5000031728984333	0.49998807487188945	0.5000503928676355	0.49999306862831466	0.5000064566296251	
0.999988501701035	0.5000116033907757	8.741851361490492E-6	0.009681278410589134	0.500001300487685	0.4999895557424888	0.5000503840788957	0.4999939578155623	0.49999490883240927	
0.9999841365783219	0.3334362662316383	0.9999177099001562	0.999818533457005	0.4999991059347175	0.4999886029040104	0.500050478407236	0.4999942304142605	0.4999955908842715	
0.999984304100537	0.33340139637804356	0.99983340537435	0.5000058997470717	0.5000020725580417	0.499991974663434	0.5000504814474527	0.49999395276961556	0.5000057794637883	
0.9999841536099325	0.33343716864329687	0.9998642549818524	1.5336794257276795E-4	0.4999992515656372	0.49998979143983835	0.5000512331255669	0.49999216035215743	0.5000037982446492	
0.9999870931030973	0.3334447002560274	0.500099557945242	0.9994340174611558	0.49999936681672585	0.4999901098369795	0.5000503714778319	0.49999233425886636	0.500004202759457	
0.9999940192839163	0.3334509315052073	0.5000293540885989	1.279309807928244E-4	0.4999993156028409	0.49998854201963056	0.5000503928229671	0.4999931775118926	0.499995250279548	
0.9999937785739096	0.3334446326728959	3.5343535180476504E-4	0.507514422451915	0.500004709442365	0.499988183039929	0.5000506118782083	0.49999322773649096	0.5000058508953821	
0.9999840232425539	0.16669585714438354	0.9999792740927039	0.999461978166733	0.5000012849132923	0.4999901903618425	0.5000504569226356	0.499993025406717	0.5000042165364661	
0.9999859629594341	0.16686530404232133	0.9996719921536454	4.5484122834538523E-4	0.5000016479270036	0.4999867403516532	0.5000513272435924	0.4999931505418122	0.5000058959660487	
0.9999985110411024	0.16669982254209367	1.9626066404403988E-4	0.5073553665454331	0.5000047315167545	0.49998134965163543	0.500050411808707	0.4999932265087971	0.4999952683303778	
0.9999977260137461	1.373262207587933E-5	0.6116598142829801	0.6166675962936116	0.5000013451463663	0.4999881824819801	0.5000504431558815	0.49999395011330067	0.5000058470672247	
0.8333223579010248	0.9999992498977933	0.9999959587882031	0.9999909234122912	0.5000004908354734	0.49998875754946204	0.5000503848248026	0.4999939680708066	0.5000045166486105	
0.8333224691223737	0.9999990934620745	0.9999957852123115	0.8000613969077672	0.5000019043662008	0.499989892794758	0.5000503847697167	0.49999396387351036	0.5000045624403554	
0.8333212296799086	0.999999681104903	0.9999996850288762	0.5999597674122824	0.49999931161694267	0.4999901694591938	0.5000503015145638	0.4999939788640808	0.49999656024220385	
0.833319855392449	0.999998816542664	0.9999995694944777	0.4000300756370606	0.5000017904089751	0.4999901928519218	0.5000503011028388	0.4999939915464808	0.5000041741614729	
0.8333319878647103	0.9999989389754713	0.9999997263889735	0.20004088240070916	0.5000017844755502	0.49999016754954045	0.500050330830428	0.49999497226617734	0.499996540968645	
0.8333217310310431	0.9999977308376107	0.9999977754547874	7.721239637562387E-6	0.49999908281649347	0.49998966938917716	0.5000511049245655	0.49999338045885805	0.499995887135802	
0.8333311362475208	0.9999991925126709	0.7999887327018308	0.999997459252265	0.5000019531518856	0.49998991937233384	0.5000504597369618	0.4999935110007229	0.5000042058028794	
0.8333216517498319	0.9999994263260427	0.7999887327009259	0.7499903850038107	0.49999979441537296	0.4999899933153964	0.500050201507112	0.49999417440275723	0.5000041609862181	
0.8333552681612647	0.9999993570485635	0.8000154354707215	0.5000037203255652	0.4999943537682671	0.49999013995064084	0.500050432538688	0.49999398102151327	0.500006961112415	
0.8333205095817406	0.9999995989999473	0.8000159391313123	0.24994412805811808	0.5000003797750993	0.49999020689719	0.5000502055008181	0.49999358484677126	0.4999968975295692	
0.8333206193840151	0.9999977304121789	0.8000261286992237	9.495418598401684E-6	0.5000004837472117	0.4999901676406086	0.5000504995198927	0.49999478096145267	0.49999663926571253	
0.8333313335545177	0.9999988392763148	0.6000057311453465	0.9999973973289058	0.500002137715364	0.49998991628246486	0.5000510016910183	0.4999942403074803	0.49999360885575783	
0.8333310432382004	0.9999937701038184	0.6000116973020889	0.6666497088683743	0.5000000154698327	0.4999899055143582	0.5000501785438184	0.49999358938004684	0.5000042956208203	
0.8333209954730197	0.9999937502434125	0.6000115823634217	0.3333785639772088	0.5000002650205074	0.4999899053788298	0.5000510576727757	0.4999929916516539	0.5000050225964228	
0.8333217084419083	0.9999859549472997	0.6000585963343059	2.6501697616380552E-5	0.5000002867378804	0.49998967077032264	0.5000511049400502	0.4999930916491825	0.5000050037498969	
0.8333302942958357	0.9999983987720389	0.40010052620129477	0.9997966358504204	0.5000019310391391	0.49998806547330943	0.500050382653977	0.49999217148786645	0.500004073190474	
0.8333312327955166	0.9999933189400162	0.4000005287434027	0.4999758209713668	0.5000009851878009	0.49999000785254005	0.5000502873443565	0.4999936265167411	0.5000054162754417	
0.8333289164396942	0.9999840115780048	0.40010686068555223	2.1794394717344575E-4	0.5000001454351883	0.4999880687902278	0.5000507363145875	0.4999932293009539	0.49999543913129324	
0.833331232754805	0.999991352634941	0.20005280714870172	0.9999375594184788	0.4999991467021948	0.49999000822843104	0.5000503969754598	0.49999431495785585	0.5000054289880281	
0.8333292788568148	0.9999833731198551	0.20005278103579477	2.1643846744356606E-4	0.49999912660744394	0.49998998159490166	0.5000504068114547	0.4999922741468441	0.500005661148403	
0.8333310506469279	0.9999844805417105	1.1491251803939474E-6	0.014262736542463739	0.5000017500992002	0.49999000832297225	0.5000504354600012	0.499994361321704	0.5000064139846663	
0.8333386131243532	0.7999717299769766	0.9999994110787179	0.9999977649135025	0.5000018119596499	0.49999067085301024	0.5000503842845164	0.4999936933282087	0.5000045635125151	
0.8333531988768694	0.7999676524168927	0.9999996072060218	0.7499889326641632	0.4999992268120667	0.4999897806674595	0.5000208985295325	0.49999431432783137	0.5000060226353128	
0.8333319236086977	0.7999872193109544	0.9999999895007434	0.5000097550485022	0.5000019305386849	0.49999067107467526	0.500050384744124	0.49999377329469896	0.49999528688394224	
0.8333314180412593	0.8000009691076786	0.9999908316824319	0.2500095584212166	0.5000019861130226	0.49999012200108917	0.5000502468839794	0.49999481532804335	0.5000045253954888	
0.8333323230460512	0.799971423934824	0.9999901958240688	1.39825780544388E-6	0.5000033121711073	0.499989816262507	0.5000502465064576	0.4999936843722114	0.5000041372179651	
0.8333531732997914	0.7999872520365133	0.7500081931099816	0.9999822660662082	0.5000005868945648	0.49998972878804104	0.5000505356962545	0.49999198608093204	0.5000043774004285	
0.8333316108351556	0.7999675413835924	0.7500214983287204	0.666647714557041	0.5000007604589749	0.49998999297253544	0.5000503773488232	0.4999926631307517	0.5000047040885159	
0.8333316536028961	0.8000030046758962	0.75000052036006	0.3333537151146163	0.500001642486293	0.4999901312208699	0.5000506915914802	0.49999367262620026	0.5000043293233737	
0.8333316849388918	0.800002119647967	0.7500004260202688	1.2692799828685168E-6	0.5000038763432755	0.4999898143286586	0.5000507109037604	0.4999934074241333	0.5000041354913116	
0.8333373997913575	0.8000156688891177	0.5000582985161325	0.9999187622420382	0.49999892128442497	0.4999900124757702	0.5000224556395347	0.4999935763744475	0.4999950650420725	
0.8333312195147876	0.8000028356529711	0.5000620483352385	0.4999662622034464	0.5000000257154226	0.49999001150916556	0.5000503807583179	0.4999936737708521	0.5000047566658194	
0.8333313415952441	0.8000015601576409	0.5000345477507556	4.273231734859728E-5	0.5000002751344829	0.49998801994340225	0.5000506540877716	0.49999240814507606	0.5000050129281273	
0.8333635418281183	0.8000937922422661	0.2503283525903987	0.999194068438092	0.5000019230104729	0.49998814659026164	0.5000503842073502	0.49999198152045726	0.49999540371261025	
0.8333310621461172	0.7999688568877957	0.24999740406581517	8.374872723911313E-6	0.5000039003212621	0.4999897519474888	0.50005051189657	0.4999934591735292	0.5000041469357425	
0.833331239670527	0.799967384753943	1.5346450003358277E-6	0.48982792930950836	0.5000009520570875	0.49999012229631246	0.5000504973903589	0.4999936266214965	0.49999440839491355	
0.8333380127659066	0.6000366524762515	0.9999994185348527	0.9999976922299589	0.5000007156900024	0.49999066274163834	0.5000501957798866	0.4999945570534134	0.5000036899217496	
0.8333372746687718	0.6000109087646279	0.9999695529709431	0.6667327542340034	0.4999990034128824	0.4999896743302148	0.5000504230061459	0.4999930723215136	0.49999649676805935	
0.833337273990433	0.6000048846676299	0.9999904124787283	0.33347824197565945	0.5000019624458092	0.4999922548441154	0.5000504997172598	0.4999919687066984	0.5000048104355896	
0.8333316576678619	0.6000072554909827	0.9999904254625521	4.7305537425533917E-7	0.5000017811326365	0.49998969054976766	0.5000502453511885	0.49999491911791477	0.499996114178915	
0.8333380480407964	0.6000109669244241	0.6670078264122193	0.999763041156241	0.4999990993254056	0.4999925199930483	0.5000504767636089	0.4999950145924006	0.49999555577863997	
0.8333378569688734	0.5999974544711184	0.666660909194996	0.5000019225646124	0.500001976868197	0.4999899980715663	0.5000502506368517	0.4999949504380923	0.49999784679118703	
0.8333314960992906	0.5999973154087979	0.6667313371731312	4.0348721616453475E-5	0.5000018944817003	0.49998977463621014	0.5000504679758198	0.49999300381381145	0.5000059083851125	
0.8333382431831421	0.6000181691215217	0.3333818162045803	0.999880688983999	0.5000007263407589	0.4999897478498128	0.5000504193078158	0.499994351373689	0.5000047257406607	
0.8333383466484057	0.6000072331787767	0.3333803495496462	1.1777704953729547E-4	0.49999926632821345	0.49998820495748614	0.500050419935262	0.49999304975537034	0.4999963066137528	
0.8333310291345254	0.6000189104773807	8.731896779808861E-6	0.9765296478030707	0.5000003141801309	0.49998922379356936	0.500050419584726	0.4999943506705214	0.5000042797285199	
0.8333396248083986	0.4000745509456157	0.9999570177590144	0.9998235959845094	0.4999987184284125	0.49998958515380576	0.5000502475512794	0.4999905641107963	0.49999782103774304	
0.8333375095948665	0.4000751054021637	0.9998925268696183	0.49996334360482575	0.49999936758282604	0.49999014702124067	0.500050371218907	0.49999484894246105	0.4999963189076371	
0.8333374832536341	0.40007511609231744	0.9999034026545384	1.4156488737772978E-4	0.5000006388579552	0.499988093119646	0.5000503861602751	0.4999934075694612	0.500004058589203	
0.8333376665010315	0.40007453851925373	0.5000706879932487	0.9997961990322437	0.49999870357235143	0.49998973415423154	0.5000504764419765	0.4999949436840924	0.4999960547949251	
0.8333400370002013	0.40006653907391587	0.5000633054810293	2.050927255631735E-4	0.49999991303770297	0.4999883216239255	0.5000506515310439	0.4999937698686007	0.49999510472575937	
0.8333402886295471	0.4000665376705186	1.9934544840422008E-4	0.5101747975558868	0.5000034590029976	0.49998973274238573	0.5000508444852065	0.49999514577233883	0.5000055317406494	
0.8333384946975345	0.19995122884550875	0.9999793489007669	0.999993785043283	0.5000031403958431	0.49998827074053737	0.5000504431697401	0.4999930259817998	0.5000057798087927	
0.8333384818145328	0.19995122884550875	0.999983765180202	1.4339052427208714E-4	0.5000031346998397	0.4999885372577186	0.5000507033763814	0.4999939419113038	0.5000059579406523	
0.8333382269165832	0.2000173831102374	5.254611041995147E-5	0.9955594561358424	0.50000206442254	0.49998846683056664	0.5000504718323266	0.4999939466592217	0.5000044792032828	
0.8333390094398582	5.7326741984270045E-6	0.5041546196778923	0.021984347757931177	0.500003214414972	0.49999019614175494	0.5000503714675775	0.49999317288454687	0.5000059521090086	
0.6667378044228611	0.9999631283840484	0.9999867566827801	0.9999633137983707	0.5000019961500575	0.49998990263161014	0.5000502118842027	0.49999442015541123	0.5000097668497013	
0.666737793937673	0.999985474588107	0.9999848849513142	0.7499809814161416	0.5000004940912163	0.499989917946058	0.5000504768431417	0.49999350610563925	0.5000106849806403	
0.6666442276062869	0.9999996887861493	0.9999939824230663	0.500010995434652	0.5000025709114918	0.49998969897108	0.500050385850784	0.4999943859351678	0.5000044969536706	
0.6667377433685621	0.999924017639816	0.9999902441709033	0.25003034003842906	0.4999996886986433	0.49999017713391164	0.5000502523329455	0.4999942160156533	0.5000118546431547	
0.6667374291850952	0.9999218866115966	0.9999447905031952	4.591737110914817E-5	0.5000019895259733	0.49998966466500017	0.5000502397256131	0.4999914153530423	0.4999967624174255	
0.6667378251383709	0.9999637121084042	0.7500084782345214	0.999992537411061	0.4999996067504564	0.49998977625136976	0.5000504317418353	0.4999921439527128	0.5000043347248218	
0.6667475116355024	0.9999586314744748	0.7499884307476904	0.66657718970755	0.5000016674462585	0.4999882587419049	0.5000504725989084	0.4999932143390223	0.5000047146049523	
0.6667374147829869	0.9999159476768246	0.749988461360816	0.3333537350959055	0.5000016936172178	0.49998995834826815	0.5000503113511631	0.4999935067826285	0.49999606867577007	
0.6667374325749478	0.9999134678091371	0.749918060449122	4.2918565865192433E-7	0.5000019701268197	0.49998993807305003	0.5000506289155864	0.4999936267794961	0.49999601960985696	
0.6667473880430652	0.9999769477080149	0.500291278143074	0.9995181639909421	0.4999998031430037	0.49999002255481717	0.5000501999261995	0.4999942088617892	0.49999458576602507	
0.6666510498479291	0.9999980646790557	0.500061873694501	0.5000017956795634	0.499999735576302	0.4999895233244229	0.5000506466787855	0.499994205572831	0.4999939432864035	
0.6666488478902308	0.9999842953922469	0.500061867372219	9.130473614412792E-5	0.5000021745873525	0.49999000424181067	0.5000505230061639	0.4999943991703247	0.5000073849100521	
0.6667347819181452	0.9998630841028642	0.2502486316573789	0.9995081974730624	0.4999998217935202	0.4999881457647497	0.5000502036475455	0.499991985145943	0.4999952596262564	
0.6667347752988273	0.9998577445633344	0.2503454349892942	0.0012176327016892637	0.49999905740938333	0.4999881781196308	0.5000506150376969	0.49999296299973156	0.4999932954926887	
0.6666524829948605	0.9999940847813764	1.1263959671933656E-6	0.506257637973059	0.49999907218323597	0.49998980096068185	0.5000501728011825	0.4999935978085779	0.5000047901919457	
0.6667378044228611	0.7498962238698135	0.9999969640791552	0.9999622175600641	0.5000005146996901	0.49998990263161014	0.5000502118842027	0.4999948125089477	0.5000097558528603	
0.6666475887387392	0.7500036951286844	0.9999971971121132	0.6667316634897418	0.5000025162368616	0.4999897829595225	0.5000502688559004	0.49999439600611156	0.5000053764844976	
0.6667405282698867	0.750002165092501	0.9998919219725475	0.3333539684498953	0.5000020887683663	0.4999895701147546	0.5000502483098609	0.4999950353378361	0.5000047861405967	
0.6667405236495756	0.7500020194084135	0.9999690868737804	6.481666415367711E-5	0.5000022330408272	0.49998994406081493	0.5000502758879635	0.4999913956883443	0.5000050722257399	
0.6667332662190757	0.7498943645685802	0.6666629710790766	0.9999822067775864	0.5000004904308661	0.499989895423359	0.5000505352408525	0.49999295028086654	0.49999706703494096	
0.6666476259950427	0.7500372980813125	0.6666610197815321	0.5000019481882954	0.5000018705779538	0.49998732116633327	0.5000505257103224	0.4999950160369589	0.4999943150390133	
0.6666468948282687	0.7500021780920679	0.6666676660872449	8.21989792318676E-7	0.5000011002954199	0.49999013240775914	0.5000504939501881	0.49999362641744394	0.5000042492378772	
0.6666503063932153	0.7500645299179294	0.333380683179108	0.9999199524552376	0.5000055483061784	0.499989225051906	0.5000505347055111	0.49999295033014507	0.49999717970234087	
0.6666502847652135	0.7500610399032483	0.3333803381389633	2.4063248740426968E-5	0.5000054588720316	0.49998949863744824	0.5000517407335041	0.4999937190813267	0.4999934671346754	
0.666652483682989	0.7500659972812034	6.260449616826092E-5	0.5024804361105693	0.4999988291951015	0.4999897709281295	0.500050365781956	0.49999198005859036	0.499995321899358	
0.666740708769834	0.5000381223441649	0.999895727048771	0.9999163950707713	0.5000016227662404	0.49998990472091803	0.5000508548624841	0.49999442238071196	0.49999683992218025	
0.6667374640819954	0.50003458809064	0.9998975448066403	0.5000042401451554	0.5000058454883364	0.4999897532568437	0.5000505373898613	0.4999949791260688	0.49999600025432556	
0.6667378558602024	0.5000798955699437	0.9994660291362291	1.1246178808743454E-5	0.5000018487245128	0.4999896904031697	0.5000502453526687	0.499994938314776	0.4999957930024336	
0.6667407091367765	0.5000334039556233	0.5000582510629018	0.9994071235417625	0.5000020446841883	0.4999897985028442	0.5000504205066632	0.4999919459614932	0.4999963354659861	
0.6667814141090224	0.500096243823806	0.5003063399001407	4.305746291083613E-4	0.5000000230360117	0.4999855443838456	0.5000503721055002	0.4999936748868937	0.4999950525178418	
0.6666529748910525	0.5000329202949921	2.2499705381151536E-5	0.0865626508134946	0.49999881548210706	0.49998979233846996	0.5000506085073303	0.4999922014196903	0.5000045594019715	
0.6667946575193114	0.2507600744726734	0.9991939977870293	0.9988078700704741	0.5000044230198759	0.49998972583198076	0.5000504356609872	0.4999931655585669	0.5000043505035902	
0.6666309643202477	0.25013346727074004	0.9998957251390663	1.0116956957979719E-4	0.5000016148397777	0.49998812800437553	0.5000507635632337	0.49999439396570694	0.5000056687058104	
0.6667374557708755	0.250133630189591	1.1979238273218058E-4	0.4562321080208844	0.5000060036633946	0.4999879081558676	0.5000504678027207	0.4999930937967	0.49999595849606476	
0.6666296695018126	1.5589495571935637E-7	0.9677256749548693	0.9994336992369811	0.49999940139116733	0.4999883438884941	0.5000504248427552	0.49999232055709686	0.5000029358034674	
0.5000792856186137	0.9999550517633605	0.9998468051587412	0.999999059003779	0.4999999261606171	0.4999898270598722	0.5000501907041052	0.4999944225202541	0.5000060405120433	
0.5000467830320467	0.9999861663983745	0.9999962401273954	0.6667135275998833	0.5000018945017725	0.4999897684735802	0.5000505273928864	0.499993506962558	0.4999947275696078	
0.5000002778600096	0.9999997165653419	0.9999998432739909	0.33335373508474153	0.5000041936207017	0.4999897137556602	0.5000507311451796	0.49999470358175824	0.5000044824083977	
0.499999096846695	0.9999187594825588	0.9999940828268152	8.919781386384506E-6	0.4999950368831219	0.4999880575522477	0.5000502307888555	0.4999936184486707	0.4999958661296806	
0.5000794119611081	0.999948435125678	0.6666586197528027	0.999883574871543	0.4999994932208598	0.49998978390928267	0.5000501827682179	0.499994420362311	0.4999960872548822	
0.4999983428146903	0.9999949461155392	0.6666597467674752	0.5000090398566372	0.4999995971527241	0.4999896558737701	0.5000507681620193	0.49999481346175884	0.5000050242522465	
0.49999878943734655	0.9999958041390709	0.6666580714175924	7.075076894931187E-7	0.49999950988936886	0.499989758597377	0.5000506274200136	0.49999226550596604	0.5000054451852276	
0.5000817884588975	0.9999500992516118	0.33345789450724417	0.9997060654388876	0.4999998096512134	0.49998820829551527	0.5000504724562542	0.4999941842216345	0.5000048542100254	
0.5000808487194396	0.9999160832259806	0.3334837054574821	2.564402428451573E-4	0.5000038657818868	0.49999000065196136	0.5000505958537627	0.4999932376065346	0.5000049119750555	
0.500126003905973	0.9999390353820043	3.81661578318E-4	0.500350913399706	0.5000021999957288	0.49998970704799817	0.5000510251435006	0.4999936255681008	0.5000091402039093	
0.500000248457361	0.66680112639033	0.9999855456771773	0.9999977883224281	0.5000020797450866	0.4999898528347633	0.5000507967109672	0.499993011198838	0.5000056973551381	
0.4999979780324443	0.6667959472193211	0.9999660385327951	0.49996460932891984	0.49999982431412965	0.49998985069307506	0.500050594697815	0.4999932343029698	0.49999350989094643	
0.4999980734921962	0.6667953542114433	0.9999800282989756	6.451929658212211E-5	0.50000574354684	0.4999903168256246	0.5000508404814029	0.49999175291531506	0.49999526896172103	
0.5000793282821654	0.6667235641688668	0.5000974581634902	0.9998807838295088	0.50000424084931	0.49998984854487166	0.5000505261351602	0.4999950781565179	0.499994848855099	
0.5000792691898173	0.6667235641534187	0.5000974334076893	2.492136888624143E-4	0.5000043562469384	0.49998978136067584	0.5000505265703183	0.49999509003553716	0.49999764096139526	
0.49999609526695893	0.6667959837384958	5.157666701185158E-5	0.5006076446341132	0.4999996001380647	0.49998964064347357	0.5000504222380985	0.499993223265433	0.5000046195590705	
0.4999982888636654	0.33327240130304847	0.9999823674001046	0.9999999907878618	0.500004218581612	0.49998988590958654	0.5000511463252063	0.49999508005638293	0.4999966043146542	
0.4999984966447939	0.33327241454098017	0.9999999866803605	1.5272334616563374E-4	0.5000042421517971	0.49998990644530444	0.500051146479765	0.4999950994205004	0.4999965676249564	
0.49999857233815126	0.3332726934506847	6.5839652778065805E-6	0.34243791051087974	0.4999996821850859	0.49998987147439017	0.5000511325679521	0.49999512401650625	0.4999962135471765	
0.5000493697800316	2.1184240872051951E-4	0.6519519015440954	0.37260167505044217	0.5000018455638127	0.49998814687978604	0.5000506943322107	0.4999950484032516	0.5000056297999288	
0.3337672645420932	0.9991401422605786	0.9994605015750017	0.9998045933023961	0.5000003093216225	0.499988047732248	0.5000511228173109	0.4999952530385834	0.500010884400039	
0.33375709819786803	0.9997546959462947	0.9994362324803772	0.5000084043666142	0.49999501747997416	0.499989828936272	0.5000506211526764	0.4999902725330083	0.49999554454005257	
0.3332970033120701	0.9998135909545084	0.9999940828268152	6.8754052578884446E-6	0.4999950368831219	0.4999881759292139	0.5000502227431364	0.4999938145595478	0.4999958561068511	
0.33356297849934835	0.9997694611455604	0.5005769389628729	0.9998137166690859	0.5000021456162735	0.4999869009476983	0.5000505262467726	0.4999949945859038	0.4999976410225695	
0.3335397460784054	0.9999247666359445	0.5005779645567022	6.704122187232255E-4	0.5000000690922095	0.4999880933712136	0.5000506295428079	0.4999943591660328	0.49999745663057305	
0.33343827070317167	0.9998710279953844	1.1916712048964234E-4	0.2158145747511465	0.49999951430002454	0.49998975015022684	0.5000505442786467	0.4999920455734804	0.5000044857364724	
0.33376607984109496	0.500435084773858	0.9985955596185588	0.9994035475032135	0.5000001123002378	0.49998984111911327	0.5000508419873243	0.49999043101698365	0.5000047388674196	
0.333943422319801	0.5004445628598948	0.9985960987513115	0.0011325669314906773	0.5000011234424292	0.4999896660763354	0.5000506295899255	0.49999003126291225	0.49999758316284026	
0.33344815114631704	0.500341281339606	0.0011152228356229414	0.47164411544658674	0.4999997989120063	0.4999901054457284	0.5000505948547644	0.499993244293635	0.4999934672833179	
0.33340115067361753	2.5896931579261206E-4	0.730606257956106	0.4999321382886983	0.49999971798526277	0.49998966832456393	0.5000507653292378	0.499994372216585	0.499997528428582	
0.16731606184314998	0.9982908542118601	0.9985573400120775	0.9992521802202173	0.5000021664323507	0.49999005068546487	0.5000503256609631	0.4999919541963053	0.4999978781603379	
0.16735392608207908	0.9983342589906002	0.9986412952182258	6.86179220912353E-4	0.49999997422922526	0.499988078033733	0.5000511225936157	0.499991893253382	0.5000110701527534	
0.16731201942388574	0.9982496763825179	0.0022428864754411304	0.49992999507701735	0.49999971695168116	0.49999014931397284	0.5000505704670382	0.49999442597629734	0.4999969375684567	
0.16706203570531142	0.0013305317314320497	0.5223232731944929	0.2600417670958349	0.4999997107755976	0.4999901629388369	0.5000506076943608	0.4999943888451845	0.4999974605184804	
2.22695806881279E-6	0.8743164023713699	0.49989106393537885	0.404903560332861	0.49999953660725427	0.4999897811309456	0.5000503178545668	0.49999295963305745	0.4999980181083893	
